#!ascii label  , from subject sub-v2s8x29221_ses-1 vox2ras=TkReg
325
136729  26.453  12.375  -43.895 0.0000000000
124995  21.147  2.779  -40.833 0.0000000000
81597  23.494  18.124  -41.625 0.0000000000
89786  16.117  27.562  -43.731 0.0000000000
64894  18.720  1.657  -38.909 0.0000000000
123256  23.577  20.442  -43.857 0.0000000000
85324  21.688  22.974  -41.721 0.0000000000
145655  24.847  10.462  -41.651 0.0000000000
70966  24.181  7.613  -42.068 0.0000000000
71988  25.545  8.940  -45.301 0.0000000000
76858  26.858  13.916  -46.834 0.0000000000
124281  26.323  10.714  -48.742 0.0000000000
78715  25.032  15.352  -42.364 0.0000000000
80655  25.177  17.028  -45.024 0.0000000000
88045  17.190  25.785  -41.858 0.0000000000
88044  20.530  25.927  -41.962 0.0000000000
67997  22.556  3.164  -43.315 0.0000000000
84412  21.521  21.650  -40.906 0.0000000000
86236  20.315  23.544  -40.640 0.0000000000
74859  26.098  11.527  -42.771 0.0000000000
72900  25.775  9.857  -42.961 0.0000000000
73926  26.481  10.762  -44.738 0.0000000000
66926  20.304  2.060  -40.103 0.0000000000
79676  24.085  16.632  -41.710 0.0000000000
79690  25.303  16.300  -43.731 0.0000000000
80643  24.731  17.644  -43.521 0.0000000000
83574  23.021  20.981  -44.517 0.0000000000
132186  23.492  19.482  -45.982 0.0000000000
88906  14.911  26.824  -44.648 0.0000000000
87151  15.682  24.749  -43.208 0.0000000000
89780  17.006  27.174  -42.653 0.0000000000
92344  19.342  30.518  -44.774 0.0000000000
90661  20.224  28.754  -43.734 0.0000000000
89777  20.201  27.443  -42.740 0.0000000000
88905  20.772  27.142  -43.908 0.0000000000
88056  21.426  25.174  -43.698 0.0000000000
69988  23.430  6.185  -44.694 0.0000000000
134838  22.897  5.259  -42.755 0.0000000000
63852  17.847  0.988  -38.231 0.0000000000
82598  23.437  19.471  -41.801 0.0000000000
83528  22.569  20.564  -41.555 0.0000000000
84427  22.724  21.690  -42.332 0.0000000000
85359  22.246  22.186  -43.845 0.0000000000
124615  22.783  8.932  -40.706 0.0000000000
72901  24.551  9.091  -41.766 0.0000000000
70991  24.729  7.802  -44.337 0.0000000000
71012  24.274  7.264  -46.543 0.0000000000
126114  26.662  13.170  -45.422 0.0000000000
140961  26.673  10.994  -46.220 0.0000000000
121401  27.038  12.249  -47.176 0.0000000000
76792  25.043  12.995  -41.785 0.0000000000
144428  24.567  14.418  -41.725 0.0000000000
77796  26.067  14.062  -43.751 0.0000000000
77812  26.215  14.357  -44.642 0.0000000000
140445  26.027  15.405  -45.784 0.0000000000
79739  25.322  16.361  -47.478 0.0000000000
132491  24.471  18.420  -44.936 0.0000000000
80680  24.675  17.625  -46.340 0.0000000000
87141  17.971  24.556  -41.080 0.0000000000
90664  17.555  28.656  -43.140 0.0000000000
88889  17.856  27.438  -42.370 0.0000000000
88880  19.034  26.451  -41.631 0.0000000000
87139  19.547  24.822  -40.874 0.0000000000
87137  21.284  24.547  -42.120 0.0000000000
86286  21.678  23.458  -43.961 0.0000000000
68922  21.387  5.042  -40.177 0.0000000000
70968  23.200  7.313  -41.122 0.0000000000
72948  25.454  9.477  -47.775 0.0000000000
72017  25.011  7.774  -47.592 0.0000000000
85309  19.356  22.700  -40.521 0.0000000000
86238  18.970  23.582  -40.593 0.0000000000
74877  26.396  11.809  -43.587 0.0000000000
73913  26.373  10.968  -43.644 0.0000000000
74894  26.542  11.756  -44.475 0.0000000000
62790  16.885  -0.267  -37.255 0.0000000000
131906  17.490  0.266  -37.785 0.0000000000
80605  23.593  17.302  -41.610 0.0000000000
80627  24.534  17.459  -42.558 0.0000000000
80628  24.128  17.899  -41.971 0.0000000000
84460  22.298  21.407  -45.063 0.0000000000
82654  23.095  20.122  -45.683 0.0000000000
88898  15.604  26.838  -44.046 0.0000000000
128891  14.932  26.108  -44.391 0.0000000000
88892  15.883  26.168  -43.619 0.0000000000
89785  16.704  27.585  -43.144 0.0000000000
89783  20.442  27.812  -43.402 0.0000000000
88904  21.053  26.260  -44.433 0.0000000000
136750  23.422  6.158  -45.361 0.0000000000
69977  23.140  5.342  -44.385 0.0000000000
136173  18.812  3.767  -39.309 0.0000000000
124280  21.913  19.901  -41.193 0.0000000000
83529  21.585  20.793  -40.961 0.0000000000
85323  21.726  22.270  -41.247 0.0000000000
84411  22.277  21.488  -41.545 0.0000000000
85335  22.235  22.320  -41.983 0.0000000000
85346  22.386  22.303  -42.860 0.0000000000
85336  21.934  22.948  -42.546 0.0000000000
90671  14.793  28.064  -45.153 0.0000000000
72884  24.094  9.613  -41.359 0.0000000000
73900  24.802  9.815  -41.753 0.0000000000
72921  25.940  9.562  -43.996 0.0000000000
130385  25.404  8.717  -44.176 0.0000000000
135265  24.992  8.240  -45.078 0.0000000000
71005  24.336  7.461  -45.599 0.0000000000
72000  24.741  8.098  -46.140 0.0000000000
143756  18.494  1.134  -38.677 0.0000000000
63851  18.695  0.379  -38.570 0.0000000000
76852  26.648  13.891  -45.936 0.0000000000
123588  26.931  13.062  -46.382 0.0000000000
76861  27.140  13.131  -47.427 0.0000000000
75805  24.578  12.471  -41.599 0.0000000000
78717  23.804  15.910  -41.578 0.0000000000
77775  24.274  15.049  -41.644 0.0000000000
143263  25.402  14.048  -42.318 0.0000000000
77797  25.554  14.616  -42.913 0.0000000000
77813  25.865  14.925  -43.938 0.0000000000
80642  25.094  17.004  -44.113 0.0000000000
78756  25.771  15.815  -45.019 0.0000000000
79721  25.588  16.309  -45.608 0.0000000000
79720  25.798  15.881  -46.370 0.0000000000
80669  25.158  17.024  -45.952 0.0000000000
82629  23.970  19.813  -43.296 0.0000000000
82614  24.169  19.063  -42.995 0.0000000000
82628  24.149  19.245  -43.804 0.0000000000
81651  24.381  18.345  -45.855 0.0000000000
80689  24.460  17.516  -47.330 0.0000000000
88046  16.426  25.265  -42.412 0.0000000000
87150  16.203  24.344  -42.369 0.0000000000
88038  17.027  24.735  -41.630 0.0000000000
92333  19.081  30.133  -44.068 0.0000000000
92345  18.437  30.668  -44.519 0.0000000000
90663  18.523  28.890  -43.065 0.0000000000
90658  19.106  28.293  -42.690 0.0000000000
88887  20.271  26.714  -42.375 0.0000000000
88888  19.651  26.883  -42.089 0.0000000000
88879  19.911  26.237  -41.711 0.0000000000
88035  19.341  25.661  -41.299 0.0000000000
88034  20.109  25.446  -41.372 0.0000000000
87138  20.328  24.683  -41.090 0.0000000000
88043  20.988  25.438  -42.412 0.0000000000
87183  21.275  24.712  -44.990 0.0000000000
87161  21.597  24.327  -43.601 0.0000000000
135931  21.449  24.051  -44.453 0.0000000000
86293  21.375  23.257  -44.795 0.0000000000
68923  20.699  5.147  -39.793 0.0000000000
71966  24.097  8.418  -41.594 0.0000000000
140094  22.891  8.056  -40.756 0.0000000000
70967  23.685  7.454  -41.619 0.0000000000
68967  22.618  4.148  -43.698 0.0000000000
68957  22.442  4.512  -42.657 0.0000000000
131115  21.948  4.360  -41.385 0.0000000000
121498  26.417  10.777  -47.831 0.0000000000
73957  26.265  10.368  -47.038 0.0000000000
73963  25.843  10.133  -48.310 0.0000000000
84413  20.823  21.409  -40.588 0.0000000000
84397  20.150  22.030  -40.460 0.0000000000
84396  21.013  22.319  -40.702 0.0000000000
85306  20.854  23.212  -40.810 0.0000000000
74861  25.169  11.031  -41.754 0.0000000000
73899  25.412  10.283  -42.163 0.0000000000
73898  25.975  10.624  -42.805 0.0000000000
140642  26.306  10.256  -44.117 0.0000000000
72920  26.176  9.878  -45.021 0.0000000000
65944  19.697  2.122  -39.597 0.0000000000
64906  19.729  1.300  -39.661 0.0000000000
132148  20.223  1.500  -40.099 0.0000000000
64905  20.374  1.044  -40.130 0.0000000000
77832  26.618  14.657  -47.317 0.0000000000
124759  27.087  13.950  -47.829 0.0000000000
79660  23.450  16.521  -41.538 0.0000000000
78716  24.510  15.982  -41.867 0.0000000000
79674  24.963  16.135  -42.785 0.0000000000
79675  24.606  16.744  -42.213 0.0000000000
79691  24.909  16.897  -43.181 0.0000000000
80656  24.807  17.713  -44.485 0.0000000000
126906  23.707  19.651  -45.142 0.0000000000
82661  23.214  19.218  -46.824 0.0000000000
88891  16.599  26.249  -42.664 0.0000000000
91502  20.192  29.463  -44.348 0.0000000000
91496  19.643  29.508  -43.837 0.0000000000
90657  19.933  28.194  -42.957 0.0000000000
88896  20.621  27.003  -43.048 0.0000000000
127148  21.142  25.687  -43.178 0.0000000000
88895  20.931  26.374  -43.508 0.0000000000
88069  21.336  25.397  -44.384 0.0000000000
70992  24.208  6.997  -43.943 0.0000000000
69946  23.617  6.472  -42.473 0.0000000000
69976  23.609  6.193  -43.657 0.0000000000
69965  22.872  5.126  -43.746 0.0000000000
64895  17.999  1.773  -38.529 0.0000000000
66927  18.940  2.847  -39.185 0.0000000000
140719  19.675  3.017  -39.457 0.0000000000
131391  20.463  2.988  -39.886 0.0000000000
82599  22.101  19.135  -41.272 0.0000000000
122571  22.962  18.780  -41.467 0.0000000000
125048  22.791  19.713  -41.529 0.0000000000
83527  23.355  20.211  -41.892 0.0000000000
143046  23.560  20.519  -42.727 0.0000000000
83545  23.113  21.006  -42.017 0.0000000000
83544  23.138  21.204  -42.715 0.0000000000
83559  23.181  21.094  -43.547 0.0000000000
84449  22.590  21.571  -44.194 0.0000000000
84450  21.943  22.031  -44.730 0.0000000000
89790  14.352  27.247  -45.120 0.0000000000
89789  15.347  27.436  -44.549 0.0000000000
90665  15.907  28.238  -44.193 0.0000000000
142374  24.139  9.037  -41.449 0.0000000000
71965  24.651  8.322  -42.380 0.0000000000
71964  25.172  9.312  -42.457 0.0000000000
71977  25.113  8.536  -43.276 0.0000000000
71978  24.666  7.810  -43.325 0.0000000000
71006  23.865  6.818  -45.093 0.0000000000
71013  23.728  6.499  -46.012 0.0000000000
75858  26.538  12.724  -44.579 0.0000000000
74910  26.637  11.314  -45.433 0.0000000000
75879  26.891  12.226  -46.275 0.0000000000
123434  26.795  11.353  -46.916 0.0000000000
74923  26.806  11.440  -48.000 0.0000000000
75881  27.125  12.322  -48.303 0.0000000000
74926  26.775  11.463  -49.049 0.0000000000
74927  26.568  10.904  -49.440 0.0000000000
74860  25.547  11.777  -42.000 0.0000000000
75816  25.890  12.244  -42.477 0.0000000000
75839  26.253  12.357  -43.153 0.0000000000
77756  24.888  13.846  -41.816 0.0000000000
76828  25.839  13.712  -42.856 0.0000000000
76827  26.283  13.130  -43.619 0.0000000000
76845  26.411  13.570  -44.552 0.0000000000
124674  26.480  13.913  -45.215 0.0000000000
77822  26.332  14.558  -45.472 0.0000000000
78747  25.670  15.705  -44.248 0.0000000000
78746  25.978  15.119  -44.857 0.0000000000
77829  26.470  14.644  -46.349 0.0000000000
78762  26.153  15.297  -46.786 0.0000000000
78766  26.223  15.289  -47.784 0.0000000000
141447  23.920  18.803  -42.033 0.0000000000
81629  24.434  18.501  -43.873 0.0000000000
81652  24.071  19.019  -45.466 0.0000000000
80670  24.788  17.684  -45.412 0.0000000000
80679  24.994  16.961  -46.886 0.0000000000
86255  18.186  23.764  -40.862 0.0000000000
91499  16.709  29.095  -43.753 0.0000000000
129630  16.729  28.207  -43.412 0.0000000000
89784  17.338  27.910  -42.835 0.0000000000
88890  17.487  26.657  -42.116 0.0000000000
89779  18.719  27.606  -42.328 0.0000000000
134688  18.388  26.932  -41.968 0.0000000000
88881  18.085  26.202  -41.619 0.0000000000
88037  17.906  25.385  -41.360 0.0000000000
87140  18.789  24.356  -40.738 0.0000000000
87119  20.025  24.144  -40.656 0.0000000000
86254  20.623  23.976  -40.933 0.0000000000
86264  21.618  23.691  -42.255 0.0000000000
87149  21.394  24.948  -42.946 0.0000000000
142446  21.557  24.237  -42.787 0.0000000000
86274  21.754  23.595  -43.091 0.0000000000
85360  21.735  22.686  -44.363 0.0000000000
67968  20.593  4.085  -39.743 0.0000000000
67967  21.265  4.115  -40.356 0.0000000000
69927  22.269  6.402  -40.677 0.0000000000
69947  23.238  6.275  -41.742 0.0000000000
69948  22.787  6.250  -41.173 0.0000000000
68939  21.819  5.465  -40.543 0.0000000000
67985  21.677  4.260  -40.893 0.0000000000
73942  26.432  10.441  -45.801 0.0000000000
72933  25.751  9.503  -46.433 0.0000000000
72955  25.661  9.565  -48.470 0.0000000000
72949  25.036  8.749  -47.400 0.0000000000
72934  25.083  8.672  -46.562 0.0000000000
72010  24.632  8.027  -47.127 0.0000000000
68994  23.567  5.583  -45.633 0.0000000000
69989  23.274  5.525  -45.040 0.0000000000
70980  24.254  7.253  -42.890 0.0000000000
71951  23.419  8.240  -41.125 0.0000000000
72885  23.646  9.012  -41.167 0.0000000000
72911  26.123  10.238  -43.455 0.0000000000
72912  25.553  9.202  -43.318 0.0000000000
73968  26.069  10.260  -48.982 0.0000000000
74846  25.148  12.326  -41.768 0.0000000000
74847  24.849  11.750  -41.621 0.0000000000
75817  25.534  12.618  -42.074 0.0000000000
75869  26.692  12.240  -45.434 0.0000000000
76805  25.930  12.929  -42.665 0.0000000000
76806  25.486  13.377  -42.194 0.0000000000
77774  25.025  14.601  -42.024 0.0000000000
78729  25.419  15.521  -43.347 0.0000000000
79709  25.469  16.383  -44.622 0.0000000000
79729  25.748  15.858  -47.161 0.0000000000
79730  25.449  16.417  -46.553 0.0000000000
81617  24.361  18.244  -42.799 0.0000000000
81641  24.153  19.114  -44.585 0.0000000000
82615  23.806  19.670  -42.390 0.0000000000
82644  23.879  19.773  -44.262 0.0000000000
83560  22.764  21.685  -43.265 0.0000000000
83573  23.369  20.311  -44.829 0.0000000000
83584  22.701  20.772  -45.382 0.0000000000
85307  20.268  22.869  -40.533 0.0000000000
85347  21.943  22.847  -43.439 0.0000000000
86237  19.735  23.499  -40.533 0.0000000000
86253  21.211  23.689  -41.459 0.0000000000
87120  19.419  24.105  -40.616 0.0000000000
87175  21.483  24.744  -44.246 0.0000000000
88033  20.721  25.116  -41.711 0.0000000000
88036  18.625  25.783  -41.353 0.0000000000
88080  21.159  25.566  -45.041 0.0000000000
88886  20.761  26.214  -42.725 0.0000000000
88897  16.331  26.944  -43.293 0.0000000000
89772  19.074  27.106  -42.043 0.0000000000
89778  19.560  27.549  -42.447 0.0000000000
90669  20.484  28.943  -44.479 0.0000000000
91503  19.718  29.955  -44.343 0.0000000000
128203  18.696  25.131  -41.026 0.0000000000
133033  19.110  1.997  -39.210 0.0000000000
133761  25.684  11.024  -42.231 0.0000000000
134921  21.227  25.814  -43.835 0.0000000000
136720  21.179  23.833  -45.114 0.0000000000
140549  21.347  22.888  -41.081 0.0000000000
141040  24.258  17.228  -41.903 0.0000000000
141058  26.775  11.635  -46.030 0.0000000000
141088  20.853  24.420  -41.473 0.0000000000
141739  27.222  12.720  -48.867 0.0000000000
143589  26.810  12.694  -45.870 0.0000000000
144621  24.916  8.347  -47.569 0.0000000000
144821  20.005  27.172  -42.400 0.0000000000
146768  19.206  1.469  -39.251 0.0000000000
