#!ascii label  , from subject sub-v2s8x29189_ses-1 vox2ras=TkReg
1293
5331  -23.117  -73.157  -15.287 0.5000000000
111068  -22.793  -73.101  -16.327 0.6000000238
8931  -25.681  -67.423  -8.546 0.3000000119
113095  -23.090  -74.399  -16.951 0.5000000000
7552  -25.238  -69.754  -10.083 0.4000000060
8229  -25.650  -68.958  -9.928 0.4000000060
8212  -26.232  -68.130  -9.831 0.4000000060
8945  -26.103  -67.460  -9.251 0.3000000119
8230  -26.512  -69.365  -10.355 0.4000000060
6397  -22.024  -70.889  -13.029 0.5000000000
6408  -22.729  -71.502  -13.709 0.5000000000
118230  -22.881  -72.410  -14.951 0.5000000000
6407  -21.368  -71.332  -13.908 0.6000000238
6418  -21.286  -71.737  -14.721 0.5000000000
5865  -22.251  -72.509  -16.089 0.6000000238
8917  -26.361  -67.031  -7.813 0.3000000119
5337  -21.716  -72.762  -16.567 0.5000000000
7567  -25.473  -70.797  -10.668 0.5000000000
6957  -24.782  -71.014  -10.707 0.5000000000
5864  -21.541  -72.369  -15.945 0.6000000238
5338  -22.126  -73.159  -17.026 0.5000000000
6959  -26.241  -70.986  -10.992 0.5000000000
7568  -26.063  -70.370  -10.527 0.4000000060
8961  -27.068  -68.308  -10.264 0.4000000060
8946  -26.887  -67.380  -9.603 0.3000000119
8932  -26.514  -66.986  -8.790 0.3000000119
6960  -26.907  -70.808  -11.107 0.4000000060
7569  -26.782  -70.573  -10.830 0.4000000060
121558  -27.233  -69.515  -10.623 0.4000000060
7570  -27.373  -70.339  -10.975 0.4000000060
8992  -22.429  -67.420  -12.100 0.6999999881
128338  -22.211  -68.184  -11.579 0.6999999881
124126  -22.278  -69.089  -11.551 0.6999999881
120976  -23.283  -72.616  -14.004 0.5000000000
8990  -20.902  -67.850  -12.116 0.6999999881
129268  -20.996  -68.091  -11.757 0.6999999881
6972  -21.822  -69.874  -11.724 0.8000000119
6989  -21.389  -70.435  -12.094 0.5000000000
6396  -20.909  -70.971  -12.956 0.6999999881
5835  -23.774  -72.393  -12.702 0.5000000000
7578  -20.344  -69.276  -11.529 0.6999999881
5827  -23.956  -71.810  -12.261 0.4000000060
6376  -24.781  -71.285  -11.165 0.5000000000
8918  -27.646  -66.837  -7.163 0.3000000119
123263  -20.632  -71.436  -13.508 0.6000000238
6377  -25.160  -71.190  -11.100 0.5000000000
6958  -25.483  -71.155  -10.980 0.5000000000
9735  -27.289  -66.718  -7.700 0.3000000119
6406  -20.638  -71.712  -14.073 0.5000000000
6976  -25.803  -71.040  -11.086 0.5000000000
6992  -27.140  -70.620  -11.911 0.4000000060
6977  -26.665  -70.795  -11.245 0.4000000060
130211  -27.534  -68.720  -10.534 0.4000000060
127771  -27.823  -67.880  -10.394 0.4000000060
6979  -27.760  -71.003  -11.899 0.3000000119
7584  -27.401  -70.714  -11.447 0.4000000060
9062  -21.526  -67.557  -16.524 0.5000000000
9047  -21.609  -67.512  -15.669 0.6000000238
9048  -22.391  -67.455  -15.628 0.6000000238
112627  -22.107  -67.375  -13.938 0.6000000238
9011  -22.256  -67.288  -12.926 0.6000000238
9076  -20.444  -67.889  -17.749 0.5000000000
9077  -21.249  -67.655  -17.567 0.5000000000
9061  -20.680  -67.738  -16.778 0.6000000238
9028  -21.140  -67.540  -15.013 0.6000000238
128072  -21.455  -67.487  -14.296 0.6999999881
6990  -23.260  -71.202  -12.878 0.6000000238
7488  -28.121  -69.487  -5.222 0.3000000119
128314  -19.381  -68.655  -18.529 0.6999999881
122354  -20.008  -67.917  -16.253 0.6000000238
9046  -20.768  -67.679  -15.821 0.6000000238
128472  -20.505  -67.733  -15.040 0.6999999881
8277  -20.145  -68.153  -12.630 0.6999999881
7580  -23.553  -69.518  -11.692 0.6000000238
6973  -23.547  -70.678  -12.218 0.6000000238
8339  -19.833  -69.641  -19.857 0.6999999881
8326  -19.684  -68.195  -17.673 0.6000000238
8314  -18.477  -68.622  -16.584 0.6000000238
111505  -19.935  -67.956  -15.419 0.6000000238
8292  -19.437  -68.230  -14.039 0.6999999881
7577  -19.460  -69.208  -11.637 0.6999999881
6388  -24.426  -71.254  -11.594 0.5000000000
8907  -27.639  -67.353  -6.631 0.3000000119
8338  -18.835  -69.425  -19.119 0.6999999881
7655  -18.067  -69.582  -18.493 0.6000000238
7644  -17.971  -69.070  -17.352 0.6999999881
120479  -19.096  -68.348  -14.855 0.6000000238
8291  -18.719  -68.533  -13.863 0.6000000238
6988  -20.374  -70.522  -11.943 0.6999999881
7581  -24.654  -69.687  -11.683 0.5000000000
7582  -25.458  -70.122  -11.611 0.5000000000
7643  -17.529  -69.219  -16.493 0.6000000238
8290  -18.065  -68.782  -14.595 0.6000000238
115269  -18.948  -69.835  -11.449 0.6000000238
6394  -19.822  -71.444  -12.304 0.6000000238
129692  -19.940  -71.938  -13.058 0.6000000238
8246  -25.650  -68.924  -11.821 0.5000000000
9763  -28.207  -66.615  -9.184 0.3000000119
110719  -17.439  -69.758  -17.745 0.6999999881
124897  -16.942  -69.608  -15.995 0.6000000238
7631  -17.413  -69.185  -15.345 0.6000000238
127763  -17.895  -68.944  -13.641 0.6000000238
7606  -17.746  -69.233  -12.818 0.5000000000
6969  -18.523  -70.385  -11.210 0.5000000000
5841  -19.892  -72.587  -13.103 0.5000000000
5842  -20.181  -72.057  -13.803 0.5000000000
7597  -26.730  -70.125  -11.981 0.5000000000
6399  -28.742  -71.643  -13.261 0.3000000119
6994  -28.295  -71.158  -12.521 0.3000000119
6980  -28.480  -70.834  -11.995 0.3000000119
7585  -29.007  -69.753  -11.703 0.4000000060
8232  -28.724  -68.980  -11.231 0.4000000060
7005  -28.498  -71.407  -13.241 0.3000000119
6993  -27.799  -70.914  -12.356 0.3000000119
7571  -28.046  -70.349  -11.396 0.4000000060
111278  -22.926  -67.513  -18.872 0.5000000000
9091  -21.956  -67.622  -18.318 0.5000000000
111536  -23.947  -67.448  -18.500 0.5000000000
9078  -22.652  -67.500  -17.553 0.5000000000
9106  -21.836  -68.419  -21.135 0.5000000000
119171  -21.960  -67.953  -19.966 0.5000000000
9090  -21.003  -67.949  -19.027 0.5000000000
111266  -21.964  -67.531  -17.271 0.5000000000
9063  -22.387  -67.482  -16.572 0.5000000000
9030  -22.701  -67.391  -14.609 0.6000000238
112626  -22.948  -67.241  -13.530 0.6000000238
9105  -21.162  -68.871  -20.735 0.5000000000
9012  -23.116  -67.217  -12.496 0.6000000238
8243  -23.021  -68.357  -11.559 0.8000000119
6321  -29.490  -71.148  -4.736 0.3000000119
8353  -20.666  -69.514  -21.060 0.6000000238
126150  -20.214  -69.868  -20.786 0.6000000238
8327  -20.129  -68.374  -18.749 0.6000000238
115988  -24.567  -67.426  -12.702 0.4000000060
6895  -29.293  -70.403  -4.991 0.3000000119
7662  -19.141  -70.442  -20.419 0.6999999881
8976  -24.452  -67.851  -11.779 0.5000000000
8173  -28.107  -68.070  -6.154 0.3000000119
8908  -28.548  -67.477  -6.584 0.3000000119
128637  -18.715  -70.563  -20.527 0.6999999881
8994  -24.902  -67.653  -12.124 0.4000000060
8919  -28.337  -66.871  -7.070 0.3000000119
109754  -18.382  -70.552  -19.829 0.6000000238
8977  -25.141  -68.097  -11.835 0.4000000060
8948  -28.650  -66.957  -10.033 0.3000000119
7040  -17.050  -71.462  -19.482 0.6000000238
7653  -17.100  -70.661  -18.186 0.6999999881
7630  -16.813  -69.739  -15.184 0.6000000238
7593  -16.995  -69.640  -12.856 0.5000000000
7594  -17.477  -69.640  -12.189 0.5000000000
5834  -19.701  -72.189  -12.267 0.6000000238
8263  -26.620  -68.855  -12.579 0.4000000060
8247  -26.234  -69.098  -12.054 0.4000000060
6421  -28.856  -73.165  -15.058 0.3000000119
6409  -28.748  -72.302  -14.148 0.3000000119
6422  -29.825  -72.901  -14.692 0.3000000119
7006  -29.149  -71.741  -13.202 0.3000000119
7599  -29.363  -70.307  -12.276 0.4000000060
122115  -16.596  -70.477  -15.069 0.6000000238
7003  -16.511  -70.260  -13.065 0.5000000000
6967  -16.838  -70.534  -11.687 0.5000000000
7576  -17.962  -69.850  -11.632 0.5000000000
123310  -19.506  -72.377  -11.204 0.5000000000
5312  -19.665  -73.184  -12.072 0.6000000238
5313  -19.905  -73.500  -13.185 0.5000000000
7607  -27.586  -69.673  -13.216 0.3000000119
7004  -28.068  -70.381  -13.744 0.3000000119
7014  -16.493  -70.482  -14.053 0.5000000000
6968  -17.583  -70.514  -11.263 0.5000000000
5300  -19.532  -73.244  -10.818 0.5000000000
5292  -19.402  -73.327  -9.857 0.5000000000
9129  -23.535  -67.325  -21.457 0.5000000000
9121  -23.234  -67.659  -21.227 0.5000000000
9092  -23.660  -67.438  -19.587 0.5000000000
9093  -24.518  -67.441  -19.357 0.5000000000
9079  -23.473  -67.482  -17.677 0.5000000000
129150  -23.841  -67.563  -17.000 0.5000000000
9119  -21.876  -68.286  -21.274 0.5000000000
9107  -22.872  -67.831  -20.700 0.5000000000
9065  -24.484  -67.752  -16.760 0.4000000060
8351  -21.134  -68.948  -21.129 0.5000000000
9050  -24.605  -67.835  -15.748 0.4000000060
6315  -29.647  -71.806  -4.540 0.3000000119
6322  -30.402  -71.560  -5.055 0.3000000119
9118  -20.745  -68.700  -21.254 0.6000000238
9032  -24.397  -67.667  -14.820 0.4000000060
9013  -24.606  -67.590  -13.826 0.4000000060
8352  -20.049  -69.527  -21.167 0.6000000238
7670  -19.600  -70.266  -20.997 0.6000000238
7489  -29.064  -69.637  -5.360 0.3000000119
8174  -29.336  -68.463  -6.231 0.3000000119
7669  -19.010  -70.375  -20.976 0.6000000238
8278  -25.403  -67.721  -13.037 0.4000000060
127699  -18.626  -70.096  -20.869 0.6000000238
8293  -26.695  -68.626  -14.119 0.4000000060
8279  -26.308  -68.278  -13.172 0.4000000060
9736  -28.131  -66.594  -7.702 0.3000000119
7661  -17.984  -70.723  -20.243 0.6999999881
8280  -27.081  -68.876  -13.271 0.3000000119
7016  -28.271  -71.381  -14.610 0.3000000119
126552  -24.741  -67.470  -21.313 0.5000000000
9109  -25.277  -67.518  -20.320 0.5000000000
9094  -25.435  -67.723  -19.088 0.4000000060
9128  -22.984  -67.654  -21.335 0.5000000000
124754  -25.644  -68.133  -18.216 0.4000000060
9901  -23.068  -66.889  -21.515 0.6000000238
9066  -25.205  -68.154  -16.551 0.4000000060
9051  -25.284  -68.203  -15.763 0.4000000060
7490  -30.035  -70.036  -5.711 0.3000000119
118150  -30.029  -70.771  -5.236 0.3000000119
9116  -19.252  -68.626  -20.803 0.6000000238
9033  -25.108  -67.954  -14.826 0.4000000060
130346  -25.223  -67.880  -13.982 0.4000000060
121092  -26.295  -68.612  -14.934 0.4000000060
116302  -27.044  -69.970  -15.714 0.4000000060
7621  -27.382  -69.395  -14.274 0.3000000119
7024  -27.630  -71.703  -16.252 0.3000000119
129057  -16.696  -71.793  -19.932 0.6000000238
118019  -24.883  -67.199  -21.697 0.5000000000
9123  -25.604  -67.462  -21.482 0.5000000000
9110  -26.508  -67.709  -20.832 0.4000000060
112314  -26.058  -67.741  -19.705 0.4000000060
9902  -23.892  -66.735  -21.630 0.5000000000
10727  -25.592  -66.093  -21.790 0.5000000000
9899  -21.873  -67.034  -21.382 0.6000000238
10718  -22.780  -65.985  -21.115 0.6000000238
125964  -24.057  -65.698  -21.208 0.6000000238
130831  -25.746  -68.384  -17.745 0.4000000060
9898  -20.994  -67.268  -21.152 0.6000000238
10717  -22.052  -65.990  -20.852 0.6000000238
8317  -26.532  -69.030  -17.005 0.4000000060
8316  -25.788  -68.588  -16.318 0.4000000060
9897  -20.097  -67.322  -20.688 0.6000000238
8305  -25.754  -68.409  -15.336 0.4000000060
7632  -26.807  -69.831  -16.550 0.4000000060
7620  -26.771  -69.129  -15.208 0.4000000060
6432  -27.533  -71.507  -17.023 0.4000000060
8909  -29.382  -67.742  -6.687 0.3000000119
8175  -30.080  -68.555  -6.634 0.3000000119
9104  -19.269  -67.287  -20.333 0.6000000238
7633  -27.187  -70.798  -16.494 0.4000000060
9749  -29.474  -66.492  -8.518 0.3000000119
8920  -29.643  -67.074  -7.348 0.3000000119
8348  -17.884  -69.778  -20.431 0.6000000238
7048  -17.452  -70.815  -20.132 0.6000000238
9102  -17.748  -68.115  -19.841 0.6999999881
10691  -18.818  -65.702  -18.849 0.6999999881
8347  -16.843  -69.545  -19.763 0.6000000238
9089  -17.755  -66.714  -19.331 0.6999999881
9885  -17.952  -65.989  -18.705 0.6999999881
8337  -16.354  -68.261  -19.205 0.6000000238
10676  -19.264  -65.592  -18.108 0.6999999881
120074  -19.739  -65.591  -17.149 0.6000000238
9088  -16.911  -67.200  -19.132 0.6999999881
117730  -18.529  -65.729  -18.249 0.6999999881
118297  -26.481  -67.262  -21.729 0.5000000000
9124  -27.397  -67.209  -21.407 0.5000000000
10721  -26.354  -65.428  -21.392 0.5000000000
10728  -26.902  -65.707  -21.783 0.5000000000
9131  -26.376  -66.493  -22.039 0.5000000000
9111  -27.601  -67.392  -20.389 0.5000000000
9095  -26.835  -67.913  -19.617 0.4000000060
8341  -26.203  -68.181  -18.853 0.4000000060
10719  -23.356  -65.591  -20.703 0.6000000238
10711  -24.263  -65.513  -20.280 0.6000000238
10712  -25.699  -65.431  -20.437 0.6000000238
10713  -27.218  -65.070  -20.656 0.6000000238
8329  -26.930  -68.868  -17.831 0.4000000060
10716  -21.385  -66.165  -20.721 0.6000000238
10698  -25.167  -65.663  -18.964 0.6000000238
10699  -26.551  -65.448  -19.424 0.6000000238
130179  -26.449  -68.799  -17.533 0.4000000060
9892  -20.219  -66.337  -20.305 0.6000000238
10708  -21.547  -65.530  -19.843 0.6000000238
130064  -22.699  -65.468  -19.391 0.6000000238
111264  -24.470  -65.646  -17.955 0.6000000238
132616  -25.310  -65.743  -17.861 0.6000000238
7645  -27.336  -70.513  -16.908 0.4000000060
7647  -28.407  -71.075  -16.620 0.4000000060
10706  -19.973  -65.753  -19.582 0.6000000238
10694  -21.591  -65.460  -18.638 0.6000000238
111265  -23.553  -65.517  -17.925 0.6000000238
10681  -24.047  -65.596  -17.178 0.6000000238
10663  -25.558  -65.733  -16.285 0.6000000238
9891  -19.548  -66.328  -19.912 0.6000000238
10693  -20.632  -65.474  -19.019 0.5000000000
126297  -22.255  -65.474  -18.370 0.6000000238
132279  -23.274  -65.510  -17.246 0.6000000238
10662  -24.531  -65.659  -16.331 0.6000000238
10629  -25.939  -65.367  -14.708 0.6999999881
9103  -18.488  -67.603  -20.066 0.6999999881
10705  -19.278  -65.809  -19.345 0.6000000238
10678  -21.080  -65.477  -17.861 0.6000000238
10660  -22.524  -65.448  -16.872 0.6000000238
113674  -25.149  -65.603  -15.260 0.6000000238
11451  -25.977  -64.892  -14.256 0.6000000238
12182  -26.224  -63.978  -14.325 0.6000000238
10646  -22.954  -65.367  -15.897 0.6000000238
10628  -24.312  -65.309  -14.674 0.6000000238
125014  -25.209  -64.805  -13.833 0.6000000238
11439  -25.390  -64.399  -13.730 0.6000000238
10677  -20.164  -65.503  -17.990 0.6000000238
10659  -21.536  -65.433  -16.936 0.6000000238
125132  -23.403  -65.282  -15.124 0.5000000000
10611  -24.482  -64.905  -13.883 0.6000000238
12172  -25.563  -63.651  -13.854 0.6000000238
116790  -21.949  -65.354  -15.999 0.5000000000
9884  -17.236  -66.402  -18.742 0.6999999881
10675  -18.833  -65.743  -17.443 0.6999999881
115582  -20.257  -65.544  -16.136 0.5000000000
130291  -21.420  -65.360  -15.731 0.6000000238
112625  -22.577  -65.208  -15.130 0.5000000000
10627  -23.381  -64.945  -14.245 0.5000000000
10625  -21.660  -65.248  -15.095 0.6000000238
9759  -14.037  -65.892  -9.864 0.6000000238
10565  -14.244  -65.366  -9.889 0.6000000238
110500  -13.889  -65.763  -10.801 0.6000000238
130756  -27.890  -66.498  -21.611 0.5000000000
10723  -28.131  -65.046  -21.235 0.5000000000
9125  -28.224  -66.602  -21.029 0.5000000000
9096  -27.668  -67.667  -19.321 0.5000000000
8343  -27.517  -68.243  -18.396 0.4000000060
112187  -26.160  -65.678  -18.233 0.5000000000
10684  -28.068  -64.541  -18.178 0.5000000000
8319  -27.715  -68.616  -17.442 0.4000000060
8307  -28.312  -68.615  -16.557 0.4000000060
115832  -27.268  -65.243  -18.700 0.5000000000
10665  -27.526  -64.861  -17.120 0.5000000000
8318  -27.107  -69.356  -17.102 0.4000000060
115412  -27.514  -69.782  -16.996 0.4000000060
7635  -29.585  -69.878  -15.760 0.4000000060
10664  -26.527  -65.541  -16.524 0.5000000000
10649  -27.138  -65.114  -15.910 0.5000000000
10683  -26.872  -65.487  -17.617 0.5000000000
7646  -27.525  -70.939  -17.105 0.4000000060
10648  -26.227  -65.536  -15.479 0.6000000238
11453  -27.657  -63.337  -15.225 0.6000000238
11452  -26.907  -64.079  -14.826 0.5000000000
13828  -26.206  -61.704  -14.461 0.4000000060
132454  -26.611  -61.388  -14.067 0.4000000060
120487  -27.114  -61.549  -13.310 0.4000000060
12987  -24.861  -63.092  -13.522 0.6000000238
127313  -25.571  -62.752  -14.356 0.6000000238
114067  -25.396  -61.235  -14.747 0.5000000000
14675  -26.118  -61.008  -14.255 0.4000000060
13814  -26.566  -60.905  -13.451 0.4000000060
15564  -26.132  -59.593  -13.138 0.4000000060
9883  -16.462  -66.581  -18.441 0.6999999881
130373  -24.386  -64.095  -13.064 0.6000000238
13827  -24.895  -61.651  -14.927 0.5000000000
14674  -25.649  -60.405  -14.436 0.4000000060
10657  -19.276  -65.762  -16.407 0.6000000238
10609  -22.870  -64.629  -13.289 0.5000000000
11437  -23.939  -64.176  -12.937 0.5000000000
13839  -24.699  -61.015  -15.333 0.5000000000
14688  -25.146  -60.363  -15.067 0.4000000060
15572  -25.471  -59.107  -14.512 0.4000000060
10645  -20.343  -65.525  -15.264 0.6000000238
12974  -23.952  -62.842  -12.928 0.5000000000
9744  -15.523  -66.390  -8.841 0.6999999881
9743  -14.723  -65.713  -9.050 0.6000000238
10540  -15.772  -65.037  -8.408 0.6999999881
113151  -14.479  -64.943  -9.354 0.6000000238
11382  -15.806  -64.248  -8.569 0.6000000238
109773  -14.149  -65.545  -10.554 0.6000000238
11400  -14.948  -64.502  -8.978 0.6000000238
12130  -16.074  -63.605  -8.913 0.6000000238
12117  -16.576  -63.552  -8.552 0.6000000238
12941  -17.420  -63.028  -9.206 0.6000000238
10575  -13.789  -65.707  -11.123 0.5000000000
10567  -15.807  -65.423  -10.148 0.6000000238
11404  -14.976  -64.572  -9.290 0.6000000238
12138  -15.673  -63.864  -8.922 0.6000000238
12140  -16.793  -63.097  -9.068 0.6000000238
9097  -28.277  -67.244  -18.872 0.5000000000
114853  -14.847  -66.399  -12.054 0.5000000000
9784  -14.443  -65.874  -11.281 0.5000000000
11405  -16.160  -64.575  -9.591 0.5000000000
10714  -28.108  -64.853  -20.779 0.4000000060
10701  -28.181  -64.933  -19.796 0.5000000000
9067  -28.485  -67.519  -16.811 0.5000000000
8331  -27.867  -68.116  -18.134 0.4000000060
109721  -15.616  -66.530  -11.638 0.5000000000
9785  -16.131  -66.276  -10.945 0.5000000000
11406  -17.107  -64.554  -10.026 0.5000000000
12147  -17.244  -63.620  -9.752 0.5000000000
11475  -28.443  -64.793  -18.260 0.5000000000
119172  -28.905  -68.295  -15.583 0.4000000060
8295  -30.885  -68.229  -14.921 0.4000000060
9794  -15.447  -66.783  -12.587 0.5000000000
111761  -16.621  -66.634  -11.593 0.5000000000
10568  -16.778  -65.289  -10.254 0.6000000238
11411  -17.854  -64.987  -10.530 0.6000000238
117098  -29.422  -68.908  -15.471 0.4000000060
9796  -17.102  -66.748  -12.314 0.6000000238
122455  -17.387  -66.514  -11.571 0.6000000238
9786  -17.928  -66.155  -11.172 0.6999999881
12195  -28.095  -63.413  -15.696 0.4000000060
11460  -27.638  -63.857  -15.714 0.5000000000
112113  -14.443  -65.623  -17.105 0.6000000238
12988  -27.528  -62.235  -13.755 0.4000000060
9861  -14.933  -66.053  -17.624 0.6000000238
12997  -27.366  -62.565  -14.464 0.4000000060
9872  -15.882  -66.331  -18.021 0.6000000238
121482  -17.501  -66.163  -17.400 0.6000000238
14646  -27.019  -60.232  -11.868 0.4000000060
9852  -18.820  -66.014  -15.628 0.6000000238
9874  -17.994  -65.881  -17.867 0.6999999881
10624  -20.851  -65.381  -14.516 0.6000000238
10607  -21.206  -65.250  -13.250 0.6000000238
10608  -21.996  -64.857  -13.223 0.5000000000
11422  -23.407  -63.904  -12.618 0.5000000000
9732  -16.118  -66.098  -8.469 0.6999999881
10541  -16.639  -64.916  -8.104 0.6999999881
10543  -17.597  -64.973  -7.609 0.6000000238
116517  -17.223  -64.059  -7.990 0.6000000238
12118  -17.720  -63.723  -8.186 0.6000000238
12131  -18.130  -63.206  -8.837 0.6000000238
12141  -19.004  -63.020  -9.242 0.6999999881
12951  -18.724  -62.536  -9.893 0.6000000238
12949  -17.576  -63.105  -9.703 0.6000000238
119612  -28.646  -65.370  -18.905 0.5000000000
9875  -28.852  -65.778  -17.999 0.5000000000
9886  -28.633  -66.312  -18.655 0.5000000000
125624  -28.850  -66.431  -17.245 0.5000000000
12958  -18.396  -62.289  -10.714 0.5000000000
9052  -28.839  -67.475  -15.849 0.5000000000
8294  -29.826  -68.067  -14.864 0.4000000060
12151  -17.957  -63.769  -10.897 0.6000000238
11407  -17.626  -64.148  -10.381 0.6000000238
12957  -17.761  -62.842  -11.122 0.5000000000
11467  -28.395  -64.365  -17.501 0.5000000000
9849  -15.027  -66.410  -15.879 0.6000000238
9829  -15.516  -66.828  -14.726 0.4000000060
9026  -16.042  -66.956  -13.828 0.6000000238
9787  -18.623  -66.131  -11.542 0.6000000238
11412  -18.473  -64.887  -10.744 0.6000000238
12961  -17.737  -63.001  -11.541 0.6000000238
12200  -28.200  -63.707  -16.176 0.4000000060
125922  -28.944  -63.903  -15.717 0.4000000060
9850  -15.963  -66.794  -15.654 0.5000000000
118489  -17.183  -66.697  -13.944 0.5000000000
125436  -17.603  -66.623  -13.127 0.6000000238
9797  -18.085  -66.535  -12.087 0.6999999881
10579  -19.314  -65.652  -11.457 0.6000000238
129809  -19.020  -65.308  -10.991 0.6000000238
125443  -18.639  -64.397  -11.024 0.6000000238
111545  -15.506  -66.391  -16.702 0.6000000238
122565  -18.034  -66.442  -13.980 0.6000000238
9810  -18.509  -66.353  -13.135 0.6000000238
11413  -19.470  -65.037  -11.092 0.6000000238
12152  -19.547  -64.329  -11.367 0.6000000238
127130  -18.261  -63.184  -12.763 0.6000000238
12998  -27.939  -62.756  -14.242 0.4000000060
9851  -16.945  -66.617  -15.580 0.5000000000
9831  -17.530  -66.526  -14.755 0.6000000238
9811  -19.342  -66.003  -13.234 0.6000000238
11414  -20.389  -64.809  -11.484 0.6000000238
12160  -20.503  -63.499  -11.980 0.6000000238
112462  -16.394  -66.591  -16.504 0.6000000238
9863  -17.308  -66.405  -16.502 0.6000000238
9832  -18.416  -66.243  -14.800 0.6000000238
10606  -20.239  -65.650  -13.475 0.6000000238
10591  -20.737  -65.387  -12.288 0.6000000238
10623  -19.969  -65.662  -14.608 0.6000000238
11421  -22.667  -64.042  -12.345 0.5000000000
12973  -23.135  -62.789  -12.672 0.5000000000
9733  -16.904  -66.766  -8.075 0.6999999881
10542  -17.379  -66.061  -7.667 0.6999999881
8887  -16.545  -67.661  -6.062 0.6999999881
9715  -17.573  -66.634  -6.070 0.6999999881
9727  -17.552  -66.631  -6.903 0.6999999881
10531  -18.364  -65.309  -6.628 0.6999999881
11384  -18.170  -64.541  -7.451 0.6000000238
12119  -18.905  -63.764  -8.054 0.6000000238
12942  -20.081  -63.152  -8.814 0.5000000000
12132  -19.235  -63.399  -8.576 0.6999999881
111306  -19.607  -62.720  -9.525 0.5000000000
13781  -19.653  -62.264  -10.118 0.5000000000
131625  -19.245  -61.909  -10.637 0.5000000000
9876  -29.291  -65.365  -17.175 0.4000000060
9854  -29.257  -66.564  -15.457 0.5000000000
9834  -30.321  -66.669  -14.061 0.5000000000
9034  -29.249  -67.341  -15.038 0.5000000000
9035  -30.603  -67.456  -14.471 0.4000000060
11477  -29.160  -64.400  -16.944 0.4000000060
128835  -29.497  -65.786  -15.304 0.4000000060
114131  -17.659  -62.754  -12.421 0.6000000238
12158  -18.108  -63.396  -11.852 0.6000000238
12970  -19.406  -63.222  -12.655 0.6000000238
12969  -17.572  -62.807  -13.201 0.6000000238
11415  -21.052  -64.656  -11.767 0.6000000238
12971  -20.904  -63.013  -12.527 0.6000000238
12983  -18.189  -62.832  -13.687 0.6000000238
10592  -21.481  -64.813  -12.140 0.6000000238
12984  -19.837  -62.642  -13.422 0.5000000000
11420  -21.766  -64.226  -11.955 0.6000000238
12161  -21.470  -63.574  -12.007 0.5000000000
12972  -22.151  -62.970  -12.463 0.5000000000
8874  -16.281  -67.312  -5.328 0.6999999881
9714  -16.992  -67.044  -5.648 0.6999999881
10517  -18.126  -65.976  -5.776 0.6999999881
10518  -18.666  -65.269  -5.670 0.6000000238
11372  -18.811  -64.720  -6.534 0.6999999881
117741  -19.505  -63.852  -7.204 0.4000000060
116458  -15.942  -66.947  -4.713 0.6999999881
9699  -16.698  -66.740  -4.850 0.6999999881
10499  -17.802  -65.795  -4.505 0.6000000238
120954  -18.303  -65.700  -4.972 0.6000000238
12133  -19.808  -63.527  -7.943 0.5000000000
119607  -14.971  -66.006  -4.095 0.6999999881
12943  -21.397  -63.012  -8.800 0.5000000000
11342  -13.911  -64.808  -4.127 0.6999999881
12952  -20.546  -62.737  -9.538 0.5000000000
11341  -13.342  -64.327  -4.320 0.6000000238
12076  -12.766  -63.160  -4.394 0.6000000238
12897  -12.391  -62.478  -4.551 0.6000000238
117082  -11.963  -59.962  -5.487 0.5000000000
15495  -12.207  -59.240  -5.962 0.5000000000
113987  -29.630  -66.515  -14.627 0.4000000060
13810  -18.692  -62.450  -14.430 0.6000000238
11361  -19.465  -64.042  -5.456 0.5000000000
11373  -19.325  -64.201  -6.413 0.5000000000
10477  -16.610  -65.525  -3.709 0.6000000238
10478  -17.513  -65.443  -3.870 0.6000000238
10479  -18.346  -65.198  -4.186 0.6000000238
11343  -19.420  -64.078  -4.598 0.6000000238
12106  -19.839  -63.666  -6.303 0.5000000000
12120  -20.233  -63.472  -7.141 0.5000000000
12933  -20.740  -63.314  -7.929 0.5000000000
10475  -14.676  -65.172  -3.906 0.6999999881
10476  -15.603  -65.407  -3.726 0.6000000238
11323  -17.053  -64.841  -3.325 0.6000000238
11324  -17.895  -64.801  -3.554 0.6000000238
12058  -18.354  -64.126  -3.308 0.6000000238
13773  -22.299  -62.610  -9.350 0.5000000000
12078  -14.059  -64.063  -3.872 0.6999999881
11321  -15.051  -64.460  -3.604 0.6000000238
12056  -15.674  -63.762  -3.235 0.6000000238
12879  -16.147  -63.143  -2.898 0.6000000238
12043  -17.726  -63.387  -2.744 0.6000000238
12054  -13.933  -63.131  -3.799 0.6000000238
12055  -14.778  -63.432  -3.496 0.6000000238
12877  -14.568  -62.383  -3.492 0.6000000238
12862  -16.018  -62.248  -2.856 0.6000000238
12898  -13.001  -62.309  -4.234 0.6000000238
13731  -13.425  -61.389  -4.078 0.6000000238
13715  -14.790  -61.451  -3.470 0.6000000238
13716  -15.650  -61.234  -3.181 0.6000000238
14578  -12.896  -60.641  -4.525 0.5000000000
15481  -12.567  -60.108  -4.962 0.5000000000
15482  -13.247  -59.837  -4.707 0.5000000000
14580  -14.320  -60.330  -3.929 0.6000000238
14564  -14.946  -60.574  -3.597 0.6000000238
9814  -31.110  -66.383  -13.643 0.4000000060
16402  -11.783  -58.701  -7.306 0.5000000000
15496  -13.273  -59.271  -5.239 0.5000000000
130629  -13.755  -59.347  -4.841 0.6000000238
15468  -14.713  -59.978  -3.917 0.6000000238
131055  -12.964  -58.461  -8.176 0.5000000000
16389  -13.238  -58.523  -6.750 0.5000000000
16374  -13.005  -58.855  -5.872 0.4000000060
15497  -13.772  -58.895  -5.387 0.5000000000
16362  -14.441  -59.034  -4.785 0.6000000238
124979  -19.683  -63.718  -5.029 0.6000000238
12107  -20.591  -63.205  -6.351 0.5000000000
12121  -20.933  -63.204  -7.159 0.5000000000
12079  -19.847  -63.432  -4.632 0.6000000238
112766  -20.678  -62.943  -5.636 0.5000000000
12934  -21.721  -63.015  -7.627 0.5000000000
12044  -18.544  -63.224  -2.855 0.6999999881
122530  -19.737  -62.700  -3.372 0.6999999881
115184  -16.872  -62.374  -2.578 0.6000000238
12863  -17.823  -62.493  -2.534 0.6999999881
13700  -16.512  -61.462  -2.726 0.6000000238
13701  -17.331  -61.577  -2.519 0.6999999881
14565  -15.670  -60.411  -3.395 0.6000000238
14550  -16.998  -60.887  -2.644 0.6999999881
15469  -15.387  -59.837  -3.732 0.6000000238
116087  -16.644  -59.698  -3.294 0.6999999881
16440  -13.242  -58.588  -10.671 0.5000000000
16417  -13.590  -58.349  -8.699 0.5000000000
16375  -13.860  -58.530  -6.132 0.4000000060
16376  -14.518  -58.560  -5.575 0.6000000238
15484  -15.550  -59.232  -4.163 0.6000000238
16429  -13.417  -58.440  -9.652 0.5000000000
16404  -13.653  -58.348  -7.697 0.4000000060
16390  -14.752  -58.257  -6.545 0.5000000000
12108  -21.358  -62.924  -6.713 0.5000000000
12922  -21.736  -62.595  -6.195 0.5000000000
12060  -20.035  -62.961  -3.975 0.6000000238
12899  -20.596  -62.440  -4.123 0.5000000000
13743  -21.849  -61.996  -5.017 0.5000000000
12880  -19.517  -62.164  -2.894 0.6999999881
13703  -19.098  -61.496  -2.618 0.6999999881
14551  -17.728  -60.794  -2.566 0.6000000238
15470  -16.091  -59.419  -3.750 0.6999999881
14567  -17.198  -60.180  -2.808 0.6000000238
115684  -15.128  -58.585  -5.032 0.6000000238
16363  -15.715  -58.724  -4.615 0.6000000238
16430  -14.281  -58.098  -9.408 0.5000000000
16405  -14.596  -58.141  -7.512 0.4000000060
112132  -15.316  -58.276  -5.829 0.6000000238
17363  -14.989  -57.650  -10.170 0.4000000060
17353  -15.153  -57.702  -9.114 0.4000000060
17338  -15.315  -57.763  -8.190 0.5000000000
16406  -15.459  -57.902  -7.311 0.5000000000
12881  -20.226  -62.157  -3.451 0.6000000238
13733  -21.586  -61.619  -4.272 0.5000000000
13717  -19.863  -61.428  -2.931 0.6000000238
13719  -21.277  -61.208  -3.709 0.5000000000
14553  -19.418  -60.739  -2.731 0.6000000238
15454  -18.975  -60.154  -2.712 0.6000000238
15473  -19.703  -59.959  -2.930 0.5000000000
122900  -18.234  -59.217  -3.121 0.6000000238
16349  -16.890  -58.927  -3.829 0.6999999881
16350  -17.868  -58.707  -3.609 0.5000000000
16377  -15.912  -58.307  -5.280 0.6000000238
16392  -16.166  -57.965  -6.143 0.5000000000
17354  -16.131  -57.362  -8.877 0.4000000060
17324  -16.344  -57.730  -7.066 0.5000000000
22877  -10.394  -50.329  -9.369 0.4000000060
130993  -10.607  -50.098  -9.832 0.3000000119
113880  -11.034  -50.481  -10.407 0.4000000060
131964  -21.526  -60.646  -3.627 0.5000000000
22910  -11.532  -51.656  -12.398 0.3000000119
23925  -11.623  -51.200  -12.076 0.4000000060
131914  -19.589  -59.365  -3.111 0.5000000000
119195  -21.350  -60.042  -3.433 0.5000000000
21069  -12.780  -52.950  -13.095 0.3000000119
22911  -11.856  -51.500  -12.711 0.4000000060
110499  -18.703  -58.656  -3.427 0.5000000000
21062  -13.956  -53.622  -12.896 0.3000000119
16365  -17.658  -58.197  -4.462 0.6000000238
16378  -16.773  -57.986  -5.617 0.6999999881
16379  -17.305  -57.984  -5.196 0.6000000238
17355  -16.914  -57.054  -8.502 0.5000000000
17325  -17.190  -57.588  -6.599 0.5000000000
17340  -17.201  -57.268  -7.652 0.4000000060
17341  -17.620  -57.124  -7.164 0.4000000060
24920  -10.225  -49.752  -7.933 0.3000000119
24938  -10.712  -49.694  -8.817 0.3000000119
24951  -11.275  -49.508  -9.709 0.3000000119
114361  -11.841  -49.264  -10.377 0.3000000119
24975  -12.411  -49.464  -11.298 0.4000000060
15475  -21.005  -59.294  -3.276 0.5000000000
112094  -13.000  -51.684  -12.745 0.4000000060
23926  -12.175  -50.795  -11.854 0.4000000060
16352  -20.496  -58.510  -3.348 0.5000000000
21940  -13.355  -52.667  -12.891 0.4000000060
21930  -13.639  -51.654  -11.488 0.4000000060
16366  -18.476  -58.083  -3.952 0.5000000000
112067  -20.032  -57.765  -3.576 0.5000000000
21053  -14.342  -52.989  -11.624 0.4000000060
17297  -18.520  -57.615  -4.724 0.5000000000
17314  -17.512  -57.693  -5.849 0.5000000000
17327  -18.548  -57.192  -5.510 0.5000000000
18344  -16.481  -56.287  -9.753 0.3000000119
18328  -16.877  -56.558  -8.696 0.4000000060
18312  -17.574  -56.890  -7.525 0.4000000060
18297  -18.426  -56.821  -5.976 0.4000000060
24904  -10.867  -49.636  -7.334 0.3000000119
24939  -11.919  -49.329  -9.099 0.3000000119
25987  -12.581  -48.659  -10.781 0.4000000060
26017  -12.808  -48.593  -11.171 0.4000000060
15487  -23.374  -59.149  -4.316 0.4000000060
23927  -12.847  -49.741  -11.503 0.4000000060
15476  -22.745  -59.076  -3.728 0.4000000060
117712  -12.857  -50.858  -11.830 0.4000000060
23915  -13.306  -49.955  -11.369 0.4000000060
16353  -21.416  -58.482  -3.377 0.4000000060
22904  -13.656  -50.675  -10.943 0.4000000060
17280  -19.230  -57.977  -3.698 0.5000000000
20173  -15.658  -54.653  -10.062 0.3000000119
17316  -19.180  -57.039  -4.814 0.5000000000
19293  -16.900  -55.806  -8.275 0.3000000119
24921  -11.620  -49.552  -8.030 0.3000000119
113827  -12.843  -49.408  -8.388 0.3000000119
25988  -12.985  -48.869  -9.449 0.3000000119
127651  -13.193  -48.286  -10.466 0.4000000060
26003  -13.384  -48.070  -11.070 0.4000000060
26004  -14.099  -47.718  -11.200 0.3000000119
24977  -13.665  -48.355  -11.331 0.4000000060
15499  -24.335  -58.689  -5.759 0.4000000060
117242  -24.580  -57.905  -6.768 0.4000000060
23916  -13.949  -49.697  -11.080 0.4000000060
16354  -22.318  -58.478  -3.522 0.4000000060
17282  -20.920  -57.601  -3.462 0.4000000060
21922  -14.291  -52.206  -10.033 0.3000000119
21054  -15.067  -53.919  -10.808 0.3000000119
21043  -14.744  -53.085  -10.158 0.3000000119
20157  -15.664  -54.382  -8.965 0.3000000119
18296  -17.927  -56.770  -6.746 0.4000000060
24905  -13.280  -49.961  -6.855 0.3000000119
111482  -13.845  -49.067  -8.688 0.4000000060
25973  -13.945  -48.185  -9.814 0.4000000060
25989  -14.305  -47.552  -10.782 0.4000000060
18329  -24.596  -56.763  -7.780 0.4000000060
16393  -24.560  -57.948  -6.109 0.4000000060
24966  -15.049  -48.413  -11.135 0.4000000060
16367  -23.632  -58.377  -4.258 0.4000000060
23903  -14.311  -50.598  -10.207 0.4000000060
17283  -21.841  -57.651  -3.446 0.4000000060
17285  -23.509  -57.738  -3.895 0.4000000060
22892  -14.134  -51.410  -9.994 0.3000000119
21027  -14.812  -52.716  -9.151 0.3000000119
119429  -20.405  -56.720  -3.770 0.5000000000
21044  -15.241  -53.682  -9.571 0.3000000119
21028  -15.270  -53.328  -8.401 0.3000000119
18262  -19.688  -56.449  -4.299 0.5000000000
19254  -17.081  -55.626  -7.177 0.3000000119
19240  -18.728  -56.047  -5.565 0.4000000060
19272  -17.355  -56.505  -7.909 0.4000000060
24906  -14.324  -49.897  -6.873 0.3000000119
129445  -15.448  -47.074  -10.848 0.3000000119
24967  -15.624  -47.833  -10.881 0.3000000119
18313  -24.646  -56.796  -6.983 0.4000000060
23917  -14.722  -49.475  -10.745 0.3000000119
17317  -24.592  -57.267  -5.739 0.4000000060
19273  -24.683  -56.127  -7.131 0.3000000119
22893  -14.663  -51.225  -9.306 0.3000000119
119128  -22.316  -57.006  -3.517 0.4000000060
17300  -24.481  -57.259  -4.921 0.4000000060
21912  -15.038  -52.362  -8.321 0.3000000119
122514  -15.363  -52.726  -7.675 0.3000000119
18250  -20.903  -55.843  -3.714 0.4000000060
20145  -15.738  -54.164  -7.994 0.3000000119
20130  -16.493  -54.514  -6.643 0.3000000119
20131  -17.036  -55.062  -6.090 0.3000000119
19228  -19.089  -55.582  -4.971 0.3000000119
24953  -15.608  -49.115  -10.556 0.3000000119
24954  -16.483  -48.401  -10.362 0.3000000119
23905  -16.122  -49.884  -9.755 0.3000000119
128139  -24.592  -56.748  -5.385 0.3000000119
17299  -24.045  -56.999  -4.186 0.4000000060
18279  -24.600  -56.211  -5.387 0.4000000060
22865  -15.535  -52.040  -7.615 0.3000000119
18252  -22.438  -56.147  -3.594 0.4000000060
18253  -23.497  -56.197  -3.851 0.4000000060
21008  -15.500  -53.356  -7.551 0.3000000119
21009  -15.896  -53.883  -7.118 0.3000000119
18249  -20.173  -55.799  -4.036 0.3000000119
20116  -18.345  -54.917  -5.010 0.3000000119
22866  -16.481  -51.419  -7.509 0.3000000119
20992  -15.723  -52.831  -6.943 0.3000000119
19222  -23.002  -55.365  -3.730 0.3000000119
19230  -23.870  -55.505  -4.233 0.3000000119
20993  -16.221  -53.534  -6.349 0.3000000119
20115  -17.335  -54.515  -5.335 0.3000000119
113213  -19.148  -54.928  -4.491 0.3000000119
22848  -16.925  -51.584  -6.760 0.3000000119
23866  -18.436  -50.832  -6.362 0.3000000119
21880  -16.338  -52.771  -6.188 0.3000000119
19221  -22.104  -55.224  -3.596 0.3000000119
21881  -17.250  -51.802  -5.941 0.3000000119
22829  -17.909  -51.378  -5.920 0.3000000119
111020  -17.604  -56.430  -7.235 0.4000000060
20158  -16.294  -55.073  -8.611 0.3000000119
20146  -16.401  -54.857  -7.632 0.3000000119
124269  -22.748  -69.952  -11.789 0.6000000238
5843  -22.714  -71.942  -14.392 0.5000000000
5853  -21.993  -71.957  -15.295 0.5000000000
5844  -23.481  -72.292  -13.476 0.5000000000
6387  -24.021  -71.622  -11.507 0.5000000000
8242  -21.486  -68.433  -11.576 0.6999999881
124268  -23.160  -67.401  -11.935 0.6999999881
8261  -20.358  -68.309  -11.937 0.6999999881
6971  -20.820  -69.899  -11.650 0.6999999881
6970  -19.883  -69.930  -11.556 0.6999999881
6975  -25.033  -70.891  -11.403 0.5000000000
9748  -28.641  -66.471  -8.446 0.3000000119
7598  -27.253  -69.693  -12.624 0.3000000119
9049  -23.244  -67.467  -15.358 0.6000000238
9029  -21.891  -67.436  -14.857 0.6000000238
130178  -22.986  -67.469  -16.128 0.5000000000
9008  -20.065  -68.018  -13.624 0.6999999881
8304  -18.248  -68.666  -15.604 0.6000000238
8276  -19.372  -68.369  -13.180 0.6999999881
8245  -24.938  -68.692  -11.706 0.5000000000
6974  -24.305  -70.700  -11.868 0.6000000238
6991  -23.952  -71.408  -12.361 0.5000000000
8260  -18.572  -68.779  -12.896 0.6000000238
6987  -19.428  -70.660  -11.588 0.6999999881
7619  -17.202  -69.325  -14.318 0.5000000000
128381  -19.299  -71.160  -11.390 0.5000000000
9764  -29.112  -66.499  -9.242 0.3000000119
7034  -16.802  -70.857  -17.160 0.6000000238
6385  -18.757  -71.002  -10.941 0.5000000000
6995  -28.866  -71.208  -12.624 0.3000000119
8993  -23.976  -67.337  -12.102 0.5000000000
8963  -29.447  -67.261  -10.530 0.3000000119
6956  -18.182  -70.891  -10.830 0.5000000000
115004  -25.868  -68.563  -17.247 0.4000000060
7509  -29.629  -69.145  -5.978 0.3000000119
10709  -22.514  -65.512  -20.144 0.6000000238
9890  -18.665  -66.304  -19.495 0.6999999881
10692  -19.642  -65.547  -18.842 0.6000000238
10658  -20.659  -65.477  -17.032 0.6000000238
10710  -23.243  -65.475  -19.666 0.6000000238
10700  -27.940  -64.733  -19.876 0.5000000000
10682  -24.959  -65.740  -17.120 0.6000000238
126058  -25.896  -65.739  -17.228 0.5000000000
10661  -23.535  -65.518  -16.532 0.6000000238
13815  -26.933  -61.919  -14.269 0.4000000060
9873  -17.113  -66.168  -18.191 0.6000000238
9864  -18.264  -66.064  -16.716 0.6999999881
10566  -14.663  -65.027  -9.924 0.6000000238
9893  -28.634  -65.523  -20.100 0.4000000060
11468  -28.685  -63.969  -16.592 0.4000000060
121036  -26.982  -60.918  -12.528 0.4000000060
12993  -24.273  -62.288  -13.776 0.4000000060
9882  -15.398  -66.593  -18.227 0.6000000238
11393  -15.097  -64.517  -8.818 0.6000000238
9795  -16.232  -66.896  -12.379 0.5000000000
12150  -17.701  -63.323  -10.579 0.6000000238
8989  -15.908  -66.967  -13.096 0.4000000060
9833  -19.218  -65.939  -14.771 0.5000000000
11461  -28.615  -63.707  -16.046 0.5000000000
10590  -19.875  -65.781  -12.347 0.6000000238
126865  -18.853  -66.157  -14.016 0.5000000000
11340  -12.736  -64.508  -4.571 0.6000000238
16388  -12.409  -58.769  -6.605 0.5000000000
11325  -18.994  -64.476  -3.948 0.5000000000
11322  -16.118  -64.711  -3.358 0.6000000238
11309  -17.427  -64.113  -3.050 0.6000000238
12059  -19.092  -63.686  -3.441 0.6000000238
12876  -13.714  -62.283  -3.840 0.6000000238
128344  -12.732  -58.591  -8.939 0.5000000000
12912  -21.271  -62.523  -5.442 0.5000000000
15471  -17.468  -59.410  -3.171 0.6000000238
16418  -14.426  -58.091  -8.423 0.5000000000
16364  -16.598  -58.426  -4.706 0.6000000238
22903  -11.381  -51.364  -11.601 0.3000000119
14569  -20.921  -60.662  -3.378 0.5000000000
17365  -16.547  -56.825  -9.342 0.3000000119
15486  -22.742  -59.798  -3.953 0.4000000060
115975  -21.964  -59.363  -3.523 0.4000000060
18311  -17.340  -56.936  -8.004 0.4000000060
112365  -16.650  -55.833  -9.255 0.3000000119
18278  -18.889  -56.745  -5.427 0.5000000000
16380  -23.985  -58.600  -4.907 0.4000000060
126130  -12.758  -49.681  -7.544 0.3000000119
21911  -14.526  -51.942  -9.060 0.3000000119
18251  -21.465  -56.641  -3.551 0.4000000060
19256  -18.202  -56.250  -6.134 0.3000000119
18261  -19.257  -56.289  -4.992 0.4000000060
24907  -15.383  -49.619  -6.871 0.3000000119
22881  -15.975  -51.172  -8.244 0.3000000119
120998  -21.614  -55.772  -3.604 0.4000000060
21897  -16.212  -52.139  -6.826 0.3000000119
4164  -18.377  -75.221  -8.280 0.5000000000
4717  -18.480  -74.422  -8.530 0.5000000000
4718  -19.107  -74.232  -8.905 0.5000000000
4730  -19.419  -74.173  -9.587 0.4000000060
4715  -16.808  -74.656  -8.129 0.5000000000
5264  -17.315  -74.218  -8.448 0.5000000000
5265  -17.930  -73.921  -8.578 0.5000000000
5282  -18.098  -73.230  -9.067 0.5000000000
5807  -18.385  -72.463  -9.607 0.5000000000
5818  -18.891  -72.124  -9.912 0.4000000060
4740  -16.533  -74.002  -9.437 0.4000000060
5291  -16.794  -73.413  -9.668 0.5000000000
5806  -17.555  -72.813  -9.511 0.5000000000
6371  -17.609  -71.223  -10.695 0.4000000060
5299  -16.456  -73.765  -10.674 0.5000000000
118478  -16.422  -72.802  -11.099 0.5000000000
5816  -16.889  -72.588  -10.172 0.5000000000
120646  -16.442  -73.129  -12.274 0.5000000000
5824  -16.351  -72.030  -11.567 0.5000000000
5833  -16.522  -72.643  -13.304 0.5000000000
6393  -16.317  -71.751  -12.380 0.5000000000
6404  -16.375  -71.340  -13.420 0.4000000060
117311  -16.802  -74.765  -12.778 0.5000000000
5850  -16.890  -73.111  -15.081 0.5000000000
6417  -16.620  -72.376  -14.150 0.5000000000
5334  -15.818  -75.196  -17.024 0.5000000000
110033  -16.977  -75.590  -14.656 0.5000000000
113093  -16.879  -75.979  -15.685 0.5000000000
5329  -17.078  -74.755  -15.421 0.5000000000
5873  -16.867  -74.875  -17.404 0.5000000000
5862  -17.081  -74.104  -16.211 0.5000000000
6431  -16.893  -72.617  -15.817 0.5000000000
116221  -16.605  -71.587  -14.785 0.5000000000
5341  -15.980  -75.162  -18.140 0.5000000000
5872  -15.657  -74.421  -18.017 0.5000000000
7038  -14.954  -71.466  -18.771 0.5000000000
129256  -16.507  -74.981  -18.357 0.5000000000
6447  -15.383  -72.631  -19.456 0.5000000000
7043  -15.320  -71.743  -19.581 0.5000000000
114032  -16.945  -74.010  -18.233 0.5000000000
5880  -16.363  -74.345  -19.172 0.5000000000
6452  -15.971  -73.149  -20.046 0.5000000000
6441  -16.932  -72.267  -17.650 0.5000000000
6448  -16.747  -73.075  -19.013 0.5000000000
116307  -17.020  -73.224  -16.923 0.5000000000
113493  -16.711  -71.426  -16.135 0.5000000000
7023  -16.679  -70.229  -16.026 0.5000000000
9881  -14.449  -66.623  -18.154 0.5000000000
9086  -14.960  -67.382  -18.395 0.6000000238
122808  -15.192  -70.766  -19.233 0.5000000000
6450  -15.700  -72.764  -19.943 0.5000000000
8336  -15.902  -69.269  -19.310 0.5000000000
7047  -16.466  -71.658  -19.977 0.5000000000
7664  -16.292  -70.493  -19.749 0.5000000000
7039  -16.959  -71.717  -18.560 0.5000000000
7044  -16.611  -72.288  -19.652 0.5000000000
9860  -14.033  -65.574  -17.547 0.5000000000
9871  -14.655  -66.124  -17.836 0.5000000000
119008  -15.527  -68.272  -18.761 0.6000000238
128068  -13.384  -67.621  -11.057 0.5000000000
9777  -14.073  -66.481  -10.290 0.6000000238
8227  -13.383  -68.434  -10.622 0.5000000000
8960  -14.150  -68.013  -10.577 0.5000000000
9760  -14.337  -66.116  -9.679 0.6000000238
8944  -15.496  -68.161  -9.462 0.6000000238
8209  -14.859  -68.739  -9.928 0.5000000000
127977  -15.881  -68.623  -8.725 0.6000000238
8183  -15.954  -68.875  -7.936 0.5000000000
8929  -16.123  -67.627  -8.853 0.6000000238
8198  -16.420  -68.182  -8.129 0.6000000238
8169  -15.612  -68.874  -7.015 0.5000000000
8184  -16.363  -68.341  -7.326 0.6000000238
8888  -17.103  -67.256  -6.594 0.6000000238
8150  -15.310  -68.476  -6.106 0.5000000000
8904  -16.135  -68.257  -6.476 0.5000000000
8872  -14.543  -67.316  -4.879 0.5000000000
127420  -13.418  -65.900  -4.541 0.6000000238
12094  -12.172  -64.108  -4.752 0.6000000238
11359  -12.236  -65.059  -4.862 0.5000000000
9698  -15.182  -66.755  -4.538 0.6000000238
8873  -15.451  -67.384  -5.087 0.5000000000
10496  -13.168  -65.133  -4.496 0.5000000000
12896  -11.727  -62.233  -4.903 0.6000000238
12075  -12.042  -63.204  -4.735 0.6000000238
14591  -12.164  -60.694  -4.947 0.6000000238
8978  -29.998  -67.588  -11.093 0.3000000119
128676  -31.485  -68.397  -12.537 0.3000000119
7586  -29.860  -69.171  -12.060 0.3000000119
7610  -32.446  -69.669  -14.216 0.3000000119
7600  -30.280  -69.757  -12.672 0.3000000119
8248  -29.525  -68.594  -11.500 0.3000000119
8233  -29.264  -68.047  -11.038 0.3000000119
6384  -16.553  -71.224  -11.622 0.4000000060
6451  -16.242  -73.292  -19.807 0.5000000000
9776  -14.049  -65.692  -9.976 0.5000000000
5817  -17.611  -71.973  -10.094 0.4000000060
6370  -16.794  -71.719  -10.802 0.5000000000
5840  -16.871  -73.702  -14.315 0.5000000000
4780  -16.180  -75.933  -16.448 0.5000000000
4786  -16.289  -75.591  -17.454 0.5000000000
118874  -15.392  -73.143  -17.700 0.5000000000
6440  -15.214  -72.329  -18.197 0.5000000000
4794  -16.073  -74.924  -18.874 0.5000000000
7660  -15.464  -70.125  -19.301 0.5000000000
8249  -30.388  -68.113  -11.737 0.3000000119
7608  -30.694  -70.402  -13.352 0.3000000119
8281  -31.983  -69.192  -13.486 0.3000000119
8264  -30.727  -68.683  -12.380 0.3000000119
19231  -24.467  -55.709  -4.867 0.3000000119
4251  -16.235  -76.007  -16.392 0.5000000000
4716  -17.640  -74.693  -8.160 0.5000000000
4729  -16.662  -74.235  -8.740 0.5000000000
4783  -22.850  -73.583  -16.839 0.5000000000
4793  -16.184  -75.226  -18.628 0.5000000000
5266  -18.599  -73.684  -8.849 0.5000000000
5267  -19.114  -73.496  -9.234 0.4000000060
5281  -17.331  -73.620  -8.923 0.5000000000
5283  -18.675  -73.098  -9.231 0.5000000000
5311  -16.569  -74.344  -11.829 0.5000000000
5323  -16.837  -74.266  -13.469 0.5000000000
5324  -20.162  -72.758  -14.030 0.5000000000
5335  -16.811  -75.561  -16.439 0.5000000000
5336  -21.160  -72.861  -16.278 0.6000000238
5345  -15.968  -74.705  -18.915 0.5000000000
5346  -16.112  -75.052  -18.696 0.5000000000
5347  -16.053  -74.576  -19.188 0.5000000000
5348  -16.072  -73.859  -19.683 0.5000000000
5808  -19.034  -72.745  -9.547 0.4000000060
5819  -19.270  -72.477  -10.161 0.5000000000
5825  -19.505  -71.697  -11.561 0.5000000000
5852  -21.274  -72.070  -15.333 0.6000000238
5855  -28.950  -73.624  -15.738 0.3000000119
6314  -28.835  -71.618  -4.396 0.3000000119
6372  -18.395  -71.593  -10.317 0.4000000060
6373  -19.091  -71.649  -10.605 0.5000000000
6395  -20.247  -71.215  -12.641 0.6999999881
6398  -23.794  -71.869  -12.972 0.5000000000
6405  -20.242  -71.688  -13.336 0.6000000238
6410  -29.085  -72.536  -14.055 0.3000000119
6419  -21.994  -71.636  -14.510 0.5000000000
6885  -28.635  -70.910  -4.605 0.3000000119
6978  -27.291  -70.707  -11.525 0.3000000119
6985  -16.820  -70.085  -12.272 0.5000000000
6986  -17.272  -70.071  -11.770 0.5000000000
6996  -29.718  -70.932  -12.894 0.3000000119
7015  -27.587  -70.544  -15.243 0.3000000119
7042  -14.910  -70.644  -18.843 0.5000000000
7045  -17.106  -71.242  -20.013 0.6999999881
7046  -15.816  -72.305  -20.054 0.5000000000
7579  -21.220  -69.221  -11.515 0.6999999881
7583  -26.153  -70.283  -11.609 0.5000000000
7595  -18.459  -69.244  -12.080 0.5000000000
7596  -19.452  -68.622  -12.200 0.6999999881
7601  -31.250  -69.234  -13.041 0.3000000119
7609  -31.584  -69.962  -13.771 0.3000000119
7618  -16.753  -69.748  -13.671 0.5000000000
7634  -28.395  -69.685  -16.396 0.4000000060
7642  -16.933  -69.941  -16.881 0.6999999881
7654  -17.525  -70.681  -19.350 0.6000000238
7665  -18.588  -70.523  -20.570 0.6000000238
7666  -19.146  -70.487  -20.784 0.6000000238
7667  -19.670  -70.237  -20.820 0.6999999881
7668  -20.188  -69.989  -20.985 0.6000000238
8153  -28.698  -68.769  -5.759 0.3000000119
8211  -25.490  -67.936  -9.295 0.3000000119
8231  -27.923  -69.172  -10.834 0.4000000060
8240  -20.028  -68.753  -11.691 0.6999999881
8241  -20.703  -68.630  -11.591 0.6999999881
8244  -24.017  -68.512  -11.658 0.5000000000
8262  -25.765  -68.213  -12.285 0.4000000060
8306  -26.259  -68.962  -15.921 0.4000000060
8315  -19.386  -68.239  -16.782 0.6000000238
8325  -18.743  -68.657  -17.721 0.6999999881
8328  -26.271  -68.595  -18.019 0.4000000060
8330  -27.349  -68.671  -17.774 0.4000000060
8340  -20.546  -69.135  -20.189 0.5000000000
8342  -26.948  -68.428  -18.696 0.4000000060
8349  -18.595  -69.296  -20.686 0.6000000238
8350  -20.642  -69.544  -21.002 0.6000000238
8886  -15.827  -67.892  -5.723 0.5000000000
8905  -16.635  -67.863  -6.774 0.6000000238
8906  -26.831  -67.600  -6.619 0.3000000119
8914  -16.799  -67.580  -7.518 0.6000000238
8930  -16.609  -67.496  -8.218 0.6000000238
8943  -14.795  -67.524  -10.044 0.5000000000
8947  -27.718  -67.111  -9.732 0.3000000119
8949  -29.671  -66.652  -9.907 0.3000000119
8959  -13.586  -66.270  -10.881 0.6000000238
8962  -28.637  -67.997  -10.730 0.3000000119
8973  -21.732  -67.798  -11.830 0.6999999881
8974  -22.676  -67.696  -11.744 0.6999999881
8975  -23.544  -67.726  -11.731 0.8000000119
8991  -21.578  -67.550  -12.466 0.6000000238
9009  -20.786  -67.736  -13.023 0.6999999881
9010  -21.465  -67.485  -13.449 0.6999999881
9027  -19.975  -67.982  -14.578 0.6999999881
9031  -23.666  -67.450  -14.354 0.4000000060
9060  -20.052  -67.946  -16.990 0.6000000238
9064  -23.182  -67.487  -16.846 0.5000000000
9075  -13.951  -67.386  -18.119 0.5000000000
9080  -24.306  -67.582  -17.583 0.5000000000
9081  -25.175  -67.964  -17.473 0.4000000060
9082  -28.403  -67.200  -17.915 0.5000000000
9087  -15.953  -67.265  -18.668 0.6000000238
9101  -17.126  -68.514  -19.651 0.6999999881
9108  -24.040  -67.530  -20.715 0.5000000000
9112  -28.455  -66.568  -20.059 0.5000000000
9117  -19.900  -68.321  -21.032 0.6000000238
9120  -22.565  -68.006  -21.213 0.5000000000
9122  -24.033  -67.369  -21.398 0.5000000000
9126  -28.591  -65.825  -20.790 0.4000000060
9127  -22.553  -67.620  -21.383 0.5000000000
9130  -24.706  -66.715  -21.775 0.5000000000
9132  -27.273  -66.613  -21.936 0.5000000000
9697  -14.149  -66.498  -4.530 0.5000000000
9700  -17.580  -66.376  -5.133 0.6999999881
9734  -17.251  -66.896  -7.413 0.6999999881
9745  -16.377  -66.954  -8.522 0.6000000238
9746  -27.029  -66.708  -8.355 0.3000000119
9747  -27.776  -66.567  -8.417 0.3000000119
9761  -15.208  -66.911  -9.401 0.6999999881
9762  -27.330  -66.736  -9.064 0.3000000119
9778  -16.984  -66.118  -10.839 0.5000000000
9793  -13.798  -65.825  -11.872 0.5000000000
9798  -19.019  -66.191  -12.261 0.6000000238
9807  -14.541  -66.491  -12.810 0.5000000000
9808  -15.163  -66.831  -13.631 0.4000000060
9809  -16.649  -66.844  -13.210 0.6000000238
9830  -16.555  -66.794  -14.620 0.5000000000
9853  -29.057  -66.463  -16.404 0.5000000000
9862  -15.892  -66.412  -17.335 0.6000000238
9865  -29.447  -65.542  -16.189 0.4000000060
9900  -22.423  -66.662  -21.364 0.6000000238
9903  -27.323  -66.012  -21.979 0.5000000000
9904  -27.861  -65.958  -21.837 0.5000000000
10497  -16.033  -66.288  -4.151 0.6999999881
10498  -17.098  -66.104  -4.301 0.6999999881
10500  -18.943  -64.867  -4.853 0.6000000238
10530  -17.935  -66.008  -6.761 0.6999999881
10549  -15.049  -65.275  -8.768 0.6999999881
10557  -14.290  -65.311  -9.559 0.6000000238
10576  -15.091  -65.819  -10.767 0.5000000000
10577  -17.569  -65.521  -10.633 0.6000000238
10578  -18.479  -65.579  -10.949 0.6000000238
10580  -20.203  -65.316  -11.633 0.6000000238
10581  -20.845  -65.043  -11.753 0.6000000238
10593  -22.346  -64.396  -12.461 0.5000000000
10610  -23.780  -64.526  -13.351 0.5000000000
10612  -25.249  -65.239  -14.300 0.6000000238
10614  -31.567  -65.774  -13.245 0.4000000060
10626  -22.335  -64.978  -14.236 0.5000000000
10630  -26.707  -65.095  -14.921 0.6000000238
10644  -19.654  -65.714  -15.466 0.6000000238
10647  -23.963  -65.494  -15.633 0.6000000238
10650  -28.042  -64.083  -16.697 0.5000000000
10679  -21.932  -65.470  -17.718 0.6000000238
10680  -22.717  -65.475  -17.785 0.6000000238
10695  -22.226  -65.453  -19.163 0.6000000238
10696  -22.918  -65.482  -18.704 0.6000000238
10697  -23.914  -65.518  -18.871 0.6000000238
10707  -20.730  -65.831  -20.171 0.6000000238
10715  -28.409  -65.151  -20.882 0.5000000000
10720  -25.002  -65.682  -21.283 0.6000000238
10722  -27.554  -65.143  -21.324 0.5000000000
10724  -28.173  -65.448  -21.445 0.5000000000
10725  -23.566  -66.105  -21.373 0.6000000238
10726  -24.424  -66.133  -21.533 0.5000000000
10729  -27.746  -65.512  -21.616 0.5000000000
11326  -19.527  -63.721  -3.973 0.6000000238
11360  -19.087  -64.636  -5.734 0.5000000000
11383  -16.540  -64.132  -8.251 0.6000000238
11385  -18.797  -64.235  -7.381 0.6000000238
11423  -24.162  -63.694  -12.889 0.5000000000
11436  -23.195  -64.231  -12.749 0.5000000000
11438  -24.583  -64.395  -13.397 0.6000000238
11469  -29.217  -64.241  -16.256 0.4000000060
11476  -28.969  -64.518  -17.465 0.4000000060
12057  -16.556  -64.001  -3.028 0.6000000238
12077  -13.371  -63.596  -4.188 0.6000000238
12093  -11.522  -63.761  -5.180 0.6000000238
12095  -20.059  -63.374  -5.462 0.6000000238
12096  -21.114  -62.841  -6.066 0.5000000000
12116  -16.032  -63.840  -8.677 0.6000000238
12129  -15.562  -64.029  -8.877 0.6000000238
12139  -16.290  -63.394  -8.935 0.6000000238
12146  -16.442  -63.606  -9.264 0.5000000000
12153  -20.714  -64.114  -11.596 0.6000000238
12159  -19.452  -63.646  -11.829 0.6000000238
12162  -22.885  -63.459  -12.408 0.5000000000
12163  -23.528  -63.306  -12.638 0.5000000000
12171  -24.863  -63.954  -13.260 0.6000000238
12183  -27.099  -63.063  -14.796 0.4000000060
12184  -27.900  -63.076  -15.003 0.5000000000
12186  -28.838  -64.006  -14.736 0.4000000060
12196  -28.388  -63.536  -15.450 0.4000000060
12864  -19.237  -62.924  -3.055 0.6999999881
12878  -15.408  -62.817  -3.187 0.6000000238
12900  -21.109  -62.216  -4.607 0.5000000000
12911  -20.496  -62.829  -4.845 0.6000000238
12950  -18.084  -62.877  -9.567 0.6000000238
12982  -17.528  -62.449  -14.015 0.6000000238
12994  -25.027  -62.248  -14.498 0.6000000238
12995  -26.215  -62.896  -14.574 0.4000000060
12996  -26.613  -62.381  -14.534 0.4000000060
13702  -18.248  -61.562  -2.499 0.6999999881
13718  -20.586  -61.351  -3.372 0.5000000000
13730  -12.459  -61.556  -4.568 0.6000000238
13732  -20.919  -61.852  -3.890 0.6000000238
13742  -11.765  -61.334  -5.002 0.6000000238
13798  -17.760  -62.423  -11.768 0.5000000000
14552  -18.614  -60.767  -2.578 0.6000000238
14566  -16.366  -60.529  -3.031 0.6000000238
14568  -20.179  -60.687  -3.034 0.5000000000
14570  -22.057  -60.263  -3.745 0.5000000000
14579  -13.691  -60.472  -4.199 0.6000000238
14658  -26.522  -60.259  -12.783 0.4000000060
14667  -26.114  -60.319  -13.696 0.4000000060
15453  -18.147  -59.962  -2.744 0.6000000238
15472  -18.984  -59.421  -2.980 0.5000000000
15474  -20.148  -59.324  -3.190 0.5000000000
15483  -14.131  -59.760  -4.329 0.6000000238
15485  -16.147  -58.933  -4.186 0.6000000238
15494  -11.635  -59.532  -6.051 0.5000000000
15563  -25.739  -59.698  -14.001 0.4000000060
16351  -19.561  -58.701  -3.334 0.5000000000
16355  -23.097  -58.451  -3.774 0.4000000060
16368  -24.095  -57.849  -4.526 0.4000000060
16381  -24.414  -57.961  -5.301 0.4000000060
16391  -15.591  -58.035  -6.577 0.5000000000
16403  -12.696  -58.530  -7.432 0.5000000000
16416  -12.218  -58.611  -8.169 0.5000000000
17281  -19.614  -57.223  -3.967 0.5000000000
17284  -22.727  -57.714  -3.574 0.4000000060
17298  -19.015  -57.563  -4.172 0.5000000000
17315  -18.005  -57.642  -5.387 0.6000000238
17326  -17.970  -57.271  -6.256 0.4000000060
17328  -24.614  -57.278  -6.523 0.4000000060
17339  -16.294  -57.519  -7.974 0.5000000000
17342  -24.589  -57.454  -7.258 0.4000000060
18263  -24.148  -56.216  -4.360 0.3000000119
18264  -24.450  -56.550  -4.796 0.4000000060
19229  -19.567  -55.678  -4.502 0.3000000119
19239  -17.854  -55.461  -5.748 0.3000000119
19255  -17.738  -55.939  -6.570 0.4000000060
21860  -16.904  -52.633  -5.457 0.3000000119
21938  -11.376  -52.143  -12.242 0.3000000119
21954  -12.684  -52.059  -13.085 0.4000000060
22830  -18.412  -51.280  -5.419 0.3000000119
22849  -17.775  -51.123  -6.742 0.3000000119
22880  -15.073  -51.656  -8.514 0.3000000119
22912  -12.440  -51.505  -12.798 0.4000000060
23861  -10.839  -49.770  -6.482 0.3000000119
23901  -10.364  -49.986  -9.339 0.3000000119
23902  -11.111  -49.879  -10.310 0.3000000119
23904  -15.111  -50.320  -9.852 0.3000000119
23914  -11.577  -50.343  -11.259 0.4000000060
24922  -13.665  -49.617  -7.664 0.3000000119
24952  -12.267  -48.923  -10.010 0.4000000060
24963  -12.032  -49.308  -10.909 0.3000000119
24964  -13.506  -49.082  -11.415 0.4000000060
24965  -14.274  -48.476  -11.296 0.4000000060
24976  -13.084  -48.771  -11.404 0.4000000060
26005  -14.901  -47.563  -11.172 0.3000000119
26018  -13.409  -48.207  -11.240 0.4000000060
27022  -15.105  -47.205  -10.891 0.3000000119
27023  -15.762  -46.825  -10.468 0.3000000119
110107  -22.062  -62.716  -6.862 0.5000000000
110120  -14.831  -47.439  -10.108 0.4000000060
110582  -24.859  -67.607  -18.315 0.4000000060
111507  -17.909  -66.342  -15.641 0.6000000238
111575  -24.647  -56.436  -6.213 0.3000000119
112366  -26.913  -67.060  -7.037 0.3000000119
113071  -15.539  -73.577  -18.830 0.5000000000
113194  -16.967  -63.125  -8.827 0.6000000238
113742  -28.821  -68.100  -6.249 0.3000000119
113796  -20.751  -67.676  -14.162 0.6999999881
113901  -20.955  -65.377  -15.527 0.6000000238
114317  -25.682  -62.116  -14.602 0.6000000238
114679  -15.282  -62.014  -3.218 0.6000000238
114825  -23.843  -67.217  -13.073 0.6000000238
115260  -16.466  -63.288  -8.927 0.6000000238
115593  -22.254  -63.726  -12.172 0.6000000238
116007  -14.527  -64.873  -9.092 0.6000000238
116289  -23.731  -72.261  -12.036 0.4000000060
116488  -14.020  -58.362  -6.923 0.4000000060
116926  -21.612  -65.140  -14.121 0.6000000238
117746  -12.688  -59.516  -5.365 0.5000000000
117904  -21.132  -65.408  -16.227 0.6000000238
118320  -28.665  -66.106  -19.419 0.5000000000
118503  -14.027  -65.586  -4.274 0.6999999881
118878  -19.205  -68.283  -15.873 0.6000000238
119055  -16.256  -72.449  -20.052 0.5000000000
119486  -12.814  -63.891  -4.471 0.6000000238
120157  -17.922  -62.781  -10.321 0.5000000000
120177  -15.661  -71.288  -19.740 0.5000000000
120230  -16.714  -66.333  -17.435 0.6000000238
120345  -15.868  -73.717  -19.694 0.5000000000
120611  -16.450  -70.791  -12.370 0.4000000060
120656  -29.843  -67.211  -14.543 0.5000000000
120768  -14.889  -59.478  -4.236 0.6000000238
121524  -19.334  -69.819  -21.092 0.6000000238
121578  -25.435  -66.773  -21.972 0.5000000000
121874  -23.170  -56.982  -3.665 0.4000000060
122134  -23.757  -67.552  -16.185 0.5000000000
122224  -14.196  -60.953  -3.774 0.6000000238
122515  -16.759  -65.879  -8.194 0.6999999881
122600  -20.568  -60.008  -3.186 0.5000000000
123167  -28.996  -67.029  -7.012 0.3000000119
123231  -17.285  -69.352  -13.446 0.5000000000
123237  -16.905  -63.252  -2.703 0.6000000238
123274  -18.776  -62.340  -2.635 0.6999999881
123411  -17.501  -57.050  -7.649 0.4000000060
123982  -22.527  -70.462  -12.231 0.6000000238
124070  -16.668  -52.197  -6.163 0.3000000119
125098  -19.545  -63.226  -3.569 0.6000000238
125241  -16.466  -62.748  -2.728 0.6000000238
125345  -16.674  -69.889  -14.439 0.5000000000
125806  -28.371  -65.898  -21.372 0.5000000000
125888  -23.949  -67.557  -15.296 0.4000000060
126040  -14.129  -61.666  -3.691 0.6000000238
127161  -25.723  -67.140  -21.904 0.5000000000
127442  -28.182  -64.677  -19.039 0.5000000000
127578  -13.339  -62.920  -4.086 0.6000000238
127871  -27.442  -61.498  -12.239 0.4000000060
128277  -16.020  -59.956  -3.426 0.6000000238
130085  -19.521  -65.871  -14.047 0.6000000238
130252  -18.286  -50.721  -6.994 0.3000000119
130402  -21.978  -67.483  -16.098 0.6000000238
130743  -25.834  -68.190  -14.196 0.4000000060
130782  -12.453  -63.602  -4.581 0.6000000238
131116  -18.443  -64.710  -3.761 0.5000000000
131221  -14.382  -64.618  -3.865 0.6999999881
131476  -16.980  -70.965  -11.143 0.4000000060
131592  -17.302  -62.878  -2.591 0.6000000238
131656  -16.616  -66.824  -13.907 0.5000000000
131702  -24.169  -67.146  -21.643 0.5000000000
131772  -28.682  -64.215  -17.086 0.5000000000
132087  -15.126  -58.991  -4.536 0.6000000238
132134  -21.292  -68.542  -21.286 0.6000000238
132334  -25.386  -59.804  -14.675 0.4000000060
132552  -27.362  -67.592  -10.053 0.3000000119
132607  -25.230  -67.650  -8.177 0.3000000119
132720  -13.770  -67.160  -10.789 0.6000000238
