#!ascii label  , from subject sub-v2s8x29189_ses-1 vox2ras=TkReg
812
81275  31.450  15.052  29.199 0.0000000000
79679  38.172  12.606  20.666 0.0000000000
84024  46.372  18.534  17.857 0.0000000000
77179  44.992  9.762  12.983 0.0000000000
81270  38.856  14.420  29.793 0.0000000000
84650  44.907  19.683  24.225 0.0000000000
127545  42.468  11.723  16.693 0.0000000000
83391  37.411  17.427  19.811 0.0000000000
83351  38.871  17.778  23.405 0.0000000000
81306  34.881  14.209  24.634 0.0000000000
130187  40.044  10.293  25.386 0.0000000000
85406  43.093  20.786  20.325 0.0000000000
82757  39.478  16.543  15.901 0.0000000000
82021  41.357  16.061  19.656 0.0000000000
81365  41.183  14.974  12.536 0.0000000000
84687  39.019  20.124  21.148 0.0000000000
112043  34.759  17.495  25.596 0.0000000000
81299  32.693  14.511  26.838 0.0000000000
79629  38.957  12.726  27.396 0.0000000000
85392  47.843  19.693  21.146 0.0000000000
110901  45.199  21.477  22.596 0.0000000000
84702  44.631  19.796  18.958 0.0000000000
84017  41.605  18.720  18.942 0.0000000000
83403  43.064  17.886  15.913 0.0000000000
81995  38.483  15.673  22.287 0.0000000000
82712  40.587  16.215  21.631 0.0000000000
81334  39.212  14.348  19.378 0.0000000000
78902  44.951  12.472  12.187 0.0000000000
79749  41.368  13.492  14.554 0.0000000000
78903  42.438  12.085  11.880 0.0000000000
78895  39.886  12.337  14.130 0.0000000000
77167  41.869  9.877  15.623 0.0000000000
76221  41.527  8.103  18.360 0.0000000000
124253  35.111  15.492  32.726 0.0000000000
80458  34.715  13.674  29.456 0.0000000000
112184  46.342  18.499  21.576 0.0000000000
77121  41.391  9.940  20.723 0.0000000000
78831  40.618  11.593  18.507 0.0000000000
77999  43.923  10.731  18.731 0.0000000000
130726  46.275  11.869  15.895 0.0000000000
109077  40.086  20.439  25.877 0.0000000000
83956  37.839  19.079  25.114 0.0000000000
112723  37.085  16.618  23.482 0.0000000000
80511  36.566  13.222  22.701 0.0000000000
79633  35.361  12.682  27.298 0.0000000000
78746  36.682  11.376  24.786 0.0000000000
77929  38.586  10.452  22.766 0.0000000000
77061  42.414  9.330  23.084 0.0000000000
81206  35.120  13.997  34.410 0.0000000000
86089  43.195  22.139  23.062 0.0000000000
86115  41.460  21.617  21.613 0.0000000000
84011  39.868  18.957  20.042 0.0000000000
82739  38.966  16.978  17.880 0.0000000000
81357  36.912  13.965  16.367 0.0000000000
83977  41.831  18.633  23.383 0.0000000000
83361  43.147  17.482  22.048 0.0000000000
111358  43.830  16.717  18.418 0.0000000000
80550  39.818  13.549  17.127 0.0000000000
127208  41.261  15.321  16.297 0.0000000000
82763  43.956  17.022  13.794 0.0000000000
82772  40.728  16.005  12.561 0.0000000000
115756  38.297  13.214  14.780 0.0000000000
85387  37.946  20.729  22.017 0.0000000000
85399  38.794  20.735  21.703 0.0000000000
82677  32.433  16.274  26.709 0.0000000000
81291  31.710  14.954  27.729 0.0000000000
129870  46.783  19.048  19.217 0.0000000000
85403  47.072  19.848  20.397 0.0000000000
84707  46.467  19.009  18.181 0.0000000000
109275  43.905  18.746  17.594 0.0000000000
84032  46.166  18.194  16.390 0.0000000000
80519  38.061  13.414  21.094 0.0000000000
81317  38.904  14.661  21.083 0.0000000000
80527  38.351  13.290  20.312 0.0000000000
121226  45.607  11.724  10.979 0.0000000000
79778  43.826  12.732  11.050 0.0000000000
78046  43.800  10.702  12.124 0.0000000000
78038  42.435  10.547  13.756 0.0000000000
109261  43.070  9.828  14.412 0.0000000000
76246  43.383  8.637  15.714 0.0000000000
76245  44.321  8.183  15.297 0.0000000000
81927  36.579  15.549  33.070 0.0000000000
84665  47.094  19.108  22.991 0.0000000000
121139  45.447  19.202  23.310 0.0000000000
77119  42.903  9.697  21.020 0.0000000000
77988  42.417  10.581  19.196 0.0000000000
77986  44.267  10.520  19.482 0.0000000000
78861  46.514  11.876  16.543 0.0000000000
79747  48.100  12.434  14.637 0.0000000000
125177  47.609  12.250  14.212 0.0000000000
82684  34.622  16.040  24.841 0.0000000000
83347  35.639  17.207  24.671 0.0000000000
81992  35.667  15.317  23.859 0.0000000000
81996  36.247  14.932  23.337 0.0000000000
81309  35.846  14.051  23.535 0.0000000000
80456  37.188  13.924  29.704 0.0000000000
123309  35.548  13.224  28.705 0.0000000000
79611  36.797  13.118  28.365 0.0000000000
78732  39.549  11.072  26.049 0.0000000000
78734  37.796  11.478  26.268 0.0000000000
126666  38.567  10.532  25.232 0.0000000000
77913  37.615  10.762  23.843 0.0000000000
77049  39.650  9.761  24.177 0.0000000000
77063  40.698  9.514  23.198 0.0000000000
77047  41.508  9.584  24.431 0.0000000000
77043  45.329  9.299  24.237 0.0000000000
85394  43.956  21.193  20.670 0.0000000000
86088  44.092  21.787  22.870 0.0000000000
86104  43.422  21.795  22.259 0.0000000000
86105  42.508  22.147  22.553 0.0000000000
114916  42.131  21.551  21.342 0.0000000000
85409  40.661  20.117  20.521 0.0000000000
111079  41.347  19.941  20.160 0.0000000000
83404  40.690  17.472  16.878 0.0000000000
129874  40.154  17.810  18.477 0.0000000000
82747  39.134  16.794  16.960 0.0000000000
130465  37.931  16.097  17.054 0.0000000000
82048  37.896  15.185  15.755 0.0000000000
83965  39.739  19.005  24.233 0.0000000000
85359  41.151  19.789  24.682 0.0000000000
83978  40.105  18.528  23.635 0.0000000000
82014  40.841  15.933  20.391 0.0000000000
82711  41.888  16.643  21.544 0.0000000000
82719  42.537  16.542  20.299 0.0000000000
83381  43.383  16.892  20.577 0.0000000000
82727  42.732  16.505  19.260 0.0000000000
78847  41.542  11.659  17.596 0.0000000000
79729  39.799  12.833  17.458 0.0000000000
79728  40.829  12.364  17.103 0.0000000000
80565  41.377  13.979  13.050 0.0000000000
80567  40.599  14.077  15.303 0.0000000000
81361  41.240  14.629  14.119 0.0000000000
82044  43.021  16.266  15.595 0.0000000000
82053  42.531  16.137  13.688 0.0000000000
82764  42.313  16.741  13.389 0.0000000000
82067  40.898  15.699  12.283 0.0000000000
78867  39.926  11.330  15.641 0.0000000000
79763  38.913  13.405  14.120 0.0000000000
78883  39.018  11.844  15.768 0.0000000000
78868  38.028  11.967  16.199 0.0000000000
131148  43.574  20.417  25.361 0.0000000000
84697  37.564  19.035  20.860 0.0000000000
112322  38.166  18.593  20.410 0.0000000000
111841  35.077  18.707  26.515 0.0000000000
83332  33.420  17.263  26.355 0.0000000000
82685  33.586  16.532  25.900 0.0000000000
81303  33.830  14.198  25.810 0.0000000000
114043  38.395  13.637  28.532 0.0000000000
85393  46.679  20.535  21.181 0.0000000000
85405  45.013  20.647  20.371 0.0000000000
85415  43.795  20.265  19.672 0.0000000000
84693  41.965  19.825  19.801 0.0000000000
84027  42.718  18.788  18.321 0.0000000000
83395  41.601  17.894  17.278 0.0000000000
83412  41.045  17.280  15.725 0.0000000000
82701  38.641  16.487  22.659 0.0000000000
125866  40.078  17.378  22.723 0.0000000000
82713  39.883  15.940  21.715 0.0000000000
82015  40.003  15.421  20.397 0.0000000000
82022  40.483  15.512  19.472 0.0000000000
122367  44.001  11.969  14.487 0.0000000000
78880  42.696  12.395  14.901 0.0000000000
79758  42.954  13.019  12.675 0.0000000000
114207  42.085  13.342  12.379 0.0000000000
80572  41.271  13.819  12.476 0.0000000000
79772  40.533  13.727  12.701 0.0000000000
78905  41.106  12.801  12.528 0.0000000000
78881  40.933  11.271  14.379 0.0000000000
78020  41.087  10.260  15.915 0.0000000000
76229  42.611  7.900  17.190 0.0000000000
81245  32.759  14.912  30.620 0.0000000000
81273  32.865  14.372  29.670 0.0000000000
81244  34.273  14.854  31.188 0.0000000000
81254  36.486  14.417  30.891 0.0000000000
81253  37.885  14.612  30.917 0.0000000000
84676  49.236  19.700  22.654 0.0000000000
84008  47.600  18.964  20.788 0.0000000000
83379  46.289  18.425  19.155 0.0000000000
78796  39.359  11.227  20.393 0.0000000000
78816  39.424  11.737  19.556 0.0000000000
77990  40.883  10.778  19.458 0.0000000000
78001  42.264  10.968  18.488 0.0000000000
78846  43.420  11.314  17.269 0.0000000000
78827  45.403  11.229  18.268 0.0000000000
78844  45.081  11.311  17.421 0.0000000000
115867  44.909  11.626  15.789 0.0000000000
131592  46.571  12.221  13.090 0.0000000000
78899  46.676  12.045  12.781 0.0000000000
77172  46.037  9.323  13.864 0.0000000000
76250  45.408  8.627  14.587 0.0000000000
125644  38.977  19.762  25.381 0.0000000000
112944  38.205  18.695  24.502 0.0000000000
83339  35.933  17.919  25.106 0.0000000000
112163  37.150  17.863  24.281 0.0000000000
112004  38.227  17.763  23.631 0.0000000000
82690  37.843  16.295  22.904 0.0000000000
118004  37.068  13.971  22.321 0.0000000000
80520  37.523  13.056  21.521 0.0000000000
80476  33.498  13.724  28.401 0.0000000000
80498  33.912  13.337  26.983 0.0000000000
79654  34.813  12.893  25.911 0.0000000000
79647  37.000  12.292  27.121 0.0000000000
78741  36.004  11.936  25.904 0.0000000000
79657  35.630  12.648  24.598 0.0000000000
78754  36.802  11.791  23.251 0.0000000000
78767  37.401  11.607  22.478 0.0000000000
78781  38.528  11.224  21.433 0.0000000000
77946  39.799  10.143  21.673 0.0000000000
126723  41.934  9.426  22.290 0.0000000000
77080  43.546  9.368  22.303 0.0000000000
77045  43.434  9.471  24.351 0.0000000000
110422  44.121  9.248  22.862 0.0000000000
81928  33.381  15.437  32.200 0.0000000000
111224  34.410  15.160  33.168 0.0000000000
79551  36.930  12.797  35.246 0.0000000000
86748  44.518  22.260  24.582 0.0000000000
86750  42.127  23.055  24.275 0.0000000000
85398  40.051  20.869  21.344 0.0000000000
84695  39.374  19.532  20.600 0.0000000000
84020  38.622  18.108  19.868 0.0000000000
84018  40.602  18.682  19.453 0.0000000000
83390  39.000  17.651  19.187 0.0000000000
82729  38.427  17.158  18.974 0.0000000000
84666  43.108  19.263  23.678 0.0000000000
83995  41.487  17.921  22.804 0.0000000000
83994  42.231  18.192  22.874 0.0000000000
83975  43.627  18.558  22.950 0.0000000000
84002  44.103  17.633  21.599 0.0000000000
83380  45.208  17.761  20.003 0.0000000000
83394  46.166  17.781  17.371 0.0000000000
79717  38.858  12.950  18.895 0.0000000000
118318  39.286  14.082  18.475 0.0000000000
81347  39.924  14.593  17.787 0.0000000000
80559  40.269  13.612  16.222 0.0000000000
81354  40.483  14.654  16.552 0.0000000000
114716  41.296  15.614  17.927 0.0000000000
82036  43.313  16.327  16.649 0.0000000000
111763  44.605  16.937  15.848 0.0000000000
82753  45.933  17.958  15.716 0.0000000000
83410  44.281  17.794  14.633 0.0000000000
83418  41.609  17.208  14.324 0.0000000000
82766  39.839  16.579  14.535 0.0000000000
81372  40.422  15.128  12.503 0.0000000000
81367  38.761  14.876  13.996 0.0000000000
82056  38.653  15.472  14.753 0.0000000000
118847  37.488  13.708  15.608 0.0000000000
76223  40.155  9.086  18.864 0.0000000000
85386  38.609  21.442  22.363 0.0000000000
86108  39.425  21.827  22.381 0.0000000000
81973  30.926  15.990  27.963 0.0000000000
127574  31.391  15.797  27.612 0.0000000000
81287  31.535  14.949  28.281 0.0000000000
84016  46.575  18.872  18.660 0.0000000000
84700  46.651  19.169  18.895 0.0000000000
84025  46.214  18.553  17.483 0.0000000000
79691  38.424  12.701  20.060 0.0000000000
78045  45.095  10.770  11.786 0.0000000000
78054  44.290  11.406  11.016 0.0000000000
77180  44.294  10.073  12.844 0.0000000000
78037  43.372  10.225  13.354 0.0000000000
77174  44.136  9.479  13.894 0.0000000000
77165  43.715  9.106  14.932 0.0000000000
76252  44.529  8.812  14.553 0.0000000000
122184  45.216  20.057  25.100 0.0000000000
122496  46.275  19.424  23.783 0.0000000000
77118  43.801  9.909  20.645 0.0000000000
109591  43.844  10.231  19.983 0.0000000000
77964  44.612  10.317  20.282 0.0000000000
79736  48.108  12.640  15.501 0.0000000000
79746  48.753  12.817  15.137 0.0000000000
79757  48.221  12.397  14.678 0.0000000000
108846  37.175  16.651  19.327 0.0000000000
81988  34.537  15.051  24.815 0.0000000000
114565  35.167  15.590  24.376 0.0000000000
81987  35.201  14.817  24.248 0.0000000000
116262  35.636  14.647  23.780 0.0000000000
81305  35.377  14.083  24.100 0.0000000000
81271  37.950  14.303  30.103 0.0000000000
109106  37.098  13.549  29.004 0.0000000000
80455  37.984  13.899  29.202 0.0000000000
127036  40.167  10.696  25.757 0.0000000000
78738  38.876  10.856  25.764 0.0000000000
77879  39.439  10.460  25.433 0.0000000000
77901  39.071  10.122  24.765 0.0000000000
126336  39.970  9.922  24.987 0.0000000000
77048  40.621  9.652  24.481 0.0000000000
131541  40.593  9.826  24.982 0.0000000000
86113  43.721  21.510  21.426 0.0000000000
113622  42.964  21.432  20.982 0.0000000000
86114  42.785  21.734  21.741 0.0000000000
85395  42.177  21.093  20.749 0.0000000000
85408  41.386  20.618  20.633 0.0000000000
85407  42.094  20.410  20.246 0.0000000000
83413  40.074  16.993  16.449 0.0000000000
83405  39.745  17.266  17.436 0.0000000000
82039  38.475  16.241  16.392 0.0000000000
82047  38.211  15.796  15.680 0.0000000000
83979  39.289  18.433  23.759 0.0000000000
82720  41.654  16.277  20.405 0.0000000000
109165  42.029  16.326  19.765 0.0000000000
82728  42.017  16.211  18.977 0.0000000000
78866  41.890  11.877  16.876 0.0000000000
78865  42.407  12.076  15.935 0.0000000000
80573  41.132  14.404  12.436 0.0000000000
82054  41.748  15.619  13.035 0.0000000000
82061  42.013  16.299  13.071 0.0000000000
82062  41.290  15.762  12.424 0.0000000000
126585  39.595  11.910  15.015 0.0000000000
78022  39.570  11.034  16.441 0.0000000000
78023  38.769  11.382  16.727 0.0000000000
108965  38.207  20.144  21.417 0.0000000000
124452  37.725  19.642  21.221 0.0000000000
84696  38.419  19.433  20.831 0.0000000000
127715  33.692  18.403  26.927 0.0000000000
83950  33.193  17.887  26.810 0.0000000000
81980  32.348  15.333  26.825 0.0000000000
82676  33.068  15.719  26.198 0.0000000000
81979  32.905  14.919  26.388 0.0000000000
81985  33.441  14.907  25.895 0.0000000000
81298  33.280  14.310  26.377 0.0000000000
85384  49.225  19.941  22.419 0.0000000000
86101  47.835  20.688  22.610 0.0000000000
85385  48.178  20.178  21.698 0.0000000000
85404  46.221  20.047  19.893 0.0000000000
114903  45.971  20.482  20.595 0.0000000000
85414  45.186  20.169  19.566 0.0000000000
112848  43.411  19.759  19.253 0.0000000000
84033  44.972  18.416  16.417 0.0000000000
84034  43.200  18.354  17.064 0.0000000000
110171  41.835  17.520  16.054 0.0000000000
82700  39.302  16.201  22.264 0.0000000000
81994  39.205  15.615  21.833 0.0000000000
81326  39.218  14.672  20.359 0.0000000000
82006  39.500  15.297  21.178 0.0000000000
127568  39.691  15.024  19.695 0.0000000000
78891  43.964  12.397  13.308 0.0000000000
78912  43.097  12.321  11.342 0.0000000000
79769  42.763  13.045  11.663 0.0000000000
78913  42.556  12.801  11.719 0.0000000000
79770  41.768  13.263  12.322 0.0000000000
78904  41.764  12.504  12.221 0.0000000000
78029  42.169  10.203  14.762 0.0000000000
78039  41.626  10.910  14.044 0.0000000000
78030  41.387  10.575  15.065 0.0000000000
76237  43.814  7.423  15.933 0.0000000000
76238  43.024  8.244  16.466 0.0000000000
81945  33.792  15.464  31.877 0.0000000000
126701  33.436  15.128  31.184 0.0000000000
81944  34.687  15.407  32.113 0.0000000000
81943  36.551  15.219  32.321 0.0000000000
81241  37.253  14.821  31.640 0.0000000000
81240  38.473  15.094  31.802 0.0000000000
84678  46.348  18.731  22.316 0.0000000000
113368  47.797  18.918  22.247 0.0000000000
84001  46.854  18.613  20.827 0.0000000000
84010  46.015  18.268  20.315 0.0000000000
77968  39.947  10.553  20.704 0.0000000000
78795  40.087  10.957  19.883 0.0000000000
77967  40.747  10.410  20.243 0.0000000000
78000  43.084  10.777  18.617 0.0000000000
78830  42.873  11.134  17.928 0.0000000000
78829  43.674  11.026  18.000 0.0000000000
77985  45.766  11.096  19.198 0.0000000000
116616  46.450  11.583  18.383 0.0000000000
113966  45.669  11.591  16.676 0.0000000000
111727  44.898  11.444  16.611 0.0000000000
78877  45.781  12.014  14.563 0.0000000000
121311  47.346  12.007  13.737 0.0000000000
127368  46.928  11.457  13.190 0.0000000000
78043  46.431  11.365  12.549 0.0000000000
77177  46.561  10.388  13.401 0.0000000000
77171  46.782  9.718  14.110 0.0000000000
84640  37.488  19.468  25.811 0.0000000000
125308  38.647  20.040  25.922 0.0000000000
84630  38.261  19.593  25.547 0.0000000000
83955  38.585  19.272  24.911 0.0000000000
83958  35.398  18.206  25.793 0.0000000000
83340  35.323  17.565  25.240 0.0000000000
82691  36.183  16.714  24.093 0.0000000000
83346  36.394  17.557  24.488 0.0000000000
83353  36.846  17.269  23.947 0.0000000000
83352  37.590  17.401  23.663 0.0000000000
130789  37.725  16.859  23.309 0.0000000000
81990  37.023  15.698  23.068 0.0000000000
81308  36.413  14.056  22.948 0.0000000000
115706  36.983  14.817  22.675 0.0000000000
81319  37.632  13.786  21.711 0.0000000000
80510  37.072  13.132  22.022 0.0000000000
125398  33.749  13.922  29.380 0.0000000000
80459  33.020  14.091  28.876 0.0000000000
80475  34.281  13.464  28.671 0.0000000000
79612  35.865  12.917  28.205 0.0000000000
79634  34.543  13.045  27.367 0.0000000000
79650  34.699  12.921  26.685 0.0000000000
113925  34.317  13.265  26.333 0.0000000000
79649  35.378  12.460  26.334 0.0000000000
80489  38.698  13.310  27.936 0.0000000000
128755  38.017  13.213  28.060 0.0000000000
79630  37.991  12.636  27.472 0.0000000000
77893  37.278  11.166  25.472 0.0000000000
78735  36.849  11.731  26.240 0.0000000000
78740  36.530  11.570  25.482 0.0000000000
78747  36.024  11.893  25.045 0.0000000000
79656  36.337  11.992  24.121 0.0000000000
78753  36.955  11.273  23.974 0.0000000000
77912  38.324  10.366  23.640 0.0000000000
113647  37.297  11.234  23.263 0.0000000000
77930  37.827  10.836  22.973 0.0000000000
78766  38.146  11.034  22.164 0.0000000000
77947  38.918  10.582  21.935 0.0000000000
77928  39.391  10.065  22.598 0.0000000000
77062  41.535  9.411  23.136 0.0000000000
77082  41.024  9.495  22.463 0.0000000000
77101  42.541  9.484  21.799 0.0000000000
77081  42.795  9.361  22.419 0.0000000000
77033  43.005  9.697  24.999 0.0000000000
77059  44.735  9.259  23.496 0.0000000000
113503  31.837  15.458  31.564 0.0000000000
127727  34.445  14.476  33.710 0.0000000000
81219  35.268  14.858  33.779 0.0000000000
81205  36.366  14.319  34.628 0.0000000000
86766  43.789  22.167  23.753 0.0000000000
86732  43.944  22.877  25.265 0.0000000000
86749  43.453  22.650  24.625 0.0000000000
122978  42.778  22.978  24.634 0.0000000000
110205  42.812  22.539  23.890 0.0000000000
113410  41.937  21.914  21.961 0.0000000000
86106  41.089  21.957  22.046 0.0000000000
86107  40.205  21.863  22.180 0.0000000000
86116  40.646  21.380  21.585 0.0000000000
113235  40.088  19.635  20.430 0.0000000000
84012  38.984  18.797  20.284 0.0000000000
84019  39.382  18.319  19.692 0.0000000000
84704  41.399  19.305  19.606 0.0000000000
84029  40.844  18.128  18.501 0.0000000000
83396  39.552  17.506  18.383 0.0000000000
83397  38.829  17.200  18.573 0.0000000000
82740  38.267  16.704  18.376 0.0000000000
82741  37.562  16.343  18.620 0.0000000000
82749  37.818  16.162  17.818 0.0000000000
81349  37.275  14.953  16.636 0.0000000000
109892  40.769  20.532  25.840 0.0000000000
84668  41.438  19.203  23.974 0.0000000000
85358  42.121  20.201  24.980 0.0000000000
84653  41.910  19.645  24.370 0.0000000000
84652  42.649  19.732  24.344 0.0000000000
84667  42.246  19.225  23.829 0.0000000000
108822  40.191  16.591  22.238 0.0000000000
83363  40.857  17.238  22.479 0.0000000000
83374  42.515  17.049  21.792 0.0000000000
115844  42.346  17.600  22.387 0.0000000000
113784  42.918  18.063  22.643 0.0000000000
83993  43.634  17.908  22.326 0.0000000000
112793  44.432  18.171  22.218 0.0000000000
82726  43.521  16.818  19.584 0.0000000000
109676  44.350  17.259  19.810 0.0000000000
83387  45.618  17.774  18.821 0.0000000000
83388  44.715  17.207  18.622 0.0000000000
78832  39.813  11.962  18.726 0.0000000000
79701  39.273  12.382  19.020 0.0000000000
121280  39.425  13.234  17.758 0.0000000000
81348  39.469  13.798  17.748 0.0000000000
79748  42.022  12.848  14.743 0.0000000000
122882  40.642  14.409  15.540 0.0000000000
82038  40.805  15.258  17.361 0.0000000000
82037  42.004  15.688  16.834 0.0000000000
82738  42.118  15.951  17.973 0.0000000000
82052  43.534  16.566  14.091 0.0000000000
82755  44.406  16.872  14.666 0.0000000000
82746  45.363  17.363  16.157 0.0000000000
82754  45.117  17.559  15.193 0.0000000000
83409  45.121  17.822  15.169 0.0000000000
82762  44.397  17.383  14.591 0.0000000000
83417  42.863  17.303  13.874 0.0000000000
82765  41.023  16.804  13.612 0.0000000000
82055  40.341  16.290  13.386 0.0000000000
79761  40.431  12.940  13.123 0.0000000000
80580  40.248  14.329  12.680 0.0000000000
79762  39.678  13.267  13.475 0.0000000000
80575  38.556  14.113  14.175 0.0000000000
81362  38.133  14.483  15.060 0.0000000000
80568  37.996  13.700  15.020 0.0000000000
78849  38.078  11.586  16.959 0.0000000000
79740  37.275  12.473  15.894 0.0000000000
76231  40.874  9.006  18.076 0.0000000000
76222  40.849  8.464  18.737 0.0000000000
83333  32.681  17.140  26.695 0.0000000000
82668  31.797  15.988  27.186 0.0000000000
81971  31.758  15.346  27.421 0.0000000000
81290  32.161  14.769  27.332 0.0000000000
84691  47.465  19.256  20.608 0.0000000000
84692  46.848  19.279  19.696 0.0000000000
85413  46.327  19.632  19.275 0.0000000000
84701  46.005  19.539  18.756 0.0000000000
84708  45.647  19.235  18.101 0.0000000000
84026  45.266  18.735  17.369 0.0000000000
83402  44.645  18.185  15.476 0.0000000000
81318  38.301  14.308  21.383 0.0000000000
82007  38.701  15.067  21.619 0.0000000000
81327  38.573  14.034  20.704 0.0000000000
81335  38.707  13.832  19.868 0.0000000000
78910  45.438  12.082  10.823 0.0000000000
79767  44.610  12.621  11.240 0.0000000000
78917  44.789  12.142  10.604 0.0000000000
78911  43.794  12.106  10.738 0.0000000000
78055  43.282  11.661  11.513 0.0000000000
78048  41.948  11.428  12.947 0.0000000000
78047  42.786  11.052  12.622 0.0000000000
77166  42.770  9.504  15.318 0.0000000000
124711  35.659  15.386  32.442 0.0000000000
81919  37.002  15.467  33.812 0.0000000000
84649  48.060  19.255  23.751 0.0000000000
83992  45.379  18.427  22.069 0.0000000000
77120  42.200  9.929  20.493 0.0000000000
121161  41.681  10.363  19.827 0.0000000000
77966  42.593  10.213  19.903 0.0000000000
77987  43.322  10.437  19.429 0.0000000000
78842  46.910  11.943  17.308 0.0000000000
79727  47.942  12.591  16.784 0.0000000000
78860  47.291  12.300  16.330 0.0000000000
78875  47.232  12.310  15.325 0.0000000000
78876  46.656  12.170  14.817 0.0000000000
78887  47.914  12.197  14.271 0.0000000000
84641  36.667  19.237  26.055 0.0000000000
82683  34.946  16.902  24.995 0.0000000000
82687  35.348  16.399  24.479 0.0000000000
82692  35.696  15.988  24.046 0.0000000000
81991  36.301  15.895  23.615 0.0000000000
80507  36.126  13.309  23.380 0.0000000000
80441  36.299  13.956  30.131 0.0000000000
80474  34.983  13.347  28.874 0.0000000000
129197  36.539  13.644  29.414 0.0000000000
80473  36.281  13.331  28.856 0.0000000000
79632  36.397  12.628  27.633 0.0000000000
124734  39.158  12.165  26.899 0.0000000000
79646  38.373  12.084  26.880 0.0000000000
78733  38.787  11.444  26.327 0.0000000000
78739  38.164  10.970  25.715 0.0000000000
77892  37.885  10.723  25.139 0.0000000000
77903  37.395  10.881  24.649 0.0000000000
77902  38.211  10.432  24.521 0.0000000000
119810  38.832  10.062  24.147 0.0000000000
77911  39.083  9.998  23.464 0.0000000000
77064  39.887  9.692  23.318 0.0000000000
119269  40.387  9.567  23.815 0.0000000000
114213  41.127  9.491  23.827 0.0000000000
111913  42.014  9.453  23.851 0.0000000000
77032  43.942  9.601  25.035 0.0000000000
111915  45.935  9.438  24.944 0.0000000000
120195  45.504  21.197  21.794 0.0000000000
86103  44.418  21.489  22.016 0.0000000000
130139  42.612  22.374  23.200 0.0000000000
85396  41.419  21.205  21.145 0.0000000000
85397  40.674  20.753  21.021 0.0000000000
84694  40.655  19.415  20.052 0.0000000000
121238  40.395  17.645  17.875 0.0000000000
82748  38.406  16.486  17.429 0.0000000000
125730  37.800  15.683  16.434 0.0000000000
81356  37.531  14.454  15.908 0.0000000000
84639  39.744  19.925  25.325 0.0000000000
85341  40.544  20.120  25.296 0.0000000000
84638  40.182  19.581  24.733 0.0000000000
84669  40.588  19.139  24.123 0.0000000000
113954  40.978  18.578  23.501 0.0000000000
111765  41.228  16.266  21.170 0.0000000000
82699  41.133  16.563  21.926 0.0000000000
125024  42.002  16.431  20.958 0.0000000000
83373  42.617  16.696  21.147 0.0000000000
113574  43.295  17.126  21.364 0.0000000000
82737  42.963  16.354  18.163 0.0000000000
78848  40.916  11.751  17.897 0.0000000000
79715  40.206  12.170  17.990 0.0000000000
79739  40.172  13.058  16.794 0.0000000000
79760  41.794  13.584  13.123 0.0000000000
80566  41.241  14.231  13.731 0.0000000000
82046  41.405  15.193  14.915 0.0000000000
82045  42.302  15.763  15.276 0.0000000000
82060  43.029  16.809  13.620 0.0000000000
82769  41.333  16.220  12.594 0.0000000000
78882  40.258  11.604  14.751 0.0000000000
79750  39.010  12.582  14.651 0.0000000000
79751  38.135  12.510  15.427 0.0000000000
85356  44.027  20.153  24.861 0.0000000000
85400  37.428  20.118  21.652 0.0000000000
84013  37.403  18.260  20.425 0.0000000000
84021  37.971  17.954  20.016 0.0000000000
83959  34.612  18.061  26.205 0.0000000000
83341  34.091  17.359  25.981 0.0000000000
115138  33.017  16.577  26.343 0.0000000000
112701  34.272  16.665  25.418 0.0000000000
110538  33.897  15.658  25.447 0.0000000000
81984  33.980  14.795  25.396 0.0000000000
81302  34.356  14.218  25.196 0.0000000000
80454  38.742  14.073  28.986 0.0000000000
80471  39.276  13.901  28.518 0.0000000000
80488  39.604  13.415  27.817 0.0000000000
79628  39.960  12.666  27.234 0.0000000000
79644  40.646  12.132  26.749 0.0000000000
78731  40.373  11.343  26.272 0.0000000000
77878  40.939  10.862  25.931 0.0000000000
77890  41.614  10.376  25.547 0.0000000000
86102  46.589  20.986  22.131 0.0000000000
86112  45.002  21.121  21.094 0.0000000000
85416  42.747  20.062  19.774 0.0000000000
84703  42.452  19.367  19.193 0.0000000000
84709  43.942  19.314  18.393 0.0000000000
84028  41.915  18.361  18.100 0.0000000000
83350  39.667  17.875  23.225 0.0000000000
83364  39.276  17.083  22.779 0.0000000000
82005  40.384  15.817  21.122 0.0000000000
78879  43.405  11.834  15.463 0.0000000000
78892  43.237  12.399  14.200 0.0000000000
79759  42.457  12.983  13.673 0.0000000000
79768  43.848  12.696  12.039 0.0000000000
130555  41.582  13.519  12.456 0.0000000000
80579  41.097  14.247  12.460 0.0000000000
79771  41.075  13.588  12.462 0.0000000000
78894  40.577  12.060  13.654 0.0000000000
78893  41.228  11.778  13.204 0.0000000000
78031  40.653  10.923  15.359 0.0000000000
77158  40.786  9.992  16.712 0.0000000000
76230  41.770  8.505  17.636 0.0000000000
77156  42.465  9.170  16.133 0.0000000000
76239  42.128  8.866  16.904 0.0000000000
75395  42.205  7.447  17.829 0.0000000000
81258  32.042  14.775  29.910 0.0000000000
81274  32.224  14.504  28.845 0.0000000000
81257  33.568  14.466  30.379 0.0000000000
81256  34.415  14.132  30.228 0.0000000000
81243  35.206  14.847  31.487 0.0000000000
81255  35.697  14.342  30.821 0.0000000000
80442  35.282  13.943  30.149 0.0000000000
81252  38.704  14.768  30.843 0.0000000000
85375  49.682  19.774  23.472 0.0000000000
84685  48.597  19.692  21.922 0.0000000000
84664  48.573  19.276  22.800 0.0000000000
84677  48.444  19.258  21.999 0.0000000000
84686  48.025  19.261  21.312 0.0000000000
84009  46.950  18.944  19.877 0.0000000000
83393  46.424  18.280  18.036 0.0000000000
129946  38.805  11.410  20.838 0.0000000000
78797  38.652  11.957  20.253 0.0000000000
78815  40.318  11.370  19.180 0.0000000000
77989  41.607  10.824  19.009 0.0000000000
116959  41.452  11.318  18.333 0.0000000000
108872  42.127  11.339  17.856 0.0000000000
110625  42.554  11.490  17.259 0.0000000000
78864  43.053  11.582  16.539 0.0000000000
112415  45.124  10.681  19.646 0.0000000000
77998  44.817  10.844  18.896 0.0000000000
78828  44.497  11.047  18.103 0.0000000000
78843  45.962  11.556  17.463 0.0000000000
78845  44.258  11.243  17.317 0.0000000000
78863  44.053  11.469  16.364 0.0000000000
78878  44.483  11.758  15.149 0.0000000000
78890  45.185  12.146  13.563 0.0000000000
78889  46.141  12.199  12.161 0.0000000000
78888  47.084  12.176  13.644 0.0000000000
78900  46.017  12.010  11.598 0.0000000000
77178  45.757  10.269  12.938 0.0000000000
77173  45.203  9.132  13.920 0.0000000000
77164  46.120  8.912  14.629 0.0000000000
84654  39.350  19.433  24.792 0.0000000000
83966  38.948  18.866  24.345 0.0000000000
83980  38.548  18.312  23.913 0.0000000000
83948  35.865  18.920  26.288 0.0000000000
83957  36.265  18.572  25.593 0.0000000000
112212  37.076  18.851  25.355 0.0000000000
83968  36.684  18.253  24.888 0.0000000000
83967  37.465  18.497  24.686 0.0000000000
83345  37.853  18.117  24.077 0.0000000000
82689  38.312  17.102  23.190 0.0000000000
113998  37.631  15.457  22.572 0.0000000000
81310  37.836  14.732  22.072 0.0000000000
79680  37.825  12.492  21.252 0.0000000000
80477  32.764  14.105  28.155 0.0000000000
80492  32.666  14.216  27.430 0.0000000000
80490  34.026  13.331  27.837 0.0000000000
80499  33.180  13.853  26.902 0.0000000000
80503  33.787  13.704  26.360 0.0000000000
80502  34.395  13.546  25.701 0.0000000000
80506  34.743  13.663  25.052 0.0000000000
80472  37.624  13.399  28.506 0.0000000000
79631  37.324  12.899  27.873 0.0000000000
131332  37.566  12.004  26.792 0.0000000000
79648  36.116  12.233  26.737 0.0000000000
79653  35.447  12.451  25.472 0.0000000000
80505  35.198  13.466  24.586 0.0000000000
80508  35.643  13.332  23.980 0.0000000000
79660  36.004  12.718  23.872 0.0000000000
79659  36.412  12.539  23.307 0.0000000000
79666  36.846  12.399  22.530 0.0000000000
79665  37.358  12.384  21.853 0.0000000000
78782  37.864  11.738  21.655 0.0000000000
127544  38.268  11.881  20.997 0.0000000000
78780  39.223  10.821  21.144 0.0000000000
77122  40.594  10.025  21.109 0.0000000000
77083  40.211  9.690  22.532 0.0000000000
77104  40.557  9.707  21.885 0.0000000000
77102  42.025  9.611  21.325 0.0000000000
77100  43.686  9.599  21.497 0.0000000000
77099  44.492  9.882  21.123 0.0000000000
77034  42.065  9.755  24.935 0.0000000000
128014  42.037  9.563  24.399 0.0000000000
111914  42.921  9.383  23.714 0.0000000000
77044  44.375  9.386  24.320 0.0000000000
110709  43.819  9.313  23.625 0.0000000000
77060  43.279  9.245  23.012 0.0000000000
77079  44.346  9.494  22.017 0.0000000000
81962  30.763  15.507  29.508 0.0000000000
81956  31.978  15.327  30.863 0.0000000000
81946  32.808  15.421  31.614 0.0000000000
81227  34.343  15.399  32.533 0.0000000000
81229  32.900  15.005  32.627 0.0000000000
81228  33.736  15.225  32.713 0.0000000000
81218  36.157  15.256  33.801 0.0000000000
80386  36.855  13.208  35.258 0.0000000000
113360  37.359  13.539  34.868 0.0000000000
86767  41.987  22.629  23.359 0.0000000000
86751  41.374  23.184  23.916 0.0000000000
86117  39.589  21.279  21.824 0.0000000000
85410  39.897  20.246  20.915 0.0000000000
112466  38.204  17.528  19.491 0.0000000000
83389  39.918  18.057  19.072 0.0000000000
129932  39.947  18.508  19.591 0.0000000000
82730  37.856  16.909  19.125 0.0000000000
82040  37.487  15.645  17.277 0.0000000000
85340  41.319  20.358  25.421 0.0000000000
85357  43.093  20.196  24.894 0.0000000000
84651  43.582  19.749  24.260 0.0000000000
83349  40.505  17.946  23.053 0.0000000000
83362  41.735  17.089  22.164 0.0000000000
83976  42.645  18.652  23.250 0.0000000000
116936  44.141  19.273  23.529 0.0000000000
83974  44.791  18.765  22.752 0.0000000000
121274  45.406  18.144  21.354 0.0000000000
112024  44.163  17.329  20.778 0.0000000000
83372  44.944  17.731  20.869 0.0000000000
79702  38.807  12.500  19.559 0.0000000000
80537  38.557  13.123  19.572 0.0000000000
80536  38.883  13.562  19.042 0.0000000000
79716  39.376  12.703  18.251 0.0000000000
80544  39.138  13.373  18.322 0.0000000000
81333  39.802  14.842  18.868 0.0000000000
82029  40.543  15.312  18.387 0.0000000000
79737  41.466  12.590  15.914 0.0000000000
79738  40.643  13.076  15.980 0.0000000000
80558  40.741  13.727  15.258 0.0000000000
81355  40.114  14.042  16.350 0.0000000000
126387  39.833  14.094  17.123 0.0000000000
82028  41.273  15.804  18.769 0.0000000000
127772  44.290  16.660  17.095 0.0000000000
82736  45.260  17.175  17.284 0.0000000000
82745  46.125  17.723  16.423 0.0000000000
83401  46.304  17.936  16.451 0.0000000000
84038  45.613  18.110  15.578 0.0000000000
83416  43.858  17.343  13.890 0.0000000000
83411  43.091  17.657  14.714 0.0000000000
127675  42.019  17.458  14.973 0.0000000000
82756  40.466  16.970  15.113 0.0000000000
81371  41.009  15.014  12.271 0.0000000000
80574  39.266  13.949  13.472 0.0000000000
81366  39.445  14.684  13.286 0.0000000000
82063  39.832  15.555  13.285 0.0000000000
120304  39.400  16.093  14.236 0.0000000000
82758  38.842  16.221  15.212 0.0000000000
79752  37.580  13.054  15.389 0.0000000000
80560  36.919  13.053  15.910 0.0000000000
76251  44.938  8.433  14.688 0.0000000000
75408  44.332  7.329  15.860 0.0000000000
76244  44.878  8.009  15.257 0.0000000000
77035  41.169  9.802  25.003 0.0000000000
77046  42.570  9.534  24.378 0.0000000000
77103  41.240  9.614  21.631 0.0000000000
77891  40.640  10.210  25.366 0.0000000000
77965  43.210  10.053  20.205 0.0000000000
78044  45.899  11.359  11.828 0.0000000000
78052  45.183  11.971  10.634 0.0000000000
78053  45.081  11.596  10.807 0.0000000000
78059  44.595  11.929  10.608 0.0000000000
78814  40.980  11.144  18.880 0.0000000000
78862  45.631  11.727  15.806 0.0000000000
78901  45.519  12.308  11.232 0.0000000000
78918  43.653  12.507  10.980 0.0000000000
79613  34.882  13.059  28.133 0.0000000000
79645  39.738  11.792  26.593 0.0000000000
79777  44.861  12.400  10.767 0.0000000000
79779  43.261  12.797  11.416 0.0000000000
79783  44.992  12.183  10.639 0.0000000000
79784  44.365  12.321  10.704 0.0000000000
80457  35.683  13.560  29.380 0.0000000000
80491  33.303  13.724  27.579 0.0000000000
80501  35.015  13.081  25.213 0.0000000000
81242  36.103  14.767  31.576 0.0000000000
81259  31.317  15.238  30.118 0.0000000000
81272  37.169  14.316  30.514 0.0000000000
81286  32.086  14.521  27.902 0.0000000000
81920  35.887  15.530  33.197 0.0000000000
81921  35.194  15.428  33.159 0.0000000000
81929  32.409  15.406  32.101 0.0000000000
81967  30.902  15.577  28.589 0.0000000000
81972  31.324  15.409  27.892 0.0000000000
82768  43.398  17.086  13.535 0.0000000000
83331  33.906  17.949  26.498 0.0000000000
83400  46.351  18.176  17.181 0.0000000000
83991  47.563  18.813  21.487 0.0000000000
116450  34.963  14.376  30.771 0.0000000000
123310  44.153  20.662  20.150 0.0000000000
125402  43.084  9.469  21.827 0.0000000000
128360  39.466  20.650  21.395 0.0000000000
129323  42.722  9.949  20.385 0.0000000000
129790  42.029  11.564  17.420 0.0000000000
