#!ascii label  , from subject sub-v2s8x29193_ses-1 vox2ras=TkReg
1214
55959  40.461  -6.881  43.547 0.0000000000
48547  33.214  -13.190  55.052 0.0000000000
41654  22.120  -20.543  57.099 0.0000000000
45521  16.327  -16.243  58.164 0.0000000000
45481  29.332  -16.532  61.359 0.0000000000
108806  26.033  -15.531  52.874 0.0000000000
53859  43.027  -9.009  53.145 0.0000000000
58157  46.322  -4.513  37.918 0.0000000000
60175  40.983  -2.202  50.201 0.0000000000
52818  35.315  -9.383  48.433 0.0000000000
47619  29.115  -14.059  45.530 0.0000000000
43634  22.765  -19.204  61.364 0.0000000000
43674  19.332  -18.136  57.802 0.0000000000
45459  19.333  -16.919  62.297 0.0000000000
43647  25.131  -18.901  59.346 0.0000000000
62243  45.519  0.244  50.519 0.0000000000
50602  34.820  -11.385  60.313 0.0000000000
52710  36.653  -9.530  56.427 0.0000000000
122192  36.752  -7.191  52.777 0.0000000000
50677  34.462  -11.259  51.801 0.0000000000
50779  32.399  -11.782  46.852 0.0000000000
48612  30.920  -13.313  49.975 0.0000000000
44711  22.803  -18.290  51.119 0.0000000000
45689  23.797  -17.102  48.330 0.0000000000
55995  42.123  -6.075  39.775 0.0000000000
55047  42.579  -7.043  35.656 0.0000000000
40678  21.991  -21.553  53.413 0.0000000000
41712  19.253  -20.777  52.389 0.0000000000
112653  31.921  -14.768  59.026 0.0000000000
106920  29.686  -14.373  54.121 0.0000000000
120358  27.423  -15.803  56.820 0.0000000000
44658  24.077  -17.480  55.054 0.0000000000
54896  42.679  -7.365  47.754 0.0000000000
48422  16.407  -13.222  65.808 0.0000000000
47378  12.943  -14.732  60.979 0.0000000000
58106  44.264  -3.663  42.953 0.0000000000
58065  43.111  -3.967  45.750 0.0000000000
106321  45.593  -5.002  50.120 0.0000000000
56961  42.984  -5.630  50.374 0.0000000000
55918  39.615  -6.402  47.220 0.0000000000
60108  39.634  -1.785  54.188 0.0000000000
56963  37.402  -5.053  49.147 0.0000000000
53937  36.724  -8.193  45.305 0.0000000000
51860  34.478  -10.543  43.231 0.0000000000
47542  27.466  -14.714  49.235 0.0000000000
43600  22.183  -18.078  63.794 0.0000000000
44571  20.398  -18.031  61.389 0.0000000000
44525  20.689  -16.591  64.641 0.0000000000
42647  24.229  -19.085  62.679 0.0000000000
49569  34.319  -12.528  57.897 0.0000000000
50625  35.380  -11.244  56.060 0.0000000000
51666  36.014  -10.196  54.462 0.0000000000
50655  34.049  -11.905  53.192 0.0000000000
49637  33.067  -12.009  50.888 0.0000000000
48563  32.240  -13.350  52.933 0.0000000000
41742  22.618  -20.102  50.898 0.0000000000
110865  23.259  -19.455  49.506 0.0000000000
55979  41.203  -6.154  41.726 0.0000000000
54016  40.894  -7.595  39.114 0.0000000000
53973  40.522  -8.144  42.216 0.0000000000
41672  22.220  -21.218  55.225 0.0000000000
106427  21.143  -21.787  53.399 0.0000000000
41674  21.211  -21.098  55.174 0.0000000000
44618  17.688  -17.174  57.676 0.0000000000
43702  17.500  -18.000  54.968 0.0000000000
44643  16.177  -17.561  55.266 0.0000000000
44632  14.182  -17.587  56.495 0.0000000000
47352  32.206  -14.251  61.760 0.0000000000
106384  30.885  -15.574  60.799 0.0000000000
47416  29.747  -15.055  57.573 0.0000000000
46416  28.298  -16.017  58.828 0.0000000000
42705  23.897  -19.798  58.409 0.0000000000
43670  24.669  -18.089  57.503 0.0000000000
43686  23.364  -19.342  56.619 0.0000000000
43717  22.621  -19.187  54.875 0.0000000000
54864  43.508  -8.194  50.002 0.0000000000
53887  42.312  -9.054  48.107 0.0000000000
52794  43.365  -10.125  53.034 0.0000000000
107914  12.243  -15.728  62.135 0.0000000000
58039  43.976  -4.731  47.664 0.0000000000
60200  46.320  -1.990  47.886 0.0000000000
61243  43.862  -1.347  50.676 0.0000000000
59059  44.477  -2.722  50.092 0.0000000000
59077  42.255  -3.511  49.033 0.0000000000
111433  41.321  -6.037  48.763 0.0000000000
59079  40.463  -3.762  48.710 0.0000000000
53871  36.066  -8.079  50.349 0.0000000000
56936  36.795  -5.882  51.214 0.0000000000
54883  36.154  -7.074  49.083 0.0000000000
118560  36.637  -6.620  47.358 0.0000000000
53917  35.882  -8.219  46.378 0.0000000000
108804  35.868  -9.510  44.463 0.0000000000
51822  34.344  -10.305  45.964 0.0000000000
49756  31.788  -12.046  44.742 0.0000000000
122044  27.590  -14.697  53.589 0.0000000000
47509  28.548  -14.387  51.945 0.0000000000
46522  26.458  -15.083  51.412 0.0000000000
45704  24.790  -16.225  46.712 0.0000000000
60382  47.798  -2.896  35.237 0.0000000000
59262  46.670  -3.617  35.499 0.0000000000
42693  22.449  -19.890  59.016 0.0000000000
109167  20.670  -19.447  57.228 0.0000000000
42683  20.711  -18.700  59.366 0.0000000000
44586  19.479  -17.805  60.176 0.0000000000
45488  17.581  -16.238  60.376 0.0000000000
43606  28.136  -18.233  62.709 0.0000000000
120886  27.150  -18.036  60.696 0.0000000000
120201  26.376  -19.368  62.139 0.0000000000
107210  24.220  -19.931  60.186 0.0000000000
63203  46.981  0.406  47.623 0.0000000000
62209  42.634  0.634  53.229 0.0000000000
53833  36.935  -8.215  54.548 0.0000000000
52772  36.033  -9.621  52.425 0.0000000000
51746  35.195  -10.066  49.977 0.0000000000
121990  34.216  -10.522  47.608 0.0000000000
50714  33.626  -11.261  49.566 0.0000000000
49677  31.603  -12.576  48.319 0.0000000000
48646  30.443  -13.371  47.714 0.0000000000
44709  23.991  -16.963  51.841 0.0000000000
45652  25.040  -15.920  50.857 0.0000000000
44726  23.139  -17.937  49.760 0.0000000000
57097  44.190  -5.299  38.183 0.0000000000
57108  44.178  -5.145  36.562 0.0000000000
56018  41.978  -6.549  37.833 0.0000000000
43700  18.955  -18.748  55.016 0.0000000000
48478  33.379  -13.639  59.640 0.0000000000
114719  32.754  -13.881  57.140 0.0000000000
48549  32.001  -13.997  54.345 0.0000000000
106556  31.042  -14.480  55.913 0.0000000000
47452  28.561  -14.813  55.559 0.0000000000
46455  27.047  -15.355  54.994 0.0000000000
105182  26.485  -16.831  58.058 0.0000000000
45547  25.883  -16.650  56.549 0.0000000000
122142  24.752  -16.672  53.704 0.0000000000
116291  23.013  -17.979  53.457 0.0000000000
42771  22.261  -19.408  52.340 0.0000000000
104767  41.452  -7.309  46.151 0.0000000000
54947  40.919  -8.313  44.732 0.0000000000
52846  41.705  -9.164  46.520 0.0000000000
46335  17.957  -14.743  63.990 0.0000000000
47360  16.064  -14.613  61.884 0.0000000000
48440  14.729  -13.565  63.255 0.0000000000
47392  14.559  -14.909  59.917 0.0000000000
103978  45.238  -4.829  40.095 0.0000000000
58117  43.442  -5.099  41.102 0.0000000000
108633  41.552  -5.450  43.014 0.0000000000
58067  41.797  -5.120  45.102 0.0000000000
57004  42.423  -5.772  46.615 0.0000000000
55909  44.006  -6.514  49.123 0.0000000000
55889  44.465  -6.577  51.417 0.0000000000
59045  46.415  -2.747  50.580 0.0000000000
105355  44.771  -5.314  51.177 0.0000000000
55891  43.061  -6.961  51.740 0.0000000000
54881  40.995  -7.507  49.579 0.0000000000
114746  40.280  -7.695  48.139 0.0000000000
60140  39.943  -2.057  51.848 0.0000000000
57966  37.899  -4.582  53.220 0.0000000000
59035  37.966  -3.887  51.730 0.0000000000
59048  39.360  -3.330  49.845 0.0000000000
56978  38.610  -4.820  48.158 0.0000000000
55930  38.245  -6.560  46.521 0.0000000000
50794  33.015  -11.161  45.300 0.0000000000
48565  30.839  -13.773  52.154 0.0000000000
48597  29.876  -13.858  50.114 0.0000000000
47570  28.790  -14.333  47.439 0.0000000000
46580  26.024  -15.331  48.928 0.0000000000
105929  26.307  -15.273  46.664 0.0000000000
44539  21.788  -17.487  64.174 0.0000000000
45431  21.573  -16.431  64.582 0.0000000000
49581  33.697  -12.882  56.457 0.0000000000
50626  34.848  -11.829  56.531 0.0000000000
49598  34.283  -12.182  55.051 0.0000000000
50644  34.831  -11.570  54.567 0.0000000000
49606  33.534  -12.517  53.682 0.0000000000
49614  33.363  -12.395  52.770 0.0000000000
48554  33.049  -13.097  54.186 0.0000000000
115204  40.521  -6.782  42.655 0.0000000000
54959  40.409  -7.404  41.874 0.0000000000
54954  40.444  -7.498  42.790 0.0000000000
119934  22.274  -20.987  55.857 0.0000000000
41673  21.863  -21.203  55.595 0.0000000000
41663  21.977  -20.875  56.310 0.0000000000
119398  16.765  -16.669  57.503 0.0000000000
45536  17.148  -17.133  56.827 0.0000000000
45552  16.218  -16.742  56.647 0.0000000000
44645  14.786  -17.697  55.814 0.0000000000
45553  15.398  -16.679  56.758 0.0000000000
45453  29.593  -16.373  62.722 0.0000000000
45467  30.328  -15.956  62.435 0.0000000000
46362  31.224  -15.257  61.476 0.0000000000
46380  30.246  -16.030  61.063 0.0000000000
104591  29.304  -15.697  59.305 0.0000000000
45496  28.702  -16.258  60.002 0.0000000000
41652  23.137  -20.337  58.062 0.0000000000
107674  23.249  -20.082  57.235 0.0000000000
42720  22.947  -20.357  56.615 0.0000000000
42721  22.528  -20.763  55.869 0.0000000000
53869  43.662  -8.409  51.772 0.0000000000
53870  43.431  -9.306  52.096 0.0000000000
52783  43.323  -9.307  53.154 0.0000000000
61280  45.440  -0.956  45.926 0.0000000000
60201  45.339  -2.433  47.284 0.0000000000
61279  46.417  -0.352  46.636 0.0000000000
60174  42.865  -1.713  50.139 0.0000000000
60173  43.563  -2.160  49.817 0.0000000000
114013  41.785  -2.295  49.746 0.0000000000
59078  41.346  -3.637  48.789 0.0000000000
59061  40.931  -2.999  49.246 0.0000000000
107785  35.736  -8.575  49.904 0.0000000000
54868  35.904  -7.930  49.524 0.0000000000
53889  35.579  -8.593  48.123 0.0000000000
54901  35.885  -7.794  47.703 0.0000000000
52831  35.323  -9.206  47.645 0.0000000000
52848  35.374  -9.080  46.782 0.0000000000
52832  34.978  -9.759  47.269 0.0000000000
46484  26.763  -15.158  53.438 0.0000000000
46502  26.742  -15.009  52.372 0.0000000000
46503  25.906  -15.462  52.007 0.0000000000
59250  47.813  -3.722  36.772 0.0000000000
58167  46.326  -4.329  36.892 0.0000000000
42669  22.154  -19.432  59.847 0.0000000000
42682  21.570  -19.286  59.227 0.0000000000
43648  21.255  -18.916  60.033 0.0000000000
44557  19.885  -17.496  61.918 0.0000000000
44572  19.664  -17.672  60.976 0.0000000000
45472  19.296  -17.143  61.446 0.0000000000
45487  18.203  -16.763  60.041 0.0000000000
45473  18.663  -16.535  61.561 0.0000000000
43594  27.394  -18.767  63.036 0.0000000000
43621  27.059  -19.209  62.714 0.0000000000
42654  26.423  -19.346  62.619 0.0000000000
42648  23.617  -19.335  61.822 0.0000000000
42657  24.107  -19.737  60.836 0.0000000000
42658  23.421  -19.571  60.840 0.0000000000
117596  23.537  -20.007  59.444 0.0000000000
121494  36.364  -10.185  57.764 0.0000000000
53804  36.858  -8.852  57.618 0.0000000000
53812  37.315  -8.152  56.359 0.0000000000
54793  37.496  -7.409  55.924 0.0000000000
105921  36.785  -8.920  55.127 0.0000000000
51677  35.558  -10.527  53.055 0.0000000000
105598  35.913  -10.027  52.932 0.0000000000
122807  35.363  -10.387  51.688 0.0000000000
52786  35.734  -9.796  51.588 0.0000000000
51734  34.767  -10.598  50.471 0.0000000000
109760  34.134  -10.866  49.566 0.0000000000
50691  34.323  -11.129  50.913 0.0000000000
49639  31.623  -12.798  50.088 0.0000000000
49657  32.316  -12.274  49.584 0.0000000000
121743  31.193  -13.072  49.453 0.0000000000
48645  30.973  -12.999  48.044 0.0000000000
48613  30.659  -13.400  49.274 0.0000000000
44710  23.322  -17.582  51.457 0.0000000000
45633  23.790  -17.016  50.971 0.0000000000
44718  23.186  -17.754  50.591 0.0000000000
57089  43.612  -5.550  38.644 0.0000000000
57098  43.451  -5.645  37.740 0.0000000000
56007  42.068  -6.315  38.820 0.0000000000
54015  41.032  -8.258  38.692 0.0000000000
40688  22.182  -21.677  52.159 0.0000000000
39743  21.538  -22.061  52.664 0.0000000000
122445  20.143  -18.873  57.131 0.0000000000
42724  20.089  -19.096  56.521 0.0000000000
105968  19.155  -18.467  56.121 0.0000000000
43732  16.932  -18.772  53.602 0.0000000000
43731  17.763  -18.782  53.698 0.0000000000
47386  32.074  -14.953  60.139 0.0000000000
48479  32.983  -14.011  60.276 0.0000000000
48496  32.904  -14.222  59.003 0.0000000000
48513  32.794  -13.978  58.002 0.0000000000
47413  32.316  -14.363  57.250 0.0000000000
122731  32.132  -14.375  56.539 0.0000000000
121914  31.254  -14.724  57.140 0.0000000000
118457  28.406  -15.244  57.051 0.0000000000
47417  29.069  -14.945  56.930 0.0000000000
46443  27.903  -15.419  56.659 0.0000000000
47466  27.802  -14.914  55.063 0.0000000000
46444  27.383  -15.591  56.178 0.0000000000
43646  25.900  -18.251  59.625 0.0000000000
118788  27.057  -17.125  59.359 0.0000000000
44606  25.543  -17.977  58.731 0.0000000000
44626  24.501  -17.700  56.598 0.0000000000
44625  25.207  -17.321  57.036 0.0000000000
45548  25.067  -17.052  56.160 0.0000000000
118230  25.534  -16.567  55.628 0.0000000000
45559  24.860  -16.961  55.295 0.0000000000
44677  24.294  -17.053  53.489 0.0000000000
116350  23.605  -17.580  54.075 0.0000000000
41694  22.287  -21.010  53.876 0.0000000000
42759  22.245  -19.784  53.430 0.0000000000
116316  22.196  -20.751  52.843 0.0000000000
54915  41.947  -7.266  46.977 0.0000000000
53915  41.639  -8.156  46.589 0.0000000000
54897  42.122  -7.896  47.331 0.0000000000
51762  42.299  -9.935  48.149 0.0000000000
47329  16.769  -13.895  64.456 0.0000000000
47359  16.853  -14.887  62.269 0.0000000000
47342  16.339  -14.464  63.083 0.0000000000
113283  12.893  -14.267  61.745 0.0000000000
47363  13.556  -14.379  61.285 0.0000000000
47362  14.435  -14.329  61.307 0.0000000000
47393  13.719  -14.896  59.961 0.0000000000
46423  13.660  -15.778  58.823 0.0000000000
45506  12.942  -16.188  59.169 0.0000000000
58137  46.779  -4.492  39.868 0.0000000000
58129  45.040  -4.553  41.054 0.0000000000
58116  44.178  -4.470  41.907 0.0000000000
57050  42.636  -5.105  41.926 0.0000000000
105550  43.457  -4.707  41.960 0.0000000000
59133  43.135  -3.781  44.851 0.0000000000
58080  41.868  -5.009  44.364 0.0000000000
58066  42.444  -4.596  45.427 0.0000000000
57011  42.031  -5.297  45.831 0.0000000000
58053  42.673  -4.818  46.223 0.0000000000
58020  45.575  -4.500  49.481 0.0000000000
56989  43.779  -5.648  48.194 0.0000000000
56974  44.779  -5.694  49.532 0.0000000000
55899  44.476  -6.888  50.381 0.0000000000
56959  45.240  -5.560  50.708 0.0000000000
62242  46.282  -0.302  49.831 0.0000000000
61240  46.979  -1.497  49.681 0.0000000000
60156  46.121  -1.807  50.637 0.0000000000
58010  43.853  -4.418  50.284 0.0000000000
57995  44.771  -4.648  50.941 0.0000000000
56960  43.941  -5.287  51.039 0.0000000000
56946  44.173  -5.851  51.484 0.0000000000
56947  43.423  -6.114  51.323 0.0000000000
55892  42.324  -7.226  51.353 0.0000000000
55900  42.609  -6.451  50.792 0.0000000000
124298  40.702  -6.135  48.140 0.0000000000
55911  40.910  -6.808  48.808 0.0000000000
54898  40.330  -6.815  47.870 0.0000000000
54899  39.752  -7.482  47.283 0.0000000000
61194  40.229  -1.466  52.830 0.0000000000
55861  37.209  -6.610  53.860 0.0000000000
57956  38.024  -5.121  54.696 0.0000000000
56909  37.292  -5.967  53.414 0.0000000000
56935  37.128  -5.139  50.824 0.0000000000
57982  37.552  -4.526  51.296 0.0000000000
57997  37.542  -4.515  50.434 0.0000000000
59049  38.725  -3.439  50.457 0.0000000000
57996  38.064  -4.069  49.993 0.0000000000
59081  38.972  -4.268  48.740 0.0000000000
56979  37.806  -5.126  48.293 0.0000000000
54918  37.011  -7.189  46.172 0.0000000000
55931  37.473  -6.633  46.584 0.0000000000
54938  37.184  -7.641  45.598 0.0000000000
54937  37.903  -7.786  45.475 0.0000000000
53952  37.469  -8.734  44.553 0.0000000000
52886  36.773  -9.137  44.199 0.0000000000
51841  34.788  -10.238  43.976 0.0000000000
117665  35.895  -10.106  43.117 0.0000000000
50778  33.062  -11.199  46.671 0.0000000000
51799  33.724  -10.708  46.433 0.0000000000
50795  32.520  -11.556  45.953 0.0000000000
50825  32.464  -11.564  43.285 0.0000000000
47464  31.212  -14.131  53.956 0.0000000000
48557  31.021  -13.942  53.039 0.0000000000
47492  30.191  -14.107  52.679 0.0000000000
47528  28.523  -14.419  50.343 0.0000000000
47527  29.282  -14.184  50.616 0.0000000000
47541  28.416  -14.468  49.517 0.0000000000
115541  28.919  -14.335  48.205 0.0000000000
47554  28.312  -14.507  48.717 0.0000000000
114942  24.209  -16.609  49.637 0.0000000000
46560  25.421  -15.654  49.433 0.0000000000
45688  24.440  -16.459  48.349 0.0000000000
46603  25.523  -15.632  47.347 0.0000000000
47586  27.033  -14.927  46.073 0.0000000000
57119  43.147  -6.040  35.740 0.0000000000
124443  43.508  -5.844  35.091 0.0000000000
124349  41.079  -8.815  43.361 0.0000000000
108691  22.553  -18.514  63.044 0.0000000000
43624  21.226  -18.425  61.717 0.0000000000
44556  21.462  -17.868  63.511 0.0000000000
44540  20.920  -17.254  63.783 0.0000000000
123739  20.275  -16.722  63.769 0.0000000000
43610  23.432  -18.695  62.977 0.0000000000
49544  34.536  -12.251  59.676 0.0000000000
50601  35.305  -11.012  59.911 0.0000000000
50607  35.416  -11.317  58.178 0.0000000000
50616  35.376  -11.297  57.036 0.0000000000
51642  36.289  -10.138  56.029 0.0000000000
51653  36.230  -10.162  55.193 0.0000000000
109777  35.766  -10.564  54.881 0.0000000000
50654  34.764  -11.494  53.610 0.0000000000
50666  34.580  -11.363  52.713 0.0000000000
50678  33.746  -11.644  51.353 0.0000000000
49625  33.117  -12.272  51.796 0.0000000000
124352  32.459  -12.710  51.726 0.0000000000
49627  31.935  -12.873  51.145 0.0000000000
42782  22.436  -19.451  51.328 0.0000000000
43749  22.819  -18.610  50.302 0.0000000000
42793  22.932  -19.783  50.171 0.0000000000
55996  41.369  -6.510  40.145 0.0000000000
56008  41.371  -6.769  39.314 0.0000000000
55997  40.721  -6.989  40.492 0.0000000000
53997  40.499  -8.211  40.445 0.0000000000
40667  22.041  -21.455  54.330 0.0000000000
40679  21.697  -21.657  53.852 0.0000000000
40668  21.852  -21.574  54.537 0.0000000000
41683  20.814  -21.178  54.452 0.0000000000
41684  20.013  -20.384  53.952 0.0000000000
43675  18.575  -17.638  57.748 0.0000000000
44628  18.309  -17.869  56.232 0.0000000000
44629  17.502  -17.513  56.195 0.0000000000
44642  17.025  -17.610  55.433 0.0000000000
43704  14.764  -18.520  55.316 0.0000000000
46378  31.506  -15.229  60.533 0.0000000000
47401  31.097  -15.052  59.094 0.0000000000
47402  30.462  -15.138  58.317 0.0000000000
46414  30.259  -15.338  59.169 0.0000000000
122019  28.720  -15.563  58.346 0.0000000000
46430  27.880  -15.695  57.664 0.0000000000
43658  24.488  -19.568  58.983 0.0000000000
43657  24.880  -18.531  58.408 0.0000000000
43671  24.288  -19.038  57.991 0.0000000000
43685  23.986  -18.545  57.069 0.0000000000
43699  23.121  -18.852  55.650 0.0000000000
43716  23.262  -18.164  54.953 0.0000000000
42733  22.841  -19.919  55.869 0.0000000000
42734  22.491  -20.614  55.185 0.0000000000
54880  43.145  -7.855  48.676 0.0000000000
53898  42.477  -8.230  47.978 0.0000000000
53886  42.940  -8.660  48.928 0.0000000000
53878  43.253  -9.008  50.390 0.0000000000
47345  12.110  -14.213  62.797 0.0000000000
46370  12.455  -14.881  61.569 0.0000000000
45507  12.599  -16.598  59.807 0.0000000000
45475  12.382  -16.521  61.822 0.0000000000
59106  43.786  -3.361  46.139 0.0000000000
58052  43.412  -4.325  46.650 0.0000000000
59095  44.205  -3.856  47.161 0.0000000000
59094  45.042  -3.400  47.810 0.0000000000
59076  45.814  -3.842  49.083 0.0000000000
61222  45.245  -0.449  51.065 0.0000000000
60172  45.703  -1.760  50.763 0.0000000000
61242  44.841  -1.565  50.778 0.0000000000
114874  43.400  -3.263  49.518 0.0000000000
58011  42.814  -4.192  49.353 0.0000000000
56962  42.131  -5.872  49.553 0.0000000000
58022  41.892  -4.277  48.782 0.0000000000
58023  41.022  -4.391  48.425 0.0000000000
56991  39.897  -5.182  47.715 0.0000000000
54837  36.516  -7.469  52.066 0.0000000000
55875  36.788  -6.670  52.404 0.0000000000
112147  36.476  -7.341  51.274 0.0000000000
55902  36.512  -6.435  49.673 0.0000000000
56964  36.836  -5.643  49.359 0.0000000000
56980  37.063  -5.566  48.449 0.0000000000
106079  36.226  -6.923  48.036 0.0000000000
54900  36.314  -7.222  47.219 0.0000000000
53938  36.179  -8.379  45.661 0.0000000000
52869  36.197  -8.886  45.056 0.0000000000
108785  35.620  -8.951  45.882 0.0000000000
52888  35.105  -9.905  44.694 0.0000000000
51842  34.342  -10.354  44.931 0.0000000000
49719  31.836  -12.169  46.322 0.0000000000
49736  31.843  -12.068  45.528 0.0000000000
114769  31.341  -12.435  45.210 0.0000000000
121487  31.052  -12.571  43.831 0.0000000000
49793  30.662  -12.703  42.492 0.0000000000
47481  28.350  -14.470  53.533 0.0000000000
47480  29.319  -14.325  53.311 0.0000000000
47494  28.503  -14.401  52.757 0.0000000000
124045  27.944  -14.503  51.604 0.0000000000
47530  26.850  -14.922  49.960 0.0000000000
45705  24.066  -16.878  47.642 0.0000000000
44750  23.939  -17.844  46.310 0.0000000000
59260  48.191  -3.148  36.048 0.0000000000
59274  47.159  -3.217  35.113 0.0000000000
59276  45.878  -3.905  34.151 0.0000000000
41645  22.655  -20.309  58.244 0.0000000000
42722  21.388  -20.301  56.837 0.0000000000
42694  21.764  -19.819  58.401 0.0000000000
42708  20.907  -19.299  58.079 0.0000000000
43660  19.725  -18.270  58.541 0.0000000000
43636  20.875  -18.495  60.746 0.0000000000
43649  20.012  -18.290  59.788 0.0000000000
44608  19.080  -17.741  58.490 0.0000000000
110777  18.835  -17.409  59.044 0.0000000000
45504  17.466  -16.392  59.520 0.0000000000
45505  16.631  -16.039  59.039 0.0000000000
44566  28.640  -17.544  62.396 0.0000000000
44580  28.688  -17.418  61.835 0.0000000000
119623  28.287  -18.041  62.326 0.0000000000
105831  26.770  -19.074  61.905 0.0000000000
43633  25.503  -19.138  60.261 0.0000000000
42656  25.271  -19.662  61.705 0.0000000000
109171  25.226  -19.675  61.150 0.0000000000
42678  24.802  -19.582  59.924 0.0000000000
42680  23.834  -20.046  59.416 0.0000000000
41640  23.231  -20.141  58.883 0.0000000000
53860  42.540  -8.839  52.915 0.0000000000
52785  42.753  -9.579  53.545 0.0000000000
52795  41.919  -9.469  53.003 0.0000000000
62291  46.318  0.132  46.601 0.0000000000
63175  44.707  0.963  51.131 0.0000000000
62223  44.318  0.805  51.904 0.0000000000
61204  43.098  -0.128  52.551 0.0000000000
61225  42.127  -1.317  51.003 0.0000000000
55846  37.506  -6.640  54.688 0.0000000000
118486  36.861  -7.909  53.749 0.0000000000
105414  36.342  -9.482  53.994 0.0000000000
53844  36.573  -8.719  53.652 0.0000000000
54821  36.624  -7.963  52.922 0.0000000000
104858  35.917  -9.140  51.201 0.0000000000
52797  35.563  -9.596  50.700 0.0000000000
52806  35.295  -9.671  49.184 0.0000000000
51781  34.628  -10.207  47.911 0.0000000000
51764  34.595  -10.388  48.746 0.0000000000
50760  33.416  -11.180  47.980 0.0000000000
50739  32.855  -11.607  48.273 0.0000000000
50693  32.937  -11.790  50.032 0.0000000000
50715  32.893  -11.695  49.134 0.0000000000
49696  32.210  -12.075  47.726 0.0000000000
49697  31.439  -12.592  47.539 0.0000000000
49698  30.491  -13.269  46.942 0.0000000000
48659  29.928  -13.617  46.400 0.0000000000
45610  24.725  -16.433  52.211 0.0000000000
45631  25.217  -15.906  51.698 0.0000000000
45632  24.553  -16.437  51.366 0.0000000000
45653  24.364  -16.504  50.494 0.0000000000
45672  23.544  -17.335  49.141 0.0000000000
118290  23.029  -18.596  49.612 0.0000000000
110605  23.174  -18.212  49.055 0.0000000000
115605  45.388  -4.750  37.899 0.0000000000
58158  45.714  -4.551  37.259 0.0000000000
115690  44.134  -5.245  37.362 0.0000000000
57109  43.378  -5.666  36.652 0.0000000000
56037  42.226  -6.958  36.235 0.0000000000
56019  41.431  -7.051  38.418 0.0000000000
55023  41.553  -7.846  37.376 0.0000000000
42723  20.729  -19.847  56.559 0.0000000000
42735  20.438  -20.100  55.370 0.0000000000
42760  19.157  -19.696  53.491 0.0000000000
43718  18.061  -18.452  54.519 0.0000000000
42761  18.300  -19.398  53.255 0.0000000000
49545  33.940  -12.819  60.207 0.0000000000
49570  33.823  -13.064  58.221 0.0000000000
123676  33.449  -13.190  56.986 0.0000000000
48538  32.840  -13.639  55.609 0.0000000000
48548  32.621  -13.603  54.711 0.0000000000
48539  32.254  -14.070  55.293 0.0000000000
47449  31.408  -14.330  54.992 0.0000000000
47450  30.509  -14.477  55.266 0.0000000000
103990  29.934  -14.774  56.781 0.0000000000
47433  29.261  -14.758  56.105 0.0000000000
47451  29.486  -14.545  55.062 0.0000000000
104436  28.036  -14.599  54.262 0.0000000000
46468  27.269  -14.991  54.278 0.0000000000
46485  25.999  -15.737  53.702 0.0000000000
45497  27.747  -16.637  59.416 0.0000000000
45514  27.037  -16.695  58.663 0.0000000000
45530  27.107  -16.307  57.879 0.0000000000
44617  25.331  -17.683  57.890 0.0000000000
44616  25.900  -17.034  57.488 0.0000000000
46445  26.796  -16.085  56.483 0.0000000000
45558  26.210  -16.159  55.761 0.0000000000
46470  25.903  -16.002  54.495 0.0000000000
116439  25.526  -15.995  53.213 0.0000000000
45589  24.893  -16.467  53.100 0.0000000000
44698  23.444  -17.505  52.302 0.0000000000
44699  22.838  -18.091  51.935 0.0000000000
43729  22.803  -18.385  54.099 0.0000000000
43730  22.459  -18.691  53.210 0.0000000000
43744  22.487  -18.780  51.654 0.0000000000
41728  22.332  -20.374  51.779 0.0000000000
55953  40.690  -6.641  44.445 0.0000000000
54948  40.610  -7.524  44.250 0.0000000000
54935  41.172  -8.173  45.669 0.0000000000
53899  42.003  -8.626  47.310 0.0000000000
52828  42.003  -9.502  47.276 0.0000000000
52784  42.944  -10.333  53.901 0.0000000000
47314  21.233  -15.018  64.751 0.0000000000
45433  20.176  -15.746  65.082 0.0000000000
46333  19.467  -15.463  65.027 0.0000000000
46323  19.043  -14.713  65.256 0.0000000000
46352  18.317  -15.584  63.309 0.0000000000
46367  18.096  -15.832  62.134 0.0000000000
46385  17.072  -15.666  60.793 0.0000000000
46403  16.013  -15.498  59.512 0.0000000000
48439  15.640  -13.496  64.175 0.0000000000
47361  15.252  -14.390  61.521 0.0000000000
46387  15.424  -15.052  60.069 0.0000000000
46421  15.126  -15.823  58.297 0.0000000000
46437  14.627  -16.043  58.015 0.0000000000
58156  47.384  -4.381  38.360 0.0000000000
58147  45.751  -4.754  38.742 0.0000000000
118459  45.312  -4.885  39.313 0.0000000000
57079  43.962  -5.332  39.429 0.0000000000
110382  45.820  -4.368  41.089 0.0000000000
58140  44.494  -5.044  40.155 0.0000000000
57070  42.832  -5.550  40.350 0.0000000000
57061  41.940  -5.683  41.415 0.0000000000
57051  41.769  -5.505  42.199 0.0000000000
57042  40.838  -6.109  43.255 0.0000000000
58108  42.390  -4.854  42.788 0.0000000000
57041  41.355  -5.526  43.807 0.0000000000
57025  41.185  -5.759  44.627 0.0000000000
57012  41.506  -5.818  45.437 0.0000000000
55928  41.873  -6.554  46.500 0.0000000000
55927  42.469  -6.567  47.207 0.0000000000
57003  43.181  -5.220  47.096 0.0000000000
56990  42.991  -5.954  47.396 0.0000000000
55910  43.342  -7.142  48.532 0.0000000000
54879  43.737  -7.383  49.551 0.0000000000
54863  44.212  -7.592  50.934 0.0000000000
54834  43.743  -7.434  52.017 0.0000000000
61265  47.232  -0.359  47.797 0.0000000000
59074  46.892  -2.682  49.816 0.0000000000
58008  46.116  -4.061  50.249 0.0000000000
59046  45.898  -2.635  50.768 0.0000000000
57993  45.993  -3.627  50.560 0.0000000000
115614  45.214  -5.257  51.008 0.0000000000
56945  44.791  -5.845  51.200 0.0000000000
54833  44.034  -6.838  51.878 0.0000000000
54835  43.125  -7.703  52.264 0.0000000000
54851  42.379  -7.937  52.159 0.0000000000
54865  41.579  -7.686  50.834 0.0000000000
54882  40.604  -7.399  48.664 0.0000000000
61192  41.745  -0.078  53.288 0.0000000000
60157  41.138  -1.568  51.195 0.0000000000
59015  38.897  -3.220  54.274 0.0000000000
106520  37.356  -5.374  52.755 0.0000000000
59024  38.156  -3.895  52.697 0.0000000000
60124  39.044  -2.733  52.547 0.0000000000
118433  39.165  -2.769  51.440 0.0000000000
60159  39.481  -2.936  50.452 0.0000000000
60158  40.112  -2.918  49.772 0.0000000000
59062  39.711  -3.567  49.180 0.0000000000
58025  39.412  -4.654  48.099 0.0000000000
56993  39.117  -5.252  47.565 0.0000000000
114736  37.464  -5.678  47.629 0.0000000000
55920  37.898  -5.988  46.959 0.0000000000
55929  39.056  -6.784  46.629 0.0000000000
115479  39.150  -7.673  46.301 0.0000000000
52908  36.315  -9.750  43.601 0.0000000000
51858  36.548  -10.280  42.908 0.0000000000
116722  34.407  -10.323  46.983 0.0000000000
51823  33.676  -10.706  45.556 0.0000000000
51843  33.517  -10.846  44.581 0.0000000000
111145  32.389  -11.617  45.069 0.0000000000
50810  32.997  -11.191  43.893 0.0000000000
48555  32.427  -13.509  53.821 0.0000000000
48564  31.564  -13.570  52.543 0.0000000000
48577  30.685  -13.667  51.286 0.0000000000
47508  29.330  -14.210  51.449 0.0000000000
48578  29.981  -13.909  50.944 0.0000000000
117902  30.363  -13.593  49.793 0.0000000000
48614  29.884  -13.816  49.121 0.0000000000
47569  29.418  -14.057  47.738 0.0000000000
47584  28.683  -14.340  46.647 0.0000000000
46523  25.716  -15.472  51.142 0.0000000000
46559  26.117  -15.264  49.748 0.0000000000
47543  26.646  -15.008  49.281 0.0000000000
45687  24.700  -16.246  47.591 0.0000000000
108901  26.000  -15.367  48.155 0.0000000000
46579  26.801  -14.966  48.490 0.0000000000
46621  27.158  -14.876  46.929 0.0000000000
47585  27.874  -14.638  46.353 0.0000000000
58169  44.700  -4.796  36.056 0.0000000000
58189  45.278  -4.426  34.624 0.0000000000
58206  45.047  -5.204  33.806 0.0000000000
53966  40.675  -8.220  43.044 0.0000000000
49591  33.743  -12.734  55.495 0.0000000000
49590  34.301  -12.305  56.010 0.0000000000
49599  33.668  -12.635  54.578 0.0000000000
41662  22.562  -20.622  56.581 0.0000000000
45537  15.876  -16.357  57.363 0.0000000000
45522  15.628  -16.091  57.994 0.0000000000
45468  29.754  -16.429  62.380 0.0000000000
45452  30.191  -16.002  62.674 0.0000000000
45480  30.134  -16.146  61.896 0.0000000000
46398  29.548  -15.992  60.371 0.0000000000
41653  22.712  -20.474  57.475 0.0000000000
41661  23.018  -20.411  57.307 0.0000000000
53858  43.309  -8.382  52.440 0.0000000000
60211  45.830  -1.391  46.785 0.0000000000
124390  41.725  -3.024  49.148 0.0000000000
53881  35.591  -8.777  49.098 0.0000000000
118212  35.040  -9.731  47.975 0.0000000000
59242  47.121  -4.230  37.300 0.0000000000
42668  22.839  -19.535  60.394 0.0000000000
43635  21.891  -18.939  60.842 0.0000000000
44535  26.803  -18.299  63.058 0.0000000000
43608  27.050  -19.240  63.014 0.0000000000
42636  26.471  -19.283  63.033 0.0000000000
52693  36.663  -9.569  57.252 0.0000000000
53813  36.992  -8.864  56.782 0.0000000000
53803  37.262  -8.110  57.155 0.0000000000
53822  36.944  -8.871  55.980 0.0000000000
51696  35.118  -10.802  52.282 0.0000000000
51715  34.903  -10.738  51.346 0.0000000000
50713  34.185  -10.952  50.091 0.0000000000
57080  42.996  -5.690  39.353 0.0000000000
57090  42.754  -5.965  38.274 0.0000000000
118530  19.611  -18.508  57.077 0.0000000000
42763  16.744  -19.378  53.412 0.0000000000
47385  32.550  -14.484  59.670 0.0000000000
117550  32.483  -14.490  59.032 0.0000000000
47400  32.374  -14.433  58.356 0.0000000000
47414  31.729  -14.728  57.752 0.0000000000
44627  23.740  -18.108  55.970 0.0000000000
44640  24.476  -17.425  55.803 0.0000000000
48421  17.201  -13.219  65.728 0.0000000000
47330  16.131  -13.799  63.908 0.0000000000
48454  13.296  -13.914  62.024 0.0000000000
47377  13.441  -14.719  60.567 0.0000000000
46406  13.250  -15.455  59.538 0.0000000000
46388  13.005  -15.011  60.227 0.0000000000
58128  47.340  -4.180  40.508 0.0000000000
59200  47.950  -3.562  41.434 0.0000000000
58115  44.931  -3.487  42.914 0.0000000000
113652  42.320  -4.568  44.808 0.0000000000
58021  44.755  -4.995  48.865 0.0000000000
61221  45.934  -0.770  50.529 0.0000000000
121371  43.230  -4.920  50.062 0.0000000000
115580  40.173  -5.882  47.623 0.0000000000
60123  39.526  -2.131  53.236 0.0000000000
55862  36.982  -6.629  53.104 0.0000000000
56948  37.121  -5.053  49.959 0.0000000000
58012  37.613  -4.603  49.728 0.0000000000
58026  38.155  -4.511  49.079 0.0000000000
54939  36.541  -7.768  45.866 0.0000000000
53936  37.341  -8.185  45.091 0.0000000000
53953  36.877  -8.554  44.776 0.0000000000
51859  35.238  -10.318  43.129 0.0000000000
50761  32.932  -11.433  47.468 0.0000000000
121989  30.450  -14.357  54.483 0.0000000000
47479  30.351  -14.218  53.571 0.0000000000
47529  27.671  -14.642  50.137 0.0000000000
47555  27.624  -14.682  48.440 0.0000000000
118620  24.125  -16.703  48.920 0.0000000000
45671  24.741  -16.176  49.140 0.0000000000
56049  42.698  -6.634  35.795 0.0000000000
43611  21.634  -18.344  62.851 0.0000000000
44524  21.272  -16.937  64.573 0.0000000000
43599  23.121  -18.234  63.928 0.0000000000
50608  34.774  -12.054  58.580 0.0000000000
50617  34.852  -11.933  57.533 0.0000000000
51643  35.829  -10.670  56.522 0.0000000000
51654  35.811  -10.630  55.622 0.0000000000
50635  35.345  -11.084  55.114 0.0000000000
49605  34.235  -12.084  54.094 0.0000000000
50667  33.898  -11.802  52.265 0.0000000000
49615  32.660  -12.800  52.436 0.0000000000
48575  32.060  -13.169  52.062 0.0000000000
42794  22.660  -19.342  50.553 0.0000000000
41741  23.234  -20.630  50.555 0.0000000000
113774  41.345  -6.322  40.958 0.0000000000
55980  40.662  -6.843  41.315 0.0000000000
54965  40.425  -7.579  40.902 0.0000000000
53984  40.452  -8.174  41.330 0.0000000000
40658  22.063  -21.445  54.782 0.0000000000
40659  21.869  -21.468  54.986 0.0000000000
40669  21.504  -21.449  54.686 0.0000000000
42746  20.413  -20.462  54.716 0.0000000000
44609  18.306  -17.289  58.466 0.0000000000
109035  18.037  -17.525  56.946 0.0000000000
44630  16.606  -17.230  56.010 0.0000000000
44659  16.666  -17.925  54.717 0.0000000000
44660  15.931  -18.015  54.645 0.0000000000
43703  15.379  -18.383  54.792 0.0000000000
44644  15.422  -17.820  55.248 0.0000000000
107231  14.929  -17.131  56.359 0.0000000000
42725  14.224  -19.039  55.907 0.0000000000
47336  30.860  -14.825  62.022 0.0000000000
47387  31.615  -15.122  59.766 0.0000000000
46396  30.997  -15.360  59.896 0.0000000000
43672  23.685  -19.493  57.569 0.0000000000
41682  22.284  -21.183  54.662 0.0000000000
52804  43.094  -9.911  50.910 0.0000000000
46371  12.045  -14.877  62.394 0.0000000000
118371  12.475  -14.310  62.191 0.0000000000
117893  12.338  -15.696  61.341 0.0000000000
59105  44.508  -2.857  46.659 0.0000000000
59093  46.060  -3.000  48.525 0.0000000000
61223  44.470  -0.345  51.667 0.0000000000
59060  42.520  -2.639  49.427 0.0000000000
56977  40.720  -5.284  48.096 0.0000000000
58024  40.198  -4.525  48.194 0.0000000000
53861  36.225  -8.236  51.277 0.0000000000
54852  36.348  -7.551  50.726 0.0000000000
54867  36.297  -7.312  50.014 0.0000000000
55912  36.530  -6.233  48.701 0.0000000000
53902  35.623  -8.440  47.259 0.0000000000
54920  35.965  -7.802  47.000 0.0000000000
52849  35.001  -9.732  46.251 0.0000000000
122541  34.834  -9.969  45.462 0.0000000000
49737  31.229  -12.559  45.877 0.0000000000
49773  30.577  -12.842  43.442 0.0000000000
48703  30.019  -13.176  42.922 0.0000000000
117675  27.877  -14.535  53.042 0.0000000000
47496  27.253  -14.722  51.580 0.0000000000
47511  27.012  -14.805  50.769 0.0000000000
59261  47.431  -3.422  35.856 0.0000000000
59275  46.595  -3.387  34.484 0.0000000000
59263  45.910  -3.879  35.022 0.0000000000
41646  22.211  -20.387  57.774 0.0000000000
42695  21.084  -19.108  58.733 0.0000000000
43659  20.434  -18.699  58.610 0.0000000000
123874  20.046  -18.367  59.130 0.0000000000
43637  20.113  -18.184  60.525 0.0000000000
44597  19.460  -17.870  59.281 0.0000000000
44598  18.856  -17.346  59.751 0.0000000000
43593  28.029  -18.270  62.856 0.0000000000
44533  28.363  -17.360  62.828 0.0000000000
44550  28.540  -17.540  62.654 0.0000000000
120015  25.879  -19.451  61.283 0.0000000000
42646  25.117  -19.380  62.525 0.0000000000
42666  24.690  -19.721  60.947 0.0000000000
118607  24.654  -19.714  60.429 0.0000000000
42679  24.301  -19.896  59.679 0.0000000000
42681  23.041  -19.884  59.577 0.0000000000
63176  44.051  1.695  51.682 0.0000000000
62208  43.275  1.181  52.838 0.0000000000
51620  35.699  -10.798  59.065 0.0000000000
53821  37.189  -8.175  55.515 0.0000000000
54803  37.377  -7.422  55.078 0.0000000000
54812  37.136  -7.340  54.230 0.0000000000
52740  36.439  -9.647  54.711 0.0000000000
122662  36.190  -9.859  54.227 0.0000000000
52756  36.190  -9.476  53.234 0.0000000000
53852  36.319  -8.866  52.703 0.0000000000
112270  36.361  -8.314  52.161 0.0000000000
53862  36.163  -9.047  51.871 0.0000000000
51733  35.284  -10.233  50.952 0.0000000000
111569  35.521  -9.274  49.906 0.0000000000
52807  34.983  -10.152  49.198 0.0000000000
51748  34.089  -10.811  49.051 0.0000000000
50738  33.496  -11.223  48.686 0.0000000000
50692  33.638  -11.456  50.472 0.0000000000
49676  32.283  -12.174  48.683 0.0000000000
116009  30.882  -12.985  47.392 0.0000000000
48647  29.927  -13.687  47.304 0.0000000000
45654  23.636  -17.161  50.084 0.0000000000
43753  22.892  -19.145  49.851 0.0000000000
105073  23.182  -18.899  49.202 0.0000000000
43760  23.414  -18.643  48.502 0.0000000000
44732  23.416  -17.857  48.372 0.0000000000
116703  44.725  -5.009  37.832 0.0000000000
57099  42.649  -6.146  37.285 0.0000000000
57110  42.621  -6.389  36.390 0.0000000000
56028  42.034  -6.784  36.940 0.0000000000
56009  40.847  -7.109  39.786 0.0000000000
55012  41.283  -7.760  38.151 0.0000000000
42707  21.508  -20.011  57.595 0.0000000000
42736  19.770  -19.262  55.611 0.0000000000
42747  19.621  -19.606  54.577 0.0000000000
43701  18.305  -18.205  55.438 0.0000000000
42772  17.889  -19.935  52.709 0.0000000000
48449  32.210  -13.331  62.057 0.0000000000
123004  32.937  -14.129  59.627 0.0000000000
48461  33.466  -13.314  60.700 0.0000000000
49558  33.889  -13.039  59.172 0.0000000000
48512  33.291  -13.469  57.561 0.0000000000
48526  33.117  -13.511  56.550 0.0000000000
47431  32.488  -14.064  56.327 0.0000000000
117992  31.879  -14.346  55.940 0.0000000000
47415  30.755  -14.883  57.494 0.0000000000
47434  28.500  -15.051  56.360 0.0000000000
47465  28.528  -14.631  54.831 0.0000000000
46469  26.546  -15.494  54.323 0.0000000000
44581  27.834  -17.856  61.410 0.0000000000
45482  28.257  -16.957  60.713 0.0000000000
44593  27.477  -17.397  60.196 0.0000000000
105754  26.341  -17.335  58.929 0.0000000000
45531  26.579  -16.507  57.257 0.0000000000
45571  25.354  -16.496  54.803 0.0000000000
122989  25.871  -16.200  55.156 0.0000000000
45588  25.297  -16.320  53.901 0.0000000000
44678  23.535  -17.490  53.133 0.0000000000
44679  22.895  -18.002  52.743 0.0000000000
111870  22.353  -19.102  54.002 0.0000000000
43739  22.525  -18.578  52.372 0.0000000000
54936  40.900  -7.254  45.222 0.0000000000
118044  41.419  -8.861  45.923 0.0000000000
51796  41.969  -10.119  46.370 0.0000000000
115296  42.276  -10.422  53.969 0.0000000000
103404  20.207  -14.270  65.204 0.0000000000
46322  19.695  -14.738  65.229 0.0000000000
47327  18.309  -14.193  65.295 0.0000000000
46334  18.734  -15.117  64.599 0.0000000000
46353  17.527  -15.305  62.810 0.0000000000
46368  17.353  -15.425  61.684 0.0000000000
46369  16.578  -15.092  61.282 0.0000000000
46386  16.273  -15.323  60.405 0.0000000000
48441  13.664  -13.553  62.900 0.0000000000
108462  14.256  -13.033  64.179 0.0000000000
48423  15.457  -12.630  65.504 0.0000000000
47343  15.524  -14.124  62.746 0.0000000000
47344  14.777  -14.045  62.063 0.0000000000
47375  14.911  -14.631  60.667 0.0000000000
46404  15.094  -15.366  59.163 0.0000000000
46422  14.462  -15.675  58.594 0.0000000000
45540  13.575  -16.727  57.816 0.0000000000
59229  48.067  -4.304  39.044 0.0000000000
58146  46.607  -4.591  38.998 0.0000000000
58138  46.016  -4.672  39.809 0.0000000000
58139  44.692  -5.085  39.393 0.0000000000
59202  46.414  -3.526  42.321 0.0000000000
106240  44.270  -4.833  40.972 0.0000000000
58130  43.679  -5.288  40.205 0.0000000000
109567  42.660  -5.403  41.132 0.0000000000
55969  41.013  -6.063  42.474 0.0000000000
58107  43.291  -4.349  42.711 0.0000000000
58096  43.225  -3.961  43.575 0.0000000000
55952  41.020  -6.375  45.145 0.0000000000
57005  41.823  -5.980  46.055 0.0000000000
55917  43.219  -6.549  47.967 0.0000000000
55898  44.847  -6.318  50.919 0.0000000000
54862  44.478  -7.031  51.233 0.0000000000
54850  44.049  -7.608  51.805 0.0000000000
54849  44.209  -7.100  51.743 0.0000000000
63236  46.875  0.429  46.988 0.0000000000
61278  47.173  -0.052  47.030 0.0000000000
62263  47.242  -0.121  48.153 0.0000000000
117783  46.763  -2.282  50.250 0.0000000000
60186  47.028  -1.914  49.544 0.0000000000
59057  46.600  -3.155  50.379 0.0000000000
59058  45.550  -2.426  50.663 0.0000000000
57994  45.316  -4.710  50.866 0.0000000000
55890  43.760  -6.528  51.753 0.0000000000
55882  43.573  -7.110  52.010 0.0000000000
122942  42.702  -7.483  51.966 0.0000000000
54866  40.944  -8.127  50.258 0.0000000000
56976  41.601  -5.126  48.676 0.0000000000
53888  40.538  -8.150  49.063 0.0000000000
61193  40.925  -0.569  53.164 0.0000000000
61206  40.803  -1.280  52.126 0.0000000000
114780  38.222  -4.495  54.174 0.0000000000
59016  38.426  -3.892  53.675 0.0000000000
56923  36.946  -5.985  52.090 0.0000000000
56922  37.210  -5.237  51.746 0.0000000000
57975  37.661  -4.579  52.242 0.0000000000
59034  38.508  -3.290  52.129 0.0000000000
107239  38.414  -3.433  51.300 0.0000000000
111735  40.200  -2.281  50.944 0.0000000000
55921  36.753  -6.105  47.815 0.0000000000
111434  37.172  -6.259  47.141 0.0000000000
55919  38.833  -5.929  46.985 0.0000000000
54916  38.555  -7.109  46.208 0.0000000000
53935  38.105  -8.421  44.991 0.0000000000
51880  35.779  -10.596  42.420 0.0000000000
51879  36.635  -10.947  42.370 0.0000000000
117894  33.169  -11.010  45.989 0.0000000000
48576  31.384  -13.400  51.656 0.0000000000
47493  29.328  -14.262  52.326 0.0000000000
47540  29.216  -14.202  49.766 0.0000000000
48596  30.508  -13.606  50.475 0.0000000000
122455  29.463  -14.069  48.428 0.0000000000
47583  29.359  -14.024  46.942 0.0000000000
120916  24.304  -16.725  47.027 0.0000000000
46602  26.516  -15.153  47.561 0.0000000000
46601  27.370  -14.778  47.768 0.0000000000
47604  26.925  -15.000  45.200 0.0000000000
47603  27.797  -14.672  45.491 0.0000000000
60390  48.166  -2.372  34.396 0.0000000000
58168  45.558  -4.488  36.492 0.0000000000
58180  44.599  -4.859  35.113 0.0000000000
58190  44.749  -4.998  34.362 0.0000000000
111871  40.538  -7.696  43.519 0.0000000000
53951  40.823  -8.334  43.848 0.0000000000
43587  22.422  -17.735  64.154 0.0000000000
44523  21.898  -17.201  64.295 0.0000000000
49580  34.314  -12.413  56.968 0.0000000000
50636  34.821  -11.693  55.562 0.0000000000
49607  32.862  -12.960  53.311 0.0000000000
115005  40.643  -6.660  42.005 0.0000000000
41664  21.192  -20.590  56.036 0.0000000000
45520  17.347  -16.651  58.503 0.0000000000
44631  15.626  -17.186  55.959 0.0000000000
45554  14.662  -16.766  56.927 0.0000000000
46344  30.250  -15.512  62.290 0.0000000000
46363  30.599  -15.411  62.110 0.0000000000
46379  30.572  -15.693  61.659 0.0000000000
46397  30.204  -15.621  60.092 0.0000000000
42706  23.373  -20.090  57.909 0.0000000000
46354  11.874  -15.546  63.079 0.0000000000
60212  44.977  -1.831  46.128 0.0000000000
61224  43.527  -0.675  51.648 0.0000000000
54884  35.832  -7.833  48.595 0.0000000000
47482  27.325  -14.763  52.954 0.0000000000
123056  48.568  -3.393  36.711 0.0000000000
59251  46.925  -3.909  36.398 0.0000000000
58178  46.160  -4.138  36.006 0.0000000000
44573  18.887  -17.191  60.662 0.0000000000
108391  18.231  -16.600  60.751 0.0000000000
43607  27.608  -18.846  62.896 0.0000000000
42655  25.835  -19.548  61.867 0.0000000000
120270  24.568  -19.606  61.711 0.0000000000
42667  23.658  -19.970  60.054 0.0000000000
52671  36.584  -9.607  58.095 0.0000000000
53789  36.638  -8.805  58.683 0.0000000000
116669  37.507  -7.358  56.749 0.0000000000
52757  35.947  -10.071  53.709 0.0000000000
51695  35.662  -10.237  52.314 0.0000000000
51747  34.594  -10.529  49.579 0.0000000000
49638  32.413  -12.382  50.487 0.0000000000
49658  31.674  -12.646  49.149 0.0000000000
48627  31.103  -13.057  48.789 0.0000000000
48628  30.495  -13.420  48.511 0.0000000000
54008  40.661  -8.194  39.574 0.0000000000
40689  20.776  -22.068  52.456 0.0000000000
43719  17.195  -18.320  54.189 0.0000000000
42762  17.416  -19.364  53.223 0.0000000000
47369  32.475  -14.444  60.711 0.0000000000
48495  33.362  -13.624  58.598 0.0000000000
120906  31.641  -14.567  56.717 0.0000000000
47432  30.781  -14.659  56.650 0.0000000000
46429  28.839  -15.252  57.651 0.0000000000
47453  27.923  -15.191  55.893 0.0000000000
108855  27.411  -15.350  55.556 0.0000000000
103487  26.864  -15.694  55.675 0.0000000000
44594  26.706  -17.740  59.857 0.0000000000
45572  24.601  -16.930  54.322 0.0000000000
42745  22.343  -20.116  54.339 0.0000000000
52816  42.773  -9.513  49.197 0.0000000000
47328  17.469  -14.118  64.990 0.0000000000
47341  17.150  -14.581  63.498 0.0000000000
47364  12.768  -13.749  62.715 0.0000000000
48453  14.027  -13.869  61.996 0.0000000000
47376  14.089  -14.614  60.572 0.0000000000
46405  14.168  -15.296  59.314 0.0000000000
105062  46.584  -4.272  40.857 0.0000000000
58114  45.586  -3.608  42.541 0.0000000000
113609  44.810  -4.285  41.854 0.0000000000
119527  43.038  -5.107  41.493 0.0000000000
58079  42.656  -4.276  44.216 0.0000000000
58038  44.817  -4.227  48.307 0.0000000000
55908  44.789  -6.204  50.202 0.0000000000
62264  46.738  0.145  48.699 0.0000000000
62241  46.952  -0.692  49.231 0.0000000000
61241  46.588  -1.304  50.130 0.0000000000
116218  44.505  -3.817  50.375 0.0000000000
55901  41.719  -6.838  49.884 0.0000000000
108294  37.844  -5.866  55.129 0.0000000000
56896  37.589  -5.898  54.259 0.0000000000
103833  37.720  -5.239  53.750 0.0000000000
59050  37.961  -3.906  50.844 0.0000000000
59063  38.863  -3.841  49.473 0.0000000000
55932  36.821  -6.828  46.781 0.0000000000
54917  37.795  -7.161  46.021 0.0000000000
120489  38.445  -7.522  45.846 0.0000000000
52907  37.248  -9.869  43.423 0.0000000000
52887  35.518  -9.938  43.854 0.0000000000
51782  33.686  -10.851  47.337 0.0000000000
50826  31.695  -12.077  43.763 0.0000000000
116144  28.566  -14.395  51.158 0.0000000000
121928  29.087  -14.290  48.952 0.0000000000
107548  28.180  -14.542  47.956 0.0000000000
45670  24.885  -16.009  49.991 0.0000000000
46581  25.234  -15.785  48.426 0.0000000000
45713  24.782  -16.327  45.764 0.0000000000
107835  43.872  -5.356  35.661 0.0000000000
53933  41.318  -9.089  45.108 0.0000000000
53950  41.357  -9.171  44.095 0.0000000000
43623  22.109  -18.754  62.004 0.0000000000
43612  20.685  -17.964  62.655 0.0000000000
44541  19.960  -17.361  63.004 0.0000000000
110206  19.529  -16.600  63.333 0.0000000000
42638  24.514  -18.924  62.903 0.0000000000
43609  23.900  -18.516  63.468 0.0000000000
43622  22.866  -18.975  62.314 0.0000000000
116362  35.152  -11.527  59.361 0.0000000000
51630  35.869  -10.678  57.451 0.0000000000
51629  36.361  -10.159  56.923 0.0000000000
52724  36.572  -9.570  55.572 0.0000000000
106854  35.460  -10.854  54.050 0.0000000000
51678  35.138  -11.031  53.128 0.0000000000
49626  32.594  -12.456  51.203 0.0000000000
48595  31.187  -13.311  50.766 0.0000000000
111811  22.563  -18.903  50.960 0.0000000000
54980  40.540  -7.641  40.019 0.0000000000
40680  21.368  -21.560  54.163 0.0000000000
41695  20.508  -21.163  53.612 0.0000000000
41696  19.583  -20.485  53.069 0.0000000000
43687  18.868  -17.983  57.006 0.0000000000
44641  17.753  -17.810  55.662 0.0000000000
43720  16.415  -18.400  54.130 0.0000000000
47353  31.498  -14.822  61.944 0.0000000000
47370  31.851  -14.843  61.133 0.0000000000
120797  31.241  -14.934  58.333 0.0000000000
46415  29.537  -15.340  58.366 0.0000000000
48425  12.686  -13.297  63.795 0.0000000000
46389  12.571  -15.326  60.766 0.0000000000
45489  12.325  -16.344  60.748 0.0000000000
56975  42.431  -4.998  49.351 0.0000000000
60091  39.460  -1.900  54.755 0.0000000000
55883  36.655  -6.670  51.627 0.0000000000
55893  36.561  -6.717  50.687 0.0000000000
56949  36.757  -5.764  50.283 0.0000000000
54919  36.429  -7.481  46.539 0.0000000000
52870  35.408  -9.496  45.312 0.0000000000
119472  34.155  -10.532  44.040 0.0000000000
49757  31.184  -12.514  44.557 0.0000000000
105286  28.881  -14.469  54.190 0.0000000000
47495  27.712  -14.573  52.329 0.0000000000
47510  27.806  -14.566  50.943 0.0000000000
44743  23.664  -17.602  47.655 0.0000000000
44742  23.898  -17.368  46.953 0.0000000000
45714  24.249  -17.012  46.228 0.0000000000
54038  42.835  -7.792  35.782 0.0000000000
43673  20.113  -18.717  57.800 0.0000000000
112033  20.546  -18.541  60.100 0.0000000000
45503  18.216  -16.944  59.217 0.0000000000
44532  29.008  -16.870  62.739 0.0000000000
44549  29.150  -16.959  62.557 0.0000000000
44565  29.196  -17.050  62.211 0.0000000000
43620  27.640  -18.642  62.458 0.0000000000
43631  27.206  -18.515  61.489 0.0000000000
43632  26.451  -18.639  60.680 0.0000000000
42645  25.891  -19.318  62.826 0.0000000000
110262  25.779  -19.496  62.290 0.0000000000
42665  25.142  -19.608  60.649 0.0000000000
109684  24.041  -20.002  59.049 0.0000000000
42692  23.553  -20.055  58.646 0.0000000000
54836  42.903  -8.431  52.742 0.0000000000
63204  46.262  0.680  48.188 0.0000000000
63187  45.835  0.477  49.407 0.0000000000
62207  43.647  1.617  52.291 0.0000000000
62224  43.886  0.463  52.410 0.0000000000
120184  36.913  -7.265  53.436 0.0000000000
53834  36.638  -9.022  54.409 0.0000000000
53872  35.824  -8.833  50.565 0.0000000000
52819  35.006  -9.968  48.573 0.0000000000
51765  34.026  -10.721  48.186 0.0000000000
123061  31.827  -12.275  47.026 0.0000000000
49720  31.170  -12.697  46.747 0.0000000000
49738  30.602  -13.086  46.154 0.0000000000
45609  25.385  -15.948  52.520 0.0000000000
58159  44.921  -4.807  37.083 0.0000000000
56029  41.622  -7.268  37.538 0.0000000000
55037  41.854  -7.419  36.810 0.0000000000
112458  20.438  -19.741  56.027 0.0000000000
42748  18.669  -18.988  53.994 0.0000000000
41697  18.776  -20.037  52.759 0.0000000000
48448  32.865  -13.615  61.342 0.0000000000
49528  34.155  -11.825  60.709 0.0000000000
49557  34.261  -12.604  58.710 0.0000000000
109383  33.790  -12.910  57.360 0.0000000000
48537  33.337  -13.228  55.823 0.0000000000
103989  30.144  -14.588  55.960 0.0000000000
45513  27.584  -16.238  58.465 0.0000000000
46431  27.172  -16.116  57.190 0.0000000000
44605  25.921  -17.352  58.194 0.0000000000
46456  26.386  -15.789  55.070 0.0000000000
44697  24.180  -17.006  52.679 0.0000000000
41727  22.746  -21.131  51.269 0.0000000000
46320  21.611  -15.672  64.589 0.0000000000
45432  20.743  -16.286  64.792 0.0000000000
121214  20.631  -15.686  65.014 0.0000000000
124578  20.389  -16.274  64.890 0.0000000000
118401  19.983  -16.219  64.582 0.0000000000
45444  19.197  -15.794  63.815 0.0000000000
45460  18.739  -16.333  62.759 0.0000000000
45474  17.832  -16.049  61.185 0.0000000000
46402  16.838  -15.839  59.933 0.0000000000
47374  15.758  -14.807  60.922 0.0000000000
46420  15.800  -15.782  58.664 0.0000000000
45538  15.095  -16.265  57.524 0.0000000000
45523  13.972  -16.097  58.150 0.0000000000
45539  14.331  -16.439  57.564 0.0000000000
46407  12.655  -15.696  60.061 0.0000000000
45525  12.742  -17.024  59.101 0.0000000000
103526  48.344  -4.202  38.337 0.0000000000
58148  44.892  -4.995  38.600 0.0000000000
57088  44.271  -5.270  38.847 0.0000000000
59201  47.155  -3.588  41.843 0.0000000000
57071  42.059  -5.886  40.622 0.0000000000
58097  42.136  -4.850  43.608 0.0000000000
57026  40.775  -6.161  43.952 0.0000000000
55942  41.416  -6.547  45.773 0.0000000000
61266  46.774  -0.865  47.354 0.0000000000
60199  47.016  -1.412  48.475 0.0000000000
61256  47.150  -0.946  48.864 0.0000000000
60187  46.812  -2.465  49.104 0.0000000000
59075  46.585  -3.295  49.740 0.0000000000
59047  45.481  -3.607  50.681 0.0000000000
58009  45.552  -4.741  50.659 0.0000000000
56934  44.246  -6.310  51.563 0.0000000000
61205  41.887  -0.673  52.216 0.0000000000
60109  39.246  -2.527  53.960 0.0000000000
121018  37.055  -6.120  52.753 0.0000000000
112679  38.740  -3.196  53.188 0.0000000000
121881  39.118  -2.685  53.199 0.0000000000
107923  39.540  -2.257  52.294 0.0000000000
121942  40.313  -3.331  49.187 0.0000000000
124634  39.277  -3.913  49.004 0.0000000000
59080  39.664  -4.078  48.613 0.0000000000
56992  39.536  -5.706  47.379 0.0000000000
56994  38.289  -5.424  47.531 0.0000000000
123811  32.849  -11.286  44.638 0.0000000000
121521  32.353  -11.619  44.254 0.0000000000
48556  31.770  -13.776  53.437 0.0000000000
47507  30.083  -13.982  51.793 0.0000000000
48629  29.927  -13.730  48.134 0.0000000000
47601  29.251  -14.027  46.166 0.0000000000
46542  25.560  -15.547  50.300 0.0000000000
46541  26.264  -15.171  50.555 0.0000000000
47571  27.991  -14.593  47.168 0.0000000000
47602  28.606  -14.357  45.843 0.0000000000
58179  45.369  -4.407  35.564 0.0000000000
58205  45.408  -4.501  33.943 0.0000000000
55046  43.166  -7.202  35.096 0.0000000000
53972  41.024  -8.770  42.610 0.0000000000
43733  16.232  -18.985  53.729 0.0000000000
46321  20.561  -15.009  65.088 0.0000000000
47317  18.883  -13.984  65.426 0.0000000000
62277  47.220  0.149  47.260 0.0000000000
62290  46.974  0.151  46.865 0.0000000000
105786  21.090  -15.673  64.877 0.0000000000
122451  12.780  -15.923  59.605 0.0000000000
