#!ascii label  , from subject sub-v2s8x29193_ses-1 vox2ras=TkReg
1200
43602  7.295  -18.374  63.196 0.0000000000
57102  38.942  -5.832  37.658 0.0000000000
46486  23.410  -14.781  53.767 0.0000000000
51646  31.732  -10.675  56.080 0.0000000000
46490  16.659  -15.109  53.181 0.0000000000
49535  13.541  -12.463  60.565 0.0000000000
62440  46.423  -0.316  33.596 0.0000000000
60309  44.838  -2.039  40.663 0.0000000000
53939  32.459  -8.361  45.708 0.0000000000
67144  50.736  4.125  27.663 0.0000000000
44607  23.153  -17.031  59.055 0.0000000000
46372  10.253  -15.305  61.196 0.0000000000
61411  46.734  -1.692  37.060 0.0000000000
108464  42.737  -3.020  35.506 0.0000000000
57064  37.753  -5.949  41.859 0.0000000000
59170  40.593  -3.520  42.561 0.0000000000
54966  34.782  -7.393  41.125 0.0000000000
50695  27.693  -11.773  50.293 0.0000000000
122534  26.898  -12.196  55.049 0.0000000000
47406  19.393  -14.922  58.653 0.0000000000
103613  17.999  -13.261  61.491 0.0000000000
48531  14.615  -13.361  56.623 0.0000000000
45541  11.075  -16.753  57.201 0.0000000000
45576  20.072  -16.115  54.059 0.0000000000
63376  51.274  1.977  35.294 0.0000000000
62366  52.571  -0.852  39.922 0.0000000000
59232  41.862  -3.827  38.741 0.0000000000
58057  33.378  -4.564  46.620 0.0000000000
52787  32.588  -9.247  51.639 0.0000000000
65278  47.906  2.421  30.324 0.0000000000
113408  51.994  4.228  32.320 0.0000000000
66176  53.998  5.547  31.426 0.0000000000
44570  22.819  -17.300  61.231 0.0000000000
45463  8.754  -16.814  62.647 0.0000000000
48428  10.005  -13.770  63.925 0.0000000000
46313  8.295  -15.278  65.217 0.0000000000
61453  43.113  -1.765  33.676 0.0000000000
58082  37.244  -4.565  44.355 0.0000000000
59119  39.172  -3.127  45.015 0.0000000000
41590  3.845  -20.377  66.575 0.0000000000
54997  35.144  -7.661  39.584 0.0000000000
115373  23.171  -13.837  50.715 0.0000000000
49629  24.582  -12.258  51.237 0.0000000000
48551  24.883  -13.090  54.307 0.0000000000
47438  18.170  -15.002  56.344 0.0000000000
48516  17.306  -13.883  57.860 0.0000000000
47471  15.307  -14.128  54.523 0.0000000000
46488  18.265  -15.687  53.115 0.0000000000
46448  19.718  -15.646  56.659 0.0000000000
104431  16.052  -12.617  61.037 0.0000000000
63378  48.750  0.508  34.507 0.0000000000
63344  52.623  1.349  37.998 0.0000000000
62407  48.619  -0.529  36.512 0.0000000000
60345  46.275  -1.956  38.629 0.0000000000
61380  48.237  -1.429  40.512 0.0000000000
58183  38.646  -4.687  35.544 0.0000000000
58181  40.142  -4.257  35.895 0.0000000000
57100  40.274  -5.136  37.994 0.0000000000
53967  31.629  -7.697  43.279 0.0000000000
55964  31.933  -5.928  43.651 0.0000000000
103447  32.752  -6.285  45.691 0.0000000000
50669  29.375  -11.255  52.908 0.0000000000
50679  30.106  -11.108  50.802 0.0000000000
51679  32.101  -9.987  54.445 0.0000000000
63428  45.203  0.978  30.614 0.0000000000
65296  46.585  2.207  29.281 0.0000000000
63410  47.064  1.085  31.970 0.0000000000
64359  48.532  1.905  31.777 0.0000000000
68036  54.604  6.839  29.808 0.0000000000
105853  52.557  5.021  29.960 0.0000000000
67097  52.840  5.282  31.981 0.0000000000
66192  50.844  4.000  29.940 0.0000000000
46446  23.299  -15.835  56.453 0.0000000000
47436  24.727  -14.417  56.895 0.0000000000
46399  24.879  -16.011  59.601 0.0000000000
48470  11.449  -13.277  60.328 0.0000000000
50577  13.692  -11.485  63.559 0.0000000000
50580  11.106  -11.641  63.714 0.0000000000
62455  44.669  -0.362  32.438 0.0000000000
61430  46.972  -1.095  35.823 0.0000000000
111491  44.605  -1.364  33.925 0.0000000000
60384  44.193  -2.468  35.663 0.0000000000
60363  44.116  -2.828  37.262 0.0000000000
55998  38.143  -6.485  40.118 0.0000000000
57073  39.490  -5.279  40.456 0.0000000000
58110  39.421  -4.221  42.670 0.0000000000
51825  30.618  -10.427  45.771 0.0000000000
108885  33.404  -9.509  57.378 0.0000000000
42641  5.717  -19.857  63.458 0.0000000000
44517  6.429  -17.528  65.460 0.0000000000
43576  5.162  -18.338  66.483 0.0000000000
56038  36.947  -6.489  36.820 0.0000000000
56022  36.769  -7.181  38.943 0.0000000000
55983  36.254  -6.773  41.690 0.0000000000
103716  35.799  -5.400  44.001 0.0000000000
49660  25.605  -12.220  49.326 0.0000000000
50671  26.827  -11.628  52.204 0.0000000000
50638  29.146  -11.671  55.287 0.0000000000
48515  26.540  -13.394  57.514 0.0000000000
49573  28.748  -12.646  57.633 0.0000000000
46382  20.996  -15.571  61.132 0.0000000000
47326  20.690  -13.970  64.081 0.0000000000
47372  19.174  -14.322  60.243 0.0000000000
118987  16.508  -13.203  58.692 0.0000000000
49564  14.136  -12.803  58.883 0.0000000000
46477  13.875  -15.590  54.707 0.0000000000
47444  12.838  -14.659  56.891 0.0000000000
47425  11.794  -14.545  58.137 0.0000000000
46409  10.564  -15.420  59.472 0.0000000000
44588  9.538  -17.647  59.818 0.0000000000
43641  7.879  -18.934  60.811 0.0000000000
46543  22.298  -15.422  50.870 0.0000000000
107166  20.632  -16.436  51.062 0.0000000000
45590  22.201  -16.047  54.044 0.0000000000
116597  21.623  -16.374  56.000 0.0000000000
45519  20.983  -16.341  58.441 0.0000000000
61406  53.263  -1.347  38.624 0.0000000000
61408  48.955  -1.274  38.414 0.0000000000
60395  40.701  -2.978  34.441 0.0000000000
59253  42.517  -3.451  36.656 0.0000000000
59218  43.316  -2.929  39.691 0.0000000000
58141  41.155  -4.133  40.247 0.0000000000
59204  42.487  -3.232  40.779 0.0000000000
54968  32.449  -7.348  41.317 0.0000000000
57047  33.813  -5.518  43.934 0.0000000000
59110  35.394  -3.665  46.915 0.0000000000
51784  30.352  -10.594  47.653 0.0000000000
52820  32.388  -9.154  48.700 0.0000000000
53823  34.039  -8.158  55.434 0.0000000000
114680  34.228  -7.368  51.921 0.0000000000
54870  33.656  -7.010  49.172 0.0000000000
56981  34.130  -4.293  48.995 0.0000000000
59064  34.400  -2.850  49.598 0.0000000000
105285  49.268  3.490  29.226 0.0000000000
65276  49.326  2.903  30.797 0.0000000000
64347  50.308  2.408  32.949 0.0000000000
44554  23.591  -17.591  63.090 0.0000000000
44543  8.158  -17.219  63.078 0.0000000000
45447  8.533  -16.576  63.442 0.0000000000
45448  7.926  -16.978  63.855 0.0000000000
59121  37.594  -3.630  45.557 0.0000000000
59107  38.112  -3.082  46.035 0.0000000000
40572  2.496  -21.859  66.210 0.0000000000
47497  23.416  -14.173  52.524 0.0000000000
48567  23.719  -13.406  52.106 0.0000000000
47467  24.346  -13.734  54.403 0.0000000000
46474  16.969  -15.056  54.135 0.0000000000
47469  16.815  -14.612  55.019 0.0000000000
47485  15.472  -14.492  53.853 0.0000000000
46526  17.292  -15.542  51.635 0.0000000000
46489  17.440  -15.382  53.394 0.0000000000
110934  17.967  -15.435  54.087 0.0000000000
49534  14.463  -12.518  60.422 0.0000000000
49519  14.250  -12.347  61.407 0.0000000000
63379  47.885  0.184  34.186 0.0000000000
62428  48.172  -0.117  34.953 0.0000000000
62429  47.411  -0.381  34.679 0.0000000000
60329  45.803  -1.868  39.574 0.0000000000
60307  46.323  -1.477  40.716 0.0000000000
57112  38.557  -5.609  36.795 0.0000000000
57111  39.352  -5.306  36.968 0.0000000000
57101  39.682  -5.409  37.614 0.0000000000
52889  31.556  -9.477  44.860 0.0000000000
53955  32.061  -7.707  44.047 0.0000000000
54940  32.449  -6.468  44.846 0.0000000000
54922  32.783  -7.527  46.230 0.0000000000
51668  30.614  -10.959  54.863 0.0000000000
103306  30.813  -10.613  53.230 0.0000000000
51655  31.859  -10.326  55.305 0.0000000000
63403  45.836  0.464  32.001 0.0000000000
63411  46.449  0.897  31.739 0.0000000000
63402  46.614  0.572  32.395 0.0000000000
63401  47.360  0.716  32.688 0.0000000000
67142  52.382  4.525  27.843 0.0000000000
67132  51.788  4.353  28.618 0.0000000000
67122  51.693  4.455  29.918 0.0000000000
67133  50.780  4.059  28.849 0.0000000000
45532  23.032  -16.495  57.584 0.0000000000
46418  24.110  -15.389  57.803 0.0000000000
45498  24.275  -16.556  59.222 0.0000000000
48471  10.747  -13.593  60.931 0.0000000000
49523  10.998  -12.579  62.027 0.0000000000
48442  10.576  -13.183  62.334 0.0000000000
48399  9.615  -13.317  65.669 0.0000000000
49478  10.669  -11.883  65.125 0.0000000000
62456  43.926  -0.576  32.391 0.0000000000
61451  45.020  -0.888  33.452 0.0000000000
120993  43.664  -0.947  32.880 0.0000000000
60406  42.516  -2.194  33.990 0.0000000000
60393  43.638  -2.231  34.942 0.0000000000
60385  43.374  -2.762  35.551 0.0000000000
60375  44.606  -2.570  36.463 0.0000000000
60376  43.778  -2.879  36.301 0.0000000000
57063  38.311  -5.778  41.469 0.0000000000
103267  38.924  -5.519  41.017 0.0000000000
57052  38.800  -4.789  42.491 0.0000000000
62466  44.211  -0.098  31.771 0.0000000000
42626  5.219  -19.497  65.068 0.0000000000
42633  4.744  -20.078  64.897 0.0000000000
56039  36.185  -6.689  36.540 0.0000000000
103524  36.818  -7.098  38.079 0.0000000000
55013  36.168  -7.334  38.443 0.0000000000
54982  35.224  -7.523  40.438 0.0000000000
54981  35.886  -7.412  40.141 0.0000000000
56001  35.667  -7.239  40.983 0.0000000000
57045  36.485  -5.563  43.439 0.0000000000
55961  35.714  -5.874  43.297 0.0000000000
49682  24.008  -12.532  48.467 0.0000000000
49609  25.489  -12.210  53.370 0.0000000000
50672  25.972  -11.745  51.969 0.0000000000
50660  26.990  -11.737  53.582 0.0000000000
50648  27.854  -11.690  54.186 0.0000000000
50639  28.356  -11.787  55.078 0.0000000000
113148  25.613  -14.273  58.307 0.0000000000
48499  25.892  -13.799  57.686 0.0000000000
103399  26.783  -13.699  59.056 0.0000000000
48480  28.866  -13.038  59.212 0.0000000000
49571  30.384  -12.401  58.350 0.0000000000
46383  20.364  -15.168  60.599 0.0000000000
104533  19.797  -14.492  61.009 0.0000000000
47390  19.240  -14.557  59.426 0.0000000000
48529  16.032  -13.411  56.711 0.0000000000
48501  16.922  -13.522  58.273 0.0000000000
48518  15.746  -13.179  57.298 0.0000000000
49563  15.017  -12.804  58.747 0.0000000000
48519  14.930  -13.052  57.265 0.0000000000
45578  13.806  -16.282  53.945 0.0000000000
45566  11.829  -17.032  55.776 0.0000000000
46465  12.772  -15.915  55.784 0.0000000000
46451  11.622  -15.881  57.032 0.0000000000
47424  12.600  -14.248  57.628 0.0000000000
46439  11.551  -15.288  57.731 0.0000000000
46408  11.157  -14.714  58.963 0.0000000000
113879  11.057  -15.975  57.890 0.0000000000
44589  8.873  -18.020  60.666 0.0000000000
121900  22.065  -15.286  48.474 0.0000000000
123706  21.564  -15.886  48.947 0.0000000000
45636  19.574  -16.319  51.693 0.0000000000
45613  20.626  -16.359  52.609 0.0000000000
106216  21.084  -16.353  51.946 0.0000000000
45591  21.472  -16.273  53.593 0.0000000000
45561  21.541  -16.292  55.229 0.0000000000
112017  21.000  -16.313  54.909 0.0000000000
46435  19.333  -15.341  57.242 0.0000000000
46434  20.352  -15.869  57.834 0.0000000000
114062  20.199  -15.538  58.737 0.0000000000
45486  20.940  -15.836  60.231 0.0000000000
48436  19.458  -13.700  62.737 0.0000000000
45422  5.778  -16.724  66.796 0.0000000000
46310  6.678  -15.547  66.625 0.0000000000
64307  52.929  2.900  36.397 0.0000000000
62392  53.032  0.761  38.702 0.0000000000
63333  53.759  0.671  38.602 0.0000000000
60324  53.141  -1.419  39.720 0.0000000000
60326  52.078  -2.383  40.732 0.0000000000
61420  46.505  -1.571  36.404 0.0000000000
61418  47.976  -1.058  36.980 0.0000000000
61410  47.375  -1.565  37.548 0.0000000000
111465  50.054  -1.862  42.083 0.0000000000
58170  41.232  -4.024  36.986 0.0000000000
59254  41.757  -3.657  36.393 0.0000000000
108282  42.247  -3.665  38.112 0.0000000000
120545  42.856  -3.382  38.206 0.0000000000
59231  42.583  -3.413  38.954 0.0000000000
113033  40.344  -4.284  41.368 0.0000000000
58132  40.304  -4.609  40.537 0.0000000000
58119  40.795  -3.778  41.833 0.0000000000
54969  31.290  -6.997  41.459 0.0000000000
57015  32.702  -5.231  45.259 0.0000000000
57048  32.556  -5.558  44.020 0.0000000000
58071  33.607  -4.572  45.712 0.0000000000
113269  34.366  -4.356  45.859 0.0000000000
59111  34.247  -3.793  47.107 0.0000000000
49678  26.865  -12.363  48.004 0.0000000000
117760  28.234  -11.927  48.420 0.0000000000
120332  31.324  -10.314  51.258 0.0000000000
51750  30.524  -10.722  49.564 0.0000000000
52809  31.708  -9.867  49.712 0.0000000000
52821  31.775  -9.736  48.910 0.0000000000
124208  32.194  -9.523  50.156 0.0000000000
53824  33.634  -8.797  55.712 0.0000000000
55876  34.606  -6.554  52.326 0.0000000000
54854  33.747  -7.597  50.545 0.0000000000
55894  34.502  -6.141  50.868 0.0000000000
55904  34.050  -6.296  49.334 0.0000000000
56937  34.695  -5.166  50.940 0.0000000000
65279  47.154  2.177  30.014 0.0000000000
66194  48.882  3.200  29.672 0.0000000000
66179  49.417  3.218  30.250 0.0000000000
65277  48.734  2.851  30.261 0.0000000000
64334  48.948  1.310  33.272 0.0000000000
106219  49.301  1.849  32.713 0.0000000000
64333  50.261  1.959  33.616 0.0000000000
64332  51.964  3.041  34.507 0.0000000000
112487  53.997  6.424  30.750 0.0000000000
67098  52.479  4.947  32.096 0.0000000000
66160  52.572  3.922  33.340 0.0000000000
66161  51.658  3.438  32.889 0.0000000000
44585  22.910  -17.426  60.398 0.0000000000
44584  23.576  -17.457  60.262 0.0000000000
44568  23.970  -17.716  61.964 0.0000000000
46373  9.742  -15.889  61.736 0.0000000000
47347  9.889  -14.849  62.783 0.0000000000
46338  9.430  -15.417  63.317 0.0000000000
47320  8.895  -14.854  64.827 0.0000000000
48400  8.967  -13.840  65.994 0.0000000000
61455  41.510  -1.857  33.107 0.0000000000
116677  41.878  -2.172  33.663 0.0000000000
57044  37.266  -5.159  43.511 0.0000000000
58081  38.113  -4.396  43.898 0.0000000000
59120  38.366  -3.387  45.284 0.0000000000
60228  38.909  -2.822  45.787 0.0000000000
107882  3.725  -21.027  65.030 0.0000000000
40580  3.117  -21.496  65.552 0.0000000000
40564  2.778  -21.201  67.848 0.0000000000
55025  34.944  -7.631  37.895 0.0000000000
54983  34.475  -7.712  40.376 0.0000000000
49641  24.280  -12.426  49.947 0.0000000000
48579  24.115  -12.753  51.662 0.0000000000
49610  24.823  -12.487  52.953 0.0000000000
49601  25.544  -12.567  54.279 0.0000000000
47420  18.814  -14.905  57.799 0.0000000000
47407  17.946  -14.372  57.897 0.0000000000
47439  17.383  -14.469  56.473 0.0000000000
47422  16.621  -13.873  56.583 0.0000000000
47457  15.195  -13.755  55.178 0.0000000000
107465  10.531  -17.634  57.345 0.0000000000
43689  9.977  -18.559  56.150 0.0000000000
45616  18.152  -15.770  52.070 0.0000000000
45594  19.058  -15.924  53.298 0.0000000000
45563  20.325  -16.159  54.884 0.0000000000
120307  19.021  -15.592  55.389 0.0000000000
103614  19.006  -15.422  56.194 0.0000000000
49516  17.405  -12.902  61.588 0.0000000000
63377  49.883  1.011  34.840 0.0000000000
63365  51.618  1.969  36.157 0.0000000000
63366  50.239  0.839  35.627 0.0000000000
62405  51.064  0.537  37.460 0.0000000000
62394  50.093  -0.474  38.006 0.0000000000
60361  46.574  -1.947  37.707 0.0000000000
60344  47.087  -1.755  38.411 0.0000000000
60327  46.882  -1.676  39.194 0.0000000000
61355  47.833  -1.575  41.597 0.0000000000
59268  39.751  -3.927  35.212 0.0000000000
58182  39.396  -4.498  35.745 0.0000000000
58171  40.499  -4.415  36.652 0.0000000000
58150  40.918  -4.546  38.573 0.0000000000
59169  41.446  -3.217  42.363 0.0000000000
54960  30.603  -6.524  41.973 0.0000000000
116919  31.185  -6.638  42.669 0.0000000000
55955  31.762  -6.047  43.621 0.0000000000
55943  32.482  -5.480  44.953 0.0000000000
57006  33.167  -4.941  46.760 0.0000000000
103655  29.036  -11.364  51.995 0.0000000000
50694  29.395  -11.426  50.558 0.0000000000
51699  29.826  -11.142  52.103 0.0000000000
51697  30.893  -10.579  52.460 0.0000000000
52774  32.219  -9.682  52.430 0.0000000000
64373  45.086  1.381  29.782 0.0000000000
64391  45.793  1.754  29.520 0.0000000000
112103  45.830  1.403  30.326 0.0000000000
64372  46.493  1.784  30.101 0.0000000000
64371  47.174  1.795  30.699 0.0000000000
65268  47.938  1.998  31.013 0.0000000000
64349  47.841  1.242  32.250 0.0000000000
63400  48.116  0.903  32.968 0.0000000000
67141  53.438  4.889  28.135 0.0000000000
120795  53.333  5.715  29.942 0.0000000000
67120  53.306  5.931  30.867 0.0000000000
67096  53.478  5.776  31.317 0.0000000000
118103  52.879  5.642  31.423 0.0000000000
67106  52.446  5.190  31.529 0.0000000000
66178  51.023  3.984  30.657 0.0000000000
46457  23.292  -15.358  55.119 0.0000000000
105516  24.331  -14.483  56.060 0.0000000000
46432  24.005  -15.122  56.873 0.0000000000
47405  24.885  -14.895  58.297 0.0000000000
47389  25.483  -15.127  59.776 0.0000000000
48469  12.198  -12.770  60.090 0.0000000000
49520  13.284  -12.270  61.456 0.0000000000
49521  12.367  -12.278  61.562 0.0000000000
50579  11.750  -11.470  63.460 0.0000000000
48427  10.448  -13.008  63.416 0.0000000000
50568  11.097  -11.306  64.936 0.0000000000
62454  45.401  -0.156  32.562 0.0000000000
62430  46.619  -0.669  34.474 0.0000000000
62431  46.019  -0.765  34.029 0.0000000000
61440  45.910  -1.140  34.620 0.0000000000
61421  45.799  -1.850  36.142 0.0000000000
61442  43.805  -1.800  34.179 0.0000000000
60392  44.587  -1.855  34.937 0.0000000000
60373  46.020  -2.090  36.977 0.0000000000
60362  45.141  -2.468  37.310 0.0000000000
60346  45.331  -2.292  38.451 0.0000000000
118774  44.608  -2.480  38.694 0.0000000000
56020  38.211  -6.397  38.106 0.0000000000
57082  39.467  -5.631  39.148 0.0000000000
57074  38.868  -5.892  40.299 0.0000000000
58120  39.603  -4.787  41.315 0.0000000000
59171  39.955  -3.759  42.794 0.0000000000
59150  38.923  -3.901  43.836 0.0000000000
123887  39.864  -3.341  43.739 0.0000000000
59148  40.306  -3.267  43.323 0.0000000000
52871  31.832  -9.351  45.748 0.0000000000
51631  32.870  -9.998  57.075 0.0000000000
64393  44.272  1.424  29.278 0.0000000000
63429  44.416  0.946  30.098 0.0000000000
62465  44.994  0.170  31.878 0.0000000000
67168  51.044  4.989  25.870 0.0000000000
67158  50.621  4.482  26.578 0.0000000000
42640  6.348  -19.431  63.207 0.0000000000
44545  7.020  -18.125  63.976 0.0000000000
43589  6.422  -18.584  64.399 0.0000000000
44518  5.780  -17.938  65.917 0.0000000000
44506  5.233  -17.107  67.307 0.0000000000
42622  4.362  -19.932  66.191 0.0000000000
57113  37.670  -6.027  36.596 0.0000000000
57114  36.821  -6.122  36.155 0.0000000000
57103  38.181  -6.146  37.317 0.0000000000
56021  37.485  -6.834  38.525 0.0000000000
56012  37.429  -6.899  39.503 0.0000000000
55999  37.252  -6.861  40.415 0.0000000000
54996  36.016  -7.424  39.268 0.0000000000
56000  36.469  -7.096  40.709 0.0000000000
55970  37.135  -6.334  41.865 0.0000000000
57055  36.933  -5.650  43.064 0.0000000000
58083  36.606  -4.645  44.747 0.0000000000
59122  36.801  -3.850  45.834 0.0000000000
50718  26.385  -12.110  49.749 0.0000000000
104709  24.920  -12.115  50.007 0.0000000000
50697  25.717  -11.978  50.255 0.0000000000
106980  27.304  -11.681  50.958 0.0000000000
106028  28.438  -11.457  52.640 0.0000000000
50646  29.455  -11.408  54.615 0.0000000000
50637  30.509  -11.290  55.677 0.0000000000
48528  24.832  -13.791  55.737 0.0000000000
49586  25.953  -13.008  55.896 0.0000000000
49585  26.712  -12.768  56.229 0.0000000000
48498  27.342  -13.398  58.619 0.0000000000
49562  27.952  -12.952  58.115 0.0000000000
49583  28.421  -12.422  56.702 0.0000000000
49582  29.132  -12.292  56.945 0.0000000000
50619  30.506  -11.960  57.395 0.0000000000
107639  31.325  -11.650  57.673 0.0000000000
45458  21.869  -15.906  62.615 0.0000000000
46351  20.785  -14.626  62.865 0.0000000000
47358  19.577  -13.964  61.866 0.0000000000
48466  18.335  -13.594  60.925 0.0000000000
48483  18.043  -13.888  59.219 0.0000000000
103453  17.949  -13.623  60.014 0.0000000000
48467  17.586  -13.267  60.806 0.0000000000
49549  16.232  -12.739  60.117 0.0000000000
49551  14.715  -12.644  59.542 0.0000000000
49552  13.806  -12.603  59.694 0.0000000000
46475  14.930  -14.679  53.431 0.0000000000
47472  14.817  -14.180  54.669 0.0000000000
47458  14.573  -13.964  55.406 0.0000000000
45564  13.129  -16.370  54.869 0.0000000000
46464  13.509  -15.380  55.415 0.0000000000
47443  13.559  -14.239  56.472 0.0000000000
47423  13.338  -13.911  57.157 0.0000000000
48505  12.981  -13.315  58.503 0.0000000000
48488  12.545  -12.954  59.495 0.0000000000
48489  11.936  -13.312  59.526 0.0000000000
47395  10.746  -14.598  59.820 0.0000000000
46390  10.383  -15.381  60.337 0.0000000000
44612  10.302  -17.387  58.231 0.0000000000
45509  9.980  -16.794  59.669 0.0000000000
46391  9.914  -16.223  60.890 0.0000000000
44575  9.361  -17.186  60.977 0.0000000000
44576  8.715  -17.733  61.522 0.0000000000
43627  7.710  -18.767  61.608 0.0000000000
42650  7.118  -19.203  62.021 0.0000000000
41619  5.832  -20.243  62.023 0.0000000000
47544  23.020  -13.912  49.850 0.0000000000
47531  22.628  -14.700  50.278 0.0000000000
47498  22.968  -14.837  52.156 0.0000000000
46544  21.722  -15.944  50.571 0.0000000000
108817  22.136  -15.887  52.451 0.0000000000
46487  22.820  -15.507  53.653 0.0000000000
46458  22.642  -15.925  55.308 0.0000000000
45549  22.778  -16.342  56.931 0.0000000000
45533  22.349  -16.614  57.525 0.0000000000
46447  20.372  -16.059  56.338 0.0000000000
45535  21.037  -16.437  57.593 0.0000000000
45517  22.514  -16.928  59.003 0.0000000000
45485  22.229  -17.087  60.494 0.0000000000
45471  22.214  -16.605  61.696 0.0000000000
45426  7.319  -16.349  65.272 0.0000000000
47299  7.693  -14.613  66.476 0.0000000000
63353  53.445  2.080  37.324 0.0000000000
62408  47.777  -0.803  36.176 0.0000000000
62395  48.832  -0.786  37.395 0.0000000000
61397  50.169  -1.061  39.059 0.0000000000
61398  48.588  -1.520  39.348 0.0000000000
112493  50.558  -1.368  40.289 0.0000000000
61352  51.607  -1.814  41.497 0.0000000000
60407  41.172  -2.371  33.683 0.0000000000
60386  42.111  -3.047  35.196 0.0000000000
59267  40.416  -3.826  35.464 0.0000000000
59266  41.582  -3.447  35.603 0.0000000000
59265  42.310  -3.344  35.889 0.0000000000
59252  43.267  -3.196  36.905 0.0000000000
60348  44.024  -2.766  38.283 0.0000000000
60331  44.147  -2.545  39.420 0.0000000000
57091  40.174  -5.162  38.870 0.0000000000
57081  40.662  -4.626  39.558 0.0000000000
58149  41.428  -4.102  39.326 0.0000000000
58118  41.585  -3.471  41.667 0.0000000000
59205  41.714  -3.630  40.891 0.0000000000
111256  42.026  -3.644  39.385 0.0000000000
59219  42.577  -3.318  39.908 0.0000000000
60310  44.066  -2.353  40.665 0.0000000000
106546  32.878  -8.108  39.620 0.0000000000
54967  33.727  -7.504  41.205 0.0000000000
120569  32.151  -6.289  42.605 0.0000000000
55973  33.241  -6.439  42.588 0.0000000000
55972  34.447  -6.522  42.561 0.0000000000
119302  35.096  -5.154  44.451 0.0000000000
58070  35.339  -4.438  45.609 0.0000000000
59109  36.472  -3.554  46.614 0.0000000000
50740  29.185  -11.426  48.986 0.0000000000
51801  30.436  -10.515  46.727 0.0000000000
52834  31.765  -9.592  47.540 0.0000000000
52850  32.285  -9.078  47.057 0.0000000000
52726  32.572  -9.792  55.362 0.0000000000
52741  33.184  -8.999  54.208 0.0000000000
53846  33.556  -8.556  53.469 0.0000000000
53845  34.077  -7.886  53.709 0.0000000000
53853  33.306  -8.625  51.726 0.0000000000
53863  33.286  -8.341  50.814 0.0000000000
53882  33.252  -7.790  49.008 0.0000000000
54903  32.912  -7.759  47.199 0.0000000000
54902  33.305  -6.955  47.560 0.0000000000
112569  33.727  -5.556  48.134 0.0000000000
58028  33.742  -4.543  48.022 0.0000000000
59037  34.662  -3.326  51.190 0.0000000000
124253  34.329  -3.046  49.794 0.0000000000
59099  33.942  -3.730  47.816 0.0000000000
59083  34.877  -2.863  48.579 0.0000000000
66214  49.835  4.086  27.062 0.0000000000
66201  49.941  3.848  28.004 0.0000000000
117560  49.933  3.748  29.096 0.0000000000
66193  49.909  3.603  29.971 0.0000000000
65265  50.901  3.426  31.834 0.0000000000
109829  49.144  2.534  31.408 0.0000000000
65266  49.890  2.942  31.534 0.0000000000
65256  50.553  2.886  32.403 0.0000000000
65255  51.373  2.929  33.335 0.0000000000
45443  22.653  -16.647  64.060 0.0000000000
109033  23.093  -16.947  63.580 0.0000000000
44561  7.852  -17.912  62.745 0.0000000000
44544  7.603  -17.682  63.527 0.0000000000
59108  37.346  -3.352  46.322 0.0000000000
60217  37.892  -2.826  46.804 0.0000000000
114521  23.547  -14.304  53.214 0.0000000000
47483  23.878  -14.012  53.754 0.0000000000
47484  16.154  -14.714  53.700 0.0000000000
62439  47.142  -0.098  33.893 0.0000000000
60330  45.027  -2.192  39.538 0.0000000000
60308  45.581  -1.691  40.759 0.0000000000
53940  32.096  -8.637  44.861 0.0000000000
53954  32.396  -7.582  44.813 0.0000000000
51656  31.192  -10.826  55.457 0.0000000000
51667  31.329  -10.521  54.633 0.0000000000
62453  46.139  0.035  32.832 0.0000000000
63390  46.877  0.234  33.137 0.0000000000
67143  51.517  4.370  27.318 0.0000000000
45516  22.875  -16.794  58.293 0.0000000000
45499  23.678  -16.624  58.785 0.0000000000
44595  23.794  -17.161  59.519 0.0000000000
47365  10.383  -14.388  61.412 0.0000000000
121758  10.536  -13.655  61.640 0.0000000000
62467  43.418  -0.377  31.740 0.0000000000
62457  43.185  -0.819  32.379 0.0000000000
60394  42.758  -2.562  34.858 0.0000000000
57053  38.196  -5.422  42.232 0.0000000000
41607  4.612  -20.486  64.163 0.0000000000
56051  35.490  -6.532  35.905 0.0000000000
56040  35.251  -7.133  36.624 0.0000000000
56031  35.908  -7.186  37.238 0.0000000000
55984  35.185  -6.949  41.806 0.0000000000
55971  35.534  -6.437  42.552 0.0000000000
49608  26.211  -12.001  53.882 0.0000000000
50649  26.948  -11.924  54.402 0.0000000000
50640  27.558  -11.949  55.043 0.0000000000
47388  26.055  -14.474  59.775 0.0000000000
47403  26.122  -14.021  58.964 0.0000000000
48482  26.702  -14.014  59.742 0.0000000000
46401  19.774  -15.028  59.306 0.0000000000
46384  19.755  -14.833  60.042 0.0000000000
48530  15.349  -13.276  56.568 0.0000000000
120700  11.498  -16.831  56.456 0.0000000000
45555  12.072  -16.313  56.178 0.0000000000
45593  19.813  -16.161  53.135 0.0000000000
45614  19.887  -16.305  52.311 0.0000000000
45592  20.646  -16.310  53.434 0.0000000000
45575  20.847  -16.313  54.241 0.0000000000
104682  19.644  -15.371  57.940 0.0000000000
46400  20.315  -15.394  59.701 0.0000000000
105055  19.104  -13.410  63.258 0.0000000000
45414  5.448  -16.324  67.513 0.0000000000
46305  5.674  -15.509  67.778 0.0000000000
64316  52.569  3.033  35.765 0.0000000000
62382  52.295  -0.094  39.230 0.0000000000
62381  53.361  0.012  39.235 0.0000000000
61376  53.205  -0.927  39.616 0.0000000000
60303  52.782  -1.631  40.212 0.0000000000
61377  52.371  -1.543  40.557 0.0000000000
61419  47.225  -1.302  36.654 0.0000000000
58160  41.538  -4.122  37.992 0.0000000000
58109  40.001  -4.129  42.076 0.0000000000
57014  32.904  -4.923  45.973 0.0000000000
57030  32.885  -4.898  45.390 0.0000000000
58072  33.220  -4.647  46.088 0.0000000000
58056  33.727  -4.250  46.450 0.0000000000
58040  33.669  -4.138  47.191 0.0000000000
105562  27.240  -12.074  49.612 0.0000000000
103898  27.556  -12.173  48.718 0.0000000000
50741  28.332  -11.776  49.324 0.0000000000
52788  31.935  -9.808  51.468 0.0000000000
52799  31.685  -9.957  50.582 0.0000000000
52798  32.341  -9.401  50.848 0.0000000000
56910  34.948  -5.873  52.948 0.0000000000
54838  34.413  -6.741  51.457 0.0000000000
55884  34.710  -5.960  51.602 0.0000000000
118035  34.903  -5.225  51.765 0.0000000000
65295  47.534  2.565  29.580 0.0000000000
65294  48.231  2.832  29.823 0.0000000000
66195  48.046  2.992  29.210 0.0000000000
63387  49.445  1.197  34.047 0.0000000000
64324  50.883  1.983  34.529 0.0000000000
67105  54.284  6.259  30.877 0.0000000000
67104  54.792  5.564  30.876 0.0000000000
66175  54.801  4.362  30.971 0.0000000000
44569  23.438  -17.491  61.049 0.0000000000
123655  23.373  -17.445  61.867 0.0000000000
45462  9.312  -16.397  62.230 0.0000000000
46357  9.552  -15.637  62.497 0.0000000000
45446  9.040  -16.111  62.964 0.0000000000
46328  8.648  -15.617  64.549 0.0000000000
46339  8.933  -15.916  63.821 0.0000000000
47307  9.233  -14.115  65.190 0.0000000000
47308  8.644  -14.595  65.584 0.0000000000
59137  37.836  -3.967  44.782 0.0000000000
40592  3.151  -21.375  64.647 0.0000000000
112862  2.428  -21.881  67.082 0.0000000000
119522  23.391  -13.395  50.131 0.0000000000
116383  23.575  -13.156  50.574 0.0000000000
48580  23.606  -13.237  51.246 0.0000000000
48558  24.427  -13.198  53.514 0.0000000000
48566  24.243  -12.917  52.550 0.0000000000
49602  25.002  -12.671  53.688 0.0000000000
48550  25.250  -13.006  54.864 0.0000000000
103485  18.079  -14.680  57.116 0.0000000000
47456  17.505  -14.802  55.701 0.0000000000
107840  15.951  -14.001  55.095 0.0000000000
104824  16.668  -14.227  55.804 0.0000000000
47440  15.811  -13.598  55.920 0.0000000000
46473  18.778  -15.726  53.997 0.0000000000
46462  17.703  -15.122  54.903 0.0000000000
46461  18.324  -15.266  55.566 0.0000000000
46436  18.767  -15.145  56.920 0.0000000000
49517  16.707  -12.614  61.811 0.0000000000
62418  48.407  -0.339  35.704 0.0000000000
62417  49.349  0.076  36.062 0.0000000000
62406  49.685  -0.159  36.922 0.0000000000
60328  46.446  -1.653  39.644 0.0000000000
61356  46.972  -1.607  41.748 0.0000000000
118512  39.054  -4.220  35.186 0.0000000000
58162  40.113  -5.004  37.183 0.0000000000
58161  40.789  -4.538  37.554 0.0000000000
54955  31.197  -6.614  42.718 0.0000000000
54950  31.604  -6.592  43.403 0.0000000000
124332  32.704  -5.337  45.574 0.0000000000
55934  32.954  -5.605  46.290 0.0000000000
51680  31.449  -10.330  53.772 0.0000000000
52759  31.502  -10.219  52.894 0.0000000000
52775  31.476  -10.231  52.042 0.0000000000
52758  32.147  -9.850  53.452 0.0000000000
104807  46.763  1.313  31.281 0.0000000000
118814  46.444  1.465  30.716 0.0000000000
64360  47.540  1.539  31.475 0.0000000000
63389  47.619  0.435  33.420 0.0000000000
63388  48.424  0.716  33.708 0.0000000000
67131  52.973  4.798  28.952 0.0000000000
67121  52.430  5.293  30.969 0.0000000000
66177  51.765  4.572  30.788 0.0000000000
104285  51.864  4.542  31.437 0.0000000000
107810  23.100  -15.766  55.768 0.0000000000
47437  23.640  -15.226  55.942 0.0000000000
45515  24.369  -15.850  58.675 0.0000000000
46417  25.031  -15.286  59.074 0.0000000000
49537  11.860  -12.624  60.882 0.0000000000
49504  11.270  -11.954  62.665 0.0000000000
119776  10.337  -14.053  63.092 0.0000000000
62441  45.653  -0.549  33.332 0.0000000000
62442  45.038  -0.580  32.956 0.0000000000
61441  45.427  -1.053  34.007 0.0000000000
110691  45.242  -1.425  34.575 0.0000000000
61432  45.615  -1.575  35.316 0.0000000000
61467  43.089  -1.275  33.025 0.0000000000
60383  45.034  -2.152  35.837 0.0000000000
60374  45.331  -2.293  36.532 0.0000000000
60347  44.631  -2.581  37.965 0.0000000000
56011  38.202  -6.540  39.078 0.0000000000
57083  38.846  -6.096  39.522 0.0000000000
57062  38.862  -5.160  41.760 0.0000000000
109641  39.346  -4.611  42.058 0.0000000000
59136  38.648  -3.683  44.497 0.0000000000
59135  39.468  -3.377  44.188 0.0000000000
59134  40.202  -2.975  44.038 0.0000000000
60239  40.818  -2.379  44.488 0.0000000000
51844  31.028  -10.178  44.920 0.0000000000
112512  31.261  -9.916  45.526 0.0000000000
109382  44.529  0.492  31.024 0.0000000000
42631  6.058  -19.256  63.975 0.0000000000
43581  5.398  -18.845  65.655 0.0000000000
44512  5.511  -17.525  66.634 0.0000000000
41600  3.716  -20.840  65.853 0.0000000000
41589  4.067  -20.372  66.027 0.0000000000
57120  38.195  -5.302  36.024 0.0000000000
57121  37.368  -5.523  35.744 0.0000000000
56050  36.159  -6.231  35.823 0.0000000000
56030  37.434  -6.612  37.514 0.0000000000
55014  35.418  -7.570  38.638 0.0000000000
111654  36.984  -6.743  41.162 0.0000000000
55960  36.533  -6.102  42.669 0.0000000000
57027  36.546  -5.068  44.136 0.0000000000
58069  36.284  -4.394  45.376 0.0000000000
49680  25.244  -12.395  48.500 0.0000000000
49679  26.067  -12.387  48.532 0.0000000000
121376  24.569  -12.243  50.536 0.0000000000
49640  25.088  -11.959  50.790 0.0000000000
50683  25.845  -11.781  51.091 0.0000000000
50682  26.671  -11.668  51.389 0.0000000000
50681  27.451  -11.599  51.629 0.0000000000
104302  28.234  -11.531  51.809 0.0000000000
50670  27.631  -11.559  52.397 0.0000000000
50647  28.806  -11.567  54.437 0.0000000000
50645  29.923  -11.361  55.116 0.0000000000
105667  29.791  -11.657  55.915 0.0000000000
47454  24.299  -14.101  55.213 0.0000000000
121040  24.905  -13.984  56.380 0.0000000000
48527  26.117  -13.327  56.793 0.0000000000
49575  26.959  -12.934  57.038 0.0000000000
49561  28.645  -12.906  58.457 0.0000000000
49574  27.806  -12.762  57.286 0.0000000000
103484  31.021  -11.548  56.934 0.0000000000
46365  21.242  -15.294  62.159 0.0000000000
46350  21.602  -15.209  63.419 0.0000000000
117503  19.081  -13.908  61.018 0.0000000000
105428  18.562  -14.370  58.742 0.0000000000
48500  17.684  -13.924  58.530 0.0000000000
48484  17.235  -13.465  59.156 0.0000000000
48468  17.053  -13.127  60.034 0.0000000000
48485  16.416  -12.967  59.329 0.0000000000
46476  14.522  -14.963  54.135 0.0000000000
46463  14.243  -14.759  55.046 0.0000000000
44661  12.479  -17.097  54.679 0.0000000000
46450  12.404  -15.468  56.572 0.0000000000
46449  13.164  -15.057  56.177 0.0000000000
47408  12.444  -13.799  58.324 0.0000000000
48506  12.463  -13.326  58.947 0.0000000000
47409  11.783  -13.871  58.865 0.0000000000
46425  10.792  -15.638  58.697 0.0000000000
44600  10.133  -17.124  59.049 0.0000000000
45491  9.768  -16.804  60.271 0.0000000000
43640  8.436  -18.615  60.520 0.0000000000
43626  8.303  -18.379  61.199 0.0000000000
43615  8.094  -18.139  61.968 0.0000000000
42662  6.576  -19.763  61.575 0.0000000000
42651  6.504  -19.622  62.429 0.0000000000
109608  22.120  -15.453  50.038 0.0000000000
47513  22.805  -14.729  51.245 0.0000000000
105021  20.660  -16.415  49.614 0.0000000000
45655  21.036  -16.351  50.408 0.0000000000
45612  21.526  -16.238  52.677 0.0000000000
46506  21.768  -16.057  51.898 0.0000000000
45611  22.189  -15.970  53.181 0.0000000000
46505  22.634  -15.488  52.706 0.0000000000
46472  22.730  -15.732  54.547 0.0000000000
117690  22.092  -16.241  55.488 0.0000000000
45550  21.944  -16.502  56.784 0.0000000000
45534  21.625  -16.547  57.378 0.0000000000
46459  19.803  -15.896  55.689 0.0000000000
45518  21.859  -16.709  58.177 0.0000000000
45501  21.703  -16.669  59.066 0.0000000000
45500  22.271  -17.079  59.676 0.0000000000
110109  21.562  -16.588  59.921 0.0000000000
105315  21.503  -16.383  60.820 0.0000000000
124438  21.549  -15.924  61.629 0.0000000000
119094  21.275  -14.606  64.228 0.0000000000
49502  12.975  -11.838  62.351 0.0000000000
49501  13.982  -11.936  62.405 0.0000000000
44528  6.730  -17.851  64.730 0.0000000000
45437  7.045  -17.114  65.025 0.0000000000
45427  6.703  -16.741  65.687 0.0000000000
47300  7.012  -14.611  66.956 0.0000000000
46309  7.330  -15.232  66.222 0.0000000000
47294  7.688  -13.835  67.052 0.0000000000
48387  7.502  -13.526  67.822 0.0000000000
63354  52.187  1.818  37.088 0.0000000000
63343  53.567  1.344  38.169 0.0000000000
61395  53.611  -0.674  39.147 0.0000000000
62420  47.001  -0.780  35.136 0.0000000000
61409  48.172  -1.309  37.725 0.0000000000
61399  47.625  -1.585  39.269 0.0000000000
61379  49.558  -1.469  40.819 0.0000000000
103488  50.915  -1.648  41.724 0.0000000000
61353  50.849  -1.921  42.032 0.0000000000
60305  51.551  -2.039  41.676 0.0000000000
60408  40.340  -2.495  33.545 0.0000000000
120460  41.789  -2.620  34.398 0.0000000000
118447  41.420  -3.122  34.980 0.0000000000
59230  43.378  -3.063  38.708 0.0000000000
57072  39.912  -5.158  39.737 0.0000000000
59189  42.408  -3.058  41.595 0.0000000000
59220  41.863  -3.674  40.072 0.0000000000
54985  32.115  -7.855  40.453 0.0000000000
55986  32.855  -6.848  41.981 0.0000000000
55974  31.493  -6.146  42.940 0.0000000000
106915  33.049  -5.091  44.636 0.0000000000
55963  33.487  -5.947  43.249 0.0000000000
55962  34.721  -6.003  43.249 0.0000000000
115290  34.151  -5.104  44.534 0.0000000000
58055  34.804  -4.058  46.355 0.0000000000
58054  35.899  -4.032  46.119 0.0000000000
59097  36.073  -3.249  47.413 0.0000000000
50716  29.231  -11.462  49.739 0.0000000000
51736  29.977  -11.183  50.028 0.0000000000
51767  30.446  -10.660  48.668 0.0000000000
51768  29.649  -11.117  48.272 0.0000000000
51785  29.707  -11.001  47.399 0.0000000000
121947  30.055  -10.734  47.140 0.0000000000
111832  31.914  -9.555  48.237 0.0000000000
52851  31.723  -9.548  46.697 0.0000000000
52833  32.419  -8.992  47.868 0.0000000000
51644  32.752  -9.933  56.232 0.0000000000
124196  33.169  -9.576  56.633 0.0000000000
52725  33.173  -9.203  55.122 0.0000000000
53836  33.644  -8.613  54.876 0.0000000000
106503  33.719  -8.421  54.165 0.0000000000
54822  34.274  -7.420  52.853 0.0000000000
119110  34.420  -7.205  53.635 0.0000000000
122569  33.870  -8.114  52.970 0.0000000000
54823  33.877  -8.043  52.245 0.0000000000
54839  33.803  -7.911  51.417 0.0000000000
54869  33.917  -6.958  49.936 0.0000000000
115384  33.544  -7.501  49.722 0.0000000000
53890  33.145  -7.735  48.073 0.0000000000
54885  33.476  -7.045  48.395 0.0000000000
56965  34.358  -5.471  49.546 0.0000000000
56966  34.025  -5.433  48.738 0.0000000000
57983  34.942  -3.539  52.017 0.0000000000
59036  34.812  -2.807  51.681 0.0000000000
59065  34.137  -3.280  49.117 0.0000000000
124433  34.282  -2.905  49.010 0.0000000000
59084  34.187  -3.294  48.516 0.0000000000
67159  49.558  4.523  26.475 0.0000000000
65297  45.767  2.127  28.853 0.0000000000
66202  49.124  3.601  28.271 0.0000000000
118278  49.277  3.822  27.432 0.0000000000
66168  50.210  3.460  30.841 0.0000000000
65267  48.581  2.467  30.894 0.0000000000
64358  49.543  2.439  32.115 0.0000000000
64346  51.216  2.644  33.690 0.0000000000
67140  54.459  5.675  28.187 0.0000000000
67129  54.910  6.923  29.045 0.0000000000
44560  8.465  -17.499  62.318 0.0000000000
45435  8.336  -16.326  64.223 0.0000000000
46329  7.960  -15.971  64.890 0.0000000000
47512  23.258  -13.994  51.667 0.0000000000
48559  23.857  -13.638  52.954 0.0000000000
47470  16.098  -14.437  54.382 0.0000000000
46507  17.299  -15.442  52.547 0.0000000000
49518  15.182  -12.476  61.273 0.0000000000
103787  15.938  -12.394  62.183 0.0000000000
49500  15.069  -12.125  62.612 0.0000000000
63367  49.046  0.294  35.285 0.0000000000
58173  38.982  -5.026  36.247 0.0000000000
115482  31.801  -8.809  44.033 0.0000000000
54949  32.050  -6.581  44.120 0.0000000000
115625  32.636  -7.308  45.449 0.0000000000
54921  33.056  -6.717  46.682 0.0000000000
50668  30.096  -10.991  53.509 0.0000000000
51681  30.710  -10.717  54.043 0.0000000000
64361  45.971  1.047  31.151 0.0000000000
46433  23.476  -15.945  57.262 0.0000000000
46419  23.605  -16.179  58.059 0.0000000000
47379  10.890  -13.934  60.211 0.0000000000
48455  11.176  -12.871  61.201 0.0000000000
48456  10.771  -13.111  61.560 0.0000000000
49505  10.792  -12.225  62.935 0.0000000000
48413  9.801  -13.551  64.790 0.0000000000
48412  10.313  -12.866  64.415 0.0000000000
61452  44.375  -0.851  33.078 0.0000000000
60405  43.156  -2.108  34.312 0.0000000000
55981  38.408  -6.061  40.811 0.0000000000
41612  5.061  -20.355  63.512 0.0000000000
42632  5.330  -19.818  64.287 0.0000000000
42627  4.804  -19.644  65.617 0.0000000000
112009  36.606  -6.913  37.327 0.0000000000
121724  36.253  -7.212  37.797 0.0000000000
49661  24.582  -12.354  49.133 0.0000000000
49616  25.330  -11.989  52.501 0.0000000000
49628  25.189  -11.912  51.623 0.0000000000
50661  26.232  -11.805  52.922 0.0000000000
106018  27.075  -11.631  52.870 0.0000000000
50659  27.762  -11.570  53.203 0.0000000000
123569  28.661  -11.878  55.601 0.0000000000
47418  25.178  -14.331  57.604 0.0000000000
47435  25.371  -13.884  56.932 0.0000000000
122593  26.017  -13.905  58.323 0.0000000000
106579  26.541  -13.628  58.275 0.0000000000
49548  29.557  -12.890  59.703 0.0000000000
49560  29.489  -12.748  58.563 0.0000000000
46366  20.577  -14.861  61.565 0.0000000000
48517  16.591  -13.566  57.413 0.0000000000
112462  16.174  -13.179  58.042 0.0000000000
48486  15.852  -12.899  58.682 0.0000000000
48502  15.364  -12.992  58.006 0.0000000000
48503  14.516  -12.965  58.072 0.0000000000
45565  12.372  -16.774  55.389 0.0000000000
46438  12.056  -14.970  57.303 0.0000000000
46424  11.275  -15.215  58.294 0.0000000000
43652  9.266  -18.496  59.084 0.0000000000
43639  8.860  -18.530  59.888 0.0000000000
42672  8.133  -19.082  59.945 0.0000000000
46561  22.073  -15.376  49.140 0.0000000000
105841  19.948  -16.467  51.081 0.0000000000
45635  20.369  -16.408  51.741 0.0000000000
123346  20.853  -16.403  51.498 0.0000000000
123474  21.066  -16.368  53.069 0.0000000000
45573  22.149  -16.120  54.844 0.0000000000
45574  21.558  -16.259  54.480 0.0000000000
45562  20.803  -16.271  55.674 0.0000000000
106756  20.415  -15.981  57.056 0.0000000000
118984  19.888  -15.607  57.342 0.0000000000
45502  20.940  -16.065  59.337 0.0000000000
44511  6.113  -17.147  66.146 0.0000000000
45421  6.376  -16.347  66.351 0.0000000000
46304  6.348  -15.143  67.362 0.0000000000
62380  53.765  -0.013  39.064 0.0000000000
60342  53.108  -1.689  39.474 0.0000000000
60343  52.405  -2.502  39.691 0.0000000000
61354  48.900  -1.747  41.702 0.0000000000
60396  39.882  -2.919  33.942 0.0000000000
59255  40.940  -3.894  36.011 0.0000000000
59245  41.990  -3.728  37.276 0.0000000000
59244  42.710  -3.456  37.486 0.0000000000
58131  40.965  -3.995  41.077 0.0000000000
59188  43.276  -2.602  41.673 0.0000000000
122198  31.638  -7.984  40.099 0.0000000000
57031  32.551  -5.519  44.740 0.0000000000
124224  32.294  -5.825  44.289 0.0000000000
57029  33.555  -4.804  45.092 0.0000000000
51717  30.728  -10.705  51.055 0.0000000000
51735  30.604  -10.742  50.344 0.0000000000
123016  31.118  -10.424  50.646 0.0000000000
51749  31.137  -10.333  49.998 0.0000000000
51766  31.153  -10.280  49.165 0.0000000000
51783  31.220  -10.120  48.190 0.0000000000
52808  32.312  -9.337  49.487 0.0000000000
53815  33.662  -9.010  56.666 0.0000000000
106509  34.245  -8.418  57.183 0.0000000000
53814  34.101  -8.324  56.264 0.0000000000
123697  34.115  -7.330  51.224 0.0000000000
54853  34.209  -6.885  50.702 0.0000000000
55903  34.327  -6.276  50.108 0.0000000000
56950  34.525  -5.587  50.289 0.0000000000
108740  34.532  -4.710  49.989 0.0000000000
66203  48.577  3.320  28.810 0.0000000000
67118  54.571  6.721  30.248 0.0000000000
67103  55.231  5.950  30.452 0.0000000000
66167  52.779  4.560  32.764 0.0000000000
65253  52.586  3.528  33.685 0.0000000000
44596  22.971  -17.330  59.684 0.0000000000
104875  24.135  -17.530  61.040 0.0000000000
46356  9.927  -15.017  61.953 0.0000000000
47332  9.762  -14.647  63.618 0.0000000000
46327  9.270  -15.211  64.138 0.0000000000
47319  9.516  -14.391  64.409 0.0000000000
48390  9.310  -13.012  66.512 0.0000000000
61454  42.345  -1.699  33.227 0.0000000000
57054  37.413  -5.687  42.620 0.0000000000
57043  38.093  -4.993  43.013 0.0000000000
113121  4.244  -20.619  64.737 0.0000000000
40571  3.212  -21.315  66.587 0.0000000000
54998  34.281  -7.873  39.599 0.0000000000
49630  24.036  -12.642  50.741 0.0000000000
49617  24.670  -12.315  52.096 0.0000000000
49600  26.297  -12.316  54.695 0.0000000000
47421  17.317  -14.150  57.227 0.0000000000
47441  14.963  -13.498  55.892 0.0000000000
109953  11.290  -17.550  55.786 0.0000000000
44634  10.964  -17.519  56.566 0.0000000000
118849  10.467  -18.099  56.606 0.0000000000
45615  19.078  -16.054  52.436 0.0000000000
45577  19.413  -15.948  53.864 0.0000000000
46460  19.415  -15.864  54.685 0.0000000000
112191  18.544  -15.504  54.787 0.0000000000
124566  19.208  -15.384  56.758 0.0000000000
63355  50.611  0.703  36.490 0.0000000000
62393  51.646  0.354  38.440 0.0000000000
62383  51.042  -0.461  38.865 0.0000000000
61381  47.134  -1.403  40.382 0.0000000000
59269  39.082  -3.742  34.637 0.0000000000
58172  39.751  -4.771  36.423 0.0000000000
122086  41.453  -4.158  38.666 0.0000000000
54970  30.425  -6.880  41.641 0.0000000000
55988  30.870  -6.730  42.231 0.0000000000
55965  31.418  -6.166  43.081 0.0000000000
55954  32.184  -5.788  44.259 0.0000000000
104761  28.028  -11.643  51.024 0.0000000000
50717  28.585  -11.617  50.341 0.0000000000
105654  28.822  -11.544  51.168 0.0000000000
50680  29.580  -11.304  51.348 0.0000000000
51718  30.264  -10.978  51.531 0.0000000000
51698  30.244  -10.923  52.721 0.0000000000
123923  30.423  -10.852  52.117 0.0000000000
51716  30.865  -10.617  51.747 0.0000000000
64392  45.007  1.849  28.864 0.0000000000
64348  48.513  1.409  32.607 0.0000000000
67130  53.977  6.057  29.325 0.0000000000
67119  53.999  6.570  30.339 0.0000000000
112766  51.229  3.900  31.330 0.0000000000
46471  23.215  -15.233  54.334 0.0000000000
47468  23.742  -14.548  54.586 0.0000000000
47455  23.837  -14.717  55.396 0.0000000000
47419  24.574  -14.798  57.505 0.0000000000
47404  25.528  -14.662  59.030 0.0000000000
45484  24.489  -16.872  59.719 0.0000000000
45483  24.963  -16.670  60.335 0.0000000000
107142  25.593  -15.839  60.401 0.0000000000
46491  15.683  -14.765  53.007 0.0000000000
49553  12.952  -12.614  59.897 0.0000000000
49536  12.650  -12.478  60.700 0.0000000000
49522  11.608  -12.418  61.788 0.0000000000
49503  12.011  -11.840  62.440 0.0000000000
50578  12.656  -11.410  63.394 0.0000000000
50566  12.394  -10.962  64.598 0.0000000000
47346  10.273  -14.189  62.188 0.0000000000
49490  10.667  -11.948  64.009 0.0000000000
61431  46.412  -1.143  35.198 0.0000000000
109961  46.268  -1.448  35.779 0.0000000000
108803  43.774  -1.359  33.445 0.0000000000
109082  45.884  -2.216  37.774 0.0000000000
56010  38.911  -6.073  38.633 0.0000000000
109666  39.327  -5.637  39.835 0.0000000000
58098  38.827  -4.342  43.219 0.0000000000
59149  39.533  -3.734  43.391 0.0000000000
60253  40.964  -2.596  43.691 0.0000000000
52890  31.259  -9.769  43.967 0.0000000000
51633  31.741  -11.102  57.003 0.0000000000
113459  32.306  -10.428  56.622 0.0000000000
63412  45.320  0.629  31.323 0.0000000000
43617  6.947  -19.025  62.831 0.0000000000
43603  6.698  -18.809  63.612 0.0000000000
43590  5.788  -19.059  64.798 0.0000000000
43580  6.113  -18.310  65.179 0.0000000000
41599  4.245  -20.366  65.474 0.0000000000
43582  4.777  -19.168  66.368 0.0000000000
43572  4.569  -18.694  67.165 0.0000000000
44513  4.895  -17.847  67.194 0.0000000000
113661  4.702  -17.406  67.784 0.0000000000
55982  37.726  -6.367  41.109 0.0000000000
55024  35.682  -7.421  37.896 0.0000000000
56013  36.662  -7.222  39.846 0.0000000000
58068  37.076  -4.174  45.103 0.0000000000
110745  25.880  -12.475  47.819 0.0000000000
49659  26.651  -12.284  49.000 0.0000000000
50696  26.688  -11.851  50.482 0.0000000000
50658  28.605  -11.472  53.540 0.0000000000
50657  29.390  -11.303  53.883 0.0000000000
50656  30.024  -11.102  54.328 0.0000000000
50627  31.104  -11.204  56.255 0.0000000000
48541  24.820  -13.491  55.012 0.0000000000
115473  25.429  -13.559  56.195 0.0000000000
48540  25.343  -13.277  55.479 0.0000000000
49594  25.783  -12.765  55.126 0.0000000000
49593  26.478  -12.568  55.445 0.0000000000
49592  27.229  -12.336  55.681 0.0000000000
48514  27.184  -13.169  57.804 0.0000000000
49584  27.563  -12.567  56.456 0.0000000000
50630  28.117  -12.093  55.828 0.0000000000
50629  28.994  -11.960  56.163 0.0000000000
49572  29.687  -12.384  57.567 0.0000000000
50620  29.744  -11.960  56.740 0.0000000000
50628  30.439  -11.624  56.478 0.0000000000
46349  22.237  -15.840  63.870 0.0000000000
47357  20.178  -14.347  61.967 0.0000000000
47340  20.118  -13.990  62.879 0.0000000000
48437  18.750  -13.484  62.040 0.0000000000
47391  18.622  -14.106  59.661 0.0000000000
47373  18.643  -13.912  60.355 0.0000000000
49532  16.843  -12.853  60.863 0.0000000000
49550  15.597  -12.719  59.417 0.0000000000
49533  15.371  -12.595  60.262 0.0000000000
118000  14.948  -14.408  54.087 0.0000000000
47442  14.265  -13.799  56.122 0.0000000000
118858  12.922  -17.024  54.091 0.0000000000
47459  13.876  -14.498  55.772 0.0000000000
48532  13.957  -13.637  56.725 0.0000000000
48520  14.028  -13.287  57.397 0.0000000000
48504  13.672  -13.119  58.297 0.0000000000
48521  13.162  -13.569  57.876 0.0000000000
48487  13.207  -12.905  59.085 0.0000000000
47394  11.314  -13.935  59.599 0.0000000000
47380  10.564  -14.525  60.632 0.0000000000
45542  10.688  -16.815  57.824 0.0000000000
45526  10.544  -16.509  58.474 0.0000000000
45508  10.373  -16.265  59.219 0.0000000000
45490  10.165  -16.150  59.976 0.0000000000
116631  9.508  -16.599  61.573 0.0000000000
45476  9.077  -17.084  61.906 0.0000000000
43616  7.527  -18.585  62.408 0.0000000000
42661  7.255  -19.346  61.190 0.0000000000
121226  5.988  -19.912  62.807 0.0000000000
41620  5.419  -20.308  62.824 0.0000000000
103311  4.826  -20.621  62.884 0.0000000000
48616  22.982  -13.872  49.009 0.0000000000
47545  22.598  -14.580  49.437 0.0000000000
46504  23.168  -14.911  53.004 0.0000000000
46562  21.496  -16.045  49.620 0.0000000000
45634  21.330  -16.250  51.235 0.0000000000
46525  21.923  -15.855  51.278 0.0000000000
46524  22.391  -15.514  51.800 0.0000000000
45560  22.505  -16.210  56.094 0.0000000000
45551  21.092  -16.402  56.695 0.0000000000
124754  22.596  -17.321  60.031 0.0000000000
44527  7.334  -17.415  64.292 0.0000000000
45436  7.670  -16.706  64.604 0.0000000000
103727  6.952  -15.944  65.896 0.0000000000
46314  7.643  -15.631  65.562 0.0000000000
47309  7.966  -14.936  65.861 0.0000000000
47298  8.291  -14.258  66.288 0.0000000000
48391  8.560  -13.461  66.797 0.0000000000
62419  47.614  -0.600  35.415 0.0000000000
61396  51.410  -0.885  39.747 0.0000000000
103588  47.924  -1.566  38.401 0.0000000000
121276  49.476  -1.406  39.458 0.0000000000
61378  51.739  -1.429  40.920 0.0000000000
60304  52.261  -1.889  40.936 0.0000000000
60424  40.748  -1.991  33.035 0.0000000000
59278  40.320  -3.522  34.991 0.0000000000
59277  40.905  -3.484  35.244 0.0000000000
59264  43.028  -3.179  36.101 0.0000000000
59243  43.396  -3.161  37.792 0.0000000000
57092  39.590  -5.570  38.313 0.0000000000
59203  43.267  -2.761  40.710 0.0000000000
54984  33.415  -7.908  40.273 0.0000000000
55985  34.105  -7.023  41.898 0.0000000000
55987  31.546  -6.549  42.232 0.0000000000
57056  32.289  -5.908  43.192 0.0000000000
57046  34.935  -5.537  43.905 0.0000000000
57013  34.553  -4.742  45.155 0.0000000000
57028  35.779  -4.900  44.793 0.0000000000
51751  29.847  -11.138  49.208 0.0000000000
51800  31.108  -10.103  47.186 0.0000000000
51824  31.165  -10.011  46.287 0.0000000000
121057  32.254  -9.038  46.353 0.0000000000
51645  32.255  -10.233  55.906 0.0000000000
52711  33.181  -9.410  55.940 0.0000000000
52742  32.717  -9.496  54.629 0.0000000000
112210  32.603  -9.510  53.994 0.0000000000
122575  32.911  -9.227  53.208 0.0000000000
52773  32.922  -9.093  52.326 0.0000000000
54804  34.372  -7.483  55.174 0.0000000000
55848  34.701  -6.771  54.898 0.0000000000
54813  34.386  -7.344  54.354 0.0000000000
53835  34.049  -7.996  54.621 0.0000000000
109342  33.446  -8.628  52.646 0.0000000000
53864  32.833  -8.883  51.047 0.0000000000
53874  32.720  -8.887  50.219 0.0000000000
53883  32.798  -8.615  49.298 0.0000000000
53873  33.224  -8.116  49.931 0.0000000000
53891  32.810  -8.425  48.463 0.0000000000
116353  32.604  -8.510  47.324 0.0000000000
53918  32.565  -8.419  46.649 0.0000000000
55913  33.765  -6.302  48.606 0.0000000000
55922  33.536  -6.212  47.890 0.0000000000
55933  33.328  -5.977  47.104 0.0000000000
56995  33.504  -5.236  47.499 0.0000000000
58041  33.534  -4.454  47.241 0.0000000000
57984  34.852  -4.360  51.499 0.0000000000
107591  34.601  -4.002  50.610 0.0000000000
59051  34.735  -2.659  51.034 0.0000000000
59052  34.468  -3.108  50.405 0.0000000000
103681  34.379  -3.610  49.754 0.0000000000
58027  33.938  -3.792  48.322 0.0000000000
59098  34.852  -3.334  47.803 0.0000000000
59082  35.703  -2.916  48.077 0.0000000000
65246  52.219  3.178  34.245 0.0000000000
45656  20.267  -16.480  50.401 0.0000000000
53903  32.799  -8.288  47.795 0.0000000000
60325  52.793  -1.893  40.229 0.0000000000
104329  6.005  -15.903  67.009 0.0000000000
116678  33.708  -4.050  47.677 0.0000000000
119233  22.374  -15.035  49.734 0.0000000000
