#!ascii label  , from subject sub-v2s8x29193_ses-1 vox2ras=TkReg
294
14617  39.928  -53.854  16.322 0.0000000000
13344  45.845  -56.661  8.110 0.0000000000
13933  48.037  -54.770  18.423 0.0000000000
12584  42.826  -57.571  13.319 0.0000000000
13306  51.628  -55.607  12.646 0.0000000000
12545  51.143  -55.776  16.007 0.0000000000
11910  50.834  -58.487  15.172 0.0000000000
12626  44.653  -57.879  10.399 0.0000000000
12644  38.602  -57.413  9.965 0.0000000000
116595  43.950  -55.088  17.598 0.0000000000
12528  46.108  -57.177  16.661 0.0000000000
12581  47.058  -57.340  13.415 0.0000000000
113970  48.533  -56.120  10.621 0.0000000000
12635  51.440  -56.749  9.773 0.0000000000
17262  39.405  -50.702  17.066 0.0000000000
15249  42.208  -52.887  18.744 0.0000000000
13900  44.720  -54.788  19.527 0.0000000000
13309  38.214  -56.940  12.391 0.0000000000
11889  50.695  -58.273  16.929 0.0000000000
12637  45.387  -57.497  9.741 0.0000000000
123517  43.028  -58.204  9.624 0.0000000000
13935  45.658  -54.853  17.886 0.0000000000
105412  47.440  -55.478  17.678 0.0000000000
13277  51.052  -55.875  14.265 0.0000000000
12546  48.114  -57.193  15.181 0.0000000000
13292  49.875  -56.131  13.657 0.0000000000
12608  47.509  -56.798  12.094 0.0000000000
13317  50.612  -55.616  11.840 0.0000000000
13340  51.354  -55.762  8.410 0.0000000000
14568  42.239  -54.063  19.531 0.0000000000
15233  43.362  -53.451  19.052 0.0000000000
119277  42.733  -55.622  19.477 0.0000000000
107073  42.696  -57.489  14.334 0.0000000000
12602  40.521  -57.516  12.652 0.0000000000
14023  37.296  -55.563  8.282 0.0000000000
118108  36.902  -55.365  9.726 0.0000000000
13895  49.113  -55.448  18.766 0.0000000000
13226  48.864  -55.504  17.599 0.0000000000
13224  51.252  -55.809  17.446 0.0000000000
108933  52.180  -55.898  16.414 0.0000000000
12565  52.291  -55.911  14.032 0.0000000000
12612  43.504  -57.850  11.688 0.0000000000
12614  41.467  -57.775  11.471 0.0000000000
12629  41.759  -58.054  10.593 0.0000000000
12642  40.280  -57.808  9.278 0.0000000000
13378  46.054  -56.400  6.919 0.0000000000
14615  41.552  -54.200  17.037 0.0000000000
13257  43.251  -57.151  16.050 0.0000000000
12570  44.410  -57.562  14.339 0.0000000000
12526  47.986  -57.045  16.192 0.0000000000
12569  46.034  -57.528  14.825 0.0000000000
115026  45.148  -57.663  12.928 0.0000000000
12598  45.796  -57.564  12.373 0.0000000000
12624  46.380  -57.268  10.985 0.0000000000
13334  47.141  -56.558  9.388 0.0000000000
13322  51.849  -55.958  10.925 0.0000000000
13323  51.314  -55.779  10.446 0.0000000000
109769  49.354  -55.756  8.778 0.0000000000
13355  47.562  -56.176  7.586 0.0000000000
16590  38.679  -50.835  15.490 0.0000000000
15932  39.880  -52.073  16.590 0.0000000000
15920  40.474  -51.862  17.563 0.0000000000
15274  41.377  -53.219  17.216 0.0000000000
14603  42.961  -53.523  17.735 0.0000000000
14587  45.035  -53.787  18.863 0.0000000000
14564  46.448  -53.944  19.039 0.0000000000
13193  45.248  -56.411  19.583 0.0000000000
13190  47.891  -55.425  19.390 0.0000000000
12617  38.356  -57.317  11.477 0.0000000000
15284  38.692  -53.153  15.546 0.0000000000
15293  37.983  -53.072  14.946 0.0000000000
14628  39.051  -54.014  15.709 0.0000000000
12650  45.219  -57.302  8.808 0.0000000000
12651  44.377  -57.449  8.556 0.0000000000
14599  47.081  -54.394  18.514 0.0000000000
115823  45.870  -55.561  17.644 0.0000000000
121933  47.311  -54.708  18.151 0.0000000000
13291  51.427  -55.668  13.480 0.0000000000
104122  49.866  -55.869  12.799 0.0000000000
11956  51.370  -57.231  8.099 0.0000000000
110951  43.007  -54.675  19.580 0.0000000000
105782  42.127  -57.517  13.669 0.0000000000
12585  41.440  -57.463  13.552 0.0000000000
110464  41.969  -57.567  12.875 0.0000000000
14676  36.903  -54.806  8.368 0.0000000000
13210  50.665  -55.869  18.158 0.0000000000
12500  50.604  -56.858  18.523 0.0000000000
11894  50.701  -58.491  16.017 0.0000000000
11888  51.812  -56.909  16.448 0.0000000000
11893  51.597  -57.395  15.607 0.0000000000
13275  52.152  -55.740  14.969 0.0000000000
11909  52.120  -56.695  14.797 0.0000000000
12627  44.021  -57.996  11.061 0.0000000000
121974  43.005  -57.867  11.614 0.0000000000
12628  42.695  -58.161  10.413 0.0000000000
12641  41.278  -58.063  8.978 0.0000000000
12654  39.904  -57.422  8.389 0.0000000000
12655  39.133  -57.019  8.187 0.0000000000
14614  42.356  -54.414  17.311 0.0000000000
111490  41.732  -55.259  16.829 0.0000000000
13949  43.382  -55.784  17.244 0.0000000000
12549  44.302  -57.509  15.176 0.0000000000
121660  44.853  -57.502  15.637 0.0000000000
12525  49.502  -56.235  16.755 0.0000000000
13240  47.904  -56.666  17.009 0.0000000000
105283  47.574  -57.273  14.213 0.0000000000
105857  46.490  -57.516  14.064 0.0000000000
106704  45.368  -57.594  13.945 0.0000000000
12582  46.060  -57.552  13.225 0.0000000000
12597  46.683  -57.322  12.642 0.0000000000
12623  48.039  -56.383  11.294 0.0000000000
121639  47.111  -56.902  11.352 0.0000000000
13325  47.353  -56.628  10.495 0.0000000000
12636  46.308  -57.121  10.045 0.0000000000
11335  47.278  -59.452  9.769 0.0000000000
11951  50.213  -57.648  9.402 0.0000000000
12622  50.247  -57.574  10.208 0.0000000000
12621  51.521  -56.589  10.532 0.0000000000
12634  51.782  -56.044  10.106 0.0000000000
13353  51.270  -55.752  7.417 0.0000000000
111038  50.579  -55.632  8.856 0.0000000000
13341  50.208  -55.617  8.061 0.0000000000
13342  48.829  -55.834  7.817 0.0000000000
109996  48.419  -56.086  7.104 0.0000000000
116461  38.752  -49.841  16.051 0.0000000000
16580  39.165  -50.515  16.344 0.0000000000
16589  39.144  -51.318  15.941 0.0000000000
16579  39.538  -51.240  16.572 0.0000000000
15235  41.300  -52.831  19.006 0.0000000000
105549  40.612  -51.963  18.083 0.0000000000
109687  41.129  -52.304  17.857 0.0000000000
15930  41.027  -52.504  17.407 0.0000000000
15919  41.736  -52.703  17.703 0.0000000000
14604  42.158  -53.350  17.501 0.0000000000
15261  42.585  -52.837  17.995 0.0000000000
14567  43.716  -53.938  19.333 0.0000000000
15232  44.143  -53.624  18.928 0.0000000000
14566  44.694  -54.042  19.242 0.0000000000
14586  45.960  -53.899  18.919 0.0000000000
13899  45.947  -54.472  19.387 0.0000000000
11860  46.092  -59.310  19.600 0.0000000000
12485  46.079  -57.027  19.530 0.0000000000
13191  47.029  -56.429  19.541 0.0000000000
106165  39.898  -57.775  10.824 0.0000000000
12615  40.443  -57.662  11.697 0.0000000000
12631  38.940  -57.575  10.741 0.0000000000
107739  43.697  -58.133  10.162 0.0000000000
13936  44.747  -54.949  17.742 0.0000000000
13229  44.217  -55.991  17.377 0.0000000000
13228  45.187  -56.011  17.489 0.0000000000
120219  49.173  -56.677  15.829 0.0000000000
12566  49.978  -56.435  15.132 0.0000000000
12567  49.021  -56.701  14.345 0.0000000000
12580  48.340  -56.748  13.429 0.0000000000
121294  47.519  -57.037  12.856 0.0000000000
12596  48.328  -56.527  12.635 0.0000000000
13307  48.889  -56.140  11.969 0.0000000000
103615  49.353  -55.876  11.187 0.0000000000
116863  51.705  -56.221  9.330 0.0000000000
12648  51.692  -56.365  8.542 0.0000000000
12661  51.733  -56.524  7.531 0.0000000000
14569  41.740  -53.403  19.361 0.0000000000
15248  43.011  -53.084  18.557 0.0000000000
111199  42.984  -53.815  19.410 0.0000000000
13901  44.000  -54.742  19.544 0.0000000000
12587  39.861  -57.354  13.192 0.0000000000
12604  38.895  -57.362  12.129 0.0000000000
118616  38.323  -57.129  9.375 0.0000000000
13326  37.824  -57.061  9.906 0.0000000000
14017  37.166  -56.027  9.004 0.0000000000
14674  36.803  -54.563  9.163 0.0000000000
13918  48.721  -55.074  18.555 0.0000000000
13932  49.445  -55.299  18.132 0.0000000000
13225  50.358  -55.669  17.613 0.0000000000
13239  51.432  -55.716  16.847 0.0000000000
13238  51.999  -55.794  16.804 0.0000000000
13256  52.100  -55.720  16.010 0.0000000000
13276  51.892  -55.613  15.078 0.0000000000
107676  52.098  -55.676  14.192 0.0000000000
111689  43.637  -57.651  12.948 0.0000000000
119351  42.015  -57.657  12.063 0.0000000000
12600  42.889  -57.706  12.276 0.0000000000
12630  40.829  -57.896  10.769 0.0000000000
123435  40.331  -57.855  10.163 0.0000000000
104160  42.106  -58.216  9.562 0.0000000000
104424  41.083  -58.075  9.892 0.0000000000
113619  39.154  -57.395  9.129 0.0000000000
13347  38.415  -56.868  8.685 0.0000000000
13365  37.799  -55.860  7.613 0.0000000000
13357  45.532  -56.475  7.330 0.0000000000
14616  40.773  -54.051  16.690 0.0000000000
14626  40.211  -54.900  16.193 0.0000000000
13952  40.954  -55.050  16.547 0.0000000000
12571  43.604  -57.499  14.730 0.0000000000
106447  43.608  -57.570  13.838 0.0000000000
12527  47.076  -57.097  16.561 0.0000000000
12547  46.814  -57.390  15.690 0.0000000000
12548  45.647  -57.490  15.674 0.0000000000
110229  45.099  -57.561  14.914 0.0000000000
12583  44.421  -57.627  13.424 0.0000000000
12599  44.351  -57.709  12.571 0.0000000000
109550  44.993  -57.785  12.071 0.0000000000
106348  44.837  -57.867  11.252 0.0000000000
12609  46.474  -57.274  11.835 0.0000000000
12610  45.637  -57.593  11.526 0.0000000000
12625  45.520  -57.591  10.660 0.0000000000
13335  46.130  -56.996  9.059 0.0000000000
116969  46.820  -56.434  8.329 0.0000000000
11935  51.795  -57.067  13.197 0.0000000000
11949  47.974  -58.768  10.045 0.0000000000
13315  52.069  -55.834  11.722 0.0000000000
13316  51.865  -55.612  12.012 0.0000000000
116478  51.599  -55.705  11.368 0.0000000000
106395  50.580  -55.645  11.045 0.0000000000
13324  49.788  -55.734  10.418 0.0000000000
13331  51.440  -55.853  9.357 0.0000000000
13332  50.290  -55.678  9.579 0.0000000000
13333  48.553  -56.054  9.708 0.0000000000
13343  47.993  -56.183  8.606 0.0000000000
13356  46.460  -56.344  7.430 0.0000000000
13377  47.121  -56.267  6.976 0.0000000000
17296  37.923  -50.119  14.099 0.0000000000
17286  38.337  -49.906  15.227 0.0000000000
16601  37.961  -51.014  14.462 0.0000000000
15943  38.629  -52.142  15.398 0.0000000000
15942  39.256  -52.169  16.017 0.0000000000
15283  39.458  -53.059  16.149 0.0000000000
16556  39.739  -51.547  18.286 0.0000000000
104418  40.002  -51.422  17.135 0.0000000000
15931  40.520  -52.129  17.003 0.0000000000
15275  40.683  -53.034  16.856 0.0000000000
13937  43.296  -54.535  17.549 0.0000000000
15247  43.625  -53.385  18.528 0.0000000000
15260  44.164  -53.664  18.340 0.0000000000
111890  44.211  -54.108  17.900 0.0000000000
14601  45.180  -54.118  18.383 0.0000000000
14600  46.221  -54.298  18.466 0.0000000000
14584  47.370  -54.283  18.964 0.0000000000
13192  46.195  -55.591  19.574 0.0000000000
110699  47.157  -55.150  19.464 0.0000000000
13897  47.597  -54.469  19.090 0.0000000000
12601  41.279  -57.583  12.288 0.0000000000
12616  39.356  -57.571  11.534 0.0000000000
13318  37.722  -56.871  11.751 0.0000000000
13327  37.429  -56.766  10.569 0.0000000000
14012  36.977  -55.958  10.557 0.0000000000
12499  51.221  -56.242  17.946 0.0000000000
12524  52.070  -56.163  16.904 0.0000000000
12544  52.270  -56.060  15.748 0.0000000000
12550  43.644  -57.404  15.464 0.0000000000
12568  46.959  -57.446  14.779 0.0000000000
12572  41.751  -57.400  14.310 0.0000000000
12579  52.299  -56.081  13.220 0.0000000000
12586  40.677  -57.402  13.420 0.0000000000
12603  39.675  -57.479  12.346 0.0000000000
12611  44.229  -57.824  11.812 0.0000000000
12613  43.217  -58.029  11.065 0.0000000000
12618  37.657  -57.049  11.165 0.0000000000
12632  38.065  -57.290  10.633 0.0000000000
12643  39.529  -57.669  10.020 0.0000000000
12653  40.754  -57.667  8.371 0.0000000000
13336  37.755  -56.670  9.190 0.0000000000
13339  51.712  -55.930  8.021 0.0000000000
13348  37.771  -56.281  8.418 0.0000000000
13352  51.779  -56.004  7.295 0.0000000000
13364  38.455  -56.478  7.865 0.0000000000
13896  48.416  -54.923  19.016 0.0000000000
13898  46.792  -54.409  19.284 0.0000000000
13902  41.388  -54.228  19.403 0.0000000000
13917  49.741  -55.474  18.297 0.0000000000
13919  48.001  -54.644  18.874 0.0000000000
13931  50.397  -55.634  17.874 0.0000000000
13934  46.580  -54.924  17.904 0.0000000000
13950  42.550  -55.506  17.082 0.0000000000
14563  47.025  -54.046  19.036 0.0000000000
14565  45.636  -53.955  19.110 0.0000000000
14585  46.746  -53.990  18.984 0.0000000000
14602  43.640  -53.609  17.923 0.0000000000
15234  42.602  -53.360  19.194 0.0000000000
15276  40.120  -52.816  16.576 0.0000000000
15336  36.670  -53.428  8.463 0.0000000000
15908  41.713  -52.552  18.268 0.0000000000
15909  40.877  -52.405  18.478 0.0000000000
15910  40.131  -52.068  18.579 0.0000000000
104297  37.263  -56.379  9.807 0.0000000000
104373  36.956  -55.301  8.888 0.0000000000
104981  42.433  -57.890  11.370 0.0000000000
105716  45.265  -54.389  19.388 0.0000000000
107655  43.390  -53.238  18.081 0.0000000000
112674  43.477  -55.649  19.552 0.0000000000
113909  36.730  -54.110  8.635 0.0000000000
118344  43.715  -57.730  12.262 0.0000000000
118918  51.686  -55.972  8.765 0.0000000000
121142  41.182  -57.515  12.955 0.0000000000
