#!ascii label  , from subject sub-v2s8x29247_ses-1 vox2ras=TkReg
1724
33793  -28.616  -44.745  -45.491 0.5000000000
33792  -27.360  -44.980  -45.255 0.4000000060
32960  -26.267  -45.373  -44.743 0.6000000238
33784  -28.026  -44.323  -44.805 0.6000000238
34681  -29.233  -43.319  -43.491 0.6000000238
34692  -28.658  -43.800  -44.157 0.5000000000
35672  -29.739  -42.803  -42.990 0.6000000238
33783  -26.786  -44.556  -44.560 0.6999999881
34691  -27.421  -43.853  -44.105 0.6999999881
35664  -31.093  -42.260  -42.709 0.5000000000
35663  -30.207  -42.242  -42.623 0.6999999881
35673  -30.674  -42.797  -43.224 0.5000000000
25034  -26.731  -53.580  -38.521 0.5000000000
33782  -25.794  -44.885  -44.074 0.6999999881
33775  -26.179  -44.114  -43.837 0.6999999881
35671  -28.730  -42.738  -42.868 0.6999999881
34679  -26.748  -43.354  -43.347 0.6999999881
35661  -28.103  -41.978  -42.564 0.6999999881
35670  -27.457  -42.700  -42.874 0.6999999881
36698  -30.506  -41.528  -42.192 0.6000000238
31077  -29.843  -47.166  -41.939 0.6999999881
32041  -29.427  -46.510  -41.682 0.6999999881
129111  -25.465  -45.007  -43.553 0.6999999881
113844  -26.045  -45.634  -42.864 0.6999999881
24114  -24.912  -54.260  -39.600 0.4000000060
33774  -25.452  -44.430  -43.346 0.6999999881
35662  -29.296  -42.163  -42.571 0.6999999881
36697  -29.745  -41.672  -42.306 0.6999999881
37686  -28.710  -40.565  -42.230 0.6999999881
37677  -31.085  -40.374  -41.627 0.6000000238
31073  -30.525  -47.138  -40.540 0.6999999881
32042  -30.008  -46.803  -41.193 0.6999999881
32040  -28.606  -46.206  -41.964 0.6999999881
32036  -29.627  -46.097  -41.102 0.6999999881
125467  -27.925  -52.439  -37.643 0.6000000238
32939  -28.379  -45.613  -41.582 0.6999999881
32946  -25.561  -44.883  -42.674 0.6999999881
32947  -27.401  -45.801  -42.253 0.6999999881
130906  -29.085  -45.980  -41.502 0.6999999881
25048  -25.061  -53.191  -39.689 0.5000000000
117858  -25.477  -53.979  -39.259 0.5000000000
34674  -25.931  -42.801  -42.766 0.6999999881
34678  -25.525  -43.642  -43.061 0.6999999881
33768  -28.436  -44.925  -41.193 0.6999999881
34677  -25.195  -43.899  -42.701 0.6999999881
114129  -27.482  -45.123  -41.627 0.6999999881
23186  -23.971  -54.919  -40.655 0.4000000060
35659  -25.013  -43.007  -42.260 0.6999999881
33767  -27.500  -44.400  -41.301 0.6999999881
33759  -28.445  -44.090  -40.893 0.6999999881
36696  -28.985  -41.439  -42.275 0.6999999881
131381  -26.541  -42.031  -42.631 0.6999999881
35657  -25.307  -42.226  -41.666 0.6999999881
34670  -25.619  -43.040  -41.520 0.6999999881
37676  -29.612  -40.192  -41.842 0.6999999881
116795  -24.985  -42.053  -42.013 0.6999999881
38713  -31.346  -39.591  -41.560 0.6000000238
38729  -29.764  -39.397  -42.040 0.6999999881
38728  -28.763  -39.725  -42.396 0.6999999881
40772  -32.177  -36.988  -43.261 0.5000000000
39721  -32.559  -37.512  -42.410 0.5000000000
40758  -35.171  -37.526  -42.567 0.4000000060
40757  -34.351  -37.413  -42.443 0.5000000000
32927  -30.603  -45.653  -39.772 0.6999999881
26967  -27.019  -51.359  -37.682 0.6000000238
32938  -26.436  -45.100  -42.156 0.6999999881
125625  -26.339  -52.792  -38.619 0.5000000000
33760  -29.369  -44.798  -40.660 0.6999999881
35656  -24.949  -42.892  -41.969 0.6999999881
133270  -28.084  -41.127  -42.460 0.6999999881
37683  -25.430  -40.742  -42.061 0.6999999881
40770  -30.486  -37.303  -43.462 0.6999999881
38712  -30.477  -39.848  -41.650 0.6999999881
118289  -30.899  -38.283  -42.266 0.6999999881
132295  -30.005  -38.679  -42.437 0.6999999881
40771  -31.288  -36.990  -43.560 0.6999999881
28991  -30.681  -49.041  -36.830 0.6999999881
30041  -31.202  -48.545  -37.487 0.6999999881
32023  -31.324  -46.989  -38.147 0.8000000119
29007  -29.821  -50.206  -36.927 0.6000000238
113834  -30.100  -49.561  -36.710 0.6000000238
120947  -31.269  -47.497  -38.863 0.8000000119
28990  -29.439  -49.635  -36.440 0.6000000238
28989  -28.631  -49.704  -36.276 0.6000000238
27995  -28.573  -51.033  -37.049 0.6000000238
27973  -29.057  -50.372  -36.668 0.6000000238
26990  -26.491  -51.662  -38.147 0.6000000238
32934  -30.144  -45.157  -40.164 0.6999999881
25970  -25.801  -52.351  -38.876 0.5000000000
26989  -25.755  -51.619  -38.560 0.6000000238
33755  -30.732  -44.786  -39.702 0.6999999881
134005  -28.748  -43.639  -40.636 0.6999999881
36695  -26.956  -41.181  -42.580 0.6999999881
35660  -25.202  -42.069  -42.236 0.6999999881
34663  -26.889  -43.139  -41.081 0.6999999881
39730  -29.298  -38.237  -43.217 0.8000000119
39718  -29.055  -38.998  -42.701 0.6999999881
36694  -25.734  -41.262  -42.368 0.6999999881
35646  -26.322  -42.359  -41.096 0.6999999881
130415  -29.811  -37.579  -43.427 0.8000000119
37685  -27.403  -40.338  -42.606 0.6999999881
37684  -26.093  -40.337  -42.394 0.6999999881
125932  -32.926  -37.092  -42.994 0.5000000000
40774  -34.784  -36.920  -42.988 0.5000000000
41820  -34.347  -36.392  -43.657 0.5000000000
41821  -35.309  -36.479  -43.495 0.4000000060
129689  -30.434  -48.423  -36.333 0.6000000238
31058  -31.268  -47.669  -37.373 0.6999999881
32019  -31.345  -46.763  -37.103 0.8000000119
30026  -29.899  -48.901  -36.251 0.6000000238
32915  -31.501  -45.989  -37.728 0.8000000119
32920  -31.301  -46.089  -38.564 0.8000000119
134010  -31.290  -45.613  -38.825 0.8000000119
27972  -28.165  -50.360  -36.644 0.6000000238
27971  -27.198  -50.221  -36.797 0.6000000238
32928  -31.220  -45.177  -39.143 0.8000000119
27009  -25.184  -51.935  -39.226 0.6000000238
26966  -26.194  -51.139  -37.942 0.6000000238
27993  -26.703  -50.701  -37.387 0.6000000238
34656  -30.830  -43.960  -39.759 0.6999999881
25993  -25.331  -52.555  -39.346 0.5000000000
34666  -30.038  -43.572  -40.164 0.6999999881
26009  -24.403  -52.849  -40.340 0.5000000000
25992  -24.742  -52.393  -39.711 0.5000000000
34665  -29.112  -43.188  -40.428 0.6999999881
34664  -28.075  -43.288  -40.719 0.6999999881
40769  -29.031  -37.442  -43.562 0.8000000119
39717  -28.052  -39.151  -43.036 0.8000000119
38726  -26.527  -39.412  -42.571 0.6999999881
38709  -25.515  -40.374  -41.973 0.6999999881
36673  -25.989  -41.512  -41.216 0.6999999881
38727  -27.582  -39.572  -42.790 0.6999999881
40773  -33.710  -36.848  -43.117 0.5000000000
30010  -30.062  -48.173  -35.871 0.6999999881
31032  -30.252  -47.545  -35.518 0.6999999881
31047  -30.597  -47.819  -36.082 0.6999999881
32014  -31.232  -46.595  -36.177 0.8000000119
32910  -31.589  -45.815  -36.664 0.8000000119
28970  -29.096  -49.076  -35.940 0.6999999881
31033  -30.816  -47.122  -35.730 0.8000000119
33742  -31.947  -45.118  -37.428 0.8000000119
112899  -31.579  -45.267  -38.366 0.8000000119
28988  -27.688  -49.676  -36.282 0.6000000238
33747  -31.639  -44.600  -38.720 0.6999999881
28013  -25.363  -50.938  -38.134 0.6000000238
34657  -31.557  -43.540  -39.342 0.8000000119
34647  -31.916  -43.930  -38.778 0.6999999881
26988  -24.889  -51.357  -38.807 0.6000000238
35639  -31.791  -42.637  -39.357 0.8000000119
26008  -23.710  -52.790  -40.854 0.4000000060
35647  -27.462  -42.530  -40.672 0.6999999881
35648  -28.364  -42.649  -40.483 0.6999999881
35650  -29.879  -42.849  -40.211 0.6999999881
24131  -23.292  -53.938  -42.040 0.4000000060
36675  -27.753  -41.247  -40.373 0.6999999881
35649  -29.115  -42.235  -40.309 0.6999999881
39729  -28.170  -38.533  -43.294 0.8000000119
123600  -27.061  -41.769  -40.648 0.6999999881
38696  -25.928  -40.313  -41.535 0.6999999881
41817  -30.617  -36.793  -43.911 0.8000000119
41818  -31.945  -36.601  -44.130 0.5000000000
42843  -34.639  -35.404  -44.882 0.5000000000
130653  -33.427  -36.416  -43.956 0.5000000000
42844  -35.684  -35.489  -44.421 0.4000000060
31014  -29.780  -47.409  -35.094 0.6000000238
129037  -30.491  -46.819  -35.037 0.6999999881
120961  -31.361  -46.002  -35.861 0.8000000119
33736  -32.063  -44.911  -36.510 0.8000000119
30008  -28.758  -48.524  -35.488 0.6999999881
28969  -28.234  -49.120  -35.811 0.6999999881
28987  -26.714  -49.588  -36.347 0.6000000238
33743  -32.320  -44.295  -37.161 0.8000000119
119535  -32.430  -43.700  -37.633 0.8000000119
34648  -32.356  -43.461  -38.284 0.8000000119
35638  -30.806  -43.009  -39.855 0.8999999762
128421  -32.139  -43.255  -38.901 0.8000000119
36661  -29.589  -41.408  -40.137 0.8000000119
35637  -30.203  -42.190  -40.083 0.8000000119
25991  -24.023  -52.273  -40.029 0.5000000000
37666  -28.450  -40.146  -40.174 0.8000000119
36676  -28.631  -41.384  -40.271 0.6999999881
41815  -28.555  -36.629  -43.674 0.8000000119
39728  -27.418  -37.930  -43.332 0.8000000119
39727  -26.664  -37.841  -43.031 0.8000000119
38710  -25.852  -39.626  -41.964 0.8000000119
121570  -27.629  -40.599  -40.417 0.6999999881
41816  -29.775  -36.833  -43.827 0.8000000119
38725  -25.881  -39.632  -42.070 0.8000000119
37664  -26.156  -40.823  -41.146 0.6999999881
39715  -26.612  -37.723  -42.684 0.8000000119
127242  -30.398  -36.413  -44.342 0.8000000119
40766  -26.712  -37.050  -42.908 0.8000000119
41828  -32.721  -36.294  -44.553 0.6000000238
41827  -31.734  -36.085  -45.058 0.6000000238
41829  -33.777  -35.947  -44.584 0.5000000000
32006  -31.065  -46.425  -35.427 0.6999999881
30007  -27.880  -48.517  -35.380 0.6000000238
32902  -31.301  -45.828  -35.333 0.6999999881
33737  -32.319  -44.080  -36.339 0.6999999881
28968  -27.242  -49.084  -35.777 0.6000000238
31030  -28.478  -47.951  -35.061 0.6000000238
31013  -29.076  -47.397  -34.801 0.6000000238
30006  -26.868  -48.450  -35.369 0.6000000238
27969  -25.561  -50.065  -36.998 0.6000000238
28967  -26.259  -49.003  -35.801 0.6000000238
34641  -32.524  -43.483  -36.963 0.6999999881
28012  -24.419  -50.814  -38.155 0.5000000000
26987  -23.947  -51.275  -38.814 0.3000000119
112955  -31.616  -41.138  -39.369 0.8000000119
36663  -31.527  -41.855  -39.511 0.8000000119
120278  -29.902  -40.602  -39.845 0.8000000119
36662  -30.679  -41.406  -39.782 0.8000000119
39690  -28.280  -38.813  -40.779 0.8000000119
40767  -26.987  -37.183  -43.199 0.8000000119
112287  -27.520  -39.957  -40.521 0.8000000119
118975  -28.299  -40.794  -40.238 0.6999999881
39700  -26.348  -38.617  -42.275 0.8000000119
40754  -26.713  -36.935  -42.724 0.8000000119
41826  -30.846  -36.155  -44.802 0.6999999881
42851  -33.144  -35.088  -45.658 0.6000000238
121754  -35.901  -33.389  -46.037 0.3000000119
31994  -29.732  -46.827  -34.605 0.6000000238
31995  -30.354  -46.181  -34.497 0.6999999881
117776  -31.454  -45.220  -35.004 0.6999999881
30023  -22.813  -48.289  -36.481 0.5000000000
31012  -28.185  -47.344  -34.633 0.6000000238
29006  -25.055  -49.807  -36.777 0.5000000000
31029  -27.534  -47.899  -34.962 0.6000000238
35616  -32.674  -42.671  -36.845 0.6999999881
28011  -23.381  -50.819  -38.086 0.3000000119
27992  -24.934  -50.302  -37.436 0.5000000000
127273  -32.691  -41.243  -38.050 0.8000000119
36638  -32.758  -42.051  -37.899 0.8000000119
38688  -30.152  -39.767  -39.540 0.8999999762
37638  -31.706  -40.209  -39.054 0.8999999762
37653  -32.313  -41.110  -38.789 0.8000000119
36650  -32.536  -41.793  -38.480 0.8000000119
27007  -23.509  -51.737  -39.455 0.4000000060
130192  -28.976  -39.533  -40.013 0.8999999762
37651  -29.309  -39.967  -39.864 0.8999999762
37652  -30.840  -40.452  -39.517 0.8999999762
42831  -29.091  -35.997  -44.116 0.8000000119
40768  -27.963  -37.275  -43.471 0.8000000119
38711  -26.545  -39.028  -41.702 0.8000000119
38697  -26.601  -39.794  -41.261 0.8000000119
132212  -29.869  -36.295  -44.271 0.8000000119
42840  -30.811  -35.689  -45.109 0.6999999881
42850  -32.304  -35.285  -45.484 0.6000000238
43873  -33.888  -34.140  -46.039 0.6000000238
42852  -34.366  -34.921  -45.557 0.6000000238
32892  -29.496  -46.161  -34.175 0.6000000238
32893  -30.850  -45.491  -34.444 0.6999999881
31993  -28.837  -46.763  -34.383 0.6000000238
34630  -31.841  -44.141  -34.931 0.6999999881
31011  -27.182  -47.197  -34.662 0.6000000238
30025  -24.519  -48.676  -36.103 0.6000000238
28966  -25.351  -48.872  -35.889 0.5000000000
31028  -26.544  -47.758  -35.072 0.6000000238
33730  -32.231  -43.868  -35.644 0.6999999881
131189  -32.660  -42.416  -36.259 0.8000000119
29004  -23.409  -49.718  -36.979 0.4000000060
115754  -32.771  -42.196  -37.278 0.8000000119
129476  -30.898  -39.706  -39.272 0.8000000119
37639  -32.446  -40.390  -38.316 0.8000000119
40732  -28.887  -38.099  -40.666 0.8999999762
39691  -29.071  -38.811  -40.020 0.8000000119
41813  -26.808  -36.345  -43.017 0.8000000119
41796  -27.198  -36.227  -42.106 0.8000000119
131739  -27.429  -38.705  -41.359 0.6999999881
118828  -27.837  -35.749  -43.613 0.8000000119
40743  -27.238  -37.181  -41.832 0.8000000119
40742  -26.658  -37.548  -42.407 0.8000000119
41825  -30.078  -35.893  -44.643 0.8000000119
124456  -27.015  -35.722  -43.193 0.8000000119
43864  -31.883  -34.563  -45.573 0.6999999881
119739  -32.726  -34.527  -45.761 0.6999999881
127406  -33.856  -31.925  -45.443 0.6000000238
47054  -34.515  -31.834  -45.379 0.6000000238
47055  -35.433  -31.851  -45.341 0.6000000238
31992  -27.824  -46.609  -34.348 0.6000000238
33710  -30.725  -44.346  -33.819 0.8000000119
33720  -31.211  -44.727  -34.381 0.6999999881
31025  -23.999  -47.046  -35.899 0.5000000000
32005  -26.239  -46.981  -34.896 0.5000000000
34620  -32.307  -43.150  -35.235 0.8000000119
34636  -32.491  -43.187  -36.138 0.6999999881
31046  -24.245  -47.912  -35.940 0.5000000000
30005  -25.930  -48.331  -35.476 0.5000000000
35600  -32.293  -42.641  -34.662 0.8000000119
35601  -32.566  -42.273  -35.131 0.8000000119
30024  -23.674  -48.484  -36.324 0.5000000000
36620  -32.787  -41.833  -35.831 0.8000000119
36630  -32.971  -41.235  -36.367 0.8000000119
36639  -32.860  -41.427  -37.230 0.8000000119
127730  -32.802  -40.543  -37.542 0.8000000119
37627  -33.028  -40.570  -36.787 0.8000000119
38673  -31.269  -39.356  -38.882 0.8000000119
39679  -29.810  -38.443  -39.471 0.8000000119
38674  -32.007  -39.509  -38.441 0.8000000119
42828  -26.819  -35.388  -42.983 0.8000000119
40744  -28.529  -37.205  -41.250 0.8000000119
41797  -27.803  -36.450  -41.651 0.8999999762
42839  -29.258  -35.319  -44.449 0.8000000119
133189  -27.266  -34.337  -43.647 0.8000000119
43863  -31.064  -34.531  -45.441 0.6999999881
128515  -30.716  -35.060  -45.283 0.6999999881
116439  -33.168  -33.403  -45.841 0.6999999881
44951  -31.401  -33.829  -45.538 0.6999999881
46058  -32.507  -32.752  -45.590 0.6999999881
46059  -33.371  -32.532  -45.617 0.6999999881
33709  -28.699  -44.367  -33.593 0.8000000119
32881  -29.148  -45.366  -33.814 0.6000000238
126093  -29.862  -44.670  -33.669 0.6000000238
132508  -30.176  -43.941  -33.509 0.8000000119
33726  -23.543  -44.192  -35.416 0.6000000238
117524  -24.006  -44.846  -35.490 0.5000000000
32890  -27.478  -45.763  -34.213 0.6000000238
32880  -28.091  -45.126  -33.854 0.6000000238
33711  -31.388  -43.885  -34.156 0.8000000119
34627  -22.099  -43.482  -35.476 0.6000000238
34628  -23.048  -43.483  -35.381 0.6000000238
34615  -24.683  -43.458  -34.964 0.6000000238
32888  -25.735  -45.218  -34.832 0.5000000000
31990  -25.963  -46.119  -34.840 0.5000000000
37602  -22.124  -40.516  -35.478 0.5000000000
36618  -22.251  -41.952  -35.427 0.5000000000
36619  -23.135  -41.836  -35.256 0.6000000238
34629  -23.918  -43.459  -35.232 0.6000000238
32003  -24.555  -46.443  -35.571 0.5000000000
35590  -32.484  -41.994  -34.433 0.8000000119
36621  -33.015  -41.055  -35.603 0.8000000119
122349  -22.564  -41.190  -35.371 0.5000000000
32004  -25.383  -46.700  -35.275 0.5000000000
37600  -20.695  -40.370  -36.151 0.4000000060
31027  -25.649  -47.559  -35.322 0.5000000000
37616  -33.169  -40.482  -36.017 0.6999999881
39667  -32.250  -38.826  -37.865 0.8000000119
38661  -32.968  -39.778  -37.119 0.8000000119
38646  -33.196  -39.771  -36.407 0.6999999881
40720  -29.537  -37.958  -39.903 0.8000000119
132292  -30.203  -38.223  -39.097 0.8000000119
120200  -32.751  -39.090  -37.360 0.8000000119
39666  -31.335  -38.545  -38.467 0.8000000119
40709  -31.181  -37.601  -38.366 0.8000000119
129886  -28.412  -33.743  -44.451 0.8999999762
42829  -27.047  -34.843  -43.350 0.8999999762
42804  -27.651  -35.530  -41.857 0.8000000119
40733  -29.399  -37.331  -40.576 0.8000000119
42803  -27.078  -35.479  -42.413 1.0000000000
122932  -28.590  -36.188  -41.386 0.8000000119
43855  -29.972  -35.045  -44.904 0.8000000119
43862  -30.299  -34.372  -45.232 0.6999999881
133055  -28.716  -43.628  -33.387 0.8000000119
34599  -30.043  -43.233  -33.053 0.8000000119
35573  -30.968  -42.888  -33.111 0.8000000119
134537  -24.587  -42.194  -34.752 0.6000000238
33708  -27.724  -44.218  -33.789 0.6000000238
131799  -30.830  -43.610  -33.532 0.8000000119
127945  -31.616  -42.409  -33.409 0.8000000119
35608  -23.505  -42.709  -35.219 0.6000000238
33718  -26.333  -44.628  -34.488 0.6000000238
35589  -32.058  -42.487  -34.019 0.8000000119
129692  -32.296  -41.792  -33.769 0.8000000119
37589  -32.683  -41.273  -34.108 0.6999999881
36606  -23.740  -41.254  -34.920 0.5000000000
34617  -26.247  -43.254  -34.316 0.6000000238
33719  -27.161  -44.851  -34.178 0.6000000238
123677  -21.717  -39.926  -35.620 0.4000000060
37586  -23.509  -40.513  -34.937 0.4000000060
129534  -24.866  -40.705  -34.419 0.4000000060
37604  -33.213  -40.442  -35.282 0.6999999881
38630  -23.241  -39.748  -35.080 0.4000000060
38610  -23.951  -39.831  -34.664 0.4000000060
36609  -25.919  -41.798  -34.212 0.4000000060
133310  -24.514  -39.004  -34.423 0.4000000060
37588  -25.397  -40.336  -34.143 0.5000000000
39650  -33.100  -38.877  -36.777 0.6999999881
124959  -23.677  -39.031  -34.795 0.3000000119
38612  -25.275  -39.445  -34.063 0.5000000000
37565  -25.904  -39.911  -33.682 0.5000000000
40721  -30.170  -37.705  -39.313 0.8000000119
39665  -30.579  -37.994  -38.767 0.8000000119
39648  -31.813  -37.934  -37.836 0.8000000119
39649  -32.584  -38.180  -37.277 0.8000000119
40693  -32.133  -37.239  -37.484 0.8000000119
43853  -27.541  -33.922  -44.002 0.8000000119
43840  -26.798  -34.433  -43.013 1.0000000000
43810  -27.745  -34.746  -42.008 0.8000000119
42805  -28.609  -35.350  -41.597 0.8000000119
41798  -29.237  -36.685  -40.982 0.8000000119
41784  -30.501  -36.445  -40.394 0.8000000119
41768  -30.640  -36.928  -39.682 0.8000000119
43852  -27.000  -34.031  -43.363 1.0000000000
42788  -30.278  -35.809  -40.953 0.8000000119
43854  -28.811  -34.525  -44.468 0.8000000119
43825  -27.907  -34.146  -42.155 0.8000000119
42806  -29.577  -35.312  -41.454 0.8000000119
44949  -29.837  -33.403  -45.159 0.8999999762
46057  -30.925  -32.421  -45.446 0.6999999881
113688  -31.635  -32.961  -45.543 0.6999999881
47052  -32.464  -31.223  -45.375 0.6999999881
114202  -32.684  -31.978  -45.459 0.6999999881
47053  -33.262  -31.559  -45.408 0.6999999881
113934  -34.824  -31.049  -45.080 0.6000000238
118803  -34.164  -30.366  -45.194 0.6999999881
130770  -32.331  -30.526  -45.378 0.6999999881
48850  -35.965  -29.920  -44.731 0.6000000238
47954  -35.072  -30.165  -44.927 0.6000000238
34598  -29.093  -43.166  -33.059 0.8000000119
35572  -30.380  -42.455  -32.556 0.8000000119
35597  -25.000  -42.757  -34.718 0.5000000000
35587  -27.863  -42.512  -33.324 0.8000000119
35588  -28.641  -42.531  -32.891 0.8000000119
35574  -31.218  -42.149  -32.737 0.8000000119
35596  -23.970  -42.028  -34.990 0.5000000000
35598  -25.719  -42.625  -34.429 0.6000000238
35599  -26.416  -42.485  -34.109 0.5000000000
34608  -28.336  -43.131  -33.335 0.8000000119
132805  -31.989  -42.097  -33.589 0.6999999881
37587  -24.208  -40.627  -34.633 0.4000000060
36608  -25.352  -41.179  -34.309 0.5000000000
35586  -27.106  -42.481  -33.713 0.6999999881
34606  -26.832  -43.083  -34.006 0.6999999881
36598  -31.903  -41.705  -33.135 0.6999999881
37568  -32.817  -40.683  -33.689 0.6999999881
121317  -33.084  -40.547  -34.478 0.6999999881
38613  -33.406  -39.905  -34.869 0.6999999881
115441  -33.602  -39.166  -34.857 0.6999999881
38589  -25.794  -39.003  -33.432 0.5000000000
39639  -33.322  -38.267  -36.199 0.6999999881
39615  -24.537  -38.112  -34.248 0.4000000060
131872  -25.376  -38.304  -33.420 0.4000000060
41755  -31.333  -36.818  -38.510 0.8000000119
124243  -33.026  -37.969  -36.709 0.6999999881
41769  -31.230  -36.486  -39.326 0.8000000119
41785  -31.071  -36.348  -40.031 0.8000000119
42778  -32.073  -35.525  -39.459 0.6999999881
42789  -31.094  -35.731  -40.570 0.8000000119
44940  -27.608  -33.087  -44.080 0.8999999762
44941  -28.642  -33.171  -44.615 0.8999999762
44927  -27.252  -33.228  -43.416 0.8999999762
44928  -27.384  -32.970  -43.093 0.8000000119
44917  -27.440  -33.538  -42.659 0.8000000119
43826  -28.941  -34.344  -42.196 0.8000000119
46055  -28.845  -32.451  -44.736 0.8999999762
46056  -29.971  -32.482  -45.281 0.8999999762
47051  -30.347  -31.576  -45.319 0.8000000119
47056  -36.443  -31.579  -45.167 0.4000000060
123344  -31.746  -31.942  -45.423 0.8000000119
47952  -31.391  -30.863  -45.341 0.6999999881
47953  -33.202  -30.624  -45.353 0.6999999881
49922  -35.611  -28.476  -45.347 0.5000000000
36573  -29.829  -41.891  -32.118 0.6999999881
35571  -29.483  -42.548  -32.608 0.8000000119
131695  -28.316  -41.433  -32.586 0.6999999881
36543  -31.102  -41.105  -31.714 0.6999999881
38611  -24.732  -39.981  -34.402 0.4000000060
37537  -27.228  -40.358  -32.912 0.6000000238
36541  -29.353  -41.226  -31.800 0.6999999881
36599  -32.458  -41.144  -33.368 0.6999999881
37569  -33.116  -40.049  -33.567 0.6999999881
118687  -33.449  -39.622  -34.180 0.6999999881
38566  -26.874  -39.705  -32.867 0.5000000000
39588  -25.846  -38.242  -32.792 0.4000000060
40667  -33.670  -37.812  -35.642 0.6999999881
40648  -25.243  -37.733  -33.009 0.3000000119
39579  -26.941  -38.264  -31.701 0.5000000000
132709  -31.652  -36.024  -39.404 0.6999999881
40635  -26.279  -38.055  -32.096 0.4000000060
130037  -31.738  -36.140  -38.843 0.6999999881
40694  -32.737  -37.265  -36.982 0.6999999881
41756  -31.952  -36.436  -38.007 0.6999999881
42790  -31.981  -35.270  -40.399 0.6999999881
44918  -28.538  -33.725  -42.453 0.8000000119
43811  -28.704  -34.762  -41.838 0.8000000119
43812  -29.832  -34.768  -41.915 0.8000000119
42807  -30.538  -35.284  -41.283 0.8000000119
46051  -27.450  -32.533  -43.439 0.8000000119
47050  -29.023  -31.664  -44.865 0.8000000119
126765  -27.858  -31.577  -44.099 0.8000000119
46052  -27.759  -32.339  -44.096 0.8999999762
47950  -29.930  -30.657  -45.189 0.8000000119
128576  -31.774  -30.066  -45.381 0.8000000119
48861  -34.432  -29.505  -45.249 0.6999999881
48862  -35.321  -29.310  -45.027 0.6000000238
118946  -32.641  -29.899  -45.409 0.6999999881
50921  -31.472  -27.962  -45.747 0.6999999881
38557  -28.639  -39.688  -31.355 0.6000000238
37515  -28.991  -40.500  -31.529 0.6000000238
37516  -29.799  -40.655  -31.332 0.6999999881
123277  -31.402  -40.404  -31.415 0.6999999881
37518  -31.774  -40.732  -31.974 0.6999999881
36576  -32.157  -40.962  -32.637 0.6999999881
36571  -27.755  -41.103  -32.836 0.6000000238
38558  -32.347  -39.603  -31.569 0.6999999881
37519  -32.319  -40.279  -32.163 0.6999999881
37540  -32.705  -40.388  -32.933 0.6999999881
37538  -27.840  -40.369  -32.385 0.6000000238
40647  -24.707  -37.305  -33.271 0.3000000119
39590  -27.373  -39.122  -31.976 0.5000000000
38567  -27.379  -39.786  -32.441 0.5000000000
38547  -29.503  -39.989  -30.984 0.6000000238
125594  -33.812  -38.710  -34.075 0.6999999881
39580  -27.780  -38.423  -31.270 0.5000000000
39581  -28.517  -38.848  -31.028 0.6000000238
40658  -34.057  -37.925  -34.376 0.6999999881
41724  -33.658  -36.356  -36.326 0.6999999881
41717  -33.916  -36.923  -35.714 0.6999999881
41741  -33.047  -36.517  -36.860 0.6999999881
41683  -26.409  -36.526  -30.953 0.3000000119
42759  -32.623  -35.844  -37.840 0.6999999881
43813  -30.943  -34.862  -41.888 0.8000000119
42808  -31.519  -35.175  -41.215 0.8000000119
43814  -32.457  -34.976  -41.327 0.6999999881
43800  -32.888  -34.949  -40.620 0.6999999881
43794  -33.447  -34.517  -39.052 0.6999999881
125531  -29.515  -33.491  -42.934 0.8000000119
43828  -31.329  -34.455  -42.611 0.8000000119
116292  -27.555  -31.740  -43.376 0.8000000119
46041  -27.604  -32.238  -43.059 0.8000000119
44929  -27.993  -32.807  -42.733 0.8000000119
122960  -28.081  -30.908  -44.256 0.8000000119
47034  -28.800  -30.487  -42.809 0.8000000119
131792  -29.564  -30.962  -42.903 0.8000000119
118862  -30.614  -31.443  -43.305 0.8000000119
121074  -30.182  -30.614  -43.144 0.8000000119
49921  -34.752  -28.790  -45.385 0.6000000238
49920  -33.810  -28.710  -45.566 0.6999999881
132197  -31.219  -29.581  -45.417 0.8000000119
113747  -32.855  -29.096  -45.535 0.6000000238
51878  -30.806  -27.307  -45.908 0.6999999881
116021  -32.904  -28.241  -45.795 0.6000000238
37505  -30.270  -40.181  -30.922 0.6000000238
38546  -29.280  -39.171  -30.761 0.6000000238
131590  -32.847  -39.219  -31.835 0.6999999881
38569  -33.193  -39.228  -32.429 0.6999999881
38548  -30.320  -39.414  -30.622 0.6000000238
38559  -33.217  -38.652  -31.814 0.6999999881
39591  -33.612  -38.611  -32.571 0.6999999881
127157  -33.832  -38.522  -33.273 0.6999999881
40626  -27.286  -37.614  -31.051 0.4000000060
40616  -27.936  -37.726  -30.790 0.4000000060
39571  -30.884  -38.509  -30.451 0.5000000000
39616  -34.139  -37.951  -33.640 0.6999999881
39569  -28.994  -38.346  -30.632 0.5000000000
123455  -30.365  -37.730  -30.334 0.5000000000
41710  -34.557  -37.163  -34.151 0.6999999881
40668  -34.107  -37.458  -35.006 0.6999999881
130361  -26.968  -36.967  -30.842 0.3000000119
41670  -27.725  -37.001  -30.550 0.3000000119
130246  -28.439  -36.776  -30.355 0.4000000060
41770  -32.344  -35.643  -38.596 0.6999999881
41718  -34.644  -36.536  -35.058 0.6999999881
41669  -27.170  -36.308  -30.656 0.3000000119
119883  -27.996  -36.206  -30.432 0.3000000119
42746  -33.458  -35.848  -36.929 0.6999999881
42747  -34.278  -35.562  -36.395 0.6999999881
42770  -33.100  -35.107  -38.355 0.6999999881
42761  -33.955  -35.251  -37.236 0.6999999881
43841  -30.589  -34.025  -42.963 0.8000000119
122003  -33.588  -34.669  -40.729 0.6999999881
42779  -32.744  -34.986  -39.188 0.6999999881
43777  -34.341  -34.634  -37.667 0.6999999881
43801  -33.300  -34.662  -39.919 0.6999999881
115798  -34.197  -34.121  -38.987 0.6999999881
128798  -28.052  -31.941  -42.838 0.8000000119
120275  -29.248  -32.587  -43.095 0.8000000119
122918  -33.932  -34.318  -39.639 0.6999999881
44893  -34.690  -33.951  -39.842 0.6999999881
114116  -27.767  -31.332  -42.922 0.8000000119
44930  -30.608  -33.293  -43.279 0.8000000119
43842  -31.575  -33.845  -43.186 0.8000000119
43829  -32.302  -34.335  -42.737 0.8000000119
43831  -34.731  -33.960  -41.861 0.8000000119
132478  -35.447  -33.547  -41.023 0.6999999881
47032  -27.631  -30.904  -43.192 0.8000000119
46042  -30.483  -32.373  -43.346 0.8000000119
118795  -31.683  -32.234  -43.486 0.8000000119
44932  -33.300  -32.967  -43.418 0.8000000119
47942  -27.858  -30.299  -43.736 0.8000000119
126070  -33.863  -32.270  -43.396 0.8000000119
47943  -28.533  -30.404  -44.643 0.8000000119
123044  -28.544  -29.814  -43.070 0.8000000119
121085  -31.423  -30.833  -43.429 0.8000000119
47035  -31.846  -31.531  -43.488 0.8000000119
47036  -33.553  -31.321  -43.463 0.8000000119
48857  -28.637  -29.181  -44.739 0.8000000119
47934  -30.964  -30.061  -43.384 0.8000000119
129287  -34.944  -27.301  -46.278 0.5000000000
50923  -33.599  -27.749  -45.995 0.6000000238
49916  -28.491  -28.495  -44.826 0.8000000119
49917  -29.606  -28.696  -45.283 0.8000000119
50924  -34.633  -27.978  -45.803 0.6000000238
50935  -34.225  -27.194  -46.336 0.6000000238
133417  -32.243  -27.879  -45.882 0.6000000238
50922  -32.762  -27.502  -46.156 0.6000000238
38549  -31.363  -39.255  -30.663 0.6999999881
37507  -31.717  -39.769  -31.151 0.6999999881
39570  -29.867  -38.505  -30.489 0.6000000238
124039  -32.384  -37.975  -30.738 0.6999999881
40636  -33.752  -37.872  -31.937 0.6999999881
39592  -34.066  -37.972  -32.805 0.6999999881
40618  -31.328  -37.650  -30.377 0.5000000000
39574  -33.051  -37.995  -31.236 0.6999999881
41671  -29.170  -36.968  -30.220 0.4000000060
41672  -29.822  -36.403  -30.189 0.4000000060
117887  -30.614  -36.946  -30.192 0.5000000000
42685  -28.464  -35.570  -30.539 0.3000000119
42687  -30.072  -35.637  -30.341 0.3000000119
41673  -30.710  -36.095  -30.227 0.5000000000
42729  -35.307  -35.789  -33.875 0.6999999881
42736  -34.863  -35.682  -35.551 0.6999999881
126211  -27.529  -35.464  -30.732 0.3000000119
43728  -30.455  -34.282  -31.062 0.3000000119
43727  -29.391  -34.333  -31.185 0.3000000119
44872  -35.628  -33.762  -37.145 0.6999999881
128079  -33.099  -34.179  -42.730 0.8000000119
43816  -34.140  -34.397  -41.280 0.6999999881
43787  -34.717  -34.053  -38.243 0.6999999881
43815  -33.340  -34.737  -41.396 0.6999999881
44901  -34.906  -33.955  -40.949 0.6999999881
44902  -35.434  -33.543  -40.408 0.6999999881
119929  -28.896  -31.371  -42.844 0.8000000119
44931  -31.635  -33.094  -43.443 0.8000000119
44920  -33.615  -33.684  -42.990 0.6999999881
44922  -35.181  -33.403  -42.284 0.8000000119
47033  -28.039  -30.806  -42.846 0.8000000119
121070  -35.392  -32.738  -42.614 0.8000000119
47932  -28.039  -30.394  -43.118 0.8000000119
46043  -32.788  -32.039  -43.523 0.8000000119
47037  -34.508  -31.621  -43.301 0.8000000119
48839  -28.071  -29.686  -43.685 0.8000000119
125545  -27.886  -29.197  -44.058 0.8000000119
47933  -29.598  -29.886  -42.996 0.8000000119
47935  -32.170  -30.217  -43.543 0.8000000119
47937  -34.296  -30.582  -43.359 0.8000000119
49908  -27.938  -28.599  -44.177 0.8000000119
49899  -27.970  -28.785  -43.928 0.8000000119
48842  -30.461  -29.330  -43.363 0.8000000119
118804  -33.836  -29.679  -43.494 0.8000000119
127806  -29.755  -27.406  -45.642 0.8000000119
134389  -31.922  -37.871  -30.515 0.6000000238
125306  -28.853  -36.248  -30.298 0.3000000119
122871  -29.905  -37.146  -30.201 0.5000000000
40620  -32.742  -37.274  -30.788 0.6000000238
41674  -31.428  -36.692  -30.299 0.5000000000
40627  -33.452  -37.205  -31.307 0.6999999881
40628  -34.113  -36.950  -31.876 0.6999999881
41700  -34.601  -36.686  -32.517 0.6999999881
41675  -32.292  -36.400  -30.507 0.6000000238
41685  -33.798  -36.391  -31.397 0.6999999881
41686  -34.413  -36.144  -31.911 0.6999999881
130384  -35.289  -35.720  -33.114 0.6999999881
43726  -28.513  -34.398  -31.239 0.3000000119
42700  -30.705  -35.194  -30.490 0.3000000119
42711  -34.646  -35.224  -31.920 0.6999999881
125910  -32.076  -33.462  -31.409 0.3000000119
42730  -35.537  -35.124  -34.323 0.6999999881
45940  -29.351  -32.434  -32.846 0.3000000119
45941  -30.232  -32.229  -32.784 0.3000000119
125023  -30.816  -32.752  -32.282 0.3000000119
45942  -31.655  -32.544  -32.190 0.3000000119
45957  -29.592  -31.703  -33.414 0.3000000119
43778  -35.062  -34.241  -37.413 0.6999999881
44884  -35.384  -33.525  -38.545 0.6999999881
46033  -35.886  -33.029  -41.986 0.8000000119
46045  -35.358  -31.951  -42.947 0.8000000119
47938  -35.177  -31.072  -43.121 0.8000000119
48840  -28.429  -29.243  -43.472 0.8000000119
48841  -29.204  -29.215  -43.152 0.8000000119
49900  -28.654  -28.537  -43.498 0.8000000119
49901  -29.907  -28.593  -43.374 0.8000000119
49902  -31.153  -28.723  -43.571 0.8000000119
49903  -32.184  -28.709  -43.709 0.8000000119
114564  -32.853  -29.424  -43.643 0.8000000119
50913  -28.041  -27.959  -44.402 0.8000000119
50907  -30.673  -28.009  -43.614 0.8000000119
112997  -28.823  -27.898  -45.254 0.8000000119
119371  -28.708  -27.036  -45.384 0.6999999881
51877  -29.933  -26.761  -45.847 0.6000000238
41676  -33.129  -36.500  -30.873 0.6000000238
42704  -34.004  -35.614  -31.461 0.6000000238
42720  -34.935  -35.916  -32.522 0.6999999881
43729  -32.216  -34.117  -31.028 0.4000000060
43732  -34.405  -34.343  -31.672 0.6000000238
42712  -35.209  -35.138  -32.603 0.6999999881
42721  -35.487  -35.119  -33.410 0.6999999881
44828  -34.701  -33.572  -31.866 0.4000000060
43744  -35.757  -34.446  -33.783 0.6999999881
43749  -35.854  -34.423  -34.742 0.6999999881
42737  -35.458  -35.069  -35.224 0.6999999881
45959  -33.019  -31.809  -32.288 0.3000000119
45945  -34.948  -32.703  -32.172 0.4000000060
44834  -35.813  -33.703  -33.237 0.6000000238
118839  -36.181  -33.512  -35.802 0.6999999881
44862  -35.947  -33.685  -36.459 0.6999999881
134273  -35.798  -33.451  -37.483 0.6999999881
44873  -36.147  -33.189  -37.113 0.6999999881
44885  -35.981  -33.141  -37.956 0.6999999881
46008  -36.646  -32.392  -39.471 0.6999999881
44921  -34.413  -33.622  -42.574 0.8000000119
46044  -34.718  -32.500  -43.122 0.8000000119
46034  -36.158  -32.215  -42.355 0.8000000119
47936  -33.232  -30.387  -43.525 0.8000000119
127337  -35.089  -30.316  -43.168 0.8000000119
48843  -31.685  -29.427  -43.555 0.8000000119
130041  -33.602  -28.963  -43.634 0.8000000119
50912  -27.691  -27.424  -43.970 0.8000000119
50906  -29.229  -27.814  -43.471 0.8000000119
50915  -31.521  -27.550  -43.977 0.8000000119
128956  -31.655  -28.192  -43.773 0.8000000119
50914  -30.272  -27.209  -43.729 0.8000000119
50932  -31.883  -27.223  -46.211 0.6000000238
50920  -27.886  -27.214  -44.579 0.8000000119
51880  -30.082  -26.017  -46.144 0.6000000238
51876  -28.825  -26.249  -45.536 0.6999999881
52807  -28.996  -25.478  -45.688 0.6999999881
42689  -32.869  -35.667  -30.722 0.6000000238
42703  -33.409  -35.074  -31.099 0.6000000238
44826  -32.803  -33.065  -31.513 0.3000000119
43738  -35.504  -34.397  -32.863 0.6000000238
124925  -33.478  -32.453  -31.793 0.3000000119
44827  -34.203  -32.936  -31.705 0.3000000119
44829  -35.327  -33.573  -32.453 0.5000000000
44851  -36.175  -33.671  -35.056 0.6999999881
47847  -32.114  -30.554  -33.556 0.3000000119
125972  -33.572  -31.201  -32.561 0.3000000119
45967  -36.428  -32.236  -34.480 0.4000000060
44863  -36.324  -32.992  -36.294 0.6999999881
119801  -32.028  -29.836  -34.248 0.3000000119
45994  -36.495  -32.477  -36.875 0.6000000238
46998  -36.902  -31.966  -38.671 0.6000000238
46992  -36.782  -31.891  -37.800 0.6000000238
46016  -36.580  -32.525  -40.587 0.8000000119
113929  -37.143  -31.934  -40.223 0.6999999881
47006  -37.245  -31.673  -39.328 0.6000000238
46025  -36.462  -32.509  -41.521 0.8000000119
47012  -37.517  -31.396  -40.709 0.6999999881
125522  -37.551  -31.336  -39.939 0.6999999881
47025  -35.954  -31.373  -42.681 0.8000000119
47026  -36.543  -31.536  -42.283 0.8000000119
47027  -36.972  -31.292  -42.029 0.6999999881
47019  -37.282  -31.366  -41.487 0.6999999881
115129  -34.685  -29.718  -43.314 0.8000000119
47927  -36.579  -30.810  -42.403 0.8000000119
121330  -36.978  -29.999  -42.314 0.6999999881
47928  -37.331  -30.718  -41.944 0.6999999881
48844  -34.339  -28.986  -43.491 0.8000000119
48836  -36.364  -29.372  -42.622 0.6999999881
48837  -37.192  -29.121  -42.255 0.6999999881
50904  -27.962  -28.043  -43.892 0.8000000119
50905  -28.139  -27.470  -43.718 0.8000000119
49904  -33.033  -28.501  -43.794 0.8000000119
48845  -35.050  -29.091  -43.296 0.8000000119
51863  -28.767  -26.898  -43.564 0.8000000119
50909  -33.136  -27.695  -43.958 0.8000000119
118182  -27.811  -28.134  -43.996 0.8000000119
51862  -27.713  -26.641  -43.813 0.8000000119
51872  -31.329  -26.701  -44.172 0.8000000119
50916  -32.381  -27.184  -44.172 0.8000000119
51869  -27.453  -26.520  -44.115 0.8000000119
125163  -27.459  -25.811  -44.366 0.6999999881
52811  -31.371  -25.576  -46.441 0.6000000238
133192  -32.044  -25.133  -46.549 0.6000000238
116756  -27.751  -25.628  -45.034 0.6999999881
52806  -27.978  -24.737  -45.240 0.6999999881
44835  -36.103  -33.171  -33.618 0.5000000000
44844  -36.290  -33.040  -34.389 0.5000000000
129532  -33.885  -31.831  -32.227 0.3000000119
121831  -35.987  -32.028  -33.035 0.4000000060
44852  -36.379  -32.813  -35.356 0.6000000238
47849  -34.368  -30.640  -32.781 0.3000000119
45974  -36.516  -32.016  -35.230 0.5000000000
45984  -36.557  -32.137  -36.069 0.6000000238
47865  -34.781  -30.058  -33.296 0.3000000119
48756  -36.087  -30.237  -33.639 0.3000000119
46983  -36.801  -31.441  -36.196 0.6000000238
122780  -36.768  -31.737  -36.901 0.6000000238
48770  -34.552  -29.269  -33.748 0.3000000119
48772  -36.516  -29.940  -34.297 0.3000000119
48769  -33.480  -29.352  -34.008 0.3000000119
46999  -37.292  -31.343  -38.402 0.6000000238
115849  -31.937  -29.297  -34.826 0.3000000119
47908  -37.753  -30.838  -39.158 0.6999999881
47920  -37.772  -30.711  -41.209 0.6999999881
128876  -33.772  -27.395  -43.837 0.8000000119
49906  -34.973  -28.265  -43.406 0.6999999881
49896  -36.495  -28.539  -42.572 0.6999999881
50917  -33.256  -26.901  -44.098 0.8000000119
51864  -34.075  -26.767  -43.836 0.6999999881
51871  -29.804  -26.302  -43.787 0.8000000119
128086  -32.457  -26.189  -44.331 0.6000000238
120056  -33.079  -24.081  -46.820 0.6000000238
52790  -27.456  -25.612  -43.960 0.6999999881
114136  -27.458  -24.581  -44.023 0.6999999881
52797  -27.854  -24.953  -43.742 0.6999999881
52809  -29.203  -24.785  -45.845 0.6999999881
53877  -30.195  -24.382  -46.273 0.6999999881
52805  -27.398  -24.827  -44.453 0.6999999881
56832  -29.247  -21.041  -44.848 0.5000000000
56840  -29.089  -20.611  -45.293 0.5000000000
46984  -37.100  -30.981  -36.607 0.6000000238
46993  -37.201  -31.133  -37.460 0.6000000238
117384  -37.453  -30.345  -37.045 0.6000000238
47900  -37.702  -30.443  -38.047 0.6000000238
47914  -37.944  -30.647  -40.221 0.6999999881
47909  -38.232  -30.073  -39.494 0.6999999881
48830  -38.219  -29.261  -41.175 0.6999999881
49849  -29.928  -28.142  -36.315 0.3000000119
47915  -38.378  -29.877  -40.196 0.6999999881
49891  -37.832  -28.767  -41.645 0.6999999881
50911  -35.374  -27.285  -43.243 0.6999999881
50900  -35.847  -27.994  -42.912 0.6000000238
50910  -34.492  -27.435  -43.615 0.6999999881
51870  -28.190  -25.951  -43.643 0.6999999881
52798  -29.299  -25.368  -43.824 0.6999999881
52799  -31.037  -25.664  -44.269 0.6999999881
52800  -32.173  -25.202  -44.448 0.6000000238
53863  -28.961  -24.401  -43.913 0.6999999881
53878  -31.505  -24.618  -46.498 0.6000000238
53879  -32.485  -24.720  -46.655 0.5000000000
53872  -27.505  -23.749  -44.886 0.6999999881
54961  -27.562  -22.870  -44.753 0.6999999881
55944  -27.820  -22.155  -45.071 0.6999999881
55956  -28.647  -21.841  -45.573 0.6000000238
131611  -37.281  -30.275  -36.209 0.5000000000
48787  -37.590  -29.574  -36.516 0.4000000060
48798  -37.852  -29.641  -37.386 0.6000000238
48809  -38.186  -29.607  -38.181 0.6000000238
49880  -38.868  -28.739  -39.326 0.6000000238
134174  -30.367  -27.720  -36.493 0.3000000119
50832  -31.666  -28.003  -36.024 0.3000000119
49892  -38.432  -28.489  -40.908 0.6999999881
49897  -37.285  -28.211  -42.191 0.6000000238
50901  -36.588  -27.728  -42.512 0.6000000238
51873  -33.618  -26.125  -44.152 0.6000000238
51858  -35.949  -26.691  -42.869 0.6000000238
114165  -30.324  -24.891  -44.214 0.6999999881
52801  -33.177  -25.421  -44.377 0.6000000238
51865  -34.455  -26.061  -43.818 0.6000000238
112759  -31.288  -24.844  -44.382 0.6999999881
53865  -31.925  -24.290  -44.521 0.6000000238
54949  -27.803  -22.618  -44.568 0.6999999881
54967  -28.639  -22.793  -45.637 0.6999999881
54969  -30.924  -23.515  -46.438 0.6000000238
115149  -31.854  -23.099  -46.561 0.5000000000
54968  -29.683  -22.600  -46.205 0.6000000238
55959  -32.192  -22.428  -46.640 0.5000000000
55932  -28.675  -21.959  -44.640 0.6000000238
55957  -29.431  -21.562  -46.123 0.5000000000
119134  -28.253  -21.427  -45.094 0.5000000000
56851  -29.209  -20.580  -45.937 0.5000000000
118258  -30.244  -21.305  -46.386 0.5000000000
57784  -29.373  -20.042  -45.744 0.5000000000
58813  -29.478  -19.098  -46.082 0.5000000000
112939  -37.570  -28.786  -35.859 0.4000000060
125123  -37.877  -28.083  -36.213 0.4000000060
49840  -36.435  -28.176  -34.661 0.4000000060
49874  -38.623  -28.787  -38.366 0.6000000238
50848  -31.655  -27.386  -36.447 0.3000000119
50849  -32.453  -27.168  -36.304 0.3000000119
50834  -33.696  -27.287  -35.546 0.3000000119
131883  -38.714  -28.167  -40.423 0.6000000238
52717  -32.559  -25.853  -36.812 0.3000000119
120909  -37.896  -27.744  -41.464 0.6000000238
51859  -36.544  -26.058  -42.539 0.5000000000
50902  -37.260  -27.350  -42.127 0.6000000238
52802  -34.104  -25.444  -44.135 0.6000000238
51866  -35.165  -26.024  -43.460 0.6000000238
51867  -35.796  -26.012  -43.049 0.6000000238
113085  -32.887  -24.669  -44.521 0.6000000238
113565  -33.775  -24.794  -44.367 0.6000000238
53864  -30.467  -24.041  -44.346 0.6999999881
113035  -32.745  -24.015  -44.608 0.6000000238
56831  -28.458  -21.216  -45.095 0.5000000000
56839  -28.814  -20.882  -45.267 0.5000000000
57785  -29.521  -19.793  -45.719 0.5000000000
49841  -37.076  -28.435  -35.171 0.4000000060
49861  -37.987  -28.775  -36.844 0.4000000060
48799  -38.246  -29.062  -37.652 0.5000000000
51793  -37.320  -27.019  -35.536 0.4000000060
126890  -38.801  -28.065  -38.117 0.4000000060
121391  -39.046  -28.036  -38.853 0.4000000060
51802  -32.904  -26.500  -36.433 0.3000000119
52718  -33.505  -25.682  -36.493 0.3000000119
51790  -34.644  -26.586  -35.510 0.4000000060
122662  -38.965  -27.925  -39.868 0.4000000060
127621  -33.671  -24.828  -36.662 0.3000000119
51804  -35.388  -25.931  -35.542 0.4000000060
117180  -37.669  -26.917  -41.610 0.5000000000
50895  -38.525  -27.680  -40.683 0.6000000238
51860  -37.243  -26.504  -42.081 0.5000000000
52793  -36.220  -25.317  -42.980 0.5000000000
122279  -35.198  -24.890  -43.725 0.6000000238
52783  -36.865  -25.203  -42.483 0.5000000000
53866  -33.494  -24.130  -44.554 0.6000000238
133322  -34.270  -24.216  -44.383 0.6000000238
55933  -31.394  -22.768  -44.637 0.6000000238
54952  -32.212  -23.474  -44.642 0.6000000238
128221  -30.273  -21.937  -44.633 0.5000000000
132661  -30.514  -21.275  -44.861 0.5000000000
56841  -30.096  -20.614  -45.130 0.5000000000
57786  -30.560  -19.929  -45.469 0.5000000000
58814  -29.849  -18.859  -45.824 0.5000000000
50838  -37.511  -27.845  -35.632 0.4000000060
49862  -38.424  -28.381  -37.553 0.4000000060
49851  -38.221  -27.871  -36.848 0.4000000060
50863  -38.605  -27.618  -37.565 0.4000000060
50878  -38.972  -27.410  -38.300 0.4000000060
50852  -38.365  -27.158  -36.926 0.4000000060
124588  -39.062  -26.762  -38.479 0.4000000060
118861  -39.110  -27.145  -39.242 0.4000000060
52734  -32.922  -25.039  -36.954 0.3000000119
51855  -37.812  -26.149  -41.359 0.4000000060
115847  -38.748  -27.055  -40.243 0.5000000000
53796  -32.450  -24.464  -37.415 0.3000000119
120582  -37.345  -25.036  -42.034 0.4000000060
53847  -37.203  -24.484  -42.427 0.4000000060
53854  -35.151  -24.206  -44.069 0.6000000238
132385  -35.894  -24.610  -43.473 0.5000000000
53846  -36.626  -24.585  -42.974 0.5000000000
54953  -33.206  -23.385  -44.754 0.6000000238
53867  -34.621  -23.590  -44.501 0.5000000000
54944  -35.968  -23.781  -43.846 0.5000000000
55945  -31.500  -21.950  -44.836 0.5000000000
55934  -32.413  -22.695  -44.840 0.6000000238
134113  -33.432  -22.531  -45.081 0.6000000238
54954  -34.050  -23.119  -44.811 0.6000000238
56842  -31.467  -21.028  -45.230 0.5000000000
125967  -31.894  -20.325  -45.461 0.5000000000
58815  -30.620  -18.348  -45.863 0.5000000000
55946  -32.545  -21.891  -45.159 0.5000000000
56774  -31.467  -21.686  -38.485 0.3000000119
55885  -33.084  -21.938  -38.006 0.4000000060
56755  -34.088  -21.675  -37.701 0.4000000060
55935  -34.277  -22.553  -45.068 0.5000000000
57713  -31.012  -20.829  -38.717 0.4000000060
55948  -34.054  -22.020  -45.297 0.5000000000
55938  -36.647  -21.989  -44.336 0.5000000000
55926  -37.285  -22.108  -43.663 0.5000000000
56844  -34.011  -21.174  -45.480 0.5000000000
56833  -35.984  -21.946  -44.787 0.5000000000
56843  -32.798  -21.064  -45.414 0.5000000000
59743  -31.225  -17.810  -46.138 0.5000000000
122873  -31.289  -19.329  -45.586 0.6000000238
57787  -32.932  -20.022  -45.540 0.5000000000
58816  -31.993  -18.688  -45.713 0.6000000238
59744  -32.284  -17.858  -45.935 0.4000000060
133674  -32.765  -21.283  -38.405 0.4000000060
112286  -35.044  -21.754  -37.236 0.4000000060
55949  -34.987  -21.967  -45.224 0.5000000000
120188  -34.946  -21.037  -45.403 0.5000000000
57788  -34.402  -20.154  -45.505 0.5000000000
57789  -35.393  -20.500  -45.289 0.5000000000
127017  -33.356  -18.037  -45.648 0.4000000060
120783  -34.410  -19.129  -45.451 0.5000000000
121932  -33.342  -19.011  -45.582 0.5000000000
126566  -34.225  -20.817  -38.115 0.4000000060
57734  -32.332  -20.165  -38.936 0.4000000060
56845  -35.687  -21.261  -45.120 0.5000000000
56823  -37.552  -21.182  -43.660 0.4000000060
59745  -34.339  -18.093  -45.397 0.5000000000
134416  -36.671  -20.807  -44.552 0.4000000060
115256  -35.116  -19.824  -45.361 0.4000000060
60682  -34.777  -17.437  -45.246 0.4000000060
59732  -35.420  -18.427  -44.969 0.4000000060
58806  -36.028  -19.247  -44.793 0.4000000060
61645  -35.069  -16.092  -45.262 0.4000000060
58817  -35.237  -19.191  -45.222 0.4000000060
60670  -35.460  -16.841  -44.776 0.4000000060
59726  -36.749  -17.991  -43.835 0.4000000060
62776  -35.416  -15.527  -45.004 0.4000000060
62783  -34.635  -15.467  -45.875 0.4000000060
59733  -36.293  -18.436  -44.369 0.4000000060
60671  -36.211  -17.488  -44.185 0.3000000119
61638  -36.282  -16.556  -44.011 0.4000000060
60662  -36.805  -17.296  -43.617 0.4000000060
114212  -37.404  -17.912  -43.427 0.4000000060
61637  -35.687  -16.139  -44.589 0.4000000060
123397  -35.761  -14.891  -44.732 0.4000000060
62766  -36.672  -15.812  -43.529 0.4000000060
62777  -36.101  -15.629  -44.260 0.5000000000
61630  -36.972  -16.565  -43.346 0.4000000060
32945  -25.282  -44.619  -43.037 0.6999999881
32030  -31.154  -46.797  -39.069 0.6999999881
25971  -26.415  -52.175  -38.439 0.6000000238
31048  -31.073  -47.389  -36.519 0.6999999881
33756  -31.370  -44.339  -39.269 0.8000000119
31031  -29.233  -47.936  -35.262 0.6000000238
32901  -30.980  -46.034  -34.886 0.6999999881
34658  -32.458  -42.587  -38.547 0.8000000119
41814  -27.430  -36.482  -43.369 0.8000000119
32002  -23.758  -46.225  -35.808 0.5000000000
38660  -32.604  -39.701  -37.787 0.8000000119
37603  -22.859  -40.456  -35.289 0.4000000060
34607  -27.543  -43.295  -33.684 0.6000000238
36607  -24.545  -41.425  -34.627 0.5000000000
36595  -26.630  -41.732  -33.775 0.6000000238
36575  -31.506  -41.419  -32.368 0.6999999881
37541  -33.078  -39.748  -32.890 0.6999999881
39572  -31.839  -38.485  -30.602 0.6999999881
121084  -32.541  -31.061  -43.513 0.8000000119
40637  -34.251  -37.340  -32.442 0.6999999881
46007  -35.986  -33.004  -38.962 0.6999999881
46015  -36.063  -33.064  -40.006 0.6999999881
46000  -36.466  -32.496  -38.398 0.6000000238
43730  -32.996  -34.290  -31.118 0.6000000238
45960  -36.212  -32.474  -33.622 0.5000000000
47874  -37.054  -30.235  -35.581 0.4000000060
121315  -36.598  -26.941  -42.470 0.6000000238
50851  -37.931  -27.218  -36.161 0.4000000060
51818  -38.731  -26.779  -37.635 0.4000000060
58818  -35.793  -19.938  -45.100 0.4000000060
34693  -29.699  -43.766  -44.310 0.5000000000
34682  -30.205  -43.316  -43.730 0.5000000000
32052  -26.001  -46.396  -44.599 0.6999999881
125988  -31.660  -40.862  -41.782 0.5000000000
25035  -27.559  -53.328  -38.167 0.5000000000
129500  -30.353  -40.681  -41.765 0.6999999881
32037  -30.196  -46.222  -40.430 0.6999999881
32933  -29.779  -45.575  -40.602 0.6999999881
33765  -25.249  -43.644  -41.927 0.6999999881
34671  -26.381  -43.891  -41.454 0.6999999881
36687  -25.272  -41.579  -41.780 0.6999999881
39703  -30.684  -39.045  -41.744 0.6999999881
40756  -33.490  -37.431  -42.387 0.5000000000
39720  -31.756  -37.889  -42.206 0.6000000238
41819  -32.785  -36.682  -43.686 0.5000000000
27994  -27.616  -50.904  -37.152 0.6000000238
112636  -29.329  -43.959  -40.478 0.6999999881
39719  -30.264  -37.970  -43.005 0.6999999881
122359  -31.038  -45.977  -39.181 0.8000000119
33761  -30.083  -44.382  -40.146 0.6999999881
41830  -34.996  -35.884  -44.032 0.4000000060
27970  -26.285  -50.114  -36.916 0.6000000238
119368  -25.852  -50.536  -37.510 0.6000000238
119191  -28.408  -37.922  -43.470 0.8000000119
30009  -29.473  -48.427  -35.694 0.6999999881
33748  -32.109  -44.353  -38.072 0.6999999881
27008  -24.423  -51.788  -39.413 0.5000000000
118350  -31.031  -42.226  -39.763 0.8000000119
112701  -31.635  -45.403  -35.818 0.6999999881
124841  -25.699  -49.532  -36.410 0.6000000238
35621  -32.649  -42.896  -37.652 0.8000000119
37667  -29.034  -40.703  -40.140 0.8000000119
42849  -31.416  -35.286  -45.388 0.6999999881
130347  -33.754  -34.877  -45.734 0.6000000238
33729  -31.967  -44.620  -35.683 0.6999999881
39702  -27.947  -38.090  -41.344 0.8999999762
41795  -26.918  -36.207  -42.605 0.8000000119
43865  -33.470  -34.415  -45.907 0.6000000238
29003  -22.469  -49.638  -37.071 0.3000000119
28986  -24.801  -49.319  -36.367 0.5000000000
29005  -24.329  -49.777  -36.882 0.5000000000
27991  -23.882  -50.298  -37.473 0.5000000000
27990  -22.862  -50.292  -37.489 0.4000000060
38687  -29.584  -39.197  -39.641 0.8999999762
42830  -28.095  -34.952  -43.975 0.8000000119
32882  -30.111  -45.532  -34.050 0.6000000238
32891  -28.494  -46.012  -34.055 0.6000000238
32883  -30.605  -45.003  -34.018 0.6000000238
34619  -31.928  -43.247  -34.487 0.8000000119
28985  -23.952  -49.195  -36.504 0.4000000060
30004  -25.066  -48.153  -35.666 0.5000000000
44952  -32.360  -33.741  -45.709 0.6999999881
120893  -33.969  -31.208  -45.273 0.6000000238
47042  -35.814  -30.875  -44.873 0.4000000060
32013  -23.199  -46.805  -36.139 0.5000000000
31991  -26.853  -46.389  -34.526 0.5000000000
31026  -24.807  -47.309  -35.612 0.5000000000
36610  -32.806  -41.404  -34.965 0.6999999881
33727  -24.354  -44.149  -35.241 0.5000000000
33728  -24.880  -44.863  -35.180 0.6000000238
32899  -24.313  -45.604  -35.527 0.5000000000
33716  -25.000  -44.074  -34.951 0.6000000238
35607  -22.624  -42.688  -35.382 0.6000000238
32900  -25.131  -45.817  -35.231 0.5000000000
33717  -25.586  -44.376  -34.745 0.6000000238
32889  -26.569  -45.502  -34.501 0.5000000000
38629  -22.429  -39.655  -35.430 0.4000000060
38631  -33.372  -39.656  -35.578 0.6999999881
122587  -33.319  -39.050  -36.110 0.6999999881
41783  -29.850  -36.669  -40.643 0.8000000119
43809  -27.191  -34.899  -42.335 0.8999999762
118410  -25.187  -41.991  -34.504 0.5000000000
34616  -25.485  -43.505  -34.646 0.6000000238
34618  -26.854  -43.893  -34.155 0.6000000238
36594  -26.093  -40.880  -33.844 0.5000000000
39628  -33.531  -38.702  -35.554 0.6999999881
39603  -25.093  -38.616  -33.939 0.4000000060
38590  -26.360  -39.551  -33.230 0.5000000000
37566  -26.570  -40.227  -33.356 0.5000000000
44916  -26.962  -33.687  -43.006 0.8000000119
48860  -33.520  -29.700  -45.376 0.6999999881
36574  -30.717  -41.769  -32.120 0.6999999881
36597  -28.140  -41.871  -32.885 0.6999999881
36572  -28.895  -41.815  -32.387 0.6999999881
36596  -27.404  -41.776  -33.346 0.6000000238
40657  -33.818  -38.305  -34.930 0.6999999881
39589  -26.575  -38.929  -32.590 0.5000000000
40678  -33.337  -37.284  -36.359 0.6999999881
37539  -28.496  -40.955  -32.217 0.6000000238
36542  -30.238  -41.272  -31.651 0.6999999881
37567  -26.952  -40.996  -33.396 0.6000000238
41740  -32.512  -36.522  -37.381 0.6999999881
40625  -26.424  -37.383  -31.398 0.3000000119
134159  -29.147  -31.032  -44.965 0.8999999762
47951  -30.697  -30.105  -45.306 0.8000000119
48849  -29.280  -29.938  -44.972 0.8000000119
48859  -32.002  -29.363  -45.490 0.6000000238
49919  -32.130  -28.584  -45.637 0.6000000238
112949  -30.332  -28.054  -45.590 0.8000000119
116243  -28.046  -39.176  -31.513 0.6000000238
37506  -31.026  -40.004  -30.847 0.6999999881
39573  -32.562  -38.753  -31.194 0.6999999881
40617  -28.577  -37.519  -30.499 0.4000000060
42760  -33.260  -35.515  -37.588 0.6999999881
112508  -31.966  -34.830  -42.019 0.8000000119
48848  -28.015  -29.759  -44.282 0.8000000119
48858  -30.146  -29.421  -45.279 0.8000000119
130366  -35.023  -36.380  -34.259 0.6999999881
41725  -34.244  -36.178  -35.807 0.6999999881
43706  -28.209  -34.970  -30.834 0.3000000119
43776  -33.684  -35.004  -37.844 0.6999999881
43786  -33.886  -34.521  -38.367 0.6999999881
43764  -34.736  -34.852  -36.927 0.6999999881
44894  -35.403  -33.490  -39.466 0.6999999881
123394  -32.460  -32.823  -43.497 0.8000000119
44919  -32.620  -33.615  -43.265 0.8000000119
124004  -34.517  -37.279  -33.144 0.6999999881
42686  -29.327  -35.628  -30.412 0.3000000119
124225  -35.008  -36.464  -33.358 0.6999999881
121724  -35.223  -35.802  -34.740 0.6999999881
43707  -28.947  -34.951  -30.750 0.3000000119
41684  -31.491  -35.706  -30.390 0.5000000000
42748  -35.139  -34.975  -36.095 0.6999999881
44800  -28.842  -33.722  -31.701 0.3000000119
124612  -33.475  -35.851  -31.055 0.6000000238
44803  -32.669  -33.728  -31.286 0.3000000119
45943  -32.509  -32.419  -31.986 0.3000000119
46939  -31.138  -32.026  -32.664 0.3000000119
45958  -32.067  -31.872  -32.506 0.3000000119
43731  -33.708  -34.332  -31.367 0.6000000238
43737  -35.020  -34.370  -32.160 0.6000000238
130912  -33.573  -33.138  -31.533 0.4000000060
44843  -36.086  -33.777  -34.143 0.6999999881
43755  -35.807  -34.269  -35.741 0.6999999881
130212  -36.430  -32.563  -37.564 0.6000000238
125298  -36.254  -30.083  -42.643 0.8000000119
49905  -33.909  -28.183  -43.699 0.8000000119
50908  -32.368  -27.979  -43.929 0.8000000119
52810  -30.149  -25.250  -46.231 0.6000000238
126565  -30.881  -24.976  -46.418 0.6000000238
44804  -33.298  -33.694  -31.364 0.5000000000
46940  -34.670  -31.903  -32.309 0.3000000119
45946  -35.762  -32.793  -32.855 0.5000000000
47863  -32.875  -29.879  -33.735 0.3000000119
46976  -36.686  -31.441  -35.504 0.5000000000
133567  -36.621  -32.165  -37.283 0.6000000238
47018  -36.799  -31.866  -41.812 0.8000000119
49895  -35.707  -28.821  -42.991 0.6999999881
53873  -28.636  -23.843  -45.613 0.6999999881
47850  -35.449  -30.610  -33.112 0.3000000119
47864  -33.876  -29.939  -33.416 0.3000000119
47851  -36.080  -30.904  -33.404 0.3000000119
48768  -32.675  -29.331  -34.442 0.3000000119
127200  -34.079  -28.577  -34.394 0.3000000119
47901  -38.072  -30.099  -38.753 0.6000000238
53861  -27.421  -23.809  -44.353 0.6999999881
53862  -27.690  -23.985  -43.935 0.6999999881
124489  -38.493  -29.482  -38.961 0.6000000238
49886  -38.780  -28.673  -40.156 0.6999999881
119715  -34.843  -26.693  -43.556 0.6000000238
54950  -28.579  -23.243  -44.189 0.6999999881
54970  -32.154  -23.887  -46.585 0.5000000000
48783  -37.296  -29.632  -35.744 0.4000000060
54951  -31.326  -23.532  -44.523 0.6000000238
55958  -30.884  -22.333  -46.472 0.6000000238
50836  -36.078  -27.373  -34.767 0.4000000060
50850  -33.087  -27.020  -36.072 0.3000000119
51817  -31.827  -26.019  -37.124 0.3000000119
50894  -38.192  -26.944  -41.003 0.5000000000
52792  -35.543  -25.392  -43.398 0.5000000000
112598  -30.177  -22.899  -44.446 0.5000000000
51803  -34.430  -25.845  -35.966 0.4000000060
129991  -34.386  -25.088  -36.313 0.4000000060
52784  -37.290  -25.702  -42.040 0.5000000000
51827  -39.112  -26.304  -39.085 0.4000000060
52775  -37.764  -25.268  -41.497 0.4000000060
131482  -36.436  -24.029  -43.375 0.5000000000
55947  -33.417  -21.738  -45.339 0.6000000238
56775  -32.301  -21.793  -38.351 0.3000000119
56756  -34.756  -21.160  -37.672 0.4000000060
60663  -37.473  -17.158  -43.164 0.4000000060
28062  -31.060  -50.097  -43.923 0.5000000000
29066  -29.692  -49.181  -44.756 0.5000000000
25071  -31.140  -53.260  -41.702 0.4000000060
26024  -31.355  -52.518  -41.894 0.5000000000
26036  -31.410  -52.323  -42.717 0.5000000000
27050  -31.419  -51.499  -43.102 0.5000000000
29063  -30.808  -49.375  -43.578 0.6000000238
30090  -30.211  -48.833  -44.049 0.6000000238
26010  -31.392  -51.960  -41.356 0.5000000000
26023  -31.114  -52.848  -41.030 0.5000000000
27046  -31.455  -51.576  -42.141 0.5000000000
29060  -31.329  -49.916  -42.252 0.5000000000
119068  -30.798  -52.779  -40.161 0.5000000000
29059  -31.015  -49.228  -42.767 0.6000000238
30085  -30.046  -47.982  -43.033 0.6000000238
30086  -30.477  -48.592  -43.211 0.6000000238
115360  -29.846  -48.256  -43.668 0.6000000238
31086  -28.511  -47.352  -43.662 0.6000000238
31081  -28.840  -47.047  -43.084 0.6000000238
31085  -27.541  -47.398  -44.146 0.6000000238
32053  -26.440  -46.785  -44.165 0.6000000238
32054  -27.756  -46.878  -43.471 0.6000000238
27022  -31.211  -52.100  -40.546 0.5000000000
28052  -31.465  -50.749  -41.652 0.5000000000
29053  -31.089  -49.080  -41.921 0.6000000238
25995  -30.526  -52.642  -39.420 0.5000000000
27011  -31.251  -51.425  -39.930 0.5000000000
30082  -30.663  -48.541  -42.434 0.6000000238
25974  -29.599  -53.002  -38.550 0.5000000000
25994  -30.111  -53.049  -39.045 0.5000000000
31082  -29.636  -47.405  -42.702 0.6000000238
32959  -25.737  -45.634  -44.111 0.6000000238
27023  -31.432  -51.362  -40.943 0.5000000000
29054  -31.383  -49.784  -41.337 0.5000000000
27010  -30.761  -51.975  -39.149 0.5000000000
28027  -31.382  -50.385  -39.630 0.5000000000
28038  -31.456  -50.557  -40.651 0.5000000000
25975  -30.170  -52.449  -38.693 0.5000000000
30081  -30.246  -47.895  -42.266 0.6000000238
26991  -29.536  -52.163  -37.953 0.5000000000
32048  -29.147  -46.763  -42.357 0.6000000238
32047  -28.133  -46.474  -42.700 0.6000000238
32045  -25.876  -46.019  -43.715 0.6000000238
32046  -26.796  -46.290  -43.177 0.6000000238
28026  -31.051  -51.199  -38.896 0.5000000000
30072  -31.274  -48.885  -40.191 0.5000000000
29042  -31.399  -49.648  -40.443 0.6000000238
30071  -30.909  -48.075  -40.645 0.6000000238
28014  -31.192  -50.387  -38.668 0.5000000000
30078  -31.181  -48.917  -41.052 0.6000000238
25973  -28.893  -52.991  -38.094 0.5000000000
25947  -27.576  -52.748  -37.925 0.5000000000
29020  -31.305  -49.621  -38.485 0.5000000000
30062  -31.385  -49.013  -39.285 0.5000000000
30061  -31.212  -48.314  -39.825 0.6000000238
120409  -29.970  -51.342  -37.771 0.5000000000
25949  -28.603  -52.355  -37.667 0.5000000000
131617  -29.498  -51.542  -37.603 0.6000000238
30053  -31.346  -48.794  -38.348 0.6000000238
31069  -31.329  -48.166  -39.069 0.5000000000
31068  -31.027  -47.507  -39.716 0.6000000238
27997  -30.233  -50.606  -37.518 0.6000000238
29019  -30.911  -50.184  -37.884 0.6000000238
26968  -28.003  -51.744  -37.387 0.5000000000
27996  -29.474  -50.976  -37.277 0.5000000000
116488  -26.971  -52.764  -38.284 0.4000000060
29008  -30.497  -49.865  -37.231 0.6000000238
29009  -31.076  -49.392  -37.650 0.6000000238
32029  -30.738  -46.569  -39.786 0.6000000238
31063  -31.329  -47.957  -38.217 0.6999999881
115894  -33.876  -33.264  -45.903 0.5000000000
40619  -32.043  -37.334  -30.459 0.5000000000
46024  -35.966  -33.162  -41.057 0.6000000238
51881  -31.067  -26.565  -46.262 0.5000000000
121454  -32.144  -26.367  -46.451 0.5000000000
121031  -29.662  -23.461  -46.148 0.5000000000
127571  -36.469  -14.789  -43.774 0.4000000060
63879  -36.362  -13.833  -44.052 0.3000000119
65754  -36.626  -12.600  -43.732 0.3000000119
25084  -30.945  -53.998  -42.047 0.4000000060
25093  -31.418  -53.035  -43.220 0.5000000000
26042  -31.429  -52.247  -43.550 0.5000000000
115384  -28.412  -48.342  -44.784 0.5000000000
30089  -29.361  -48.441  -44.379 0.6000000238
134181  -29.374  -48.032  -43.928 0.6000000238
31094  -26.495  -47.434  -44.845 0.5000000000
24125  -30.357  -54.135  -40.638 0.4000000060
25050  -30.296  -53.278  -39.698 0.5000000000
132791  -29.248  -54.037  -38.948 0.5000000000
25049  -29.703  -53.650  -39.153 0.5000000000
25037  -29.100  -53.637  -38.593 0.3000000119
115694  -27.529  -54.094  -38.401 0.4000000060
24094  -26.089  -54.272  -38.846 0.4000000060
44961  -35.132  -33.417  -45.928 0.4000000060
46061  -35.480  -32.791  -45.850 0.4000000060
44954  -34.614  -33.102  -45.882 0.4000000060
42702  -32.576  -34.834  -30.740 0.5000000000
50933  -32.650  -26.917  -46.386 0.5000000000
51882  -33.092  -26.350  -46.586 0.5000000000
52812  -32.618  -25.556  -46.639 0.5000000000
47873  -36.977  -30.865  -35.843 0.4000000060
117026  -36.733  -14.013  -43.401 0.3000000119
65755  -37.062  -12.696  -43.119 0.3000000119
25070  -30.792  -53.746  -41.173 0.4000000060
30077  -30.734  -48.339  -41.620 0.6000000238
25972  -27.178  -52.109  -37.923 0.5000000000
25948  -28.164  -52.982  -37.838 0.5000000000
26969  -28.990  -51.677  -37.413 0.6000000238
50934  -33.396  -27.021  -46.392 0.5000000000
25036  -28.325  -53.723  -38.271 0.4000000060
29067  -30.464  -49.582  -44.373 0.6000000238
25085  -31.311  -53.169  -42.415 0.4000000060
28059  -31.421  -50.732  -42.645 0.5000000000
29064  -31.248  -50.001  -43.128 0.6000000238
133049  -31.462  -51.395  -41.536 0.5000000000
25061  -30.572  -53.471  -40.445 0.5000000000
26992  -30.359  -51.697  -38.388 0.5000000000
26970  -30.634  -50.925  -38.151 0.5000000000
25060  -30.027  -53.966  -39.966 0.4000000060
30088  -27.504  -47.942  -44.804 0.4000000060
31093  -26.269  -47.390  -45.359 0.4000000060
24117  -29.393  -54.463  -39.426 0.4000000060
32012  -22.334  -46.596  -36.279 0.4000000060
31044  -22.590  -47.430  -36.390 0.3000000119
31045  -23.434  -47.648  -36.228 0.4000000060
28984  -23.053  -49.076  -36.621 0.4000000060
32897  -22.710  -45.251  -35.767 0.4000000060
32001  -22.949  -46.020  -35.973 0.4000000060
34625  -20.531  -43.468  -35.897 0.4000000060
33724  -21.552  -44.173  -35.653 0.4000000060
32896  -21.811  -44.971  -35.832 0.4000000060
129945  -23.284  -44.832  -35.579 0.4000000060
35620  -19.475  -42.153  -37.850 0.3000000119
35615  -20.263  -42.630  -36.168 0.3000000119
35614  -19.712  -41.894  -36.896 0.4000000060
119909  -19.636  -42.809  -36.936 0.4000000060
122530  -20.894  -42.879  -35.649 0.5000000000
36628  -20.343  -41.636  -36.237 0.4000000060
36617  -21.709  -41.345  -35.531 0.4000000060
122214  -21.671  -42.662  -35.487 0.5000000000
37601  -21.350  -40.503  -35.687 0.4000000060
42701  -31.578  -34.695  -30.643 0.3000000119
46973  -36.533  -31.435  -34.615 0.3000000119
46964  -35.792  -31.374  -32.966 0.3000000119
46965  -36.285  -31.589  -33.660 0.3000000119
47852  -36.426  -30.759  -34.000 0.3000000119
47866  -36.728  -30.635  -34.980 0.3000000119
127696  -34.836  -22.878  -44.746 0.4000000060
49826  -36.646  -29.071  -34.612 0.3000000119
54955  -35.446  -23.367  -44.345 0.4000000060
55936  -35.650  -22.616  -44.642 0.4000000060
50835  -34.906  -27.367  -34.911 0.3000000119
53855  -37.035  -23.795  -43.012 0.4000000060
120225  -37.130  -22.991  -43.316 0.3000000119
55925  -36.704  -22.664  -43.934 0.4000000060
57790  -36.132  -20.660  -44.943 0.4000000060
57776  -36.562  -20.052  -44.598 0.3000000119
50837  -36.892  -27.603  -35.135 0.3000000119
51806  -37.616  -26.316  -35.837 0.3000000119
51791  -35.669  -26.666  -35.164 0.3000000119
51792  -36.598  -26.835  -35.210 0.3000000119
51807  -38.231  -26.324  -36.638 0.3000000119
52721  -37.012  -25.582  -35.597 0.3000000119
52722  -37.778  -25.499  -36.111 0.3000000119
116274  -38.639  -26.003  -37.423 0.3000000119
119232  -38.999  -26.132  -38.200 0.3000000119
51844  -38.927  -26.503  -39.844 0.3000000119
52719  -35.097  -25.292  -35.840 0.3000000119
52720  -36.003  -25.172  -35.545 0.3000000119
51853  -38.457  -26.308  -40.547 0.3000000119
53782  -35.226  -24.514  -36.077 0.3000000119
54877  -34.862  -23.786  -36.443 0.3000000119
52776  -38.301  -25.545  -40.792 0.3000000119
53781  -34.253  -24.279  -36.561 0.3000000119
54891  -34.119  -23.368  -36.930 0.3000000119
53837  -37.720  -24.511  -41.770 0.3000000119
54926  -37.649  -23.690  -42.298 0.3000000119
131523  -37.385  -23.298  -42.863 0.3000000119
57715  -32.870  -20.602  -38.602 0.3000000119
57733  -31.523  -20.032  -39.145 0.3000000119
56835  -36.978  -21.345  -44.219 0.3000000119
58807  -36.678  -19.266  -44.317 0.3000000119
52735  -38.343  -25.379  -36.893 0.3000000119
131783  -36.736  -24.842  -35.686 0.3000000119
52738  -38.825  -25.374  -37.836 0.3000000119
52749  -39.077  -25.524  -38.832 0.3000000119
52766  -38.872  -25.755  -39.893 0.3000000119
53784  -37.079  -24.271  -35.922 0.3000000119
53785  -37.860  -24.569  -36.420 0.3000000119
117608  -38.983  -24.611  -38.495 0.3000000119
53811  -38.990  -24.969  -39.509 0.3000000119
117978  -38.693  -25.094  -40.295 0.3000000119
53783  -36.236  -24.297  -35.781 0.3000000119
54879  -36.610  -23.508  -36.180 0.3000000119
54880  -37.521  -23.667  -36.417 0.3000000119
53838  -38.334  -24.678  -40.969 0.3000000119
54890  -33.351  -23.306  -37.395 0.3000000119
54878  -35.653  -23.684  -36.176 0.3000000119
54927  -38.246  -23.867  -41.434 0.3000000119
55867  -34.557  -22.470  -37.106 0.3000000119
54938  -37.745  -22.729  -42.775 0.3000000119
126604  -33.458  -21.118  -38.278 0.3000000119
112006  -33.643  -20.292  -38.519 0.3000000119
57716  -34.385  -20.116  -38.337 0.3000000119
128360  -37.992  -21.751  -43.030 0.3000000119
57777  -37.147  -20.586  -44.151 0.3000000119
58798  -37.236  -19.747  -44.000 0.3000000119
59727  -37.185  -18.770  -43.797 0.3000000119
53798  -38.548  -24.579  -37.356 0.3000000119
54881  -38.247  -23.768  -36.986 0.3000000119
129824  -39.054  -24.310  -39.339 0.3000000119
55852  -36.551  -22.787  -36.440 0.3000000119
54893  -37.909  -23.032  -36.903 0.3000000119
112841  -38.742  -23.814  -37.879 0.3000000119
53824  -38.866  -24.472  -40.121 0.3000000119
54892  -35.091  -23.093  -36.568 0.3000000119
124678  -36.132  -22.382  -36.544 0.3000000119
54916  -38.731  -23.917  -40.623 0.3000000119
55907  -38.919  -22.474  -41.320 0.3000000119
123691  -38.820  -23.252  -41.006 0.3000000119
57693  -35.040  -20.486  -37.833 0.3000000119
55919  -38.463  -22.187  -42.202 0.3000000119
133280  -35.483  -20.100  -37.778 0.3000000119
58741  -34.286  -19.396  -38.473 0.3000000119
57717  -35.085  -19.695  -38.082 0.3000000119
56824  -38.616  -21.310  -42.414 0.3000000119
57771  -37.722  -20.333  -43.593 0.3000000119
117609  -39.047  -23.685  -38.833 0.3000000119
55870  -37.662  -22.329  -36.968 0.3000000119
55871  -38.215  -22.529  -37.406 0.3000000119
55886  -38.793  -22.408  -38.196 0.3000000119
120677  -39.123  -23.132  -39.501 0.3000000119
54908  -39.048  -23.806  -39.779 0.3000000119
124185  -35.944  -21.763  -36.803 0.3000000119
56777  -38.726  -21.564  -38.200 0.3000000119
124222  -39.073  -22.964  -38.769 0.3000000119
134183  -39.019  -23.355  -40.254 0.3000000119
56757  -35.545  -21.108  -37.386 0.3000000119
56758  -36.631  -21.216  -37.177 0.3000000119
126624  -37.439  -21.680  -37.124 0.3000000119
57694  -36.016  -20.426  -37.501 0.3000000119
126655  -35.890  -19.701  -37.670 0.3000000119
58725  -36.642  -19.148  -37.558 0.3000000119
57754  -39.189  -20.771  -41.756 0.3000000119
58742  -34.906  -19.015  -38.252 0.3000000119
58724  -35.650  -18.923  -37.778 0.3000000119
57764  -38.717  -20.497  -42.576 0.3000000119
58792  -38.727  -19.713  -42.716 0.3000000119
58799  -37.990  -19.432  -43.369 0.3000000119
56759  -38.176  -21.810  -37.566 0.3000000119
55889  -39.179  -22.434  -39.212 0.3000000119
56784  -39.300  -21.807  -39.805 0.3000000119
56776  -38.377  -21.035  -37.859 0.3000000119
55896  -39.155  -22.629  -40.272 0.3000000119
124397  -36.582  -19.895  -37.564 0.3000000119
58726  -37.416  -19.724  -37.582 0.3000000119
56804  -39.399  -21.232  -41.085 0.3000000119
134628  -34.582  -17.934  -38.256 0.3000000119
125243  -37.517  -18.979  -37.591 0.3000000119
59660  -35.070  -18.363  -38.077 0.3000000119
59642  -35.768  -18.027  -37.657 0.3000000119
59643  -36.376  -18.427  -37.559 0.3000000119
59644  -37.192  -18.366  -37.517 0.3000000119
112891  -39.463  -19.944  -41.453 0.3000000119
57765  -39.177  -20.068  -42.160 0.3000000119
59720  -38.695  -18.745  -42.712 0.3000000119
59728  -37.929  -18.514  -43.278 0.3000000119
60664  -38.191  -17.755  -42.893 0.3000000119
118743  -39.105  -21.687  -38.892 0.3000000119
57719  -38.576  -20.349  -38.016 0.3000000119
57736  -38.971  -20.863  -38.604 0.3000000119
56785  -39.314  -21.032  -39.483 0.3000000119
58743  -38.145  -19.892  -37.747 0.3000000119
58744  -38.687  -19.695  -38.089 0.3000000119
57720  -38.990  -20.135  -38.541 0.3000000119
133240  -39.464  -19.963  -39.870 0.3000000119
130998  -35.115  -17.597  -37.874 0.3000000119
124719  -38.140  -19.272  -37.731 0.3000000119
115631  -39.503  -19.047  -40.353 0.3000000119
60589  -36.690  -17.615  -37.474 0.3000000119
59661  -38.140  -18.411  -37.707 0.3000000119
59662  -38.797  -18.984  -38.156 0.3000000119
58785  -39.504  -19.041  -41.192 0.3000000119
58793  -39.272  -19.356  -42.092 0.3000000119
59711  -38.985  -17.914  -42.238 0.3000000119
118045  -37.261  -16.011  -43.000 0.3000000119
61620  -37.767  -16.263  -42.546 0.3000000119
60654  -37.961  -16.920  -42.664 0.3000000119
57737  -39.307  -20.203  -39.280 0.3000000119
129526  -35.070  -16.807  -37.744 0.3000000119
58745  -39.153  -19.542  -38.752 0.3000000119
58763  -39.418  -19.405  -39.652 0.3000000119
60588  -35.832  -17.168  -37.541 0.3000000119
61545  -36.624  -16.682  -37.399 0.3000000119
60590  -37.679  -17.621  -37.562 0.3000000119
116000  -38.909  -18.219  -38.304 0.3000000119
60608  -39.273  -18.135  -39.048 0.3000000119
59698  -39.479  -18.505  -40.610 0.3000000119
60637  -39.424  -17.877  -40.394 0.3000000119
59721  -39.291  -18.607  -41.960 0.3000000119
60645  -39.016  -17.259  -41.712 0.3000000119
59712  -39.365  -18.055  -41.301 0.3000000119
61621  -38.463  -16.565  -42.042 0.3000000119
60655  -38.541  -17.269  -42.339 0.3000000119
127742  -38.083  -15.907  -42.097 0.3000000119
61544  -35.789  -16.311  -37.457 0.3000000119
61565  -38.045  -16.884  -37.619 0.3000000119
60607  -39.084  -17.512  -38.663 0.3000000119
60620  -39.356  -17.689  -39.580 0.3000000119
61566  -38.797  -16.681  -38.219 0.3000000119
61595  -39.386  -17.232  -40.131 0.3000000119
61594  -39.230  -16.451  -40.349 0.3000000119
60636  -39.286  -17.263  -40.854 0.3000000119
62735  -38.712  -15.851  -41.331 0.3000000119
61607  -39.004  -16.662  -41.285 0.3000000119
62752  -37.586  -15.613  -42.507 0.3000000119
62767  -37.074  -15.274  -43.026 0.3000000119
62670  -35.622  -15.481  -37.475 0.3000000119
62671  -36.694  -15.730  -37.317 0.3000000119
62672  -37.447  -16.348  -37.448 0.3000000119
62691  -37.796  -15.664  -37.510 0.3000000119
62692  -38.672  -15.781  -38.025 0.3000000119
61580  -39.251  -16.911  -39.352 0.3000000119
128570  -39.096  -16.024  -39.167 0.3000000119
62753  -38.048  -15.283  -41.909 0.3000000119
63865  -37.063  -14.480  -42.979 0.3000000119
32969  -26.010  -46.187  -44.886 0.4000000060
33725  -22.575  -44.353  -35.554 0.4000000060
32898  -23.516  -45.469  -35.692 0.4000000060
34626  -21.227  -43.465  -35.593 0.4000000060
133691  -21.678  -42.009  -35.507 0.4000000060
51805  -36.295  -26.074  -35.381 0.3000000119
121566  -36.588  -23.383  -43.610 0.4000000060
55866  -33.671  -22.581  -37.504 0.3000000119
57714  -32.052  -20.909  -38.650 0.3000000119
55868  -35.445  -22.377  -36.692 0.3000000119
57735  -32.948  -19.858  -38.879 0.3000000119
34635  -19.943  -43.485  -36.409 0.4000000060
33733  -19.713  -44.531  -36.825 0.4000000060
33735  -20.924  -44.672  -35.960 0.4000000060
125715  -37.006  -26.357  -35.480 0.3000000119
54939  -38.329  -23.056  -41.859 0.3000000119
55851  -35.914  -22.963  -36.359 0.3000000119
55853  -37.199  -22.894  -36.525 0.3000000119
58740  -33.586  -19.558  -38.713 0.3000000119
58762  -33.011  -19.093  -39.125 0.3000000119
124166  -38.849  -23.194  -38.235 0.3000000119
54894  -38.464  -23.110  -37.558 0.3000000119
55869  -36.813  -22.107  -36.681 0.3000000119
114532  -39.019  -21.663  -41.610 0.3000000119
56788  -39.284  -21.856  -40.755 0.3000000119
120347  -37.607  -21.116  -37.442 0.3000000119
122947  -39.523  -20.576  -40.876 0.3000000119
59659  -34.392  -18.578  -38.426 0.3000000119
57695  -37.012  -20.472  -37.436 0.3000000119
57718  -37.870  -20.437  -37.630 0.3000000119
56789  -39.439  -21.171  -40.342 0.3000000119
59680  -39.426  -18.495  -39.810 0.3000000119
61546  -37.303  -17.010  -37.451 0.3000000119
60606  -38.498  -17.533  -37.848 0.3000000119
120058  -38.201  -16.252  -37.684 0.3000000119
121445  -38.962  -15.114  -38.793 0.3000000119
34634  -19.568  -43.663  -37.105 0.4000000060
43867  -34.892  -34.379  -45.751 0.4000000060
113733  -23.729  -53.517  -41.366 0.3000000119
24133  -24.137  -53.970  -40.874 0.3000000119
119322  -24.506  -53.615  -40.256 0.3000000119
36627  -19.826  -40.993  -36.869 0.3000000119
123718  -20.388  -40.883  -36.340 0.3000000119
37615  -20.139  -40.278  -36.781 0.3000000119
128383  -20.407  -46.077  -36.662 0.3000000119
32907  -20.272  -45.087  -36.416 0.3000000119
32908  -21.115  -45.502  -36.212 0.3000000119
33723  -20.846  -44.015  -35.780 0.3000000119
32909  -22.063  -45.788  -36.083 0.3000000119
42853  -35.336  -34.907  -45.181 0.3000000119
25033  -25.816  -53.233  -38.985 0.5000000000
25059  -24.166  -53.258  -40.870 0.5000000000
28063  -31.321  -50.746  -43.506 0.5000000000
29031  -31.387  -49.540  -39.758 0.5000000000
30027  -30.949  -48.188  -36.725 0.6000000238
30099  -28.739  -48.893  -45.134 0.5000000000
31078  -30.383  -47.575  -41.383 0.6999999881
31087  -29.347  -47.677  -43.477 0.6000000238
31095  -28.677  -47.841  -44.183 0.6000000238
32059  -26.006  -46.881  -45.104 0.4000000060
32060  -26.014  -47.013  -44.896 0.6999999881
32940  -29.166  -45.479  -41.138 0.6999999881
32951  -25.546  -45.279  -43.352 0.6999999881
33734  -20.231  -44.200  -36.198 0.3000000119
33758  -27.475  -43.754  -41.087 0.6999999881
33766  -25.769  -44.418  -42.003 0.6999999881
33771  -25.267  -44.116  -42.484 0.6999999881
33785  -29.162  -44.193  -44.944 0.5000000000
34609  -29.415  -43.824  -33.393 0.8000000119
34610  -31.500  -43.106  -33.794 0.8000000119
34673  -25.086  -43.454  -42.261 0.6999999881
34680  -28.116  -43.273  -43.378 0.6999999881
35606  -21.011  -42.063  -35.640 0.4000000060
35609  -24.283  -42.770  -34.983 0.6000000238
35610  -32.567  -42.554  -35.728 0.8000000119
36616  -20.880  -41.150  -35.808 0.4000000060
36629  -32.815  -41.956  -36.662 0.6999999881
36664  -32.207  -41.858  -39.109 0.8000000119
36674  -26.863  -41.046  -40.663 0.6999999881
36686  -25.190  -41.259  -41.993 0.6999999881
36688  -29.639  -41.016  -41.958 0.6999999881
36689  -30.997  -41.060  -41.840 0.6000000238
37514  -28.362  -40.256  -31.890 0.6000000238
37517  -30.649  -40.618  -31.293 0.6999999881
37665  -26.758  -40.420  -40.840 0.6999999881
37674  -25.346  -40.826  -41.959 0.6999999881
37675  -25.523  -40.928  -41.685 0.6999999881
38550  -32.030  -39.207  -30.921 0.6999999881
38556  -27.926  -39.742  -31.933 0.5000000000
38568  -32.757  -39.746  -32.308 0.6999999881
38591  -33.479  -39.243  -33.271 0.6999999881
38698  -28.341  -39.475  -40.368 0.8000000119
38735  -27.044  -38.671  -43.081 0.8000000119
39568  -28.355  -38.182  -30.818 0.4000000060
39602  -24.906  -37.921  -33.687 0.3000000119
39680  -30.445  -38.846  -39.145 0.8000000119
39701  -26.783  -38.152  -41.860 0.8000000119
39716  -26.511  -38.575  -42.560 0.8000000119
40634  -24.972  -37.171  -32.556 0.3000000119
40710  -31.600  -37.184  -37.948 0.8000000119
40722  -30.757  -37.226  -38.892 0.8000000119
40734  -30.061  -37.209  -40.114 0.8000000119
40745  -33.279  -37.871  -41.858 0.5000000000
40755  -31.059  -37.596  -42.884 0.6999999881
41799  -29.511  -35.994  -41.134 0.8000000119
41807  -26.795  -36.264  -42.913 0.8000000119
41831  -35.792  -36.025  -43.884 0.4000000060
42688  -32.177  -35.421  -30.529 0.5000000000
42777  -31.544  -35.913  -39.893 0.8000000119
42791  -32.545  -35.013  -39.886 0.6999999881
42802  -26.888  -35.607  -42.790 0.8000000119
42819  -26.906  -34.920  -42.733 1.0000000000
42841  -32.872  -35.727  -45.192 0.6000000238
42842  -33.726  -35.350  -45.349 0.6000000238
43708  -29.816  -34.980  -30.631 0.3000000119
43765  -35.419  -34.319  -36.648 0.6999999881
43802  -34.112  -34.355  -40.406 0.6999999881
43824  -27.110  -34.274  -42.591 0.8999999762
43827  -29.706  -34.175  -42.544 0.8000000119
43830  -33.806  -34.280  -42.204 0.6999999881
43861  -29.403  -34.069  -44.833 0.8999999762
43866  -34.111  -34.450  -45.908 0.6000000238
43868  -35.941  -34.376  -45.554 0.3000000119
43874  -34.415  -33.832  -46.029 0.6000000238
43875  -35.402  -33.870  -45.938 0.4000000060
44805  -34.008  -33.648  -31.527 0.4000000060
44883  -34.836  -33.775  -38.986 0.6999999881
44909  -35.403  -33.530  -41.574 0.6999999881
44933  -34.163  -33.078  -43.171 0.8000000119
44950  -30.749  -33.185  -45.455 0.6999999881
44953  -33.632  -33.841  -46.014 0.6000000238
45944  -34.261  -32.337  -32.004 0.3000000119
46040  -27.359  -32.684  -43.188 0.8000000119
46060  -34.168  -32.551  -45.657 0.6000000238
47011  -37.051  -32.006  -41.096 0.8000000119
47926  -35.764  -30.553  -42.849 0.8000000119
48816  -38.623  -29.370  -39.780 0.6999999881
48823  -38.230  -29.961  -40.899 0.6999999881
48824  -38.514  -29.274  -40.539 0.6999999881
48829  -37.746  -29.806  -41.705 0.6999999881
48835  -35.555  -29.697  -43.010 0.8000000119
49822  -31.867  -28.848  -35.283 0.3000000119
49850  -30.909  -28.017  -36.244 0.3000000119
49918  -31.073  -28.826  -45.491 0.8000000119
51875  -27.777  -26.430  -44.808 0.8000000119
52733  -32.164  -25.314  -37.299 0.3000000119
52791  -34.849  -25.430  -43.757 0.6000000238
53853  -34.567  -24.830  -44.071 0.6000000238
54956  -36.165  -23.069  -44.200 0.4000000060
54962  -27.698  -22.942  -45.137 0.6999999881
55931  -27.881  -21.976  -44.968 0.5000000000
55937  -36.272  -22.461  -44.413 0.4000000060
56834  -36.388  -21.342  -44.691 0.5000000000
57739  -39.473  -20.457  -40.052 0.3000000119
57772  -38.158  -20.884  -43.119 0.3000000119
58772  -39.528  -19.778  -40.493 0.3000000119
59663  -39.249  -18.796  -38.930 0.3000000119
112971  -33.936  -23.684  -44.615 0.6000000238
113852  -26.106  -43.936  -34.465 0.6000000238
114268  -31.394  -49.803  -39.165 0.5000000000
114344  -32.881  -34.651  -42.128 0.8000000119
115698  -29.754  -47.890  -35.487 0.6999999881
115858  -28.178  -43.719  -33.545 0.8000000119
116328  -26.874  -36.812  -42.374 0.8000000119
116477  -33.288  -28.891  -34.514 0.3000000119
117935  -26.685  -44.611  -41.660 0.6999999881
117991  -35.652  -17.746  -44.681 0.4000000060
118284  -29.972  -18.310  -46.123 0.5000000000
118595  -35.414  -33.689  -37.780 0.6999999881
121302  -23.170  -41.055  -35.191 0.4000000060
121866  -27.481  -39.331  -40.974 0.6999999881
122045  -28.047  -41.979  -40.358 0.6999999881
122123  -34.064  -34.929  -31.486 0.6000000238
122208  -32.908  -36.016  -37.286 0.6999999881
123524  -29.466  -37.720  -30.391 0.5000000000
124801  -27.615  -23.274  -44.338 0.6999999881
124875  -31.771  -40.185  -41.574 0.6000000238
125109  -31.751  -37.371  -42.843 0.6000000238
125920  -31.121  -36.520  -44.374 0.6999999881
125931  -32.076  -32.892  -31.714 0.3000000119
126938  -31.954  -40.167  -31.637 0.6999999881
127304  -28.758  -21.117  -45.509 0.5000000000
128738  -30.497  -34.483  -42.438 0.8000000119
129019  -34.834  -32.467  -45.625 0.4000000060
129188  -33.086  -33.979  -45.983 0.6999999881
129603  -30.092  -36.242  -40.777 0.8000000119
130007  -30.676  -33.887  -45.406 0.6999999881
130141  -37.319  -24.937  -35.856 0.3000000119
130249  -37.483  -16.570  -42.960 0.3000000119
130669  -25.175  -41.465  -42.056 0.6999999881
131626  -30.365  -48.241  -42.752 0.6000000238
132100  -30.185  -45.655  -40.213 0.6999999881
132272  -33.028  -40.867  -35.096 0.6999999881
132421  -33.979  -19.860  -38.538 0.3000000119
132450  -28.168  -40.070  -42.548 0.6999999881
132519  -38.281  -20.174  -43.138 0.3000000119
133450  -27.054  -39.395  -32.483 0.5000000000
133523  -28.452  -27.975  -43.616 0.8000000119
133647  -34.808  -33.110  -42.803 0.8000000119
133968  -19.800  -44.001  -36.570 0.4000000060
134039  -36.048  -27.325  -42.783 0.6000000238
134079  -35.428  -26.546  -43.247 0.6000000238
134241  -36.468  -31.006  -44.850 0.4000000060
134267  -30.961  -52.201  -39.840 0.5000000000
