#!ascii label  , from subject sub-v2s8x29253_ses-1 vox2ras=TkReg
1447
103433  -37.907  -17.571  16.813 0.0000000000
59092  -49.341  -6.399  9.034 0.0000000000
54291  -44.375  -12.793  13.845 0.0000000000
29862  -16.198  -40.146  36.496 0.0000000000
49086  -31.818  -17.626  20.830 0.0000000000
34214  -33.668  -35.882  36.251 0.0000000000
41988  -36.434  -26.501  34.490 0.0000000000
46528  -38.289  -21.039  28.786 0.0000000000
49970  -36.879  -16.861  26.851 0.0000000000
33383  -23.462  -36.062  31.400 0.0000000000
31653  -29.285  -38.424  36.500 0.0000000000
35222  -27.846  -34.640  31.260 0.0000000000
39622  -33.065  -28.725  28.900 0.0000000000
42930  -37.194  -25.285  28.859 0.0000000000
51774  -39.536  -15.798  23.681 0.0000000000
51792  -43.057  -15.807  21.459 0.0000000000
55908  -47.023  -10.081  11.692 0.0000000000
52671  -40.976  -14.418  16.060 0.0000000000
60013  -44.627  -5.341  5.265 0.0000000000
27458  -14.168  -43.223  37.739 0.0000000000
52586  -35.015  -14.139  25.028 0.0000000000
49095  -34.502  -17.942  19.104 0.0000000000
37193  -31.569  -32.827  30.082 0.0000000000
37992  -34.829  -31.030  34.564 0.0000000000
54214  -45.831  -12.083  18.803 0.0000000000
60958  -52.065  -3.776  0.910 0.0000000000
100498  -36.723  -22.721  26.228 0.0000000000
46561  -36.388  -21.075  24.698 0.0000000000
33385  -25.708  -36.115  31.638 0.0000000000
42098  -34.657  -26.413  25.759 0.0000000000
43899  -35.891  -24.995  26.023 0.0000000000
44751  -37.673  -23.403  28.488 0.0000000000
118162  -38.930  -17.685  20.697 0.0000000000
51776  -41.705  -16.185  22.827 0.0000000000
50971  -40.123  -16.750  19.143 0.0000000000
57444  -48.196  -8.209  10.663 0.0000000000
58207  -48.854  -7.640  14.302 0.0000000000
113364  -50.011  -4.851  8.468 0.0000000000
104295  -15.160  -40.447  34.605 0.0000000000
28927  -14.906  -41.834  37.177 0.0000000000
50014  -34.383  -17.507  24.001 0.0000000000
50889  -35.148  -15.032  25.971 0.0000000000
50012  -33.390  -16.080  22.826 0.0000000000
115584  -35.317  -16.112  22.541 0.0000000000
50051  -32.694  -16.587  20.447 0.0000000000
33311  -30.772  -36.960  36.257 0.0000000000
31626  -31.965  -38.281  39.353 0.0000000000
33295  -32.833  -36.801  39.436 0.0000000000
35156  -34.024  -34.527  39.054 0.0000000000
37246  -28.802  -32.821  26.832 0.0000000000
37248  -30.103  -31.692  27.001 0.0000000000
40351  -35.427  -28.224  31.772 0.0000000000
38815  -33.908  -29.832  31.767 0.0000000000
40329  -35.264  -28.065  34.771 0.0000000000
39520  -34.759  -29.540  38.589 0.0000000000
32507  -19.965  -36.715  34.361 0.0000000000
32461  -22.528  -37.367  36.451 0.0000000000
31608  -22.916  -38.151  39.629 0.0000000000
53515  -41.969  -13.330  14.671 0.0000000000
53473  -43.148  -13.322  17.151 0.0000000000
54259  -45.236  -12.373  16.505 0.0000000000
61847  -53.802  -1.602  -0.003 0.0000000000
29811  -15.946  -40.084  39.681 0.0000000000
48965  -39.413  -18.741  31.767 0.0000000000
49917  -39.008  -16.979  30.265 0.0000000000
49014  -38.056  -18.886  27.838 0.0000000000
48180  -35.473  -19.302  23.908 0.0000000000
32494  -24.442  -37.537  34.570 0.0000000000
30765  -26.942  -39.214  35.942 0.0000000000
32511  -26.492  -37.352  33.520 0.0000000000
33335  -28.673  -36.290  34.222 0.0000000000
101097  -31.120  -35.393  33.688 0.0000000000
39646  -31.017  -29.027  26.605 0.0000000000
40411  -32.274  -28.056  26.466 0.0000000000
41217  -34.864  -27.394  28.582 0.0000000000
42024  -37.682  -26.594  31.990 0.0000000000
43842  -39.172  -24.565  31.831 0.0000000000
46508  -39.282  -21.343  31.645 0.0000000000
33381  -21.710  -36.012  31.604 0.0000000000
52548  -39.889  -14.250  26.181 0.0000000000
54126  -43.509  -12.434  27.775 0.0000000000
52571  -42.308  -14.226  25.306 0.0000000000
52595  -44.351  -14.514  24.280 0.0000000000
55138  -46.090  -11.412  12.555 0.0000000000
54277  -47.931  -12.066  15.753 0.0000000000
56622  -48.711  -9.766  15.315 0.0000000000
22858  -11.307  -50.130  41.931 0.0000000000
113063  -39.138  -16.409  16.121 0.0000000000
108481  -39.705  -13.615  12.905 0.0000000000
54320  -43.560  -12.357  10.760 0.0000000000
55935  -44.623  -10.571  9.621 0.0000000000
56679  -45.833  -9.152  9.105 0.0000000000
58273  -46.040  -7.036  7.899 0.0000000000
59985  -46.863  -5.496  7.299 0.0000000000
107380  -44.010  -5.726  6.451 0.0000000000
28130  -14.544  -42.545  40.701 0.0000000000
26739  -13.779  -44.599  41.566 0.0000000000
25140  -12.470  -46.683  42.498 0.0000000000
54085  -38.797  -11.930  30.820 0.0000000000
51682  -37.240  -14.789  29.224 0.0000000000
53338  -36.551  -13.358  28.109 0.0000000000
53369  -38.372  -13.506  27.280 0.0000000000
51758  -37.944  -15.186  24.253 0.0000000000
50040  -36.737  -17.479  21.355 0.0000000000
108190  -36.824  -18.270  18.278 0.0000000000
98925  -29.978  -39.925  38.620 0.0000000000
35242  -29.739  -34.333  30.579 0.0000000000
35212  -32.889  -34.244  32.798 0.0000000000
38066  -31.822  -30.645  29.007 0.0000000000
37164  -33.491  -32.537  32.468 0.0000000000
36208  -34.720  -33.621  34.964 0.0000000000
37098  -34.601  -32.212  38.049 0.0000000000
30774  -16.295  -39.636  34.374 0.0000000000
31674  -18.072  -38.018  34.658 0.0000000000
31649  -17.990  -38.218  36.394 0.0000000000
118773  -41.818  -15.166  18.346 0.0000000000
52637  -44.434  -14.222  20.336 0.0000000000
53439  -46.561  -12.940  21.370 0.0000000000
113767  -47.991  -11.023  18.881 0.0000000000
60866  -47.213  -4.068  6.317 0.0000000000
61782  -48.321  -2.786  5.667 0.0000000000
62622  -50.578  -1.632  4.433 0.0000000000
60920  -50.507  -4.563  2.575 0.0000000000
63487  -52.462  -0.387  2.686 0.0000000000
44803  -35.636  -23.485  24.451 0.0000000000
100920  -35.765  -22.622  24.266 0.0000000000
44824  -34.749  -23.654  22.426 0.0000000000
42962  -34.719  -25.562  24.293 0.0000000000
43914  -35.484  -24.314  24.634 0.0000000000
44777  -36.625  -23.516  26.468 0.0000000000
50078  -38.140  -17.716  18.614 0.0000000000
50071  -39.798  -17.193  19.748 0.0000000000
50088  -39.170  -16.914  17.922 0.0000000000
58241  -48.872  -7.052  9.983 0.0000000000
59055  -48.672  -6.533  12.227 0.0000000000
59064  -48.920  -5.835  11.602 0.0000000000
59966  -49.419  -4.842  11.027 0.0000000000
59979  -49.800  -5.475  8.908 0.0000000000
29874  -16.078  -40.143  35.708 0.0000000000
28947  -15.057  -41.110  35.940 0.0000000000
29861  -15.803  -40.580  36.830 0.0000000000
49070  -32.689  -17.139  22.164 0.0000000000
50013  -33.657  -16.588  23.479 0.0000000000
50022  -32.785  -16.458  22.128 0.0000000000
50964  -32.448  -16.202  21.159 0.0000000000
50050  -31.784  -16.716  20.305 0.0000000000
31639  -24.591  -38.234  38.040 0.0000000000
33322  -32.104  -36.374  35.942 0.0000000000
33302  -31.946  -37.133  37.496 0.0000000000
33314  -33.186  -36.460  37.134 0.0000000000
34201  -33.531  -35.819  38.936 0.0000000000
34207  -34.286  -35.391  36.820 0.0000000000
41154  -35.988  -27.432  33.301 0.0000000000
104444  -35.283  -28.400  33.035 0.0000000000
41126  -35.607  -27.481  35.126 0.0000000000
118367  -35.306  -27.795  36.484 0.0000000000
32477  -23.060  -37.300  35.781 0.0000000000
32462  -23.348  -37.551  36.571 0.0000000000
117900  -24.056  -38.066  38.221 0.0000000000
54949  -41.569  -11.436  30.126 0.0000000000
53517  -43.620  -12.987  14.086 0.0000000000
114643  -44.055  -12.685  15.514 0.0000000000
54284  -44.457  -12.704  14.780 0.0000000000
48130  -39.066  -20.025  30.198 0.0000000000
48139  -38.809  -18.980  29.260 0.0000000000
47335  -38.049  -19.850  27.955 0.0000000000
114867  -36.187  -20.326  24.345 0.0000000000
47393  -34.899  -20.389  22.554 0.0000000000
48202  -34.349  -19.470  22.543 0.0000000000
33350  -24.140  -36.813  33.034 0.0000000000
103477  -25.881  -38.045  34.404 0.0000000000
32523  -24.955  -37.007  32.965 0.0000000000
114226  -26.631  -35.163  31.080 0.0000000000
100060  -27.103  -36.173  32.792 0.0000000000
34242  -28.406  -35.297  32.814 0.0000000000
33355  -29.228  -35.635  33.741 0.0000000000
34258  -28.956  -34.938  32.246 0.0000000000
40420  -31.524  -28.218  25.246 0.0000000000
42082  -36.027  -26.032  27.676 0.0000000000
42080  -34.487  -27.069  27.375 0.0000000000
42060  -36.395  -26.631  29.234 0.0000000000
42046  -36.635  -27.085  30.034 0.0000000000
42910  -38.027  -26.074  30.521 0.0000000000
42898  -38.825  -25.394  31.598 0.0000000000
42911  -38.574  -25.353  30.737 0.0000000000
45667  -38.243  -21.913  28.959 0.0000000000
45653  -38.846  -22.362  30.542 0.0000000000
46515  -39.049  -21.100  30.904 0.0000000000
115376  -39.299  -20.516  31.412 0.0000000000
33382  -22.531  -36.079  31.730 0.0000000000
52590  -39.468  -14.852  24.874 0.0000000000
52550  -41.894  -13.982  25.981 0.0000000000
51761  -40.819  -15.266  24.130 0.0000000000
50956  -42.494  -16.201  21.680 0.0000000000
51777  -42.951  -15.753  23.047 0.0000000000
51786  -44.082  -15.436  22.605 0.0000000000
52605  -45.744  -14.617  23.350 0.0000000000
51794  -44.452  -15.192  22.000 0.0000000000
55900  -46.567  -10.757  12.175 0.0000000000
55893  -47.398  -10.545  13.511 0.0000000000
56637  -47.657  -9.674  13.224 0.0000000000
58209  -50.327  -6.317  15.237 0.0000000000
55156  -43.878  -11.721  10.281 0.0000000000
55950  -43.810  -10.779  9.341 0.0000000000
56693  -44.561  -9.066  8.580 0.0000000000
58259  -44.829  -7.814  8.058 0.0000000000
58260  -45.656  -7.772  8.236 0.0000000000
58272  -45.198  -7.082  7.768 0.0000000000
59102  -44.753  -6.400  7.382 0.0000000000
113208  -13.813  -42.697  36.332 0.0000000000
26757  -13.710  -44.915  38.381 0.0000000000
29784  -15.511  -40.552  42.133 0.0000000000
28902  -15.134  -41.291  40.497 0.0000000000
114896  -14.693  -41.470  42.379 0.0000000000
108869  -13.616  -44.100  42.763 0.0000000000
26733  -13.311  -44.763  43.285 0.0000000000
25141  -13.009  -46.101  41.890 0.0000000000
25135  -12.515  -46.433  43.015 0.0000000000
24362  -12.498  -47.267  43.091 0.0000000000
49939  -37.868  -17.202  28.007 0.0000000000
50831  -38.637  -15.936  30.312 0.0000000000
51695  -37.109  -15.767  28.135 0.0000000000
52564  -35.417  -14.323  25.674 0.0000000000
52531  -36.005  -13.995  27.397 0.0000000000
53367  -36.390  -13.588  27.025 0.0000000000
53340  -37.205  -12.860  28.413 0.0000000000
111268  -37.173  -13.660  26.144 0.0000000000
52567  -37.677  -14.080  25.542 0.0000000000
51757  -36.611  -14.707  24.293 0.0000000000
50053  -35.299  -17.420  20.512 0.0000000000
50024  -36.044  -16.818  21.956 0.0000000000
50054  -36.362  -17.698  20.602 0.0000000000
99295  -36.953  -17.972  19.891 0.0000000000
49096  -35.625  -18.219  19.128 0.0000000000
30751  -28.376  -39.237  36.515 0.0000000000
103703  -28.623  -39.719  37.247 0.0000000000
30752  -29.102  -39.240  36.989 0.0000000000
36273  -30.030  -33.069  28.678 0.0000000000
36258  -29.650  -33.619  29.199 0.0000000000
36244  -31.115  -33.613  30.404 0.0000000000
35226  -31.155  -34.433  31.570 0.0000000000
36234  -32.287  -33.446  31.496 0.0000000000
39636  -31.912  -28.730  27.734 0.0000000000
38851  -31.689  -29.958  28.464 0.0000000000
113246  -32.641  -29.364  29.336 0.0000000000
38794  -34.729  -30.475  33.768 0.0000000000
38020  -33.860  -31.057  32.451 0.0000000000
38000  -34.417  -32.139  33.614 0.0000000000
37148  -34.173  -33.030  33.568 0.0000000000
37117  -34.802  -32.768  34.997 0.0000000000
111644  -34.867  -33.357  36.432 0.0000000000
100730  -34.737  -31.650  36.945 0.0000000000
44698  -39.477  -23.371  34.890 0.0000000000
32488  -18.717  -37.493  34.330 0.0000000000
32472  -18.754  -37.610  35.211 0.0000000000
31661  -18.113  -38.073  35.567 0.0000000000
31597  -23.324  -38.372  40.676 0.0000000000
51849  -39.806  -15.573  15.822 0.0000000000
102133  -40.617  -15.575  17.172 0.0000000000
51851  -41.212  -14.875  16.772 0.0000000000
54239  -44.621  -12.623  18.008 0.0000000000
52656  -43.578  -13.793  18.440 0.0000000000
53459  -44.639  -13.269  19.146 0.0000000000
53438  -45.892  -13.426  21.198 0.0000000000
54201  -45.992  -12.259  20.125 0.0000000000
55870  -49.411  -10.874  16.903 0.0000000000
55096  -48.266  -11.811  17.164 0.0000000000
55848  -49.589  -10.136  18.633 0.0000000000
59995  -45.486  -5.225  6.374 0.0000000000
60855  -47.333  -4.769  6.972 0.0000000000
60864  -45.960  -4.811  5.941 0.0000000000
60886  -47.916  -4.864  4.848 0.0000000000
99674  -48.823  -4.761  4.381 0.0000000000
62621  -49.618  -2.208  4.970 0.0000000000
60887  -49.505  -4.218  4.513 0.0000000000
61843  -49.770  -3.660  0.633 0.0000000000
61833  -49.428  -4.089  1.335 0.0000000000
60939  -50.832  -4.401  1.778 0.0000000000
61816  -51.661  -3.416  2.587 0.0000000000
61817  -52.227  -2.585  1.931 0.0000000000
61834  -52.728  -1.508  1.274 0.0000000000
62679  -54.784  -1.130  0.641 0.0000000000
45679  -37.272  -21.714  26.806 0.0000000000
46541  -37.431  -20.957  26.747 0.0000000000
46549  -36.669  -21.553  25.450 0.0000000000
45702  -35.890  -21.737  24.096 0.0000000000
33384  -24.908  -36.342  31.652 0.0000000000
42108  -34.332  -26.225  24.626 0.0000000000
42099  -35.190  -25.890  25.802 0.0000000000
42939  -36.230  -25.401  27.087 0.0000000000
43873  -37.407  -24.367  28.564 0.0000000000
44760  -36.882  -23.781  27.275 0.0000000000
101289  -37.369  -22.986  27.645 0.0000000000
50027  -39.108  -17.381  21.938 0.0000000000
50929  -40.854  -16.315  22.929 0.0000000000
116225  -40.662  -17.015  21.784 0.0000000000
50954  -41.132  -16.872  21.344 0.0000000000
51801  -42.379  -16.042  20.870 0.0000000000
57435  -47.875  -8.725  11.260 0.0000000000
56649  -47.927  -8.841  12.936 0.0000000000
57428  -48.222  -8.099  12.536 0.0000000000
58219  -49.070  -6.678  13.609 0.0000000000
61770  -50.410  -3.407  8.067 0.0000000000
28176  -14.204  -42.118  36.175 0.0000000000
102030  -14.511  -42.503  37.486 0.0000000000
50000  -35.779  -17.862  25.064 0.0000000000
50890  -35.846  -15.867  26.503 0.0000000000
116096  -34.546  -16.292  24.721 0.0000000000
50922  -34.199  -15.552  24.332 0.0000000000
51756  -34.675  -14.692  24.346 0.0000000000
119100  -35.027  -14.782  23.834 0.0000000000
50937  -34.300  -15.464  22.886 0.0000000000
50965  -33.331  -16.442  20.966 0.0000000000
50066  -33.676  -17.279  19.729 0.0000000000
32464  -30.014  -37.273  36.150 0.0000000000
31642  -30.757  -38.331  37.774 0.0000000000
32449  -31.724  -37.569  38.029 0.0000000000
32435  -32.262  -37.781  39.031 0.0000000000
34188  -33.876  -34.910  40.041 0.0000000000
37247  -29.476  -32.275  26.767 0.0000000000
37224  -31.074  -32.069  28.766 0.0000000000
104088  -34.289  -28.554  30.105 0.0000000000
39599  -33.751  -28.990  30.223 0.0000000000
40345  -35.092  -28.512  32.187 0.0000000000
39574  -35.057  -28.959  33.604 0.0000000000
39555  -34.924  -29.641  35.091 0.0000000000
38774  -34.685  -30.244  36.406 0.0000000000
40308  -34.960  -28.545  36.586 0.0000000000
33346  -20.734  -36.394  33.295 0.0000000000
33330  -20.685  -36.508  34.026 0.0000000000
32459  -20.662  -37.319  36.679 0.0000000000
32433  -21.017  -37.686  38.241 0.0000000000
31637  -22.812  -37.696  37.775 0.0000000000
53514  -41.267  -13.553  14.999 0.0000000000
118089  -42.135  -13.926  16.690 0.0000000000
53505  -42.860  -13.085  15.894 0.0000000000
54257  -43.698  -12.874  17.036 0.0000000000
103327  -45.350  -12.219  17.770 0.0000000000
60884  -43.834  -4.940  4.215 0.0000000000
60014  -45.426  -5.235  4.622 0.0000000000
60897  -44.576  -4.632  3.686 0.0000000000
61860  -50.142  -3.325  -0.071 0.0000000000
102557  -52.562  -3.277  0.045 0.0000000000
61861  -51.136  -3.547  -0.270 0.0000000000
61877  -52.486  -3.109  -1.356 0.0000000000
30711  -16.963  -39.081  38.431 0.0000000000
101938  -16.327  -39.857  38.233 0.0000000000
110507  -39.351  -17.325  32.768 0.0000000000
49907  -39.370  -17.913  31.695 0.0000000000
48989  -38.804  -18.091  29.288 0.0000000000
49013  -37.778  -18.210  27.423 0.0000000000
47353  -37.002  -19.991  25.739 0.0000000000
48170  -37.042  -19.172  25.827 0.0000000000
49037  -36.659  -18.381  25.536 0.0000000000
49061  -34.823  -18.632  23.664 0.0000000000
49071  -33.554  -18.240  22.619 0.0000000000
32478  -24.511  -37.752  35.389 0.0000000000
31652  -26.339  -39.096  36.312 0.0000000000
31675  -25.800  -38.375  34.998 0.0000000000
100927  -27.101  -38.710  35.223 0.0000000000
32480  -27.884  -38.190  35.013 0.0000000000
33352  -26.739  -36.778  33.109 0.0000000000
33334  -27.849  -36.841  33.945 0.0000000000
32499  -28.879  -36.845  34.906 0.0000000000
33320  -30.223  -36.569  35.431 0.0000000000
33338  -30.935  -36.030  34.943 0.0000000000
104882  -32.486  -35.714  34.689 0.0000000000
40402  -31.697  -28.519  26.969 0.0000000000
40403  -32.397  -28.191  27.298 0.0000000000
103857  -33.430  -27.447  26.257 0.0000000000
41225  -33.831  -27.633  27.792 0.0000000000
40372  -34.356  -28.070  29.299 0.0000000000
41187  -35.409  -28.009  30.221 0.0000000000
41169  -36.334  -27.360  32.514 0.0000000000
103401  -36.723  -26.384  33.776 0.0000000000
42852  -37.503  -25.503  34.715 0.0000000000
112595  -38.265  -25.624  32.976 0.0000000000
43805  -39.051  -24.540  33.835 0.0000000000
44708  -39.562  -23.385  33.959 0.0000000000
100467  -38.541  -23.911  30.184 0.0000000000
117971  -39.332  -23.015  31.752 0.0000000000
46494  -39.572  -21.787  33.228 0.0000000000
108262  -39.491  -20.441  33.037 0.0000000000
33347  -21.655  -36.398  33.314 0.0000000000
53355  -41.084  -13.559  27.515 0.0000000000
53356  -42.025  -13.325  27.325 0.0000000000
53374  -43.351  -13.376  26.420 0.0000000000
112966  -44.141  -13.266  26.215 0.0000000000
51762  -42.099  -14.971  24.222 0.0000000000
52594  -43.492  -14.527  24.438 0.0000000000
110511  -45.627  -12.028  12.968 0.0000000000
54286  -46.330  -12.478  14.849 0.0000000000
55124  -47.492  -11.777  14.571 0.0000000000
55117  -48.166  -11.390  15.225 0.0000000000
56616  -49.787  -9.913  16.785 0.0000000000
57404  -48.590  -8.465  14.428 0.0000000000
57384  -50.075  -9.052  16.623 0.0000000000
50113  -37.507  -17.704  15.885 0.0000000000
50100  -38.660  -16.976  16.689 0.0000000000
51028  -38.561  -16.492  15.149 0.0000000000
51884  -39.102  -15.740  14.784 0.0000000000
51885  -39.535  -14.960  14.669 0.0000000000
52696  -39.704  -14.054  14.305 0.0000000000
53523  -40.793  -13.544  13.669 0.0000000000
53524  -42.246  -13.354  13.744 0.0000000000
54297  -43.581  -13.065  12.492 0.0000000000
104740  -44.268  -12.540  12.066 0.0000000000
54310  -44.788  -11.980  11.781 0.0000000000
55158  -45.365  -11.246  10.910 0.0000000000
55917  -46.085  -10.672  10.780 0.0000000000
56692  -43.976  -9.586  8.688 0.0000000000
55936  -45.436  -9.922  9.516 0.0000000000
56681  -47.021  -9.424  10.041 0.0000000000
57458  -47.406  -8.750  9.675 0.0000000000
58250  -47.832  -8.105  9.313 0.0000000000
59090  -47.891  -6.969  8.322 0.0000000000
59106  -48.249  -6.223  8.044 0.0000000000
59104  -46.420  -6.248  7.613 0.0000000000
59984  -45.114  -5.734  6.970 0.0000000000
60005  -43.968  -5.501  5.795 0.0000000000
117150  -43.306  -5.176  4.693 0.0000000000
29810  -15.617  -40.710  39.084 0.0000000000
28142  -14.850  -42.150  38.926 0.0000000000
115019  -14.521  -42.882  38.879 0.0000000000
28124  -14.321  -42.227  42.197 0.0000000000
27443  -14.238  -43.189  41.326 0.0000000000
26751  -14.240  -44.184  39.775 0.0000000000
25986  -13.682  -45.637  39.943 0.0000000000
25152  -12.855  -46.921  40.088 0.0000000000
24386  -12.250  -47.556  40.729 0.0000000000
105863  -11.787  -48.284  42.303 0.0000000000
54100  -40.409  -12.253  29.683 0.0000000000
52474  -37.637  -13.468  31.138 0.0000000000
51694  -36.354  -14.658  27.934 0.0000000000
52518  -36.581  -14.125  28.665 0.0000000000
54097  -37.219  -12.789  29.180 0.0000000000
54113  -38.790  -12.685  29.269 0.0000000000
53342  -39.508  -13.211  28.527 0.0000000000
53370  -39.461  -13.924  27.098 0.0000000000
52568  -38.895  -14.365  25.633 0.0000000000
51773  -38.659  -15.745  23.735 0.0000000000
50925  -36.833  -15.917  23.194 0.0000000000
50939  -37.573  -16.752  22.647 0.0000000000
50940  -38.616  -16.882  22.615 0.0000000000
50041  -37.717  -17.627  21.345 0.0000000000
49098  -37.487  -17.975  19.174 0.0000000000
49129  -37.138  -18.111  17.453 0.0000000000
49093  -31.165  -17.486  19.441 0.0000000000
50064  -31.419  -16.991  19.545 0.0000000000
49109  -32.123  -17.308  18.771 0.0000000000
49110  -33.896  -18.231  18.441 0.0000000000
99666  -34.789  -18.688  17.789 0.0000000000
106636  -35.431  -18.733  16.817 0.0000000000
100827  -36.300  -18.477  16.865 0.0000000000
49144  -37.041  -18.133  16.438 0.0000000000
30718  -30.783  -39.547  38.999 0.0000000000
116440  -27.640  -34.203  29.821 0.0000000000
35262  -28.340  -34.150  29.872 0.0000000000
35241  -28.701  -34.454  30.695 0.0000000000
35209  -30.518  -34.802  32.108 0.0000000000
34245  -31.470  -35.074  33.088 0.0000000000
34224  -33.279  -35.398  34.588 0.0000000000
38866  -30.784  -30.514  27.247 0.0000000000
38074  -30.999  -31.075  27.871 0.0000000000
37210  -31.917  -31.996  29.892 0.0000000000
105251  -33.240  -30.135  30.764 0.0000000000
38035  -32.860  -31.697  31.182 0.0000000000
37180  -32.558  -32.533  31.225 0.0000000000
104962  -33.235  -33.275  32.482 0.0000000000
35200  -33.960  -34.156  33.938 0.0000000000
34215  -34.317  -35.231  35.771 0.0000000000
109045  -34.802  -33.998  36.855 0.0000000000
36167  -34.422  -33.094  38.808 0.0000000000
30773  -15.586  -39.968  34.065 0.0000000000
30758  -16.501  -39.641  35.203 0.0000000000
31702  -18.073  -37.854  32.718 0.0000000000
108021  -17.532  -38.416  33.102 0.0000000000
31686  -17.386  -38.648  34.013 0.0000000000
30759  -17.086  -39.086  35.540 0.0000000000
30743  -17.267  -38.890  36.477 0.0000000000
31616  -17.716  -38.536  38.040 0.0000000000
31620  -21.224  -37.963  39.124 0.0000000000
118523  -39.974  -16.283  17.676 0.0000000000
109962  -41.204  -15.702  18.563 0.0000000000
51814  -42.601  -15.217  19.607 0.0000000000
52655  -42.844  -14.255  18.129 0.0000000000
52645  -43.099  -14.524  18.955 0.0000000000
52636  -43.812  -14.782  20.532 0.0000000000
99161  -45.087  -14.629  21.775 0.0000000000
103269  -46.724  -12.405  15.628 0.0000000000
54242  -46.838  -12.009  17.094 0.0000000000
107287  -46.353  -11.648  18.692 0.0000000000
59987  -48.680  -5.493  7.746 0.0000000000
60856  -48.326  -3.926  6.932 0.0000000000
61768  -48.711  -3.070  6.670 0.0000000000
60015  -46.908  -5.051  5.076 0.0000000000
62606  -47.893  -2.962  5.889 0.0000000000
62608  -49.193  -2.126  6.476 0.0000000000
102509  -49.668  -1.215  5.959 0.0000000000
63457  -50.623  -0.763  5.735 0.0000000000
60919  -49.578  -4.750  2.862 0.0000000000
61800  -50.829  -3.630  3.796 0.0000000000
62623  -51.495  -1.182  3.394 0.0000000000
62678  -54.238  -0.831  0.748 0.0000000000
43921  -35.273  -24.044  23.906 0.0000000000
44813  -35.042  -23.834  23.153 0.0000000000
43913  -35.084  -24.830  24.056 0.0000000000
43920  -34.924  -24.515  23.427 0.0000000000
50086  -37.949  -17.686  17.780 0.0000000000
50079  -38.984  -17.374  18.753 0.0000000000
112791  -38.568  -17.374  18.096 0.0000000000
59082  -48.839  -7.011  9.330 0.0000000000
59072  -48.951  -6.329  10.657 0.0000000000
59083  -49.257  -6.491  9.750 0.0000000000
98885  -49.515  -5.746  10.152 0.0000000000
104641  -49.609  -5.851  9.528 0.0000000000
29873  -15.646  -40.613  36.206 0.0000000000
49079  -32.235  -17.335  21.536 0.0000000000
50037  -32.257  -16.511  21.547 0.0000000000
50036  -32.031  -16.190  21.220 0.0000000000
49078  -31.846  -16.619  20.911 0.0000000000
101025  -25.369  -38.624  37.639 0.0000000000
33323  -32.956  -36.365  36.257 0.0000000000
33313  -32.377  -36.725  36.861 0.0000000000
34206  -33.716  -35.984  37.537 0.0000000000
41139  -36.194  -26.938  33.945 0.0000000000
41138  -35.683  -27.557  34.155 0.0000000000
41987  -36.037  -27.047  34.729 0.0000000000
41975  -36.257  -26.492  35.897 0.0000000000
118079  -43.987  -12.836  14.435 0.0000000000
102877  -45.071  -12.639  14.131 0.0000000000
105906  -38.550  -20.590  29.225 0.0000000000
98986  -38.729  -19.887  29.361 0.0000000000
47328  -38.344  -20.247  28.677 0.0000000000
102647  -34.765  -21.081  21.956 0.0000000000
47380  -35.435  -20.605  23.246 0.0000000000
33366  -24.579  -36.660  32.359 0.0000000000
34257  -27.199  -35.101  31.541 0.0000000000
99931  -27.932  -35.035  32.167 0.0000000000
42929  -36.556  -25.716  28.395 0.0000000000
42070  -36.121  -26.374  28.516 0.0000000000
116956  -36.476  -26.143  28.802 0.0000000000
42061  -36.991  -26.446  29.637 0.0000000000
42921  -37.503  -25.800  29.686 0.0000000000
42922  -38.064  -25.352  30.088 0.0000000000
46527  -37.908  -21.556  28.204 0.0000000000
46521  -38.605  -21.254  29.571 0.0000000000
47315  -38.928  -20.827  30.228 0.0000000000
33365  -23.286  -36.348  32.195 0.0000000000
51760  -39.967  -15.273  24.231 0.0000000000
52591  -40.490  -14.797  24.869 0.0000000000
51775  -40.404  -15.792  23.584 0.0000000000
51785  -43.462  -15.696  22.609 0.0000000000
51793  -43.657  -15.651  22.038 0.0000000000
52625  -43.752  -15.294  21.315 0.0000000000
55901  -47.167  -10.265  12.669 0.0000000000
56648  -47.492  -9.478  12.362 0.0000000000
58198  -50.931  -6.656  16.012 0.0000000000
55934  -42.957  -11.046  9.012 0.0000000000
58271  -44.389  -7.148  7.663 0.0000000000
59101  -43.978  -6.519  7.292 0.0000000000
27465  -14.011  -42.985  37.019 0.0000000000
27457  -13.665  -43.770  37.250 0.0000000000
26763  -13.379  -44.668  37.519 0.0000000000
26764  -13.910  -44.040  38.009 0.0000000000
108547  -15.054  -41.108  41.663 0.0000000000
28899  -15.014  -40.922  43.133 0.0000000000
25136  -12.902  -45.566  43.262 0.0000000000
25125  -12.797  -46.445  43.392 0.0000000000
49954  -37.612  -17.448  27.439 0.0000000000
50853  -37.838  -16.603  28.357 0.0000000000
102695  -37.341  -16.592  27.666 0.0000000000
52544  -36.014  -13.972  26.365 0.0000000000
52565  -35.676  -13.963  25.690 0.0000000000
52545  -36.226  -13.644  26.360 0.0000000000
52566  -36.490  -13.844  25.611 0.0000000000
52587  -35.905  -14.065  24.938 0.0000000000
50067  -34.938  -17.690  19.781 0.0000000000
50068  -36.021  -17.929  19.839 0.0000000000
31665  -28.532  -38.386  35.791 0.0000000000
31641  -29.857  -38.794  37.288 0.0000000000
37208  -30.665  -32.740  29.015 0.0000000000
36259  -30.313  -33.314  29.268 0.0000000000
36260  -30.895  -33.176  29.646 0.0000000000
36245  -31.887  -33.126  30.792 0.0000000000
39621  -32.098  -29.092  28.583 0.0000000000
39608  -33.269  -29.063  29.624 0.0000000000
100992  -34.336  -31.161  33.208 0.0000000000
116382  -34.686  -31.375  33.929 0.0000000000
105273  -34.773  -31.980  34.586 0.0000000000
37985  -34.853  -31.401  35.225 0.0000000000
103600  -34.861  -32.135  35.612 0.0000000000
105392  -34.820  -31.250  36.082 0.0000000000
32445  -20.392  -37.549  37.470 0.0000000000
51869  -40.373  -14.808  15.615 0.0000000000
51850  -40.499  -15.241  16.349 0.0000000000
54225  -45.321  -12.366  18.478 0.0000000000
54224  -44.844  -12.798  18.689 0.0000000000
54213  -45.409  -12.652  19.373 0.0000000000
55859  -49.624  -10.699  17.885 0.0000000000
60006  -45.292  -5.185  5.611 0.0000000000
107131  -48.843  -4.929  3.566 0.0000000000
60957  -51.248  -4.130  1.082 0.0000000000
60956  -50.339  -4.196  1.198 0.0000000000
60940  -51.633  -4.115  1.619 0.0000000000
60922  -51.872  -3.737  2.035 0.0000000000
60941  -52.258  -3.351  1.421 0.0000000000
117778  -36.989  -22.333  26.636 0.0000000000
115628  -36.870  -21.961  26.125 0.0000000000
45690  -36.532  -22.404  25.532 0.0000000000
44825  -35.112  -22.962  22.837 0.0000000000
45713  -35.492  -22.337  23.505 0.0000000000
102950  -35.250  -22.036  22.756 0.0000000000
42118  -34.073  -26.052  23.789 0.0000000000
42963  -35.258  -25.102  24.831 0.0000000000
42954  -34.941  -25.868  25.124 0.0000000000
42955  -35.437  -25.346  25.556 0.0000000000
42947  -35.989  -25.368  26.527 0.0000000000
43900  -36.278  -24.829  26.598 0.0000000000
43886  -36.589  -24.701  27.339 0.0000000000
100174  -36.531  -24.211  26.729 0.0000000000
44793  -36.400  -23.258  25.703 0.0000000000
45674  -37.232  -22.403  27.104 0.0000000000
50042  -38.630  -17.631  21.293 0.0000000000
50028  -39.985  -17.258  21.836 0.0000000000
50043  -39.534  -17.536  21.132 0.0000000000
50058  -40.084  -17.264  20.486 0.0000000000
50966  -40.820  -16.887  20.602 0.0000000000
101239  -41.573  -16.482  20.701 0.0000000000
50973  -41.158  -16.375  19.934 0.0000000000
57436  -48.181  -8.183  11.630 0.0000000000
59048  -49.572  -5.723  13.482 0.0000000000
59039  -49.777  -6.146  14.361 0.0000000000
59930  -50.566  -4.763  14.237 0.0000000000
60858  -50.298  -4.123  8.477 0.0000000000
60851  -50.569  -2.640  9.400 0.0000000000
28937  -15.328  -41.144  36.788 0.0000000000
28936  -14.719  -41.686  36.420 0.0000000000
28164  -14.390  -42.307  36.771 0.0000000000
49999  -34.857  -17.240  24.634 0.0000000000
49984  -35.176  -16.785  25.223 0.0000000000
102913  -33.797  -15.689  23.643 0.0000000000
51755  -34.195  -15.104  23.919 0.0000000000
51769  -33.810  -15.344  23.247 0.0000000000
51770  -34.397  -15.004  23.582 0.0000000000
50936  -33.605  -15.940  22.573 0.0000000000
50952  -33.257  -16.230  21.698 0.0000000000
50052  -34.106  -17.006  20.406 0.0000000000
32465  -30.705  -37.427  36.708 0.0000000000
32448  -31.104  -37.750  37.446 0.0000000000
32466  -31.292  -37.333  37.038 0.0000000000
33303  -32.653  -36.862  37.983 0.0000000000
32450  -32.418  -37.321  38.619 0.0000000000
32436  -32.704  -37.199  39.730 0.0000000000
34195  -33.780  -35.203  39.753 0.0000000000
37236  -29.951  -32.295  27.539 0.0000000000
111725  -30.493  -31.736  27.690 0.0000000000
40358  -34.860  -28.455  30.623 0.0000000000
101302  -34.931  -28.572  31.386 0.0000000000
40335  -35.340  -28.243  33.888 0.0000000000
39566  -35.080  -28.860  34.479 0.0000000000
39565  -34.940  -29.652  34.153 0.0000000000
39545  -34.794  -29.415  36.040 0.0000000000
39556  -34.999  -28.715  35.419 0.0000000000
106166  -35.223  -27.951  37.478 0.0000000000
117718  -21.105  -36.434  33.709 0.0000000000
33331  -21.362  -36.531  34.157 0.0000000000
32460  -21.560  -37.243  36.418 0.0000000000
110996  -21.295  -37.459  37.329 0.0000000000
101490  -22.173  -37.474  37.174 0.0000000000
31623  -24.456  -38.305  39.163 0.0000000000
53503  -41.839  -13.439  15.343 0.0000000000
53504  -42.172  -13.404  15.850 0.0000000000
107251  -42.474  -13.210  15.259 0.0000000000
115350  -44.080  -12.628  16.065 0.0000000000
114396  -43.763  -12.761  16.461 0.0000000000
54258  -44.346  -12.560  16.656 0.0000000000
54240  -44.845  -12.392  17.278 0.0000000000
54241  -45.518  -12.203  17.118 0.0000000000
62690  -49.601  -2.588  -0.489 0.0000000000
62691  -50.506  -3.055  -0.793 0.0000000000
29785  -16.119  -40.040  42.549 0.0000000000
105165  -39.420  -18.234  32.459 0.0000000000
119039  -39.306  -18.343  30.862 0.0000000000
48146  -38.435  -19.389  28.610 0.0000000000
49002  -38.462  -18.447  28.581 0.0000000000
100586  -38.047  -17.936  27.980 0.0000000000
102486  -37.635  -18.788  27.015 0.0000000000
46540  -37.033  -21.119  26.130 0.0000000000
47343  -37.305  -20.417  26.344 0.0000000000
47352  -36.798  -20.740  25.480 0.0000000000
48181  -36.086  -19.496  24.479 0.0000000000
48169  -36.647  -19.327  25.227 0.0000000000
49050  -36.167  -18.730  24.934 0.0000000000
49049  -35.419  -18.439  24.362 0.0000000000
49072  -34.382  -18.816  23.107 0.0000000000
31662  -25.271  -38.288  35.552 0.0000000000
32479  -25.179  -37.947  34.840 0.0000000000
32510  -25.920  -37.623  33.745 0.0000000000
31676  -26.482  -38.395  34.802 0.0000000000
31677  -27.169  -38.224  34.655 0.0000000000
32497  -27.524  -37.617  34.313 0.0000000000
33367  -25.413  -36.616  32.322 0.0000000000
33368  -26.367  -36.315  32.372 0.0000000000
105964  -28.049  -36.157  33.598 0.0000000000
33353  -27.456  -36.486  33.322 0.0000000000
32498  -28.257  -37.232  34.599 0.0000000000
32482  -29.404  -37.024  35.432 0.0000000000
33336  -29.429  -36.416  34.847 0.0000000000
34232  -30.120  -35.552  33.888 0.0000000000
33337  -30.103  -35.998  34.661 0.0000000000
34222  -30.763  -35.703  34.321 0.0000000000
34212  -31.868  -36.014  35.147 0.0000000000
34223  -31.682  -35.650  34.338 0.0000000000
40421  -32.203  -27.950  25.623 0.0000000000
40410  -31.547  -28.367  26.131 0.0000000000
104214  -33.985  -26.759  25.183 0.0000000000
41244  -33.397  -27.316  25.586 0.0000000000
41245  -34.016  -27.094  26.050 0.0000000000
41227  -34.848  -26.993  27.868 0.0000000000
115825  -34.127  -27.350  27.523 0.0000000000
41226  -34.361  -27.357  27.936 0.0000000000
41216  -34.080  -27.797  28.468 0.0000000000
40373  -34.826  -28.227  29.935 0.0000000000
41204  -35.197  -27.725  29.424 0.0000000000
42034  -36.814  -27.288  30.890 0.0000000000
42023  -36.907  -27.153  31.779 0.0000000000
114100  -36.948  -26.827  32.504 0.0000000000
42006  -37.453  -26.221  33.019 0.0000000000
116143  -37.776  -25.603  33.766 0.0000000000
118303  -39.194  -24.622  32.461 0.0000000000
42889  -38.878  -25.177  32.499 0.0000000000
43823  -39.430  -24.032  33.442 0.0000000000
43835  -39.414  -24.039  32.543 0.0000000000
43863  -38.058  -23.913  29.351 0.0000000000
44743  -38.438  -23.235  29.742 0.0000000000
104136  -39.046  -21.923  31.068 0.0000000000
45654  -39.112  -22.902  31.171 0.0000000000
45647  -39.340  -22.343  31.857 0.0000000000
45641  -39.538  -22.483  32.741 0.0000000000
110304  -39.457  -21.607  32.434 0.0000000000
108426  -39.554  -21.056  33.619 0.0000000000
114596  -39.507  -21.097  32.910 0.0000000000
48110  -39.439  -19.719  31.951 0.0000000000
48095  -39.471  -19.650  32.967 0.0000000000
108123  -39.451  -19.029  32.442 0.0000000000
33363  -21.762  -36.210  32.345 0.0000000000
32508  -23.668  -37.136  34.285 0.0000000000
53371  -40.522  -13.941  26.875 0.0000000000
53372  -41.488  -13.748  26.702 0.0000000000
53373  -42.414  -13.561  26.565 0.0000000000
53393  -42.791  -13.796  25.848 0.0000000000
53394  -43.670  -13.657  25.701 0.0000000000
106424  -41.238  -15.737  23.483 0.0000000000
111052  -42.131  -15.604  23.460 0.0000000000
52603  -43.930  -14.990  23.732 0.0000000000
51763  -42.987  -15.146  23.831 0.0000000000
52573  -43.992  -14.027  24.986 0.0000000000
53412  -44.844  -14.102  24.790 0.0000000000
117440  -45.434  -14.191  24.557 0.0000000000
55128  -46.409  -11.796  13.412 0.0000000000
55887  -48.242  -10.313  14.793 0.0000000000
105228  -47.736  -10.914  14.303 0.0000000000
55879  -48.596  -10.586  15.452 0.0000000000
55880  -49.115  -10.317  16.037 0.0000000000
57415  -48.413  -8.088  13.541 0.0000000000
57393  -49.768  -8.322  15.894 0.0000000000
22863  -10.943  -49.779  41.275 0.0000000000
22857  -11.047  -50.761  41.382 0.0000000000
51045  -38.416  -16.007  14.116 0.0000000000
102644  -38.982  -15.298  14.221 0.0000000000
52708  -40.021  -13.603  13.697 0.0000000000
52697  -40.497  -13.724  14.507 0.0000000000
53538  -41.544  -13.551  13.025 0.0000000000
53539  -42.599  -13.404  12.712 0.0000000000
54308  -43.585  -12.805  11.541 0.0000000000
54309  -44.210  -12.226  11.332 0.0000000000
55157  -44.647  -11.323  10.400 0.0000000000
55916  -45.388  -10.718  10.208 0.0000000000
118703  -45.162  -9.297  8.925 0.0000000000
56680  -46.271  -9.641  9.731 0.0000000000
57457  -46.648  -8.983  9.353 0.0000000000
58261  -46.541  -7.715  8.418 0.0000000000
57473  -47.050  -8.328  8.979 0.0000000000
58262  -47.455  -7.641  8.653 0.0000000000
58263  -48.306  -7.462  8.967 0.0000000000
59089  -46.944  -7.011  8.079 0.0000000000
59115  -44.353  -5.915  6.928 0.0000000000
98827  -44.670  -5.460  6.268 0.0000000000
25995  -13.019  -45.716  37.940 0.0000000000
113386  -15.997  -40.149  38.833 0.0000000000
29831  -15.765  -40.620  38.120 0.0000000000
28131  -14.841  -41.979  40.012 0.0000000000
28909  -15.211  -41.376  39.470 0.0000000000
28141  -14.586  -42.730  39.623 0.0000000000
28121  -14.244  -42.440  43.428 0.0000000000
116941  -13.919  -43.796  41.797 0.0000000000
26745  -14.188  -44.039  40.800 0.0000000000
26744  -13.964  -44.847  40.391 0.0000000000
26750  -13.924  -44.944  39.333 0.0000000000
103720  -13.550  -45.477  41.157 0.0000000000
25145  -12.614  -46.826  41.321 0.0000000000
24375  -12.001  -47.435  41.964 0.0000000000
23609  -11.598  -48.244  41.428 0.0000000000
24363  -13.235  -47.679  43.578 0.0000000000
54935  -39.840  -11.354  31.107 0.0000000000
54948  -40.627  -11.653  30.285 0.0000000000
54086  -39.658  -11.958  30.283 0.0000000000
110542  -39.285  -17.029  31.861 0.0000000000
50813  -39.211  -16.464  32.485 0.0000000000
50822  -39.048  -16.424  31.067 0.0000000000
51683  -38.007  -15.451  29.714 0.0000000000
51668  -38.098  -15.122  30.443 0.0000000000
52488  -37.814  -14.354  30.928 0.0000000000
51667  -37.566  -14.466  30.001 0.0000000000
50872  -36.400  -15.626  27.300 0.0000000000
51731  -35.680  -14.983  26.685 0.0000000000
53350  -36.420  -13.568  27.544 0.0000000000
52517  -36.300  -13.686  28.060 0.0000000000
52504  -36.615  -13.376  28.665 0.0000000000
53330  -37.062  -13.109  29.445 0.0000000000
54083  -37.559  -12.832  30.018 0.0000000000
53339  -36.784  -13.108  28.575 0.0000000000
53352  -37.256  -13.101  27.547 0.0000000000
119206  -37.967  -13.077  27.949 0.0000000000
53353  -38.971  -13.452  27.890 0.0000000000
53354  -40.069  -13.715  27.755 0.0000000000
52588  -37.170  -14.390  24.900 0.0000000000
52589  -38.402  -14.711  24.902 0.0000000000
51759  -39.030  -15.314  24.312 0.0000000000
112008  -38.056  -15.650  23.754 0.0000000000
50924  -35.349  -15.382  23.161 0.0000000000
50025  -37.148  -17.204  22.032 0.0000000000
50938  -36.422  -16.461  22.609 0.0000000000
50026  -38.149  -17.361  22.027 0.0000000000
49097  -36.624  -18.204  19.077 0.0000000000
50055  -37.686  -17.893  19.963 0.0000000000
118176  -37.096  -18.141  18.708 0.0000000000
49113  -37.435  -18.008  18.328 0.0000000000
49108  -31.170  -17.486  18.782 0.0000000000
48246  -32.393  -18.506  17.414 0.0000000000
49125  -32.992  -18.273  17.943 0.0000000000
48248  -34.610  -18.897  17.021 0.0000000000
118449  -35.157  -18.744  17.288 0.0000000000
48256  -34.948  -18.922  16.172 0.0000000000
49143  -36.439  -18.451  16.030 0.0000000000
30749  -26.898  -39.453  36.770 0.0000000000
30750  -27.525  -39.473  36.559 0.0000000000
30735  -29.337  -39.740  37.812 0.0000000000
31625  -31.196  -38.656  38.717 0.0000000000
35263  -29.276  -34.134  29.850 0.0000000000
36257  -28.797  -33.842  29.152 0.0000000000
35224  -29.343  -34.648  31.366 0.0000000000
35225  -30.298  -34.492  31.268 0.0000000000
35211  -32.305  -34.482  32.498 0.0000000000
35210  -31.458  -34.769  32.388 0.0000000000
35197  -32.016  -34.879  32.888 0.0000000000
34233  -32.095  -35.226  33.529 0.0000000000
34234  -32.978  -35.025  33.790 0.0000000000
38882  -30.622  -29.974  26.591 0.0000000000
114645  -31.442  -30.657  28.349 0.0000000000
38065  -31.345  -31.318  28.560 0.0000000000
38057  -32.190  -31.086  29.741 0.0000000000
39596  -33.751  -29.476  30.987 0.0000000000
102157  -33.558  -31.735  32.251 0.0000000000
38036  -33.391  -31.164  31.719 0.0000000000
118617  -32.528  -32.031  30.830 0.0000000000
37181  -33.142  -32.102  31.793 0.0000000000
37163  -32.901  -32.948  31.953 0.0000000000
36216  -34.335  -33.640  34.133 0.0000000000
35190  -34.327  -34.288  34.575 0.0000000000
35184  -34.585  -34.482  35.372 0.0000000000
35176  -34.683  -34.683  36.281 0.0000000000
36197  -34.852  -33.910  35.877 0.0000000000
103646  -34.771  -33.203  37.407 0.0000000000
39533  -34.660  -29.431  37.211 0.0000000000
38762  -34.546  -30.266  37.725 0.0000000000
42838  -37.938  -25.024  35.168 0.0000000000
29890  -15.860  -40.084  34.901 0.0000000000
32506  -19.575  -36.768  33.594 0.0000000000
32522  -19.326  -36.820  32.815 0.0000000000
31687  -18.079  -37.923  33.717 0.0000000000
31673  -17.541  -38.606  35.042 0.0000000000
31660  -17.607  -38.575  35.805 0.0000000000
31634  -17.803  -38.435  37.187 0.0000000000
118905  -21.764  -37.817  38.644 0.0000000000
100049  -22.033  -38.024  39.326 0.0000000000
54117  -44.026  -11.789  28.390 0.0000000000
50986  -39.243  -16.614  17.091 0.0000000000
51835  -41.397  -15.187  17.658 0.0000000000
51834  -40.702  -15.779  17.917 0.0000000000
99165  -41.884  -15.454  19.077 0.0000000000
52661  -42.552  -13.941  17.303 0.0000000000
52662  -43.188  -13.675  17.731 0.0000000000
52647  -44.304  -13.883  19.558 0.0000000000
52646  -43.739  -14.180  19.244 0.0000000000
100877  -43.923  -14.374  19.905 0.0000000000
51815  -43.358  -14.739  19.815 0.0000000000
52626  -44.443  -14.700  21.161 0.0000000000
54287  -47.123  -12.304  14.954 0.0000000000
54261  -47.317  -12.238  16.263 0.0000000000
107141  -48.218  -11.527  18.014 0.0000000000
55095  -47.368  -11.773  17.587 0.0000000000
55085  -47.035  -11.349  18.610 0.0000000000
55084  -46.518  -11.741  17.889 0.0000000000
59986  -47.695  -5.485  7.555 0.0000000000
60867  -47.691  -4.129  6.763 0.0000000000
60857  -49.565  -3.850  7.253 0.0000000000
61777  -47.805  -3.345  6.360 0.0000000000
60007  -46.037  -5.128  5.277 0.0000000000
106712  -46.313  -5.218  4.430 0.0000000000
60877  -48.437  -4.022  5.204 0.0000000000
61781  -47.735  -3.040  5.936 0.0000000000
62613  -48.357  -2.384  5.988 0.0000000000
62607  -48.321  -2.573  6.185 0.0000000000
63450  -48.721  -1.965  6.070 0.0000000000
63451  -49.375  -1.503  6.157 0.0000000000
63456  -48.985  -1.660  5.923 0.0000000000
63464  -49.763  -1.403  5.365 0.0000000000
117647  -50.740  -0.902  4.872 0.0000000000
63458  -51.534  -0.536  4.979 0.0000000000
60938  -49.977  -4.540  1.949 0.0000000000
60937  -49.075  -4.475  2.054 0.0000000000
60936  -48.286  -4.301  2.100 0.0000000000
107303  -50.249  -4.592  3.314 0.0000000000
60903  -51.033  -4.165  3.235 0.0000000000
62633  -51.926  -1.625  2.538 0.0000000000
63473  -52.096  -0.372  3.407 0.0000000000
63474  -52.682  -0.258  3.263 0.0000000000
61846  -52.782  -2.637  0.606 0.0000000000
45703  -36.121  -22.933  24.970 0.0000000000
44814  -35.381  -23.217  23.696 0.0000000000
42970  -34.497  -25.255  23.362 0.0000000000
43907  -35.705  -24.617  25.364 0.0000000000
43908  -36.251  -24.187  25.980 0.0000000000
44792  -35.939  -23.796  25.174 0.0000000000
50069  -38.374  -17.754  19.536 0.0000000000
50057  -39.392  -17.533  20.312 0.0000000000
99141  -39.166  -17.498  19.594 0.0000000000
50070  -39.563  -17.163  19.133 0.0000000000
58240  -48.607  -7.357  10.593 0.0000000000
60827  -50.111  -3.595  11.736 0.0000000000
60837  -50.249  -2.919  10.999 0.0000000000
59973  -49.891  -4.604  9.953 0.0000000000
28959  -14.732  -40.945  35.140 0.0000000000
103905  -15.434  -40.564  35.431 0.0000000000
49060  -33.917  -17.763  23.347 0.0000000000
50023  -33.142  -16.892  22.823 0.0000000000
99667  -32.992  -16.139  22.160 0.0000000000
50951  -32.532  -16.323  21.568 0.0000000000
115520  -31.993  -16.326  20.893 0.0000000000
98997  -25.442  -38.607  38.877 0.0000000000
33312  -31.537  -36.832  36.534 0.0000000000
33304  -33.211  -36.425  38.459 0.0000000000
34202  -34.015  -35.345  38.233 0.0000000000
41168  -35.658  -27.938  32.544 0.0000000000
41153  -35.575  -27.889  33.378 0.0000000000
40319  -35.243  -27.933  35.692 0.0000000000
41115  -35.605  -27.386  36.000 0.0000000000
32446  -22.911  -37.570  37.085 0.0000000000
31638  -23.729  -37.826  37.458 0.0000000000
53516  -42.817  -13.176  14.398 0.0000000000
54283  -43.464  -12.895  15.042 0.0000000000
54274  -44.763  -12.550  15.722 0.0000000000
48120  -39.366  -19.182  31.223 0.0000000000
48131  -39.244  -19.247  30.523 0.0000000000
48140  -39.045  -19.372  29.863 0.0000000000
46560  -35.914  -20.882  23.911 0.0000000000
47366  -36.562  -20.164  24.981 0.0000000000
104891  -35.745  -20.058  23.834 0.0000000000
48192  -35.067  -19.648  23.259 0.0000000000
32509  -24.465  -37.256  33.697 0.0000000000
32495  -25.190  -37.685  34.096 0.0000000000
114943  -25.279  -37.381  33.478 0.0000000000
33351  -25.886  -37.042  33.051 0.0000000000
34256  -26.499  -35.634  31.642 0.0000000000
34241  -27.145  -35.615  32.258 0.0000000000
33369  -27.776  -35.705  32.956 0.0000000000
33354  -28.503  -35.709  33.427 0.0000000000
118518  -29.462  -35.927  34.324 0.0000000000
34231  -29.071  -35.291  33.055 0.0000000000
99890  -29.745  -35.311  33.276 0.0000000000
42090  -35.187  -26.184  26.409 0.0000000000
42089  -34.570  -26.786  26.646 0.0000000000
42081  -35.218  -26.515  27.266 0.0000000000
42069  -35.474  -26.727  28.138 0.0000000000
42059  -35.645  -27.008  28.946 0.0000000000
41205  -35.940  -27.421  29.708 0.0000000000
42047  -37.317  -26.632  30.297 0.0000000000
42035  -37.604  -26.737  31.119 0.0000000000
42888  -38.320  -25.901  32.221 0.0000000000
42897  -38.339  -26.127  31.332 0.0000000000
43853  -38.937  -24.818  31.125 0.0000000000
44752  -38.140  -22.877  29.101 0.0000000000
45660  -38.570  -22.331  29.788 0.0000000000
46514  -38.835  -21.618  30.338 0.0000000000
47309  -39.441  -20.674  32.269 0.0000000000
105032  -39.297  -19.851  31.002 0.0000000000
33364  -22.497  -36.346  32.690 0.0000000000
33349  -23.283  -36.571  33.064 0.0000000000
52569  -39.872  -14.582  25.426 0.0000000000
52549  -40.963  -14.119  26.098 0.0000000000
116737  -40.539  -14.433  25.590 0.0000000000
52570  -41.372  -14.416  25.332 0.0000000000
52592  -41.963  -14.573  24.816 0.0000000000
50943  -42.145  -16.354  22.219 0.0000000000
118665  -42.386  -16.026  22.769 0.0000000000
51778  -43.652  -15.478  23.173 0.0000000000
117561  -44.301  -15.269  23.145 0.0000000000
52604  -44.781  -14.925  23.549 0.0000000000
52614  -44.861  -15.035  22.761 0.0000000000
112593  -45.002  -14.882  22.266 0.0000000000
55139  -46.788  -11.030  13.026 0.0000000000
55886  -47.898  -9.953  14.037 0.0000000000
56629  -48.383  -9.371  14.593 0.0000000000
58208  -49.444  -7.086  14.758 0.0000000000
58197  -49.916  -7.322  15.493 0.0000000000
63438  -51.688  -0.556  8.406 0.0000000000
53537  -40.579  -13.612  12.881 0.0000000000
54337  -43.194  -12.091  10.044 0.0000000000
54321  -44.226  -11.877  10.780 0.0000000000
55175  -43.490  -11.460  9.675 0.0000000000
55176  -44.107  -11.189  9.884 0.0000000000
57470  -44.486  -8.419  8.255 0.0000000000
57471  -45.247  -8.569  8.531 0.0000000000
57472  -46.171  -8.440  8.740 0.0000000000
25990  -13.568  -45.705  38.911 0.0000000000
29794  -15.840  -40.074  40.957 0.0000000000
111968  -15.390  -40.722  40.995 0.0000000000
28125  -14.762  -41.769  41.177 0.0000000000
109970  -13.884  -43.246  43.463 0.0000000000
113305  -13.189  -45.217  42.581 0.0000000000
25977  -12.602  -45.943  42.900 0.0000000000
24368  -12.300  -47.298  42.643 0.0000000000
49926  -38.716  -17.228  29.414 0.0000000000
112472  -38.468  -16.365  29.546 0.0000000000
109756  -38.277  -16.707  28.939 0.0000000000
50840  -37.725  -15.859  28.921 0.0000000000
51712  -35.778  -14.330  26.565 0.0000000000
52530  -36.079  -13.904  27.093 0.0000000000
53351  -36.622  -13.215  27.760 0.0000000000
53368  -36.654  -13.311  26.975 0.0000000000
52546  -37.655  -13.494  26.754 0.0000000000
116002  -38.016  -13.821  26.086 0.0000000000
50038  -34.391  -16.744  21.149 0.0000000000
50039  -35.630  -17.135  21.277 0.0000000000
103640  -37.304  -17.803  20.632 0.0000000000
49112  -36.094  -18.441  18.403 0.0000000000
31664  -27.708  -38.924  35.799 0.0000000000
31611  -32.302  -38.741  39.907 0.0000000000
30719  -31.636  -39.054  39.635 0.0000000000
37235  -29.296  -32.837  27.512 0.0000000000
36272  -29.216  -33.354  28.356 0.0000000000
36243  -30.231  -33.817  29.903 0.0000000000
35243  -30.480  -34.114  30.589 0.0000000000
35244  -30.963  -34.131  30.946 0.0000000000
35227  -31.971  -34.223  31.817 0.0000000000
109527  -31.402  -29.012  27.329 0.0000000000
38883  -31.054  -29.642  27.283 0.0000000000
39635  -31.568  -29.423  27.886 0.0000000000
39607  -32.061  -29.766  29.050 0.0000000000
38837  -32.414  -30.155  29.603 0.0000000000
38806  -34.327  -30.083  32.628 0.0000000000
115975  -33.757  -30.451  32.006 0.0000000000
37165  -33.930  -31.852  32.841 0.0000000000
118406  -33.937  -32.538  33.084 0.0000000000
37132  -34.589  -32.888  34.289 0.0000000000
101088  -34.858  -33.071  35.710 0.0000000000
37105  -34.847  -32.512  36.589 0.0000000000
32490  -20.044  -36.930  35.221 0.0000000000
110893  -19.264  -37.039  34.120 0.0000000000
32489  -19.356  -37.160  34.823 0.0000000000
31635  -18.456  -37.965  37.054 0.0000000000
31609  -23.916  -38.307  40.034 0.0000000000
50998  -39.885  -15.966  16.706 0.0000000000
53474  -43.800  -13.129  17.746 0.0000000000
53464  -44.270  -13.204  18.475 0.0000000000
53449  -44.932  -13.522  19.945 0.0000000000
53450  -45.593  -13.113  20.379 0.0000000000
53451  -46.096  -12.730  20.755 0.0000000000
106055  -46.567  -11.959  20.705 0.0000000000
55108  -48.719  -11.533  16.636 0.0000000000
54262  -48.109  -11.980  16.437 0.0000000000
55097  -49.009  -11.388  17.481 0.0000000000
55086  -49.008  -11.087  18.381 0.0000000000
55847  -48.473  -10.136  19.205 0.0000000000
59996  -45.989  -5.480  7.015 0.0000000000
60854  -46.673  -4.845  6.620 0.0000000000
117531  -46.125  -4.919  6.363 0.0000000000
60865  -46.601  -4.434  6.085 0.0000000000
62614  -48.895  -2.128  5.566 0.0000000000
61788  -49.165  -3.220  5.092 0.0000000000
61789  -50.204  -3.287  4.414 0.0000000000
62675  -48.394  -2.594  0.471 0.0000000000
61842  -48.883  -3.415  0.843 0.0000000000
60921  -51.329  -4.249  2.353 0.0000000000
62647  -52.590  -0.759  1.846 0.0000000000
61863  -53.219  -2.825  -0.874 0.0000000000
62692  -54.701  -1.386  0.046 0.0000000000
47334  -37.990  -20.703  28.049 0.0000000000
46535  -37.658  -21.217  27.416 0.0000000000
104671  -36.280  -22.055  24.807 0.0000000000
46570  -35.550  -21.455  23.358 0.0000000000
100957  -24.090  -36.362  31.829 0.0000000000
34273  -25.490  -35.327  30.443 0.0000000000
34274  -26.337  -34.917  30.424 0.0000000000
34275  -27.145  -34.737  30.814 0.0000000000
41259  -32.882  -27.156  23.590 0.0000000000
42107  -33.565  -26.766  24.270 0.0000000000
119331  -34.519  -26.320  25.160 0.0000000000
42938  -35.744  -25.873  26.842 0.0000000000
99464  -36.445  -25.365  27.720 0.0000000000
43872  -36.852  -24.957  28.114 0.0000000000
43887  -36.967  -24.313  27.856 0.0000000000
44761  -37.241  -23.771  27.967 0.0000000000
45666  -37.808  -22.464  28.334 0.0000000000
101547  -37.544  -22.055  27.582 0.0000000000
50941  -39.560  -16.919  22.512 0.0000000000
50928  -39.994  -16.392  23.063 0.0000000000
50029  -40.417  -16.838  22.386 0.0000000000
50044  -40.401  -17.230  21.217 0.0000000000
50955  -41.873  -16.524  21.511 0.0000000000
56656  -47.492  -9.316  11.450 0.0000000000
57427  -47.823  -8.767  12.064 0.0000000000
58218  -48.755  -7.329  13.744 0.0000000000
102162  -48.398  -7.425  12.010 0.0000000000
58226  -48.586  -7.228  12.950 0.0000000000
110614  -49.121  -7.008  14.164 0.0000000000
59040  -50.997  -5.126  15.019 0.0000000000
49985  -36.115  -17.326  25.649 0.0000000000
49969  -36.268  -16.816  26.192 0.0000000000
50910  -35.452  -16.216  25.805 0.0000000000
50909  -34.689  -15.543  25.090 0.0000000000
49998  -34.098  -16.409  24.179 0.0000000000
51744  -34.782  -14.626  25.056 0.0000000000
107901  -35.393  -14.437  24.354 0.0000000000
50953  -34.603  -16.348  22.034 0.0000000000
117169  -29.685  -37.797  36.336 0.0000000000
31654  -30.256  -37.946  36.830 0.0000000000
31643  -31.567  -38.033  38.405 0.0000000000
31627  -32.551  -37.875  39.765 0.0000000000
33296  -33.346  -36.117  39.795 0.0000000000
37222  -29.792  -32.777  28.071 0.0000000000
37223  -30.422  -32.356  28.279 0.0000000000
37209  -31.307  -32.439  29.418 0.0000000000
40371  -33.729  -28.609  29.528 0.0000000000
40357  -34.326  -28.851  30.857 0.0000000000
39597  -34.439  -29.150  31.775 0.0000000000
39588  -34.844  -29.082  32.748 0.0000000000
39573  -34.803  -29.649  33.376 0.0000000000
38787  -34.883  -30.287  34.583 0.0000000000
38781  -34.849  -30.555  35.357 0.0000000000
118464  -34.800  -29.964  35.696 0.0000000000
39534  -34.903  -28.697  38.024 0.0000000000
33345  -19.983  -36.472  33.052 0.0000000000
116587  -20.176  -36.526  33.688 0.0000000000
32491  -20.812  -36.702  34.839 0.0000000000
32434  -21.946  -37.637  37.966 0.0000000000
31621  -22.627  -37.889  38.657 0.0000000000
114390  -23.469  -38.123  39.117 0.0000000000
52685  -40.760  -14.059  15.328 0.0000000000
52672  -41.631  -14.165  16.415 0.0000000000
52686  -41.513  -13.768  15.738 0.0000000000
53489  -42.564  -13.459  16.525 0.0000000000
53490  -43.229  -13.039  16.531 0.0000000000
108795  -44.225  -12.692  17.388 0.0000000000
60885  -44.598  -5.167  4.420 0.0000000000
113134  -45.204  -5.066  3.981 0.0000000000
101147  -45.504  -4.652  3.524 0.0000000000
62676  -49.231  -2.973  0.172 0.0000000000
61844  -50.706  -3.814  0.477 0.0000000000
61845  -51.670  -3.730  0.350 0.0000000000
61862  -52.108  -3.468  -0.531 0.0000000000
61876  -51.514  -3.313  -1.052 0.0000000000
103441  -16.678  -39.546  36.904 0.0000000000
29849  -16.163  -40.168  37.352 0.0000000000
30725  -16.664  -39.527  37.660 0.0000000000
30710  -16.465  -39.625  39.128 0.0000000000
117318  -39.373  -17.644  32.183 0.0000000000
110640  -39.258  -17.404  31.053 0.0000000000
48990  -39.120  -18.655  29.970 0.0000000000
49927  -39.097  -17.833  30.053 0.0000000000
105321  -38.355  -17.441  28.618 0.0000000000
98998  -37.394  -17.929  26.835 0.0000000000
99133  -37.692  -20.319  27.168 0.0000000000
48152  -37.780  -19.492  27.293 0.0000000000
48160  -37.422  -19.547  26.497 0.0000000000
49026  -37.231  -18.586  26.277 0.0000000000
49025  -36.858  -17.658  26.171 0.0000000000
119301  -32.871  -18.101  22.019 0.0000000000
31651  -25.467  -38.621  36.465 0.0000000000
31663  -26.175  -38.764  35.572 0.0000000000
32512  -27.156  -37.238  33.650 0.0000000000
32481  -28.698  -37.560  35.269 0.0000000000
31666  -29.251  -37.704  35.923 0.0000000000
33321  -31.188  -36.448  35.689 0.0000000000
34213  -32.930  -35.954  35.396 0.0000000000
111665  -30.889  -28.494  24.859 0.0000000000
39654  -30.946  -28.736  25.670 0.0000000000
40387  -32.588  -28.406  28.112 0.0000000000
98850  -32.813  -27.610  25.198 0.0000000000
41243  -32.852  -27.676  25.973 0.0000000000
41236  -33.848  -27.395  26.985 0.0000000000
41235  -33.002  -27.772  26.755 0.0000000000
40404  -33.176  -27.902  27.548 0.0000000000
40388  -33.399  -28.103  28.298 0.0000000000
40389  -33.720  -28.265  28.910 0.0000000000
108233  -35.451  -28.174  31.059 0.0000000000
41188  -36.079  -27.707  30.585 0.0000000000
41177  -36.086  -27.773  31.614 0.0000000000
42005  -36.555  -26.847  33.193 0.0000000000
42851  -36.671  -26.056  35.172 0.0000000000
41989  -36.983  -25.962  34.251 0.0000000000
42853  -38.356  -24.936  34.363 0.0000000000
42870  -38.628  -25.102  33.400 0.0000000000
118341  -38.968  -24.412  34.576 0.0000000000
43806  -39.341  -23.988  34.304 0.0000000000
45618  -39.620  -22.666  34.519 0.0000000000
99800  -37.789  -24.893  29.416 0.0000000000
116009  -38.698  -24.561  30.610 0.0000000000
44736  -38.980  -23.946  30.986 0.0000000000
44735  -38.759  -23.116  30.387 0.0000000000
44726  -39.302  -23.625  31.747 0.0000000000
44718  -39.559  -23.329  33.087 0.0000000000
45629  -39.623  -22.610  33.597 0.0000000000
107559  -39.620  -21.858  34.093 0.0000000000
33362  -20.472  -36.315  32.479 0.0000000000
100623  -21.133  -36.283  32.692 0.0000000000
33348  -22.514  -36.513  33.428 0.0000000000
106617  -23.716  -37.348  35.146 0.0000000000
54115  -41.631  -13.069  28.159 0.0000000000
53357  -42.994  -13.093  27.180 0.0000000000
54138  -44.100  -12.777  26.955 0.0000000000
119452  -41.527  -15.265  23.982 0.0000000000
52593  -42.656  -14.564  24.634 0.0000000000
52572  -43.148  -14.125  25.170 0.0000000000
53395  -44.667  -13.526  25.565 0.0000000000
52597  -46.104  -14.225  24.239 0.0000000000
54292  -45.055  -12.461  13.362 0.0000000000
54293  -45.873  -12.408  13.937 0.0000000000
55123  -46.786  -12.146  14.223 0.0000000000
55116  -47.688  -12.054  15.170 0.0000000000
55129  -47.137  -11.418  13.815 0.0000000000
55869  -48.764  -11.122  16.028 0.0000000000
55871  -50.079  -10.003  17.619 0.0000000000
56638  -48.167  -9.064  13.782 0.0000000000
57405  -49.146  -7.918  15.027 0.0000000000
56630  -48.912  -8.838  15.199 0.0000000000
56623  -49.364  -9.385  15.932 0.0000000000
23616  -11.278  -48.803  39.755 0.0000000000
50087  -38.599  -17.202  17.401 0.0000000000
50114  -38.274  -17.066  15.992 0.0000000000
116569  -39.261  -15.963  15.420 0.0000000000
109809  -39.906  -15.059  15.246 0.0000000000
51901  -39.124  -14.493  13.999 0.0000000000
52684  -40.086  -14.363  14.977 0.0000000000
107636  -41.360  -13.455  14.123 0.0000000000
53525  -43.147  -13.211  13.459 0.0000000000
53526  -43.846  -12.972  13.337 0.0000000000
53554  -42.872  -13.277  11.779 0.0000000000
54298  -44.365  -12.692  12.895 0.0000000000
54299  -44.915  -12.233  12.522 0.0000000000
55137  -45.399  -11.707  12.157 0.0000000000
55148  -44.750  -11.704  11.115 0.0000000000
55149  -45.230  -11.557  11.510 0.0000000000
55150  -45.888  -11.162  11.622 0.0000000000
55907  -46.480  -10.617  11.435 0.0000000000
55918  -46.713  -10.276  10.984 0.0000000000
113337  -43.476  -10.242  8.822 0.0000000000
117536  -44.126  -10.186  9.080 0.0000000000
56678  -44.661  -9.761  9.052 0.0000000000
55937  -45.978  -10.221  10.103 0.0000000000
56662  -46.569  -10.025  10.390 0.0000000000
56663  -47.117  -9.736  10.807 0.0000000000
57443  -47.617  -8.981  10.522 0.0000000000
57459  -47.981  -8.416  9.961 0.0000000000
58251  -48.430  -7.713  9.788 0.0000000000
59091  -48.711  -6.765  8.657 0.0000000000
59105  -47.324  -6.258  7.809 0.0000000000
59103  -45.556  -6.287  7.477 0.0000000000
60012  -43.926  -5.328  4.943 0.0000000000
29848  -15.684  -40.776  37.335 0.0000000000
28928  -15.346  -41.306  37.637 0.0000000000
28920  -15.295  -41.371  38.506 0.0000000000
28154  -14.963  -42.006  37.975 0.0000000000
28153  -14.560  -42.694  38.233 0.0000000000
105243  -14.272  -43.407  38.477 0.0000000000
27440  -13.906  -43.104  42.578 0.0000000000
27447  -14.414  -43.382  40.207 0.0000000000
27451  -14.372  -43.468  39.265 0.0000000000
26758  -14.094  -44.176  38.842 0.0000000000
25146  -13.245  -46.245  40.617 0.0000000000
23604  -11.305  -49.105  41.791 0.0000000000
23599  -11.660  -49.459  42.405 0.0000000000
107888  -12.222  -47.977  42.826 0.0000000000
23600  -12.166  -48.925  42.857 0.0000000000
54936  -41.036  -11.061  30.882 0.0000000000
51649  -38.915  -15.624  32.703 0.0000000000
117098  -36.958  -15.069  28.597 0.0000000000
51713  -35.927  -14.663  27.202 0.0000000000
52505  -36.977  -13.766  29.358 0.0000000000
52487  -37.435  -13.570  30.212 0.0000000000
54084  -38.048  -12.375  30.506 0.0000000000
54098  -37.887  -12.604  29.695 0.0000000000
54112  -37.714  -12.704  29.055 0.0000000000
54099  -38.734  -12.309  30.068 0.0000000000
104247  -39.552  -12.397  29.681 0.0000000000
54114  -40.050  -12.801  29.126 0.0000000000
53343  -40.630  -13.267  28.403 0.0000000000
52547  -38.741  -13.940  26.498 0.0000000000
51771  -36.058  -15.024  23.715 0.0000000000
51772  -37.322  -15.461  23.753 0.0000000000
50926  -38.059  -16.168  23.291 0.0000000000
50927  -39.092  -16.353  23.163 0.0000000000
101564  -38.220  -17.781  20.526 0.0000000000
49085  -31.408  -17.060  20.173 0.0000000000
50065  -32.271  -16.884  19.626 0.0000000000
49094  -33.295  -17.502  19.114 0.0000000000
48247  -33.569  -18.907  17.153 0.0000000000
49126  -34.023  -18.696  17.702 0.0000000000
49111  -35.147  -18.456  18.452 0.0000000000
49127  -35.668  -18.616  17.607 0.0000000000
49128  -36.433  -18.424  17.717 0.0000000000
31640  -26.158  -39.142  37.164 0.0000000000
30732  -26.893  -39.736  37.828 0.0000000000
30734  -27.998  -39.927  37.219 0.0000000000
30736  -30.334  -39.136  38.135 0.0000000000
35239  -27.065  -34.469  30.083 0.0000000000
35240  -27.763  -34.381  30.454 0.0000000000
35223  -28.542  -34.714  31.573 0.0000000000
34243  -29.764  -35.026  32.618 0.0000000000
34244  -30.595  -35.131  33.009 0.0000000000
100400  -32.534  -35.429  34.154 0.0000000000
104537  -33.728  -35.508  35.347 0.0000000000
38084  -30.332  -30.962  26.551 0.0000000000
38867  -31.256  -30.212  27.858 0.0000000000
38073  -30.561  -31.216  27.259 0.0000000000
38064  -30.875  -31.719  28.233 0.0000000000
100941  -33.139  -29.650  30.116 0.0000000000
38825  -32.749  -30.545  30.303 0.0000000000
38814  -33.500  -30.289  31.385 0.0000000000
38048  -33.024  -30.874  30.995 0.0000000000
38047  -32.496  -31.517  30.484 0.0000000000
37194  -32.170  -32.354  30.529 0.0000000000
36222  -32.717  -33.801  32.246 0.0000000000
37147  -33.678  -33.166  32.969 0.0000000000
36215  -33.830  -33.705  33.466 0.0000000000
35199  -33.369  -34.366  33.417 0.0000000000
34235  -33.706  -34.705  34.187 0.0000000000
34225  -34.074  -34.971  34.943 0.0000000000
35168  -34.511  -34.714  37.468 0.0000000000
107985  -34.483  -33.900  38.151 0.0000000000
37978  -34.624  -30.895  36.988 0.0000000000
37973  -34.495  -31.145  38.005 0.0000000000
30742  -16.641  -39.583  36.049 0.0000000000
32505  -18.814  -37.292  33.396 0.0000000000
31685  -16.725  -38.963  33.022 0.0000000000
30793  -16.696  -39.221  33.916 0.0000000000
30775  -16.935  -39.171  34.677 0.0000000000
30726  -17.158  -38.961  37.450 0.0000000000
99561  -22.259  -38.257  40.354 0.0000000000
50978  -39.707  -16.792  18.505 0.0000000000
50979  -40.420  -16.263  18.489 0.0000000000
50980  -40.792  -16.294  19.207 0.0000000000
103618  -41.392  -15.937  19.337 0.0000000000
51813  -41.929  -15.889  19.956 0.0000000000
51802  -43.067  -15.382  20.552 0.0000000000
52660  -41.862  -14.448  17.107 0.0000000000
52654  -42.155  -14.645  17.854 0.0000000000
51825  -42.407  -14.879  18.644 0.0000000000
52615  -45.603  -14.559  22.457 0.0000000000
52638  -45.171  -13.987  20.928 0.0000000000
52627  -45.718  -14.129  21.760 0.0000000000
54285  -45.406  -12.602  14.841 0.0000000000
54275  -45.793  -12.485  15.683 0.0000000000
54260  -46.212  -12.268  16.541 0.0000000000
114779  -47.634  -12.029  16.893 0.0000000000
114673  -46.034  -12.009  17.426 0.0000000000
54226  -45.895  -11.949  18.146 0.0000000000
55069  -46.709  -11.041  19.527 0.0000000000
112556  -46.099  -11.835  19.422 0.0000000000
55053  -46.318  -11.480  20.026 0.0000000000
59978  -49.148  -6.073  8.340 0.0000000000
59988  -49.544  -5.316  8.048 0.0000000000
104204  -49.181  -4.720  7.481 0.0000000000
115320  -49.995  -4.531  7.896 0.0000000000
61769  -49.968  -2.916  7.122 0.0000000000
60875  -46.591  -4.479  5.883 0.0000000000
61775  -47.064  -4.008  6.050 0.0000000000
60876  -47.303  -4.001  5.767 0.0000000000
61776  -47.447  -3.445  6.038 0.0000000000
62599  -50.267  -2.114  7.141 0.0000000000
62609  -50.239  -1.533  6.858 0.0000000000
63445  -51.023  -0.919  7.685 0.0000000000
64245  -51.369  -0.586  7.428 0.0000000000
64256  -51.168  -0.579  6.558 0.0000000000
64257  -51.630  -0.374  6.023 0.0000000000
60918  -48.592  -4.717  2.734 0.0000000000
60901  -49.613  -4.684  3.816 0.0000000000
60902  -50.317  -4.241  3.903 0.0000000000
61790  -50.951  -2.674  3.903 0.0000000000
61801  -51.376  -2.969  3.309 0.0000000000
100229  -51.458  -0.672  4.114 0.0000000000
62677  -53.424  -0.906  0.964 0.0000000000
31622  -23.518  -37.963  38.362 0.0000000000
32496  -26.670  -37.834  34.139 0.0000000000
35198  -32.629  -34.700  33.126 0.0000000000
35208  -29.782  -34.797  31.909 0.0000000000
35261  -27.178  -34.174  29.379 0.0000000000
36223  -33.309  -33.791  32.874 0.0000000000
36233  -31.572  -33.841  31.147 0.0000000000
38056  -31.637  -31.614  29.218 0.0000000000
42920  -36.860  -25.977  29.093 0.0000000000
42946  -35.572  -25.606  26.193 0.0000000000
43822  -39.172  -24.619  33.016 0.0000000000
43864  -38.299  -24.666  30.063 0.0000000000
45673  -36.953  -22.947  26.897 0.0000000000
47316  -39.140  -20.450  30.740 0.0000000000
47322  -38.784  -20.521  29.710 0.0000000000
50056  -38.816  -17.696  20.144 0.0000000000
50908  -34.475  -15.003  24.521 0.0000000000
50942  -41.302  -16.703  22.166 0.0000000000
50972  -40.454  -16.779  19.848 0.0000000000
51784  -42.900  -15.980  22.264 0.0000000000
51868  -39.543  -15.475  15.198 0.0000000000
52596  -45.251  -14.550  24.134 0.0000000000
53341  -38.298  -12.938  28.550 0.0000000000
53458  -44.118  -13.677  18.942 0.0000000000
54273  -43.552  -12.800  15.932 0.0000000000
54276  -47.385  -12.267  15.542 0.0000000000
55107  -48.372  -11.689  16.013 0.0000000000
59063  -48.609  -6.863  11.401 0.0000000000
63452  -50.458  -1.002  6.572 0.0000000000
64251  -51.795  -0.343  7.060 0.0000000000
64252  -52.284  -0.383  6.563 0.0000000000
101308  -48.035  -4.699  7.274 0.0000000000
103076  -36.271  -26.653  35.155 0.0000000000
106453  -25.964  -35.500  31.032 0.0000000000
106935  -39.459  -23.161  32.280 0.0000000000
111902  -41.380  -14.858  24.571 0.0000000000
116851  -39.206  -17.656  30.566 0.0000000000
117301  -42.485  -15.629  20.247 0.0000000000
117548  -37.203  -26.006  33.699 0.0000000000
117898  -37.030  -20.562  25.923 0.0000000000
117899  -34.852  -31.886  36.269 0.0000000000
117985  -39.465  -20.111  32.553 0.0000000000
118322  -42.008  -13.700  16.212 0.0000000000
