#!ascii label  , from subject sub-v2s8x29253_ses-1 vox2ras=TkReg
1627
29007  28.712  -43.995  -22.864 0.8999999762
103099  28.642  -44.386  -23.613 0.8000000119
28146  28.364  -45.302  -24.902 0.6999999881
105780  28.416  -44.940  -25.767 0.8000000119
29008  27.753  -44.592  -22.243 0.8999999762
29957  29.023  -43.606  -23.597 1.0000000000
29982  29.243  -43.086  -24.440 1.0000000000
29983  28.852  -43.973  -24.414 0.8999999762
29086  28.606  -44.446  -25.157 0.8000000119
29111  28.546  -44.198  -26.124 0.8000000119
30000  28.871  -43.598  -25.293 0.8999999762
28171  28.370  -45.033  -26.508 0.8000000119
29126  28.366  -44.381  -27.595 0.6999999881
28995  27.245  -44.205  -21.659 0.8000000119
28994  28.003  -43.979  -21.817 0.8999999762
29907  28.263  -43.312  -21.526 0.8999999762
29908  27.519  -43.521  -21.311 0.8999999762
29910  25.689  -43.503  -21.517 0.8999999762
106155  29.072  -43.152  -22.777 0.8999999762
29956  29.324  -42.906  -23.567 1.0000000000
30907  29.176  -42.707  -25.390 1.0000000000
30925  29.039  -42.196  -26.242 0.8999999762
30908  28.807  -43.203  -26.144 0.8999999762
30023  28.498  -43.674  -26.970 0.8000000119
29135  28.329  -44.086  -28.469 0.6999999881
30819  28.502  -42.600  -21.288 0.8999999762
30820  27.832  -42.861  -20.940 0.8999999762
30821  26.903  -42.898  -20.895 0.8999999762
30822  25.951  -42.798  -21.205 0.8999999762
30845  25.129  -42.708  -21.691 0.8999999762
30844  28.830  -42.960  -21.932 0.8999999762
116364  29.181  -42.518  -22.355 0.8999999762
117395  29.536  -42.326  -23.997 1.0000000000
30926  28.702  -42.821  -26.783 0.8000000119
30934  28.528  -42.862  -27.532 0.8000000119
115192  28.444  -42.673  -28.808 0.8000000119
110135  28.527  -42.553  -29.515 0.8000000119
111271  28.603  -42.508  -30.226 0.8000000119
30955  28.616  -42.098  -30.733 0.8000000119
30808  27.273  -42.233  -20.533 0.8999999762
30823  25.330  -41.975  -21.453 0.8999999762
30846  24.652  -41.899  -22.253 0.8999999762
30806  28.764  -41.853  -21.099 0.8999999762
114787  25.483  -41.348  -21.214 0.8999999762
31786  24.921  -41.198  -21.841 0.8000000119
30868  24.119  -41.575  -23.091 0.8000000119
30843  29.012  -42.264  -21.764 0.8999999762
32775  24.604  -40.484  -22.110 0.6999999881
31801  24.410  -41.055  -22.615 0.6999999881
31817  23.719  -41.504  -23.645 0.6999999881
31800  29.590  -41.307  -22.661 0.8999999762
31818  23.328  -41.154  -23.706 0.6999999881
104234  22.661  -41.050  -23.697 0.6999999881
32799  29.844  -40.688  -23.443 1.0000000000
32801  22.746  -40.545  -23.222 0.6000000238
31816  29.679  -41.535  -23.649 1.0000000000
31838  29.621  -41.682  -24.517 1.0000000000
119536  29.428  -42.323  -24.756 1.0000000000
31873  29.284  -41.354  -26.077 1.0000000000
31857  29.436  -41.767  -25.373 1.0000000000
31874  28.941  -41.307  -26.775 0.8999999762
102765  28.746  -42.107  -27.093 0.8000000119
115576  28.600  -42.038  -27.759 0.8000000119
110283  28.519  -41.984  -29.029 0.8000000119
32863  28.487  -40.529  -29.769 0.8000000119
31908  28.539  -41.317  -30.189 0.8000000119
32870  28.313  -40.745  -30.524 0.8000000119
33869  28.138  -39.986  -30.259 0.8000000119
33888  26.952  -40.081  -31.236 0.8000000119
30807  28.141  -42.158  -20.651 0.8999999762
31785  26.198  -42.004  -20.816 0.8999999762
31764  27.685  -41.617  -20.139 0.8999999762
31765  26.814  -41.514  -20.245 0.8999999762
31766  25.971  -41.087  -20.649 0.8999999762
32774  25.236  -40.563  -21.327 0.8999999762
31784  29.274  -41.536  -21.759 0.8999999762
31802  23.918  -41.008  -23.223 0.6999999881
102267  29.551  -40.759  -21.882 0.8999999762
32787  24.091  -40.437  -22.714 0.6000000238
32800  23.477  -40.542  -23.044 0.6000000238
111117  29.810  -40.408  -22.615 1.0000000000
32802  21.276  -40.386  -23.244 0.5000000000
32815  29.819  -40.952  -24.296 1.0000000000
33789  20.801  -39.754  -23.151 0.5000000000
117373  29.697  -41.156  -24.957 1.0000000000
33829  29.649  -39.902  -25.751 1.0000000000
32839  29.232  -40.574  -26.355 1.0000000000
32840  28.780  -40.411  -27.287 0.8999999762
31896  28.576  -41.554  -28.368 0.8000000119
116144  28.615  -39.938  -28.115 0.8999999762
115048  28.616  -40.736  -28.257 0.8000000119
32857  28.575  -40.250  -28.944 0.8000000119
34744  28.420  -38.801  -28.496 0.8999999762
34745  28.099  -38.195  -28.981 0.8999999762
33859  27.859  -39.210  -30.029 0.8000000119
33871  26.437  -39.344  -31.049 0.8000000119
34772  26.182  -38.496  -30.669 0.8000000119
33872  25.499  -38.954  -31.194 0.8000000119
31763  28.434  -41.410  -20.376 0.8999999762
32753  28.703  -40.666  -20.078 0.8999999762
33752  25.254  -39.712  -21.076 0.6999999881
115683  24.787  -39.973  -21.671 0.8000000119
32752  29.198  -40.151  -20.431 0.8999999762
33771  23.625  -39.916  -22.588 0.6999999881
32788  22.960  -40.021  -22.787 0.6000000238
33788  21.957  -39.847  -22.824 0.6000000238
33772  22.979  -39.232  -22.278 0.6999999881
33773  21.214  -39.062  -22.672 0.5000000000
33774  20.571  -39.014  -23.094 0.5000000000
109193  29.997  -40.156  -24.180 1.0000000000
106482  29.852  -40.463  -24.959 1.0000000000
33843  28.723  -39.493  -27.437 0.8999999762
111928  29.904  -39.058  -25.442 1.0000000000
34715  29.435  -38.995  -26.194 0.8999999762
33830  29.091  -39.697  -26.649 0.8999999762
34731  28.603  -38.770  -27.708 0.8999999762
111861  28.657  -38.066  -27.262 0.8999999762
35594  27.426  -37.673  -29.457 0.8999999762
34758  26.834  -38.050  -30.134 0.8999999762
35585  28.380  -38.096  -28.114 0.8999999762
34759  26.001  -37.721  -30.381 0.8999999762
35587  27.203  -36.845  -29.227 0.8999999762
107402  27.326  -41.077  -19.866 0.8999999762
111565  26.578  -40.733  -20.019 0.8999999762
32755  25.833  -40.234  -20.543 0.8999999762
32743  26.470  -39.873  -19.839 0.8999999762
33736  25.777  -39.401  -20.325 1.0000000000
33753  24.657  -39.321  -21.486 0.8000000119
32741  28.314  -40.224  -19.597 0.8999999762
33770  24.236  -39.776  -22.181 0.6999999881
32786  29.787  -40.122  -22.002 0.8999999762
32773  29.546  -40.155  -21.320 0.8999999762
33754  23.950  -38.958  -21.819 0.6999999881
34649  23.269  -38.223  -21.664 0.6999999881
103034  22.000  -38.961  -22.413 0.5000000000
33787  30.104  -39.788  -23.271 1.0000000000
34665  21.551  -38.301  -22.426 0.5000000000
34688  30.502  -38.635  -24.284 1.0000000000
104711  30.621  -37.862  -24.406 1.0000000000
34702  30.157  -38.291  -25.104 1.0000000000
34703  29.641  -38.412  -25.774 1.0000000000
35540  30.155  -37.311  -25.051 1.0000000000
35556  29.144  -38.044  -26.408 0.8999999762
36382  28.030  -36.550  -27.563 0.8999999762
36442  22.144  -36.608  -32.433 0.6999999881
36443  21.421  -36.104  -32.154 0.8000000119
116162  21.255  -36.825  -32.019 0.8000000119
36429  21.206  -36.198  -31.965 0.8000000119
33735  29.294  -39.514  -19.924 0.8999999762
33721  27.965  -39.664  -19.331 1.0000000000
33722  27.235  -39.366  -19.362 1.0000000000
120417  25.787  -38.689  -20.123 1.0000000000
33737  25.180  -38.823  -20.768 0.6999999881
101377  24.547  -38.624  -21.254 0.6999999881
33751  30.015  -39.473  -21.730 0.8999999762
33734  29.644  -39.488  -20.804 0.8999999762
34648  24.093  -38.081  -21.292 0.6999999881
33786  30.495  -38.939  -23.462 1.0000000000
117754  30.351  -39.163  -22.586 0.8999999762
34647  30.027  -38.924  -21.129 0.8999999762
34676  20.143  -38.498  -23.394 0.4000000060
35509  30.816  -38.201  -23.651 1.0000000000
36359  29.526  -36.706  -25.689 1.0000000000
36371  28.891  -36.535  -26.320 1.0000000000
36411  23.922  -36.091  -30.368 0.8999999762
109959  23.943  -36.465  -32.262 0.6000000238
36436  22.939  -36.012  -32.455 0.6000000238
113000  22.234  -35.651  -32.468 0.8000000119
111365  21.275  -35.950  -32.044 0.8000000119
36423  21.781  -36.432  -31.561 0.8999999762
35599  23.147  -36.626  -30.675 0.8999999762
34634  29.797  -38.744  -20.268 0.8999999762
34635  29.125  -38.816  -19.494 0.8999999762
34636  25.511  -38.084  -20.279 0.8000000119
34637  24.798  -38.033  -20.793 0.6999999881
35479  23.627  -37.408  -21.313 0.6999999881
35480  22.722  -37.331  -21.615 0.6000000238
36320  20.791  -36.685  -22.900 0.4000000060
103760  30.768  -38.395  -22.792 1.0000000000
116460  30.493  -38.565  -21.789 0.8999999762
115444  31.000  -37.562  -23.827 1.0000000000
35524  30.768  -37.098  -24.406 1.0000000000
36358  30.434  -36.454  -25.050 1.0000000000
37347  29.784  -35.949  -25.732 1.0000000000
37363  29.300  -35.547  -26.347 1.0000000000
105672  24.542  -35.701  -30.107 0.8999999762
38492  24.354  -34.602  -30.152 0.8999999762
37405  23.944  -35.330  -30.339 0.8999999762
112281  22.496  -35.111  -31.309 0.8999999762
37418  23.134  -35.228  -30.826 0.8999999762
38516  25.314  -34.304  -31.558 0.6000000238
37435  24.357  -35.828  -31.958 0.6000000238
37436  23.646  -35.516  -32.312 0.6000000238
37440  22.879  -34.974  -32.585 0.8000000119
37441  22.111  -34.823  -32.477 0.8000000119
37420  21.645  -35.418  -31.706 0.8999999762
34624  28.097  -38.813  -19.086 0.8999999762
34625  27.055  -38.437  -19.251 0.8999999762
35461  27.799  -37.635  -18.942 0.8999999762
35462  26.725  -37.551  -19.338 0.8999999762
35478  24.370  -37.274  -20.872 0.6000000238
119226  30.244  -38.375  -20.946 1.0000000000
35470  30.204  -37.904  -20.313 1.0000000000
35471  29.634  -38.047  -19.675 1.0000000000
119572  23.889  -36.951  -21.117 0.6000000238
36318  22.080  -36.705  -21.922 0.5000000000
35497  30.964  -37.717  -22.132 1.0000000000
36317  31.303  -36.898  -22.507 1.0000000000
102966  31.125  -37.645  -23.092 1.0000000000
36330  31.272  -36.855  -23.568 1.0000000000
36345  31.085  -36.519  -24.365 1.0000000000
37346  30.689  -35.640  -25.428 1.0000000000
37362  30.166  -35.233  -26.116 1.0000000000
105188  29.174  -34.456  -27.163 1.0000000000
38450  28.640  -35.103  -26.870 1.0000000000
38464  28.519  -34.351  -27.502 1.0000000000
120205  27.394  -34.758  -27.964 1.0000000000
38477  27.134  -34.248  -28.382 1.0000000000
120283  26.740  -34.480  -28.580 0.8999999762
37375  27.408  -35.529  -28.022 0.8999999762
37392  25.297  -35.009  -29.532 0.8999999762
38504  23.619  -34.586  -30.556 0.8999999762
39522  21.632  -33.890  -31.872 0.8999999762
38515  26.159  -34.003  -31.310 0.6000000238
38517  24.583  -34.347  -31.902 0.6000000238
111342  24.150  -34.989  -32.107 0.6000000238
38531  22.510  -34.076  -32.573 0.8000000119
38533  21.545  -34.620  -32.172 0.8000000119
36280  28.715  -37.123  -19.179 0.8999999762
36282  26.324  -36.806  -19.598 0.6999999881
35472  25.216  -37.377  -20.416 0.6000000238
36296  25.035  -36.537  -20.517 0.6000000238
106225  30.584  -37.121  -20.473 0.8999999762
36302  23.421  -36.616  -21.312 0.6000000238
36303  22.687  -36.471  -21.580 0.5000000000
111293  30.648  -37.777  -21.162 1.0000000000
36316  31.457  -36.144  -21.902 0.8999999762
36344  31.529  -36.075  -23.918 1.0000000000
37333  31.187  -35.906  -24.695 1.0000000000
38435  31.096  -34.894  -25.830 1.0000000000
38448  30.604  -34.385  -26.578 1.0000000000
38463  29.902  -34.083  -27.151 1.0000000000
39489  27.676  -33.605  -28.482 1.0000000000
39490  26.920  -33.597  -28.843 1.0000000000
39505  25.517  -33.155  -29.770 0.8999999762
39506  24.895  -33.339  -30.057 0.8999999762
112874  24.044  -34.079  -30.387 0.8999999762
40487  22.684  -33.046  -31.403 0.8999999762
113277  26.455  -33.059  -31.628 0.6000000238
39533  25.647  -33.420  -31.670 0.6000000238
39545  24.493  -33.580  -32.225 0.6000000238
40514  24.412  -32.683  -32.507 0.6999999881
39554  22.928  -33.365  -32.641 0.6999999881
39555  22.234  -33.325  -32.463 0.6999999881
39535  21.496  -34.035  -32.014 0.8000000119
40488  21.933  -33.256  -31.781 0.8999999762
39532  27.076  -33.590  -31.242 0.6000000238
40528  22.567  -32.620  -32.586 0.6999999881
40529  22.098  -32.677  -32.332 0.8000000119
104859  22.074  -31.937  -32.227 0.8999999762
36283  25.678  -36.880  -20.095 0.6999999881
36301  24.205  -36.514  -21.003 0.6000000238
36279  29.527  -36.610  -19.476 0.8999999762
103249  28.639  -36.269  -19.195 0.8000000119
37267  27.728  -35.890  -19.197 0.6999999881
36278  30.328  -36.486  -19.937 0.8000000119
36329  31.613  -36.022  -22.937 1.0000000000
36299  31.339  -36.121  -21.103 0.8000000119
37321  31.980  -35.070  -22.868 0.8999999762
113865  31.709  -35.490  -22.188 0.8000000119
109087  31.847  -35.496  -23.578 1.0000000000
37332  31.799  -35.419  -24.306 1.0000000000
38434  31.860  -34.575  -25.444 1.0000000000
38447  31.545  -34.203  -26.172 1.0000000000
39457  31.218  -33.691  -26.798 1.0000000000
39473  30.121  -33.334  -27.633 1.0000000000
39487  29.416  -33.211  -28.055 1.0000000000
39488  28.571  -33.565  -28.131 1.0000000000
40460  27.430  -33.014  -29.058 1.0000000000
40462  26.028  -32.911  -29.645 0.8999999762
40476  25.082  -32.769  -30.182 0.8999999762
40477  24.432  -32.779  -30.482 0.8999999762
41547  23.242  -31.489  -31.334 0.8999999762
39544  25.097  -33.000  -32.071 0.6000000238
40515  23.393  -32.661  -32.646 0.6999999881
41555  22.269  -31.469  -31.782 0.8999999762
40498  28.002  -32.669  -32.256 0.6000000238
40499  27.265  -32.747  -31.765 0.6000000238
41565  23.795  -31.970  -32.793 0.6999999881
41580  22.413  -31.814  -32.519 0.6999999881
37268  26.702  -36.022  -19.532 0.6999999881
37284  25.421  -35.650  -20.493 0.6000000238
37266  29.267  -35.771  -19.427 0.8000000119
118886  28.535  -35.554  -19.350 0.8000000119
38355  27.090  -35.177  -19.770 0.6999999881
37283  26.227  -35.400  -20.132 0.6999999881
37281  30.615  -35.709  -20.171 0.6999999881
37265  29.949  -35.810  -19.670 0.8000000119
105914  31.877  -34.786  -21.929 0.6999999881
108673  32.295  -34.453  -23.109 0.6999999881
38420  32.476  -34.128  -24.348 0.8000000119
39437  32.673  -33.470  -25.003 0.8000000119
38433  32.349  -34.231  -25.065 0.8000000119
39455  32.516  -33.186  -25.905 0.8000000119
39438  32.210  -33.910  -25.698 0.8999999762
39456  31.938  -33.513  -26.405 0.8999999762
39472  30.962  -33.239  -27.383 1.0000000000
40443  30.047  -32.607  -28.299 1.0000000000
40459  28.235  -32.946  -28.776 1.0000000000
40472  27.928  -32.417  -29.388 1.0000000000
41519  29.585  -32.090  -29.000 1.0000000000
40471  28.737  -32.304  -29.201 1.0000000000
40473  27.105  -32.413  -29.582 1.0000000000
40474  26.313  -32.415  -29.844 1.0000000000
40475  25.617  -32.533  -30.070 0.8999999762
41545  25.385  -31.257  -30.785 0.8999999762
41533  24.878  -32.010  -30.526 0.8999999762
120687  24.115  -31.554  -31.008 0.8999999762
40511  27.172  -32.374  -32.523 0.6000000238
40501  25.886  -32.625  -32.033 0.6000000238
40513  25.365  -32.317  -32.549 0.6000000238
41564  24.794  -31.858  -32.863 0.6999999881
42553  22.606  -30.752  -31.700 0.8999999762
41566  21.991  -31.652  -32.055 0.8999999762
42584  24.546  -30.632  -33.462 0.6999999881
41579  23.067  -31.389  -32.876 0.6999999881
115915  22.192  -31.203  -32.261 0.8999999762
108095  22.494  -29.704  -32.589 0.8999999762
38353  29.051  -34.961  -19.565 0.6999999881
38354  28.035  -34.991  -19.529 0.6000000238
38369  26.579  -34.612  -20.396 0.6000000238
38371  25.057  -35.065  -20.927 0.6000000238
38365  31.065  -34.902  -20.504 0.6999999881
38367  28.361  -34.223  -19.968 0.6000000238
38386  31.642  -34.460  -21.163 0.6999999881
38397  32.203  -34.320  -22.458 0.6999999881
38396  32.411  -33.956  -22.875 0.6999999881
40398  32.943  -32.568  -25.354 0.8000000119
40419  32.254  -32.831  -26.593 0.8000000119
40440  32.075  -32.405  -27.257 0.8000000119
40441  31.357  -32.621  -27.606 0.8000000119
40442  30.690  -32.799  -27.817 1.0000000000
40457  30.964  -32.230  -28.187 0.8000000119
41528  29.143  -31.605  -29.594 1.0000000000
41529  28.363  -31.783  -29.725 1.0000000000
41543  27.213  -31.277  -30.465 1.0000000000
41541  28.723  -31.265  -30.078 1.0000000000
41542  28.050  -31.294  -30.281 1.0000000000
41544  26.294  -31.236  -30.643 1.0000000000
42550  25.868  -30.564  -31.285 1.0000000000
41546  24.614  -31.269  -30.960 0.8999999762
40512  26.300  -32.166  -32.725 0.6000000238
42552  23.768  -30.821  -31.333 0.8999999762
40525  27.809  -32.449  -33.194 0.6000000238
40526  27.051  -32.047  -33.310 0.6000000238
40527  25.716  -31.761  -33.102 0.6999999881
117792  22.914  -30.042  -31.838 0.8999999762
112607  25.166  -31.303  -33.365 0.6999999881
43558  24.066  -29.898  -33.446 0.6999999881
42586  22.591  -30.028  -32.771 0.8999999762
39383  26.875  -33.869  -20.717 0.5000000000
38366  29.345  -34.106  -19.948 0.6000000238
39382  28.657  -33.503  -20.410 0.5000000000
117617  31.205  -34.036  -20.720 0.6999999881
107358  30.372  -33.947  -20.328 0.6999999881
39397  32.008  -33.208  -21.798 0.6999999881
39416  32.565  -33.363  -23.016 0.6999999881
39408  32.312  -33.608  -22.352 0.6999999881
40385  32.964  -32.740  -24.567 0.6999999881
40397  33.330  -31.887  -25.291 0.6999999881
117646  32.694  -32.560  -26.113 0.8000000119
41497  32.529  -31.546  -27.386 0.8000000119
41516  32.115  -31.123  -28.193 0.8000000119
41498  31.755  -31.924  -27.892 0.8000000119
41517  31.322  -31.465  -28.539 0.8000000119
42536  30.391  -30.627  -29.827 0.8999999762
102362  29.995  -31.358  -29.455 1.0000000000
105124  31.180  -30.370  -29.532 0.8000000119
42545  30.004  -30.109  -30.452 0.8999999762
42546  29.441  -30.856  -30.142 1.0000000000
42548  27.765  -30.719  -30.796 1.0000000000
42564  25.911  -29.869  -31.767 1.0000000000
43521  25.173  -29.999  -31.715 0.8999999762
43522  24.120  -30.040  -31.654 0.8999999762
43538  23.537  -29.301  -32.113 0.8999999762
43537  24.608  -29.350  -32.055 0.8999999762
44536  23.194  -28.382  -32.478 0.8999999762
40540  27.653  -32.225  -33.962 0.6000000238
113782  26.434  -31.770  -33.346 0.6000000238
42583  25.477  -30.706  -33.740 0.6999999881
43559  23.092  -29.335  -33.284 0.8000000119
44547  22.324  -28.228  -32.954 0.8999999762
40539  28.331  -32.500  -34.571 0.6000000238
115532  26.176  -30.665  -33.997 0.6999999881
43557  24.901  -29.949  -33.792 0.6999999881
43577  22.584  -28.335  -33.202 0.8000000119
44537  22.502  -28.224  -32.787 0.8999999762
43575  24.180  -29.095  -33.734 0.6999999881
45501  22.368  -27.461  -33.092 0.8999999762
39381  29.519  -33.470  -20.387 0.5000000000
39400  28.042  -32.898  -21.052 0.5000000000
39399  30.946  -33.327  -20.844 0.6999999881
40338  29.066  -32.854  -20.745 0.5000000000
40372  32.713  -32.546  -23.210 0.6999999881
40360  32.380  -32.814  -22.444 0.6999999881
40371  33.068  -32.318  -23.961 0.6999999881
41455  33.543  -31.382  -25.700 0.6999999881
40418  33.081  -32.016  -25.952 0.6999999881
42506  32.670  -30.778  -27.756 0.8000000119
42524  32.511  -30.235  -28.393 0.8000000119
119748  31.646  -30.161  -29.334 0.8000000119
43507  30.803  -29.966  -30.117 0.8000000119
43520  29.172  -30.162  -30.811 0.8999999762
42562  27.505  -30.137  -31.379 1.0000000000
42549  26.860  -30.676  -31.032 1.0000000000
43506  31.566  -29.709  -29.742 0.8000000119
43519  30.442  -29.545  -30.605 0.8000000119
42561  28.351  -30.190  -31.129 0.8999999762
43534  27.228  -29.378  -31.916 1.0000000000
43535  26.338  -29.346  -32.055 1.0000000000
102885  27.990  -28.949  -32.110 0.8999999762
44533  25.979  -28.490  -32.402 1.0000000000
44534  25.060  -28.601  -32.328 1.0000000000
112235  24.527  -27.894  -32.435 1.0000000000
45482  23.650  -27.561  -32.497 0.8999999762
41577  26.138  -31.298  -33.632 0.6999999881
46304  24.225  -26.814  -32.590 0.8999999762
41593  27.654  -31.658  -34.454 0.6000000238
41594  26.836  -31.052  -34.141 0.6000000238
45492  22.453  -26.475  -33.031 0.8999999762
42600  27.428  -30.731  -34.613 0.6999999881
42602  25.736  -29.989  -34.071 0.6999999881
43573  25.952  -29.155  -34.362 0.6999999881
109066  23.822  -28.137  -33.866 0.6999999881
106789  23.448  -27.223  -33.761 0.8000000119
44567  24.540  -28.414  -34.061 0.6999999881
120667  23.134  -26.506  -33.433 0.8000000119
46327  23.001  -25.979  -32.992 0.8999999762
122004  24.182  -27.648  -34.104 0.6999999881
39380  30.059  -33.035  -20.676 0.5000000000
40361  31.905  -32.362  -21.959 0.6999999881
40347  31.424  -32.850  -21.403 0.5000000000
41428  33.345  -31.512  -24.166 0.6999999881
41429  32.909  -31.699  -23.449 0.6999999881
42474  33.893  -30.694  -25.309 0.6999999881
42458  33.665  -30.627  -24.483 0.6999999881
42487  34.099  -29.885  -26.519 0.6999999881
115224  33.636  -30.307  -27.010 0.6999999881
43481  33.782  -29.702  -27.373 0.6999999881
42505  33.176  -30.856  -27.131 0.6999999881
43493  33.256  -29.578  -28.161 0.8000000119
42534  32.092  -29.919  -29.155 0.8000000119
43494  32.697  -29.414  -28.865 0.8000000119
43505  32.242  -29.249  -29.539 0.8000000119
43518  31.116  -29.308  -30.408 0.8000000119
116815  32.344  -28.653  -29.860 0.8000000119
44520  31.353  -28.576  -30.710 0.8000000119
43532  29.763  -29.428  -31.097 0.8000000119
118720  28.590  -29.146  -31.851 0.8999999762
44532  27.373  -28.688  -32.326 0.8999999762
105923  26.752  -28.807  -32.299 1.0000000000
44529  30.808  -28.156  -31.415 0.8000000119
117397  30.018  -28.664  -31.550 0.8000000119
45481  25.200  -27.700  -32.516 1.0000000000
42599  28.102  -31.236  -34.978 0.6000000238
46303  25.091  -26.828  -32.735 1.0000000000
42601  26.603  -30.112  -34.392 0.6999999881
116937  26.706  -29.211  -34.577 0.6999999881
46318  23.550  -25.993  -32.882 0.8999999762
46317  24.382  -26.056  -32.922 1.0000000000
44565  26.285  -28.326  -34.591 0.6999999881
44566  25.123  -27.912  -34.340 0.8000000119
45515  23.963  -26.668  -33.956 0.8000000119
43432  33.780  -29.818  -24.517 0.6999999881
42473  34.221  -30.019  -25.716 0.6999999881
110460  34.416  -29.176  -26.860 0.6999999881
44489  34.060  -28.926  -27.832 0.6999999881
44502  33.357  -28.851  -28.664 0.6999999881
44501  34.022  -28.253  -28.507 0.6999999881
44507  33.376  -28.171  -29.203 0.8000000119
44508  32.775  -28.713  -29.331 0.8000000119
44519  32.100  -28.296  -30.392 0.8000000119
45467  32.429  -27.567  -30.610 0.8000000119
45468  31.680  -27.837  -31.012 0.8000000119
45478  29.292  -28.284  -32.250 0.8999999762
44531  28.647  -28.606  -32.235 0.8999999762
45477  30.026  -28.021  -32.055 0.8000000119
111859  28.349  -27.442  -32.986 0.8999999762
45479  26.849  -28.019  -32.603 0.8999999762
110700  27.992  -30.435  -34.969 0.6000000238
45491  27.376  -27.331  -32.987 0.8999999762
45480  25.909  -27.424  -32.686 1.0000000000
42612  28.675  -30.685  -35.291 0.6000000238
46316  25.559  -26.394  -33.078 0.8999999762
44564  27.171  -28.641  -34.806 0.6999999881
47199  24.761  -25.835  -33.464 0.8999999762
45513  25.787  -27.215  -34.618 0.8000000119
102654  24.295  -26.041  -33.848 0.8999999762
46326  24.525  -25.789  -33.718 0.8000000119
43450  34.387  -29.458  -25.408 0.6999999881
43465  34.551  -29.351  -26.036 0.6999999881
44488  34.724  -28.428  -27.143 0.6999999881
45458  34.072  -27.528  -29.059 0.6999999881
45459  33.379  -27.604  -29.622 0.6999999881
103796  30.675  -27.620  -31.958 0.8000000119
118864  29.365  -27.539  -32.694 0.8000000119
45489  30.307  -27.326  -32.483 0.8000000119
46314  29.907  -26.816  -33.117 0.8000000119
116620  26.505  -27.123  -32.925 0.8999999762
43572  27.459  -29.701  -34.784 0.6000000238
46315  28.912  -26.807  -33.307 0.8000000119
47196  28.415  -25.961  -33.662 0.8999999762
107146  26.703  -26.446  -33.291 0.8999999762
118949  28.955  -29.811  -35.337 0.6000000238
43588  28.023  -28.917  -35.088 0.6999999881
47198  25.805  -25.666  -33.623 0.8999999762
45512  26.741  -27.634  -34.867 0.6999999881
47213  25.298  -25.368  -34.089 0.8000000119
45525  26.138  -26.409  -34.962 0.6999999881
46349  25.479  -25.440  -34.633 0.8000000119
45418  35.062  -27.812  -26.629 0.6999999881
45442  35.031  -27.715  -27.464 0.6999999881
45452  34.839  -27.118  -28.666 0.6999999881
46312  31.523  -26.811  -32.149 0.8000000119
46313  30.835  -26.670  -32.756 0.8000000119
120347  31.011  -26.174  -33.123 0.8000000119
47195  29.492  -26.133  -33.585 0.8000000119
47211  27.953  -25.150  -34.076 0.8999999762
43587  28.806  -29.099  -35.306 0.6000000238
47197  27.071  -25.595  -33.682 0.8999999762
44577  28.583  -28.290  -35.318 0.6999999881
44578  27.686  -28.008  -35.139 0.6999999881
47212  26.018  -25.028  -34.232 0.8999999762
46348  26.862  -26.166  -35.352 0.6999999881
47229  25.900  -25.046  -35.235 0.8000000119
47218  25.643  -24.604  -34.796 0.8000000119
47228  27.261  -25.557  -35.601 0.6999999881
115190  25.881  -24.111  -35.315 0.8000000119
105194  25.592  -24.715  -34.853 0.8000000119
47237  26.593  -24.541  -35.691 0.8000000119
45417  35.333  -27.049  -27.033 0.6999999881
43586  29.491  -29.356  -35.458 0.6000000238
47210  29.107  -25.418  -34.035 0.8000000119
49236  28.328  -23.820  -34.728 0.8999999762
48216  27.409  -24.284  -34.500 0.8999999762
44576  29.393  -28.537  -35.426 0.6000000238
115128  26.367  -23.648  -34.940 0.8999999762
45524  27.277  -27.064  -35.219 0.8000000119
48217  26.188  -24.312  -34.638 0.8999999762
108034  25.649  -24.182  -35.062 0.8000000119
47235  28.829  -25.050  -36.008 0.6999999881
47238  26.193  -23.996  -35.646 0.8000000119
48238  26.413  -23.262  -35.829 0.8000000119
45522  29.192  -27.715  -35.431 0.6999999881
48215  28.739  -24.634  -34.391 0.8000000119
107837  29.768  -27.110  -35.481 0.5000000000
110151  28.892  -26.880  -35.493 0.6000000238
46346  29.436  -26.428  -35.571 0.6000000238
47227  28.565  -25.900  -35.669 0.6999999881
49248  27.012  -23.127  -35.298 0.8000000119
47234  29.773  -24.979  -36.111 0.6000000238
48235  29.024  -24.355  -36.383 0.6000000238
48237  26.946  -23.871  -36.189 0.6999999881
49261  26.872  -23.029  -36.261 0.8000000119
48224  25.823  -23.920  -35.100 0.8000000119
49259  29.251  -23.622  -36.602 0.6000000238
50258  28.240  -22.552  -35.450 0.8000000119
49247  27.814  -23.146  -35.188 0.8999999762
47225  30.580  -25.546  -35.844 0.6000000238
107655  26.706  -22.614  -36.044 0.8000000119
49252  26.511  -23.083  -35.749 0.8000000119
50259  27.151  -22.490  -35.710 0.8000000119
49266  28.527  -22.846  -36.722 0.6000000238
50257  29.119  -22.538  -35.447 0.8000000119
51186  27.767  -22.006  -35.751 0.8000000119
107234  30.538  -24.799  -36.212 0.6000000238
48234  29.977  -24.265  -36.407 0.6000000238
50269  27.214  -22.104  -36.148 0.8000000119
49258  30.192  -23.549  -36.615 0.6000000238
50277  27.631  -21.880  -36.513 0.6999999881
113396  27.867  -21.450  -36.503 0.8000000119
50275  29.671  -22.361  -37.206 0.6000000238
51207  28.683  -21.669  -37.262 0.6000000238
51213  28.156  -20.757  -37.201 0.6999999881
107545  30.904  -23.379  -36.658 0.6000000238
49264  30.382  -22.889  -36.871 0.6000000238
112824  30.687  -21.251  -36.036 0.8000000119
51185  28.556  -21.981  -35.657 0.8000000119
47233  31.396  -25.051  -36.164 0.6000000238
51184  29.501  -22.013  -35.627 0.8000000119
48232  32.043  -24.309  -36.447 0.5000000000
52147  27.923  -20.840  -36.843 0.8000000119
52142  28.253  -21.236  -36.380 0.8000000119
48233  30.965  -24.132  -36.454 0.6000000238
121681  28.090  -20.159  -37.159 0.6000000238
49256  32.854  -23.504  -36.731 0.5000000000
49257  31.700  -23.496  -36.649 0.6000000238
50273  31.533  -22.268  -37.259 0.6000000238
51211  29.987  -21.038  -37.619 0.6000000238
50272  32.402  -22.180  -37.279 0.6000000238
51205  30.849  -21.698  -37.492 0.6000000238
51210  31.036  -20.949  -37.667 0.6000000238
52156  30.027  -20.256  -37.823 0.6000000238
52140  29.994  -20.639  -36.320 0.8000000119
52141  28.764  -20.811  -36.441 0.8000000119
53005  30.149  -19.860  -36.507 0.8000000119
53006  28.918  -20.015  -36.628 0.6999999881
121654  32.657  -23.011  -36.880 0.6000000238
107773  28.935  -19.529  -37.889 0.6000000238
53024  28.402  -18.857  -37.842 0.6000000238
52151  28.134  -19.917  -37.094 0.6999999881
50271  33.314  -22.057  -37.305 0.5000000000
110686  30.194  -19.511  -38.198 0.6000000238
119203  33.305  -21.341  -37.493 0.5000000000
51209  32.006  -20.851  -37.665 0.6000000238
52155  31.238  -20.164  -37.869 0.6000000238
52150  33.675  -20.800  -37.573 0.5000000000
53004  31.266  -19.579  -36.459 0.6999999881
117369  28.725  -18.981  -37.221 0.6000000238
53018  28.530  -19.083  -37.509 0.6000000238
113539  28.303  -19.568  -36.994 0.6000000238
53839  29.276  -18.089  -38.556 0.6000000238
53831  28.395  -18.265  -37.681 0.6000000238
53017  34.036  -20.143  -37.695 0.5000000000
52154  32.298  -20.094  -37.788 0.6000000238
53022  31.571  -19.403  -38.164 0.6000000238
53023  29.037  -18.852  -38.275 0.6000000238
53842  28.535  -17.508  -38.389 0.6000000238
53020  33.614  -19.491  -37.880 0.6000000238
107631  33.239  -18.779  -38.166 0.6000000238
53016  34.808  -20.045  -37.672 0.5000000000
113472  34.314  -19.580  -37.824 0.5000000000
53019  34.999  -19.227  -37.903 0.4000000060
53835  34.705  -18.430  -38.204 0.5000000000
53823  30.093  -19.003  -36.738 0.6000000238
115393  28.673  -17.700  -37.634 0.6000000238
53837  32.152  -18.556  -38.410 0.6000000238
53841  30.257  -17.870  -38.840 0.6000000238
54649  28.154  -17.551  -37.982 0.6000000238
54659  32.393  -17.595  -38.629 0.6000000238
102868  34.120  -18.964  -38.061 0.5000000000
53836  33.829  -18.119  -38.313 0.6000000238
54657  34.513  -17.730  -38.367 0.5000000000
53834  35.517  -18.537  -38.169 0.4000000060
54656  35.272  -17.784  -38.350 0.4000000060
54663  30.600  -17.307  -39.092 0.6000000238
54665  28.747  -16.738  -38.758 0.5000000000
54644  28.795  -16.955  -37.766 0.5000000000
54643  30.023  -17.481  -37.346 0.5000000000
54660  31.339  -17.848  -38.756 0.6000000238
116629  30.033  -16.990  -39.262 0.5000000000
54658  33.275  -17.415  -38.525 0.6000000238
105712  34.015  -17.270  -38.467 0.5000000000
104922  34.739  -17.092  -38.435 0.4000000060
121406  29.887  -16.823  -37.523 0.4000000060
54662  31.675  -16.922  -38.980 0.6000000238
108493  31.394  -16.170  -39.299 0.5000000000
115971  33.566  -16.805  -38.585 0.4000000060
55477  32.819  -16.692  -38.738 0.6000000238
55483  32.212  -16.072  -39.135 0.6000000238
56358  30.488  -15.801  -39.458 0.4000000060
55475  34.952  -16.325  -38.470 0.4000000060
56348  34.280  -15.679  -38.598 0.4000000060
56364  29.655  -15.319  -39.543 0.4000000060
55482  32.931  -15.923  -38.903 0.4000000060
56357  31.507  -15.340  -39.424 0.4000000060
110092  35.803  -16.183  -38.436 0.4000000060
56356  32.586  -15.303  -39.225 0.4000000060
56334  31.078  -15.966  -37.556 0.4000000060
57310  28.881  -14.543  -38.999 0.4000000060
117896  34.714  -14.975  -38.596 0.4000000060
56355  33.417  -15.416  -38.866 0.4000000060
57315  33.172  -14.560  -39.210 0.4000000060
56339  30.387  -15.155  -38.022 0.4000000060
105680  29.269  -13.837  -38.895 0.4000000060
57319  28.967  -14.595  -39.246 0.4000000060
57308  34.589  -14.296  -38.745 0.3000000119
57316  31.946  -14.385  -39.525 0.4000000060
57323  30.024  -14.205  -39.641 0.4000000060
57301  30.172  -14.064  -38.414 0.4000000060
58255  29.882  -13.595  -39.605 0.4000000060
100396  21.385  -37.970  -31.820 0.8000000119
35610  22.176  -37.208  -31.275 0.8999999762
35598  23.956  -36.695  -30.434 0.8999999762
35609  23.403  -37.396  -30.703 0.8999999762
35608  24.387  -37.752  -30.697 0.8999999762
35557  28.658  -37.155  -26.859 0.8999999762
37364  28.684  -35.886  -26.538 1.0000000000
112017  29.180  -36.116  -26.106 1.0000000000
35595  26.610  -37.313  -29.825 0.8999999762
35586  27.910  -37.316  -28.512 0.8999999762
36396  27.496  -36.441  -28.460 0.8999999762
37374  28.109  -35.701  -27.101 1.0000000000
110690  25.836  -37.022  -30.091 0.8999999762
36397  26.912  -36.033  -28.965 0.8999999762
121678  25.200  -36.812  -30.266 0.8999999762
38478  26.347  -34.658  -28.876 0.8999999762
55478  28.726  -16.292  -38.613 0.4000000060
55485  29.398  -15.870  -39.477 0.4000000060
55467  28.815  -16.293  -38.305 0.4000000060
55460  30.977  -16.768  -37.383 0.4000000060
29927  28.576  -43.640  -22.184 0.8999999762
30034  28.390  -43.664  -27.749 0.8000000119
29909  26.602  -43.572  -21.296 0.8999999762
30867  29.455  -42.253  -23.031 1.0000000000
103402  28.492  -42.375  -28.277 0.8000000119
31762  29.092  -40.952  -20.976 0.8999999762
31887  28.689  -41.333  -27.575 0.8000000119
33858  28.376  -39.727  -29.510 0.8000000119
33870  27.372  -39.589  -30.671 0.8000000119
120675  30.269  -39.031  -24.806 1.0000000000
34756  28.226  -38.962  -29.276 0.8999999762
34771  27.077  -38.809  -30.441 0.8000000119
35596  25.219  -37.409  -30.473 0.8999999762
34773  25.201  -38.177  -30.829 0.8000000119
36408  26.368  -36.565  -29.569 0.8999999762
32742  27.437  -40.309  -19.574 0.8999999762
33723  26.374  -39.003  -19.668 1.0000000000
34664  22.382  -38.298  -22.038 0.6000000238
35499  21.069  -37.561  -22.577 0.4000000060
35498  21.860  -37.534  -22.135 0.4000000060
35541  29.595  -37.647  -25.684 1.0000000000
36372  28.433  -36.344  -26.813 0.8999999762
35614  21.199  -38.005  -31.998 0.6999999881
37429  21.324  -35.293  -31.936 0.8000000119
35460  28.819  -37.982  -19.229 0.8999999762
36441  23.000  -36.994  -32.469 0.6000000238
36422  22.550  -36.426  -31.041 0.8999999762
35463  25.936  -37.474  -19.892 0.6999999881
111351  21.445  -36.911  -22.352 0.4000000060
37403  25.245  -35.645  -29.706 0.8999999762
38505  22.912  -34.520  -31.135 0.8999999762
39521  22.418  -33.825  -31.453 0.8999999762
38523  24.021  -34.225  -32.370 0.6999999881
38524  23.308  -34.139  -32.567 0.6999999881
36281  27.202  -36.763  -19.159 0.8000000119
110226  29.380  -37.428  -19.461 0.8999999762
39474  29.275  -33.811  -27.607 1.0000000000
37390  26.601  -35.291  -28.787 0.8999999762
113089  26.023  -34.161  -29.137 0.8999999762
38479  25.674  -34.564  -29.340 0.8999999762
37391  25.874  -35.161  -29.269 0.8999999762
39520  23.369  -33.774  -30.872 0.8999999762
36295  30.919  -36.353  -20.580 0.8000000119
110920  24.396  -35.301  -21.198 0.5000000000
111588  23.878  -32.153  -30.910 0.8999999762
37311  31.567  -35.393  -21.291 0.6999999881
38408  32.237  -34.818  -23.792 0.8999999762
38421  32.123  -34.787  -24.698 0.8999999762
119954  22.362  -30.350  -31.939 0.8999999762
104843  22.537  -30.869  -32.632 0.8000000119
38370  25.792  -34.824  -20.633 0.6000000238
37282  30.060  -34.946  -19.838 0.8000000119
38368  27.432  -34.408  -20.168 0.6000000238
39409  32.040  -34.004  -21.747 0.6999999881
39427  32.754  -33.237  -23.927 0.6999999881
41518  30.462  -31.799  -28.780 1.0000000000
41532  25.862  -31.869  -30.318 1.0000000000
43539  22.865  -29.125  -32.418 0.8999999762
108761  27.731  -33.664  -20.572 0.6000000238
38387  26.119  -34.099  -20.899 0.5000000000
39401  27.158  -33.215  -21.187 0.5000000000
41442  33.587  -31.382  -24.904 0.6999999881
41479  33.153  -31.461  -26.542 0.8000000119
44535  24.125  -28.566  -32.305 0.8999999762
40348  30.620  -32.546  -21.163 0.6000000238
40349  29.607  -32.357  -21.187 0.5000000000
111140  32.395  -31.854  -22.650 0.6999999881
43533  28.886  -29.599  -31.414 0.8999999762
44509  31.810  -28.977  -30.124 0.8000000119
44521  30.579  -28.945  -30.967 0.8000000119
108943  23.783  -25.904  -33.130 0.8999999762
41407  30.196  -31.799  -21.573 0.5000000000
111323  32.613  -31.030  -23.099 0.6999999881
45460  32.755  -28.021  -29.867 0.8000000119
120380  29.652  -28.476  -31.920 0.8999999762
44546  27.923  -28.178  -32.573 0.8999999762
46337  25.393  -26.242  -34.555 0.8000000119
44472  34.789  -28.601  -26.308 0.6999999881
116899  34.552  -28.227  -27.848 0.6999999881
46311  32.263  -26.349  -32.051 0.8000000119
104778  34.806  -27.952  -25.788 0.6000000238
47236  27.713  -24.890  -35.952 0.6999999881
119191  27.282  -23.561  -34.866 0.8999999762
50276  28.047  -22.034  -36.866 0.6999999881
49265  29.524  -22.951  -36.832 0.6000000238
118604  28.874  -22.381  -37.057 0.6000000238
51200  27.858  -21.084  -36.900 0.8000000119
52157  28.832  -20.317  -37.545 0.6000000238
52146  28.060  -20.212  -36.909 0.6999999881
111573  31.772  -21.595  -37.491 0.6000000238
53838  30.571  -18.643  -38.551 0.6000000238
112391  32.870  -20.781  -37.622 0.6000000238
54664  29.473  -17.304  -38.969 0.6000000238
55461  29.795  -16.174  -37.760 0.4000000060
56359  28.719  -15.301  -39.096 0.4000000060
57294  31.453  -14.420  -37.904 0.4000000060
110075  33.462  -13.846  -39.285 0.4000000060
35597  24.511  -37.059  -30.438 0.8999999762
22907  25.853  -51.385  -23.487 0.4000000060
23759  25.699  -50.569  -23.356 0.4000000060
23760  24.312  -50.799  -23.566 0.4000000060
22905  27.138  -50.783  -23.802 0.4000000060
104415  25.978  -49.920  -23.242 0.4000000060
100564  23.944  -50.084  -23.797 0.4000000060
24636  27.852  -49.435  -24.640 0.3000000119
116346  26.636  -49.858  -23.391 0.4000000060
25490  28.205  -48.710  -25.201 0.4000000060
108743  28.399  -47.971  -26.745 0.4000000060
26427  28.380  -47.284  -27.297 0.4000000060
26442  28.388  -47.397  -28.027 0.4000000060
24608  25.516  -49.210  -23.084 0.5000000000
102190  24.549  -49.021  -23.345 0.4000000060
24625  27.488  -48.996  -23.922 0.4000000060
24607  26.387  -49.233  -23.178 0.4000000060
109866  28.333  -47.861  -25.747 0.4000000060
114368  28.369  -46.639  -27.111 0.4000000060
27282  28.374  -46.687  -27.730 0.5000000000
28203  28.377  -45.600  -28.648 0.5000000000
108407  28.353  -44.883  -29.082 0.6000000238
28210  28.456  -45.710  -29.744 0.5000000000
28216  28.515  -45.492  -30.865 0.6000000238
29147  28.508  -44.594  -31.332 0.4000000060
25450  25.964  -48.444  -22.899 0.5000000000
115474  25.178  -48.603  -22.933 0.5000000000
25452  23.821  -48.251  -23.618 0.5000000000
25470  23.328  -48.773  -24.332 0.5000000000
25449  26.942  -48.511  -23.366 0.6000000238
25469  27.625  -48.207  -23.991 0.5000000000
26366  27.867  -47.435  -24.293 0.6000000238
26365  28.206  -47.308  -25.148 0.5000000000
119850  28.328  -47.186  -25.791 0.5000000000
27270  28.354  -46.257  -26.597 0.4000000060
28188  28.362  -46.007  -27.381 0.6000000238
101572  28.363  -44.968  -28.159 0.6000000238
107005  28.419  -44.051  -29.520 0.6000000238
30057  28.628  -43.000  -30.845 0.6000000238
111407  28.501  -42.589  -31.325 0.6000000238
108722  28.507  -44.794  -30.171 0.6000000238
113272  28.542  -43.713  -31.314 0.6000000238
30061  28.428  -43.191  -31.688 0.6000000238
30970  27.471  -42.729  -32.273 0.6000000238
25439  25.251  -48.085  -22.816 0.5000000000
25451  24.583  -48.161  -23.061 0.5000000000
107334  23.216  -47.872  -24.344 0.5000000000
26348  27.290  -47.482  -23.534 0.6000000238
26349  26.526  -47.699  -23.015 0.6000000238
27230  28.103  -46.714  -24.699 0.6000000238
27231  27.744  -46.755  -23.889 0.6000000238
27254  28.309  -46.594  -25.707 0.5000000000
28116  28.082  -46.033  -24.267 0.6000000238
113077  28.361  -45.630  -26.780 0.6000000238
30049  28.391  -43.307  -29.060 0.6000000238
30963  27.879  -42.168  -31.932 0.6000000238
31927  27.070  -41.987  -32.157 0.6999999881
26350  24.078  -47.432  -23.092 0.6000000238
26367  23.478  -47.240  -23.667 0.5000000000
27215  27.331  -46.684  -23.362 0.6000000238
27216  26.819  -46.949  -22.983 0.6000000238
26339  24.836  -47.535  -22.751 0.6000000238
27232  23.275  -46.382  -23.800 0.5000000000
27233  23.031  -46.113  -24.508 0.5000000000
27198  27.101  -46.208  -22.861 0.6000000238
108179  28.343  -45.682  -25.948 0.6000000238
118172  27.007  -41.265  -31.832 0.6999999881
27200  25.340  -46.969  -22.599 0.6000000238
27201  24.423  -46.804  -22.721 0.6000000238
27217  23.712  -46.608  -23.119 0.6000000238
26337  26.137  -47.140  -22.733 0.6000000238
27202  24.019  -45.993  -22.707 0.6000000238
27255  22.783  -46.177  -25.216 0.6000000238
27199  26.102  -46.412  -22.517 0.6000000238
28147  22.804  -45.201  -26.058 0.5000000000
28117  27.714  -46.054  -23.466 0.6000000238
112922  23.103  -44.634  -25.615 0.6000000238
32881  26.514  -40.701  -31.698 0.6999999881
108821  24.953  -46.240  -22.402 0.6000000238
28084  23.690  -45.027  -22.834 0.6000000238
28081  26.567  -45.634  -22.321 0.6000000238
28082  25.504  -45.641  -22.184 0.6000000238
28083  24.513  -45.440  -22.365 0.6000000238
28118  23.148  -45.573  -24.108 0.6000000238
28119  22.967  -45.439  -24.995 0.6000000238
29059  23.162  -44.715  -24.715 0.6000000238
119029  28.553  -44.674  -24.355 0.6000000238
33890  25.641  -39.702  -31.486 0.6999999881
33891  24.743  -39.502  -31.527 0.6999999881
115379  24.263  -44.742  -22.400 0.6999999881
28080  27.628  -45.411  -22.741 0.6000000238
33873  24.584  -38.792  -31.275 0.6999999881
106843  24.987  -44.910  -21.998 0.6999999881
29009  26.940  -44.915  -21.989 0.6999999881
29010  25.942  -44.994  -21.842 0.6999999881
29011  24.524  -44.128  -22.161 0.6999999881
29012  23.889  -44.148  -22.724 0.6999999881
101023  23.307  -44.880  -23.719 0.6000000238
121092  23.596  -43.495  -23.883 0.6999999881
29058  23.438  -43.757  -24.532 0.5000000000
34776  22.330  -38.094  -31.364 0.8000000119
28996  26.308  -44.263  -21.607 0.6999999881
108375  25.382  -44.215  -21.761 0.6999999881
29928  24.852  -43.422  -21.894 0.6999999881
29929  24.195  -43.260  -22.610 0.6999999881
30001  23.306  -42.685  -25.687 0.5000000000
30847  24.216  -42.329  -22.878 0.6999999881
117573  23.608  -42.518  -24.521 0.6000000238
118923  23.182  -42.105  -25.561 0.6000000238
47209  30.127  -25.547  -33.865 0.6999999881
45466  33.083  -27.280  -30.175 0.6999999881
45475  32.115  -27.074  -31.406 0.6999999881
47193  31.615  -26.101  -32.781 0.6999999881
46285  33.782  -27.027  -29.768 0.6000000238
47207  31.904  -25.426  -33.235 0.6999999881
48212  31.662  -24.945  -33.849 0.6999999881
48214  29.823  -24.858  -34.347 0.6999999881
49245  30.215  -23.530  -35.060 0.6999999881
46284  34.556  -26.762  -29.289 0.6000000238
47174  33.975  -25.938  -30.694 0.6000000238
46302  32.675  -26.492  -31.428 0.6999999881
47192  32.535  -25.534  -32.590 0.6999999881
46278  35.185  -26.505  -28.667 0.6000000238
48213  30.797  -24.984  -34.199 0.6999999881
49234  30.507  -24.247  -34.610 0.6999999881
50256  29.958  -22.760  -35.408 0.6999999881
46292  34.272  -26.338  -29.995 0.6000000238
47173  34.692  -25.630  -30.248 0.6000000238
48189  34.093  -24.914  -31.759 0.6000000238
118897  33.076  -24.873  -32.713 0.6999999881
48201  32.491  -24.769  -33.356 0.6999999881
49244  31.185  -23.637  -34.899 0.6999999881
50255  30.920  -22.942  -35.361 0.6999999881
51183  30.605  -22.022  -35.629 0.6999999881
47160  35.072  -25.939  -29.400 0.6000000238
119153  34.912  -25.183  -30.445 0.6000000238
48188  34.760  -24.511  -31.353 0.5000000000
48200  33.707  -24.569  -32.426 0.6000000238
49231  33.578  -23.586  -33.472 0.5000000000
49243  32.248  -23.567  -34.583 0.6999999881
51182  32.411  -21.763  -35.557 0.6999999881
51192  31.510  -21.491  -35.816 0.6999999881
56344  37.980  -15.656  -38.934 0.3000000119
56345  37.164  -15.324  -38.629 0.3000000119
56347  35.228  -15.512  -38.493 0.3000000119
22909  23.899  -51.351  -23.539 0.3000000119
23761  23.346  -50.823  -23.712 0.4000000060
22927  27.366  -51.299  -24.360 0.3000000119
24635  28.283  -49.459  -25.575 0.4000000060
24610  23.098  -49.974  -24.294 0.4000000060
106078  28.495  -48.891  -27.051 0.4000000060
25527  28.426  -48.113  -27.611 0.4000000060
117596  28.463  -47.468  -28.675 0.4000000060
27312  28.412  -46.315  -28.989 0.5000000000
109644  28.484  -46.206  -30.572 0.4000000060
24626  22.921  -49.242  -24.694 0.4000000060
29151  28.253  -44.028  -32.117 0.5000000000
25471  22.817  -48.455  -25.033 0.5000000000
118990  26.676  -42.721  -32.424 0.6000000238
116289  22.840  -47.605  -24.991 0.5000000000
26368  23.007  -46.911  -24.529 0.5000000000
26412  22.156  -47.229  -26.124 0.5000000000
31928  26.367  -41.455  -32.093 0.6000000238
27271  22.411  -46.298  -26.001 0.5000000000
28172  22.293  -45.536  -26.862 0.4000000060
32882  25.753  -40.411  -31.757 0.6999999881
29087  23.282  -43.690  -25.725 0.5000000000
33892  23.536  -39.412  -31.548 0.6999999881
33875  22.725  -38.827  -31.475 0.8000000119
34788  21.597  -38.779  -31.955 0.6999999881
30909  22.921  -42.152  -26.102 0.5000000000
111377  33.181  -30.871  -23.717 0.6000000238
114266  33.369  -30.047  -23.962 0.6000000238
46277  35.447  -26.269  -28.053 0.6000000238
48172  35.257  -25.074  -29.868 0.5000000000
49202  35.316  -24.029  -30.872 0.5000000000
50233  34.987  -22.786  -32.698 0.5000000000
50244  33.887  -22.905  -33.838 0.5000000000
50253  33.424  -22.562  -34.583 0.5000000000
52133  33.040  -21.201  -35.605 0.5000000000
53003  32.246  -20.061  -36.271 0.5000000000
104110  38.840  -14.931  -39.950 0.3000000119
56353  38.035  -14.944  -39.169 0.3000000119
57307  35.510  -14.573  -38.528 0.3000000119
28102  28.252  -45.261  -23.707 0.6000000238
103066  28.241  -46.058  -25.129 0.6000000238
106005  24.574  -42.727  -22.241 0.8000000119
31915  27.772  -41.485  -31.610 0.6999999881
33889  26.273  -40.018  -31.462 0.6999999881
46294  32.816  -26.869  -30.829 0.6999999881
49235  29.484  -24.068  -34.682 0.6999999881
52139  31.241  -20.566  -36.267 0.6000000238
56346  36.152  -15.365  -38.450 0.3000000119
33874  23.781  -38.678  -31.259 0.8000000119
32885  22.250  -40.344  -32.568 0.6999999881
23758  26.505  -50.590  -23.487 0.4000000060
113599  27.424  -49.670  -23.950 0.4000000060
111649  28.023  -50.167  -25.195 0.3000000119
25491  27.838  -48.685  -24.487 0.5000000000
105660  23.764  -49.287  -23.912 0.5000000000
26457  28.462  -47.089  -29.211 0.3000000119
28221  28.424  -45.410  -31.835 0.4000000060
24637  22.390  -49.208  -25.313 0.5000000000
115410  32.161  -24.365  -34.089 0.6999999881
47182  33.693  -25.584  -31.421 0.6999999881
47181  34.497  -25.237  -30.966 0.6000000238
47191  33.374  -25.258  -32.152 0.6999999881
117247  35.087  -24.741  -30.620 0.6000000238
48199  34.399  -24.212  -32.072 0.5000000000
48211  33.285  -24.279  -33.083 0.6000000238
49232  32.838  -23.998  -33.830 0.6999999881
105061  31.721  -23.062  -35.165 0.6999999881
103665  31.642  -22.351  -35.487 0.6999999881
49210  35.047  -23.806  -31.658 0.5000000000
49230  34.293  -23.179  -33.103 0.5000000000
50245  33.161  -23.308  -34.208 0.5000000000
50254  32.538  -22.643  -35.123 0.5000000000
52138  33.118  -20.437  -35.865 0.5000000000
51191  32.297  -20.939  -35.933 0.6999999881
48171  35.662  -24.422  -29.214 0.5000000000
50243  34.638  -22.429  -33.448 0.5000000000
51174  34.748  -21.735  -33.941 0.5000000000
32884  23.937  -40.162  -31.817 0.6000000238
121610  22.910  -40.151  -31.957 0.6000000238
34804  22.860  -38.964  -33.007 0.5000000000
32899  22.006  -40.570  -32.965 0.6000000238
34796  21.635  -38.736  -32.071 0.6000000238
34803  24.387  -38.680  -33.286 0.5000000000
35628  22.853  -37.948  -32.632 0.5000000000
34805  21.964  -38.480  -32.401 0.6000000238
31819  22.049  -41.286  -23.839 0.5000000000
34797  21.272  -37.915  -32.045 0.6000000238
103552  24.976  -37.127  -32.625 0.5000000000
35622  24.109  -37.351  -32.545 0.5000000000
36434  25.387  -36.801  -32.291 0.5000000000
111539  21.973  -40.678  -23.368 0.4000000060
31820  21.245  -41.065  -23.537 0.4000000060
32803  20.497  -40.546  -23.514 0.4000000060
121329  24.556  -36.856  -32.417 0.5000000000
36428  25.859  -36.319  -31.687 0.5000000000
37434  25.103  -36.031  -31.809 0.5000000000
119144  20.244  -39.959  -23.497 0.4000000060
37427  25.758  -35.199  -31.353 0.5000000000
102164  20.005  -39.364  -23.524 0.4000000060
37297  23.045  -35.778  -21.499 0.4000000060
113164  22.319  -35.961  -21.827 0.4000000060
36319  21.593  -36.087  -22.385 0.3000000119
40351  27.337  -32.595  -21.601 0.4000000060
38390  23.717  -35.061  -21.478 0.4000000060
106933  27.903  -32.346  -21.650 0.4000000060
38389  24.624  -34.609  -21.360 0.4000000060
38391  22.999  -35.134  -21.681 0.4000000060
39403  24.973  -33.739  -21.632 0.4000000060
39404  24.002  -34.203  -21.726 0.4000000060
37298  22.601  -35.425  -21.816 0.4000000060
37312  22.147  -35.385  -22.235 0.4000000060
39402  26.389  -33.457  -21.295 0.4000000060
106284  25.749  -33.728  -21.353 0.4000000060
41409  28.199  -31.842  -21.988 0.4000000060
120973  27.001  -32.377  -21.899 0.4000000060
110814  26.146  -32.452  -22.121 0.4000000060
40353  25.781  -33.064  -21.763 0.4000000060
39410  25.025  -33.026  -22.068 0.4000000060
39411  24.146  -33.376  -22.167 0.4000000060
38398  23.222  -34.556  -21.849 0.4000000060
40365  24.633  -32.561  -22.489 0.4000000060
109279  23.196  -33.387  -22.429 0.4000000060
38399  22.621  -34.884  -22.058 0.4000000060
41406  31.165  -32.011  -21.625 0.4000000060
41418  28.593  -31.188  -22.473 0.4000000060
41419  27.689  -31.450  -22.510 0.4000000060
40363  26.701  -32.180  -22.183 0.4000000060
42431  32.089  -31.068  -22.598 0.5000000000
41416  30.708  -31.253  -22.072 0.4000000060
42434  29.239  -30.595  -22.780 0.4000000060
41430  27.247  -31.120  -22.912 0.4000000060
41421  26.082  -31.809  -22.595 0.4000000060
41422  25.113  -31.868  -22.800 0.4000000060
40366  23.661  -32.667  -22.607 0.4000000060
116555  32.757  -30.235  -23.422 0.5000000000
42432  31.242  -30.648  -22.551 0.5000000000
42433  30.181  -30.614  -22.579 0.4000000060
112698  28.495  -30.600  -23.007 0.4000000060
42435  27.861  -30.864  -22.927 0.4000000060
42440  32.084  -30.387  -22.915 0.5000000000
114153  30.536  -30.123  -22.920 0.4000000060
42443  28.853  -30.050  -23.406 0.4000000060
42444  27.998  -30.314  -23.407 0.4000000060
42441  31.253  -29.874  -23.044 0.4000000060
43422  30.304  -29.543  -23.427 0.4000000060
42442  29.751  -30.093  -23.135 0.4000000060
43424  28.146  -29.666  -23.850 0.4000000060
111554  31.525  -27.976  -24.162 0.4000000060
45383  30.788  -27.557  -24.598 0.4000000060
44433  30.600  -28.215  -24.267 0.4000000060
44434  29.801  -28.496  -24.347 0.4000000060
102345  29.208  -28.117  -24.810 0.4000000060
43419  33.514  -29.258  -24.246 0.5000000000
102553  33.025  -27.860  -24.305 0.5000000000
45381  32.203  -27.497  -24.368 0.4000000060
45384  29.990  -27.814  -24.693 0.4000000060
44450  28.604  -27.750  -25.348 0.3000000119
44449  34.603  -28.791  -25.543 0.5000000000
44421  32.060  -28.708  -23.650 0.5000000000
43421  31.206  -29.164  -23.478 0.4000000060
44423  30.418  -28.833  -23.860 0.4000000060
44424  29.640  -29.124  -23.948 0.4000000060
43434  28.291  -29.065  -24.391 0.4000000060
44422  31.155  -28.544  -23.829 0.4000000060
43433  29.044  -28.785  -24.399 0.4000000060
45380  33.752  -27.580  -24.727 0.5000000000
46217  32.902  -27.069  -24.570 0.5000000000
45382  31.477  -27.324  -24.551 0.4000000060
46219  30.999  -26.907  -24.923 0.4000000060
45392  29.433  -27.452  -25.268 0.3000000119
102172  34.906  -26.978  -26.149 0.5000000000
46224  33.636  -26.665  -24.910 0.5000000000
46218  31.947  -26.688  -24.720 0.4000000060
46227  30.480  -26.541  -25.434 0.4000000060
45391  30.236  -27.185  -25.117 0.3000000119
46229  28.792  -26.953  -25.824 0.3000000119
46223  34.319  -26.344  -25.494 0.5000000000
46244  35.212  -26.217  -26.602 0.4000000060
46271  35.444  -26.284  -27.366 0.5000000000
47100  33.397  -25.723  -25.243 0.3000000119
47101  32.101  -25.768  -25.230 0.4000000060
46226  31.218  -26.261  -25.300 0.4000000060
47103  30.676  -25.984  -25.654 0.3000000119
46228  29.715  -26.740  -25.604 0.3000000119
46247  28.525  -26.299  -26.400 0.3000000119
115675  28.050  -26.828  -26.242 0.3000000119
47099  34.365  -25.469  -25.710 0.3000000119
115589  34.794  -26.070  -26.021 0.4000000060
47116  35.370  -25.489  -26.950 0.4000000060
48143  35.445  -24.813  -27.482 0.4000000060
47159  35.447  -25.790  -28.499 0.4000000060
47166  35.499  -25.163  -28.912 0.4000000060
48101  32.629  -24.978  -25.559 0.3000000119
47102  31.193  -25.572  -25.680 0.3000000119
109044  29.803  -25.587  -26.337 0.3000000119
46246  29.334  -26.240  -26.148 0.3000000119
46248  27.638  -26.275  -26.568 0.3000000119
46249  26.856  -26.535  -26.521 0.3000000119
48100  33.698  -24.788  -25.630 0.3000000119
47120  29.027  -25.629  -26.581 0.3000000119
47121  28.215  -25.661  -26.749 0.3000000119
47122  26.859  -25.848  -26.793 0.3000000119
47117  34.989  -25.406  -26.255 0.3000000119
48117  35.155  -24.680  -26.650 0.3000000119
119482  35.484  -24.261  -27.677 0.3000000119
49201  35.841  -23.513  -30.329 0.4000000060
49209  35.621  -23.316  -31.166 0.4000000060
50232  35.619  -22.349  -32.243 0.4000000060
50252  34.159  -22.292  -34.109 0.4000000060
114532  26.483  -26.218  -26.634 0.3000000119
48119  33.853  -23.916  -25.984 0.3000000119
48118  34.578  -24.636  -25.997 0.3000000119
49136  35.294  -24.079  -27.189 0.3000000119
49181  35.796  -23.762  -28.673 0.3000000119
49194  35.910  -23.667  -29.481 0.4000000060
50212  36.391  -22.125  -30.065 0.3000000119
50213  36.169  -22.764  -30.638 0.4000000060
50242  35.300  -22.117  -32.965 0.4000000060
121423  35.070  -21.950  -33.439 0.4000000060
52121  35.177  -20.993  -34.033 0.4000000060
51180  34.022  -21.759  -34.620 0.4000000060
52132  33.934  -20.890  -35.233 0.4000000060
50222  36.394  -22.004  -30.948 0.3000000119
51173  35.456  -21.443  -33.306 0.4000000060
52120  35.765  -20.627  -33.427 0.4000000060
52131  34.817  -20.553  -34.681 0.4000000060
53807  34.771  -19.197  -35.453 0.4000000060
53001  33.864  -19.022  -36.047 0.4000000060
53817  32.205  -19.151  -36.413 0.4000000060
115072  31.329  -18.827  -36.578 0.5000000000
51147  36.470  -21.450  -30.419 0.3000000119
52111  36.500  -20.450  -31.959 0.3000000119
109579  36.104  -20.950  -32.708 0.3000000119
52983  36.022  -19.886  -33.527 0.4000000060
52990  35.719  -19.533  -34.185 0.4000000060
102516  35.445  -19.205  -34.779 0.4000000060
52997  35.158  -19.831  -34.800 0.4000000060
53814  34.981  -18.353  -35.647 0.3000000119
54633  33.819  -18.210  -36.294 0.4000000060
54641  32.458  -17.408  -36.786 0.3000000119
54635  32.068  -18.231  -36.606 0.3000000119
53822  30.780  -18.233  -36.880 0.4000000060
120937  32.017  -16.966  -37.127 0.3000000119
54642  31.456  -17.533  -37.002 0.3000000119
52103  36.544  -20.271  -31.037 0.3000000119
114258  36.499  -19.632  -32.278 0.3000000119
115928  36.402  -19.540  -32.973 0.3000000119
52989  36.259  -19.083  -33.553 0.3000000119
53798  35.909  -18.871  -34.264 0.3000000119
53806  35.559  -18.492  -34.989 0.3000000119
54631  35.404  -17.739  -35.480 0.3000000119
106411  33.821  -17.407  -36.459 0.3000000119
54634  33.058  -17.852  -36.533 0.3000000119
55459  32.832  -16.648  -36.964 0.3000000119
55451  33.679  -16.659  -36.656 0.3000000119
107208  36.518  -18.870  -31.031 0.3000000119
53790  36.516  -18.814  -32.578 0.3000000119
122071  36.246  -18.611  -33.851 0.3000000119
54623  35.978  -17.685  -34.741 0.3000000119
114220  35.825  -17.156  -35.211 0.3000000119
55450  34.487  -16.828  -36.375 0.3000000119
117726  32.704  -15.963  -37.229 0.3000000119
108494  32.005  -16.321  -37.335 0.3000000119
55458  33.422  -15.986  -36.960 0.3000000119
56333  31.941  -15.413  -37.516 0.3000000119
43420  32.870  -29.401  -23.684 0.5000000000
32883  24.961  -40.209  -31.797 0.6000000238
31918  23.140  -40.922  -32.400 0.5000000000
33917  22.419  -40.065  -33.240 0.5000000000
31941  22.279  -41.196  -33.015 0.5000000000
35621  25.598  -37.456  -32.696 0.5000000000
30869  23.869  -41.991  -23.719 0.6000000238
31839  23.456  -41.750  -24.291 0.6000000238
31840  22.925  -41.524  -24.498 0.6000000238
31841  22.300  -41.685  -24.511 0.5000000000
116941  21.308  -41.852  -23.926 0.5000000000
30870  20.431  -42.240  -23.872 0.5000000000
31821  20.460  -41.485  -23.714 0.4000000060
32804  19.849  -41.019  -23.795 0.4000000060
33790  19.664  -40.179  -23.781 0.4000000060
35510  20.347  -37.589  -23.268 0.3000000119
37313  21.571  -35.253  -22.773 0.4000000060
118358  22.513  -33.403  -22.715 0.4000000060
38400  22.136  -34.668  -22.590 0.4000000060
40367  22.708  -32.740  -22.751 0.4000000060
42445  27.270  -30.621  -23.336 0.4000000060
41423  24.136  -31.943  -22.907 0.4000000060
41434  23.629  -31.326  -23.344 0.4000000060
41431  26.528  -31.054  -23.167 0.4000000060
41432  25.575  -31.220  -23.228 0.4000000060
43425  27.368  -29.961  -23.778 0.4000000060
42447  25.074  -30.639  -23.686 0.4000000060
44435  28.437  -28.414  -24.861 0.4000000060
43435  27.496  -29.338  -24.336 0.4000000060
45393  27.935  -27.389  -25.826 0.3000000119
45419  27.356  -27.012  -26.264 0.3000000119
45420  26.589  -27.131  -26.257 0.3000000119
36433  26.039  -37.068  -32.224 0.5000000000
106139  19.678  -37.960  -23.676 0.4000000060
40373  23.123  -31.993  -22.947 0.4000000060
43426  26.629  -30.301  -23.703 0.4000000060
42446  25.888  -30.558  -23.648 0.4000000060
40350  28.636  -32.332  -21.400 0.4000000060
43431  34.151  -29.145  -24.869 0.5000000000
47141  35.495  -25.625  -27.727 0.5000000000
41408  29.137  -31.735  -21.750 0.4000000060
53002  33.102  -19.562  -36.193 0.4000000060
52998  34.543  -20.090  -35.234 0.4000000060
100692  22.105  -39.522  -32.642 0.6000000238
35627  23.902  -38.175  -32.810 0.5000000000
35626  24.986  -37.861  -33.030 0.5000000000
39412  23.454  -33.930  -22.091 0.4000000060
109224  22.739  -34.122  -22.393 0.4000000060
41433  24.630  -31.278  -23.315 0.4000000060
102551  32.085  -29.591  -23.278 0.5000000000
43423  28.907  -29.396  -23.946 0.4000000060
44430  34.332  -28.206  -25.086 0.5000000000
44431  33.688  -28.449  -24.523 0.5000000000
44432  32.375  -28.091  -24.030 0.5000000000
44420  32.963  -28.600  -23.999 0.5000000000
45390  34.362  -27.283  -25.331 0.5000000000
46225  32.793  -26.321  -24.809 0.4000000060
103976  35.543  -25.167  -28.155 0.4000000060
51156  36.212  -21.847  -31.768 0.4000000060
51165  35.846  -21.653  -32.512 0.4000000060
49137  34.719  -23.806  -26.546 0.3000000119
52130  35.466  -20.256  -34.132 0.4000000060
111896  36.501  -21.132  -31.216 0.3000000119
51164  36.335  -21.223  -32.057 0.3000000119
53816  33.031  -18.680  -36.387 0.4000000060
52972  36.546  -19.645  -31.422 0.3000000119
106397  36.535  -19.058  -31.784 0.3000000119
53797  36.446  -18.206  -33.367 0.3000000119
54622  36.402  -17.496  -33.910 0.3000000119
56332  33.035  -15.343  -37.300 0.3000000119
29112  22.392  -44.145  -27.060 0.4000000060
111213  22.946  -43.902  -26.390 0.4000000060
30035  21.919  -43.143  -27.342 0.4000000060
30025  21.675  -42.807  -27.130 0.3000000119
30024  22.400  -43.121  -26.888 0.4000000060
30003  22.306  -42.405  -26.527 0.3000000119
30063  26.812  -43.559  -32.551 0.5000000000
30910  22.548  -42.062  -25.955 0.5000000000
29984  21.792  -42.450  -25.631 0.3000000119
30971  26.083  -42.232  -32.353 0.5000000000
116930  24.789  -41.712  -32.372 0.5000000000
109619  25.745  -43.162  -32.572 0.5000000000
30893  22.857  -41.854  -25.476 0.5000000000
30894  22.086  -42.041  -25.030 0.4000000060
31916  25.105  -40.968  -32.115 0.5000000000
30972  24.944  -42.514  -32.519 0.5000000000
30065  23.874  -43.072  -32.818 0.3000000119
106062  24.307  -40.708  -32.084 0.5000000000
30973  24.002  -42.177  -32.599 0.4000000060
30964  23.305  -41.764  -32.671 0.4000000060
30068  23.549  -43.329  -33.147 0.3000000119
30974  23.194  -42.430  -32.980 0.3000000119
30976  23.289  -42.664  -33.363 0.3000000119
31940  22.763  -41.878  -33.119 0.3000000119
32919  24.035  -40.924  -33.938 0.3000000119
31954  23.658  -41.629  -33.932 0.3000000119
31956  22.620  -41.519  -33.187 0.4000000060
31930  22.618  -41.600  -32.935 0.4000000060
31842  19.513  -41.922  -24.048 0.3000000119
33915  25.029  -39.233  -33.663 0.4000000060
33923  24.549  -40.078  -33.774 0.4000000060
33924  23.356  -40.432  -33.604 0.4000000060
34677  19.408  -38.672  -23.895 0.3000000119
39413  22.103  -33.884  -22.927 0.3000000119
38409  21.600  -34.493  -23.157 0.3000000119
39418  21.502  -33.680  -23.421 0.3000000119
39417  21.944  -32.980  -23.085 0.3000000119
41435  22.571  -31.315  -23.369 0.3000000119
42448  24.070  -30.577  -23.783 0.3000000119
42449  23.209  -30.774  -23.643 0.3000000119
42451  21.005  -31.032  -23.622 0.3000000119
102463  26.710  -29.639  -24.223 0.3000000119
42459  26.000  -29.953  -24.106 0.3000000119
42460  25.419  -30.176  -24.017 0.3000000119
42461  24.762  -30.068  -24.180 0.3000000119
108225  24.031  -29.860  -24.369 0.3000000119
44436  27.652  -28.668  -24.830 0.3000000119
44437  26.750  -28.877  -24.810 0.3000000119
43437  25.341  -29.649  -24.416 0.3000000119
43438  24.612  -29.424  -24.612 0.3000000119
43451  25.979  -28.745  -25.039 0.3000000119
43452  25.239  -28.921  -24.930 0.3000000119
44451  27.807  -28.065  -25.371 0.3000000119
108502  27.120  -28.322  -25.299 0.3000000119
44452  25.589  -28.401  -25.383 0.3000000119
109028  27.532  -44.036  -32.469 0.5000000000
33916  23.767  -39.553  -33.471 0.4000000060
32816  19.141  -40.884  -24.209 0.3000000119
42450  21.791  -30.814  -23.578 0.3000000119
43436  26.006  -29.308  -24.586 0.3000000119
30895  20.973  -42.728  -24.294 0.3000000119
30896  20.035  -42.879  -23.983 0.3000000119
24628  21.945  -49.714  -24.979 0.4000000060
24638  21.721  -49.522  -25.649 0.4000000060
25493  21.987  -49.010  -26.068 0.4000000060
25528  20.910  -48.639  -27.917 0.4000000060
104592  21.483  -48.252  -27.222 0.3000000119
25492  22.325  -48.599  -25.694 0.4000000060
26413  21.772  -47.327  -26.873 0.4000000060
27323  28.472  -46.620  -29.914 0.3000000119
25509  21.982  -48.216  -26.344 0.4000000060
27301  21.218  -46.513  -27.952 0.3000000119
27283  21.690  -46.217  -27.385 0.3000000119
27272  22.045  -46.542  -26.636 0.4000000060
118454  21.156  -44.250  -28.315 0.3000000119
28204  21.272  -45.452  -28.164 0.3000000119
29128  21.254  -43.476  -28.044 0.3000000119
28189  21.779  -44.606  -27.707 0.3000000119
29127  21.795  -43.569  -27.620 0.3000000119
24647  20.863  -49.559  -26.787 0.4000000060
24660  21.263  -49.051  -27.151 0.4000000060
30044  20.762  -43.201  -27.996 0.3000000119
24627  22.475  -49.658  -24.727 0.3000000119
106292  20.096  -43.539  -28.471 0.3000000119
22906  26.775  -51.394  -23.748 0.4000000060
23757  27.100  -50.127  -23.664 0.4000000060
23780  27.545  -50.338  -24.325 0.4000000060
24606  27.038  -49.413  -23.512 0.4000000060
24609  24.918  -50.010  -23.400 0.4000000060
24639  21.034  -49.751  -25.931 0.4000000060
24645  28.448  -49.564  -26.439 0.4000000060
24646  21.467  -49.306  -26.418 0.4000000060
25508  28.442  -48.746  -26.125 0.4000000060
25510  21.670  -48.825  -26.672 0.4000000060
25543  28.492  -48.181  -28.457 0.4000000060
26338  25.695  -47.646  -22.746 0.5000000000
26392  28.059  -48.043  -24.776 0.5000000000
26393  22.573  -47.009  -25.375 0.5000000000
26411  28.365  -47.087  -26.462 0.4000000060
27300  28.405  -46.819  -28.438 0.4000000060
28103  23.454  -45.758  -23.300 0.6000000238
29034  28.281  -44.693  -22.882 0.6000000238
29035  23.538  -44.168  -23.394 0.6000000238
29143  28.551  -43.911  -30.523 0.6000000238
29930  23.761  -43.389  -23.356 0.6999999881
30002  22.959  -42.817  -26.379 0.4000000060
30036  21.339  -43.068  -27.587 0.3000000119
30043  28.388  -43.187  -28.278 0.8000000119
30053  28.540  -43.194  -29.960 0.8000000119
30062  27.858  -43.352  -32.268 0.6000000238
30892  23.230  -41.862  -25.038 0.6000000238
30949  28.611  -41.897  -29.872 0.8000000119
30962  28.361  -42.055  -31.445 0.6000000238
30969  28.192  -42.647  -31.881 0.6000000238
31902  28.581  -41.149  -29.230 0.8000000119
31914  28.417  -41.427  -30.960 0.8000000119
31917  24.140  -41.364  -32.364 0.5000000000
31919  22.216  -41.000  -32.889 0.4000000060
31929  25.560  -41.628  -32.265 0.5000000000
31955  23.138  -42.064  -33.557 0.3000000119
32754  28.030  -40.956  -19.766 0.8999999762
32830  29.566  -40.879  -25.587 1.0000000000
32871  27.719  -40.311  -30.889 0.8000000119
32879  28.054  -40.914  -31.118 0.8000000119
32880  27.347  -40.768  -31.420 0.8000000119
32898  25.885  -41.007  -32.023 0.6000000238
32912  22.083  -40.715  -33.020 0.5000000000
32920  23.008  -41.266  -33.527 0.4000000060
32921  22.378  -41.125  -33.145 0.4000000060
33720  28.636  -39.523  -19.499 0.8999999762
33769  30.004  -39.791  -22.444 0.8999999762
33803  30.277  -39.380  -24.162 1.0000000000
33819  30.062  -39.678  -24.901 1.0000000000
33852  28.499  -39.491  -28.742 0.8000000119
33893  22.237  -39.634  -31.976 0.6000000238
33906  22.019  -39.732  -32.548 0.6000000238
33925  22.527  -40.750  -33.313 0.5000000000
34626  26.207  -38.200  -19.715 1.0000000000
34666  20.764  -38.355  -22.812 0.5000000000
34716  28.895  -38.852  -26.919 0.8999999762
34757  27.609  -38.462  -29.747 0.8999999762
34774  24.338  -38.291  -31.007 0.6999999881
34775  23.495  -38.171  -31.024 0.8999999762
35459  29.996  -37.268  -19.806 0.8999999762
35571  28.350  -37.440  -27.656 0.8999999762
35615  21.201  -37.285  -31.925 0.8000000119
35623  21.134  -37.557  -31.933 0.8000000119
35629  21.994  -37.546  -32.421 0.6999999881
35630  21.350  -37.124  -32.137 0.8000000119
36294  31.177  -35.713  -20.683 0.8000000119
36300  31.090  -36.895  -21.385 0.8999999762
36398  26.093  -35.824  -29.379 0.8999999762
36409  25.567  -36.365  -29.849 0.8999999762
36410  24.732  -36.323  -30.202 0.8999999762
36435  24.756  -36.558  -32.265 0.5000000000
37269  25.865  -36.213  -20.005 0.6999999881
37285  24.655  -35.823  -20.882 0.6000000238
37296  23.894  -35.857  -21.230 0.5000000000
37345  31.537  -35.253  -25.106 1.0000000000
37376  26.917  -34.842  -28.377 0.8999999762
37404  24.729  -35.140  -29.861 0.8999999762
37406  23.173  -35.939  -30.665 0.8999999762
37419  22.501  -35.791  -31.200 0.8999999762
37428  24.826  -35.143  -31.684 0.6000000238
37437  21.338  -35.301  -32.065 0.8000000119
37442  21.572  -35.263  -32.233 0.8000000119
38388  25.406  -34.327  -21.138 0.4000000060
38407  32.489  -34.009  -23.510 0.8000000119
38449  29.588  -34.806  -26.671 1.0000000000
38465  27.853  -34.921  -27.417 1.0000000000
38476  27.812  -34.249  -27.921 1.0000000000
38491  25.014  -34.528  -29.687 0.8999999762
38506  22.020  -34.547  -31.581 0.8999999762
38518  21.375  -34.605  -31.973 0.8000000119
38525  21.417  -34.638  -32.036 0.8000000119
38532  21.897  -33.975  -32.368 0.6999999881
39398  31.589  -33.650  -21.238 0.6999999881
39471  31.626  -33.052  -27.015 0.8999999762
39491  26.159  -33.556  -29.290 0.8999999762
39492  25.405  -33.889  -29.552 0.8999999762
39507  24.184  -33.475  -30.440 0.8999999762
39534  24.980  -33.719  -31.802 0.6000000238
39546  23.795  -33.441  -32.501 0.6999999881
39547  21.629  -33.878  -32.133 0.8000000119
39556  21.921  -33.398  -32.308 0.8000000119
40352  26.631  -32.736  -21.700 0.4000000060
40362  27.384  -32.054  -22.080 0.4000000060
40364  25.490  -32.466  -22.319 0.4000000060
40384  33.277  -32.080  -24.672 0.6999999881
40458  29.092  -32.782  -28.567 1.0000000000
40461  26.667  -32.988  -29.367 1.0000000000
40486  23.599  -32.904  -30.907 0.8999999762
40500  26.611  -32.497  -32.078 0.6000000238
40502  22.002  -32.411  -31.865 0.8999999762
40516  21.929  -32.489  -32.091 0.8999999762
40517  21.683  -33.290  -32.021 0.8000000119
40530  21.845  -33.149  -32.182 0.8000000119
40550  28.869  -32.489  -35.139 0.6000000238
41415  31.662  -31.509  -22.172 0.4000000060
41417  29.667  -31.192  -22.215 0.4000000060
41420  26.936  -31.605  -22.572 0.4000000060
41480  32.631  -32.149  -26.668 0.8000000119
41527  30.864  -31.062  -29.203 0.8000000119
41530  27.564  -31.830  -29.897 1.0000000000
41531  26.705  -31.836  -30.119 1.0000000000
41576  26.986  -31.667  -33.807 0.6000000238
41578  24.140  -31.263  -33.090 0.6999999881
42457  34.144  -29.980  -24.992 0.6999999881
42488  33.748  -30.691  -26.272 0.6999999881
42523  33.152  -30.231  -27.655 0.8000000119
42535  31.687  -30.622  -28.912 0.8000000119
42547  28.588  -30.748  -30.549 1.0000000000
42551  24.838  -30.672  -31.272 0.8999999762
42563  26.614  -30.025  -31.589 1.0000000000
42574  22.329  -30.402  -32.375 0.8999999762
42585  23.336  -30.482  -33.137 0.6999999881
42613  28.324  -29.763  -35.127 0.6000000238
43536  25.538  -29.311  -32.104 1.0000000000
43547  22.516  -29.045  -32.774 0.8999999762
43560  22.470  -28.904  -32.851 0.8999999762
43574  25.122  -29.129  -34.083 0.6999999881
43576  23.353  -28.566  -33.550 0.6999999881
44530  29.273  -28.912  -31.796 0.8999999762
44554  22.306  -28.057  -33.032 0.8999999762
44568  23.011  -27.765  -33.494 0.8000000119
45441  35.333  -27.004  -27.944 0.6000000238
45476  31.297  -27.449  -31.687 0.8000000119
45483  22.702  -27.315  -32.753 0.8999999762
45488  30.948  -27.194  -32.226 0.8000000119
45490  28.724  -28.016  -32.562 0.8999999762
45493  22.330  -27.418  -33.036 0.8999999762
45500  22.342  -26.764  -33.026 0.8999999762
45514  24.875  -26.565  -34.321 0.8000000119
45516  22.664  -26.880  -33.282 0.8999999762
45523  28.286  -27.437  -35.377 0.6999999881
46245  30.067  -26.086  -25.857 0.3000000119
46293  33.511  -26.622  -30.426 0.6000000238
46301  33.262  -26.244  -31.099 0.6999999881
46305  23.108  -26.450  -32.783 0.8999999762
46328  22.602  -26.308  -33.061 0.8000000119
46338  24.925  -25.766  -34.196 0.8999999762
46339  23.487  -26.044  -33.322 0.8999999762
46345  30.221  -26.408  -35.590 0.6000000238
46347  27.907  -26.541  -35.490 0.6999999881
47183  32.961  -25.910  -31.794 0.6999999881
47194  30.429  -26.191  -33.360 0.8000000119
47208  31.085  -25.621  -33.500 0.8000000119
47219  25.425  -25.282  -34.323 0.8000000119
47226  29.596  -25.749  -35.732 0.6000000238
48164  35.610  -24.473  -28.264 0.3000000119
48228  26.046  -23.683  -35.287 0.8000000119
48236  28.099  -24.376  -36.302 0.6999999881
49219  35.338  -23.085  -31.954 0.5000000000
49220  34.686  -23.505  -32.377 0.5000000000
49221  33.980  -23.864  -32.750 0.5000000000
49233  31.446  -24.324  -34.420 0.6999999881
49246  29.074  -23.260  -35.174 0.8000000119
49249  26.165  -23.577  -35.332 0.8000000119
49260  28.015  -23.528  -36.494 0.6000000238
49262  32.193  -22.845  -36.934 0.6000000238
49263  31.234  -22.841  -36.892 0.6000000238
49267  27.455  -22.493  -36.424 0.6999999881
50204  36.221  -22.908  -29.743 0.4000000060
50223  35.930  -22.568  -31.466 0.4000000060
50263  26.883  -22.378  -36.019 0.8000000119
50268  32.879  -22.737  -37.034 0.6000000238
50274  30.615  -22.329  -37.253 0.6000000238
51181  33.262  -21.843  -35.209 0.5000000000
51193  29.764  -21.372  -35.975 0.8000000119
51194  28.790  -21.476  -35.963 0.8000000119
51195  28.008  -21.590  -35.975 0.8000000119
51196  27.396  -21.923  -36.087 0.8000000119
51201  27.714  -21.712  -36.498 0.8000000119
51204  32.625  -21.484  -37.490 0.5000000000
51206  29.853  -21.757  -37.453 0.6000000238
51208  27.843  -21.280  -36.900 0.6999999881
51212  29.069  -21.118  -37.483 0.6000000238
52112  36.304  -20.198  -32.834 0.3000000119
52152  27.881  -20.539  -37.013 0.6000000238
52153  33.214  -20.104  -37.732 0.6000000238
53011  29.107  -19.440  -36.779 0.6999999881
53021  32.704  -19.395  -37.974 0.6000000238
53025  28.294  -18.179  -38.114 0.6000000238
53805  36.174  -18.243  -34.211 0.3000000119
53815  34.425  -18.515  -35.942 0.3000000119
53840  28.257  -18.144  -37.941 0.6000000238
54632  34.639  -17.729  -36.098 0.3000000119
54661  28.300  -17.132  -38.159 0.6000000238
55452  33.186  -17.184  -36.672 0.3000000119
55476  34.175  -16.547  -38.531 0.4000000060
55484  30.611  -16.593  -39.320 0.5000000000
55486  28.821  -15.939  -39.208 0.4000000060
56340  29.264  -15.530  -38.333 0.4000000060
56349  28.817  -15.432  -38.764 0.4000000060
56352  38.735  -15.532  -39.427 0.3000000119
56354  34.009  -14.858  -38.790 0.4000000060
56363  30.366  -14.983  -39.558 0.4000000060
56365  28.964  -15.265  -39.423 0.4000000060
57309  29.168  -13.897  -39.120 0.4000000060
57317  30.958  -14.527  -39.605 0.4000000060
57318  29.414  -14.022  -39.405 0.4000000060
57324  29.403  -14.696  -39.510 0.4000000060
58250  29.641  -13.400  -39.375 0.4000000060
101400  28.395  -44.518  -26.923 0.8000000119
102198  28.101  -29.582  -31.631 0.8999999762
103303  22.461  -29.987  -32.239 0.8999999762
103447  25.108  -50.890  -23.411 0.4000000060
104402  22.444  -47.858  -25.593 0.5000000000
104748  22.188  -30.758  -32.050 0.8999999762
107060  28.366  -45.176  -27.330 0.6000000238
107641  28.371  -16.942  -38.166 0.4000000060
108390  28.453  -19.588  -37.385 0.6000000238
109554  33.535  -16.170  -38.681 0.4000000060
109740  28.374  -46.152  -28.162 0.5000000000
109871  26.537  -34.125  -28.788 0.8999999762
109904  29.095  -37.197  -26.134 1.0000000000
110565  22.890  -32.224  -31.377 0.8999999762
111102  34.690  -27.674  -28.266 0.6999999881
111540  29.473  -29.627  -23.571 0.4000000060
112012  28.258  -44.798  -32.153 0.4000000060
112196  26.918  -24.869  -34.196 0.8999999762
112581  29.463  -16.547  -39.312 0.5000000000
112587  24.650  -33.975  -30.005 0.8999999762
112930  22.009  -40.268  -32.854 0.6000000238
113223  29.389  -18.290  -37.256 0.6000000238
113890  28.889  -40.043  -19.837 0.8999999762
113927  27.835  -26.634  -33.358 0.8999999762
115014  33.917  -19.883  -35.716 0.4000000060
115240  28.376  -45.584  -27.919 0.6000000238
115556  24.267  -49.590  -23.621 0.4000000060
115649  29.236  -14.680  -38.606 0.4000000060
116127  35.811  -18.078  -38.324 0.4000000060
116361  34.557  -21.196  -34.519 0.4000000060
116432  22.930  -32.059  -32.756 0.6999999881
116577  28.142  -17.677  -38.039 0.6000000238
116726  23.613  -34.767  -32.430 0.6999999881
117185  32.982  -18.102  -38.424 0.6000000238
117613  35.545  -24.257  -30.069 0.4000000060
118035  30.026  -16.235  -39.454 0.5000000000
119111  23.307  -49.346  -24.333 0.4000000060
119250  29.608  -35.372  -19.606 0.8000000119
120264  28.009  -36.724  -18.939 0.8000000119
120658  29.338  -41.978  -22.303 0.8999999762
120752  23.912  -42.630  -23.424 0.6999999881
121055  32.843  -23.032  -34.648 0.5000000000
121086  28.296  -44.208  -22.378 0.8999999762
121237  23.730  -39.480  -22.269 0.6999999881
121310  28.563  -39.299  -28.089 0.8999999762
121339  30.576  -33.739  -27.126 1.0000000000
