#!ascii label  , from subject sub-v2s8x29213_ses-1 vox2ras=TkReg
1444
44626  -44.414  -26.440  26.339 0.0000000000
39774  -32.898  -31.541  37.191 0.0000000000
52850  -48.848  -17.678  12.936 0.0000000000
46603  -38.611  -24.772  15.189 0.0000000000
47528  -47.736  -24.064  19.069 0.0000000000
41775  -39.422  -29.503  34.020 0.0000000000
40887  -28.001  -30.137  23.917 0.0000000000
41985  -33.752  -29.175  18.737 0.0000000000
41699  -24.998  -30.293  38.479 0.0000000000
104106  -55.097  -11.309  21.016 0.0000000000
98425  -20.296  -34.554  24.764 0.0000000000
97205  -41.864  -26.556  21.435 0.0000000000
47537  -43.317  -23.806  17.849 0.0000000000
45572  -46.312  -24.778  23.150 0.0000000000
43719  -42.360  -27.464  30.803 0.0000000000
97862  -37.141  -29.382  26.034 0.0000000000
42952  -39.283  -27.860  22.808 0.0000000000
108432  -36.370  -27.014  16.886 0.0000000000
57300  -57.906  -12.192  16.439 0.0000000000
114116  -28.349  -32.627  38.253 0.0000000000
37768  -23.461  -33.332  32.082 0.0000000000
39830  -26.839  -31.813  32.131 0.0000000000
50261  -48.426  -20.508  16.755 0.0000000000
41746  -35.899  -30.225  35.333 0.0000000000
41801  -30.822  -30.014  31.229 0.0000000000
98517  -33.882  -29.456  29.130 0.0000000000
41938  -31.095  -29.514  21.330 0.0000000000
42663  -22.104  -28.799  41.685 0.0000000000
49387  -52.688  -22.073  20.791 0.0000000000
51922  -53.061  -18.399  17.736 0.0000000000
54641  -53.233  -14.707  22.879 0.0000000000
54700  -52.453  -15.367  15.727 0.0000000000
55624  -54.774  -14.158  12.920 0.0000000000
38777  -19.082  -32.122  32.325 0.0000000000
39902  -23.875  -31.750  24.207 0.0000000000
44684  -43.481  -26.548  23.883 0.0000000000
45569  -43.797  -25.651  22.312 0.0000000000
44668  -45.221  -25.838  24.920 0.0000000000
113953  -43.227  -26.820  28.825 0.0000000000
42897  -40.893  -27.794  27.160 0.0000000000
102483  -41.900  -27.416  24.847 0.0000000000
43810  -40.397  -27.381  21.744 0.0000000000
51122  -49.210  -19.117  10.598 0.0000000000
52862  -50.401  -17.456  11.238 0.0000000000
38714  -30.773  -32.364  38.299 0.0000000000
97167  -27.481  -32.615  35.215 0.0000000000
104960  -29.581  -31.367  34.878 0.0000000000
117604  -40.132  -23.454  13.456 0.0000000000
46567  -45.756  -24.166  18.071 0.0000000000
47566  -45.065  -24.092  15.709 0.0000000000
47568  -46.124  -23.491  16.629 0.0000000000
113417  -46.489  -21.371  15.991 0.0000000000
48452  -48.020  -22.396  17.956 0.0000000000
41758  -37.634  -29.801  35.019 0.0000000000
41789  -35.727  -29.535  32.678 0.0000000000
103542  -37.487  -29.487  31.137 0.0000000000
41927  -35.539  -29.349  22.312 0.0000000000
103540  -34.471  -29.503  24.283 0.0000000000
97887  -32.339  -29.618  20.097 0.0000000000
45642  -37.658  -26.207  16.111 0.0000000000
50238  -53.437  -20.137  19.121 0.0000000000
54668  -53.010  -14.883  19.450 0.0000000000
115549  -53.146  -13.699  17.506 0.0000000000
99381  -53.307  -14.427  14.017 0.0000000000
56497  -54.896  -13.003  16.114 0.0000000000
55615  -58.095  -14.361  14.975 0.0000000000
115415  -23.548  -29.234  39.943 0.0000000000
41731  -21.404  -29.738  36.666 0.0000000000
40761  -22.734  -30.561  35.286 0.0000000000
37811  -21.850  -33.127  28.629 0.0000000000
37824  -19.742  -33.542  27.934 0.0000000000
116013  -19.612  -35.219  25.833 0.0000000000
41858  -29.529  -30.026  27.291 0.0000000000
40853  -27.065  -30.655  27.696 0.0000000000
40885  -25.927  -30.521  24.536 0.0000000000
45632  -40.218  -25.689  17.792 0.0000000000
46595  -41.363  -23.933  16.823 0.0000000000
45609  -43.186  -25.096  20.035 0.0000000000
110066  -45.441  -24.486  20.459 0.0000000000
46528  -47.504  -24.449  21.263 0.0000000000
103922  -41.208  -28.468  32.489 0.0000000000
41829  -39.248  -29.242  30.679 0.0000000000
42880  -39.490  -28.846  28.440 0.0000000000
42937  -38.286  -28.592  24.731 0.0000000000
42956  -36.725  -28.725  21.220 0.0000000000
42990  -35.304  -28.119  18.032 0.0000000000
43814  -37.924  -27.981  20.106 0.0000000000
112704  -39.641  -26.955  19.209 0.0000000000
57284  -56.973  -11.929  18.171 0.0000000000
59599  -56.575  -8.382  18.733 0.0000000000
39747  -26.968  -31.805  38.512 0.0000000000
39785  -24.477  -32.084  35.318 0.0000000000
38749  -25.365  -32.987  34.632 0.0000000000
104814  -24.443  -33.551  31.991 0.0000000000
112729  -23.586  -33.270  27.571 0.0000000000
103779  -42.178  -23.546  14.642 0.0000000000
51075  -46.101  -19.625  14.155 0.0000000000
109693  -48.202  -18.655  14.805 0.0000000000
40749  -34.335  -30.984  36.320 0.0000000000
40776  -31.469  -30.715  34.453 0.0000000000
41769  -33.485  -29.778  33.207 0.0000000000
103541  -32.554  -29.494  29.905 0.0000000000
41869  -30.808  -29.682  26.346 0.0000000000
97735  -36.029  -29.496  27.935 0.0000000000
97638  -32.616  -29.515  24.771 0.0000000000
41921  -29.694  -29.590  22.790 0.0000000000
45466  -47.429  -25.460  28.579 0.0000000000
42714  -33.320  -28.609  38.460 0.0000000000
43647  -37.467  -27.536  36.071 0.0000000000
42730  -39.364  -28.631  36.191 0.0000000000
45525  -48.205  -24.752  25.900 0.0000000000
46481  -48.797  -24.539  24.573 0.0000000000
112446  -50.150  -24.270  21.790 0.0000000000
47492  -53.455  -23.202  22.682 0.0000000000
48426  -50.097  -23.064  20.131 0.0000000000
50236  -50.592  -21.003  18.626 0.0000000000
102922  -51.072  -19.621  17.556 0.0000000000
51942  -50.497  -18.019  15.598 0.0000000000
53750  -54.240  -17.091  20.007 0.0000000000
99761  -52.826  -17.004  17.051 0.0000000000
53794  -50.903  -16.733  13.714 0.0000000000
53816  -52.066  -16.044  12.583 0.0000000000
56510  -56.911  -13.796  15.298 0.0000000000
40732  -19.354  -30.368  37.183 0.0000000000
35040  -18.659  -36.148  30.555 0.0000000000
38778  -21.071  -31.840  31.869 0.0000000000
36820  -19.011  -34.060  29.309 0.0000000000
40817  -28.447  -30.658  31.412 0.0000000000
39860  -25.565  -31.755  28.544 0.0000000000
37862  -22.342  -33.368  24.417 0.0000000000
99367  -21.242  -36.000  20.857 0.0000000000
44648  -43.843  -26.651  25.225 0.0000000000
111896  -44.654  -26.046  24.496 0.0000000000
44650  -45.097  -26.115  25.795 0.0000000000
44591  -43.697  -26.631  27.605 0.0000000000
43750  -43.000  -27.009  27.209 0.0000000000
44625  -43.725  -26.737  25.948 0.0000000000
43788  -42.555  -27.205  24.760 0.0000000000
51969  -47.575  -18.324  12.429 0.0000000000
98274  -48.247  -18.103  11.736 0.0000000000
51992  -49.472  -18.449  10.776 0.0000000000
52861  -49.662  -17.555  11.652 0.0000000000
39773  -31.975  -31.813  37.520 0.0000000000
39772  -30.090  -32.080  36.711 0.0000000000
40762  -31.262  -31.521  35.941 0.0000000000
46623  -37.821  -24.596  13.425 0.0000000000
46615  -39.142  -24.096  14.598 0.0000000000
46569  -47.079  -24.192  18.701 0.0000000000
46582  -46.149  -24.088  17.572 0.0000000000
47540  -47.340  -23.828  18.366 0.0000000000
48460  -47.321  -22.782  17.504 0.0000000000
48453  -48.332  -22.947  18.615 0.0000000000
101799  -38.712  -29.634  34.404 0.0000000000
98944  -37.457  -29.696  33.435 0.0000000000
41792  -38.903  -29.601  33.236 0.0000000000
41956  -34.510  -29.328  20.397 0.0000000000
41942  -34.155  -29.513  21.153 0.0000000000
41969  -33.588  -29.422  19.572 0.0000000000
41983  -31.829  -29.574  18.479 0.0000000000
45654  -38.188  -25.611  15.787 0.0000000000
97437  -36.883  -25.426  14.103 0.0000000000
46613  -37.519  -24.955  14.087 0.0000000000
56467  -53.662  -12.828  19.799 0.0000000000
57264  -54.323  -12.299  19.690 0.0000000000
56490  -54.237  -13.148  16.483 0.0000000000
57282  -55.258  -12.436  17.876 0.0000000000
41698  -24.196  -29.685  38.875 0.0000000000
41717  -23.469  -29.741  37.595 0.0000000000
40733  -24.057  -30.153  37.124 0.0000000000
37853  -20.640  -33.782  25.837 0.0000000000
36860  -19.975  -33.944  26.243 0.0000000000
35986  -19.817  -34.861  25.307 0.0000000000
100540  -20.107  -37.081  24.738 0.0000000000
115455  -20.185  -36.647  23.985 0.0000000000
40888  -28.219  -30.251  25.033 0.0000000000
40879  -27.639  -30.355  25.668 0.0000000000
98183  -26.524  -30.335  23.754 0.0000000000
101590  -41.332  -26.336  20.115 0.0000000000
45620  -41.408  -25.324  18.668 0.0000000000
45596  -42.678  -25.620  20.494 0.0000000000
45571  -45.569  -24.995  22.817 0.0000000000
45585  -44.416  -25.133  21.701 0.0000000000
106248  -46.281  -24.690  22.351 0.0000000000
115881  -46.208  -24.438  20.517 0.0000000000
99147  -46.981  -24.528  21.822 0.0000000000
43718  -41.703  -27.905  31.187 0.0000000000
42846  -40.211  -28.707  30.511 0.0000000000
42866  -41.016  -28.041  29.682 0.0000000000
42926  -40.569  -27.775  25.685 0.0000000000
111594  -40.014  -28.086  25.952 0.0000000000
103158  -39.212  -28.216  24.742 0.0000000000
42942  -37.825  -28.621  23.436 0.0000000000
113485  -38.643  -28.094  22.448 0.0000000000
42964  -37.347  -28.361  20.662 0.0000000000
42959  -39.138  -27.841  22.003 0.0000000000
100860  -41.407  -26.832  21.507 0.0000000000
43817  -40.242  -27.210  20.857 0.0000000000
44722  -40.804  -26.750  20.418 0.0000000000
99651  -40.255  -26.618  19.068 0.0000000000
38698  -28.036  -32.517  38.550 0.0000000000
38709  -26.407  -32.410  36.775 0.0000000000
98128  -27.324  -32.626  37.031 0.0000000000
38783  -26.656  -32.371  32.977 0.0000000000
38766  -26.023  -33.111  33.763 0.0000000000
38790  -25.247  -33.062  31.803 0.0000000000
114218  -24.033  -33.507  29.553 0.0000000000
38815  -25.144  -32.636  29.863 0.0000000000
112618  -42.367  -23.864  17.492 0.0000000000
47563  -41.962  -23.531  16.172 0.0000000000
47564  -43.091  -23.562  16.241 0.0000000000
100896  -44.846  -23.898  14.969 0.0000000000
47595  -44.026  -24.212  14.605 0.0000000000
47608  -44.344  -24.069  13.513 0.0000000000
50259  -47.081  -20.508  15.789 0.0000000000
50276  -45.857  -20.498  14.811 0.0000000000
107556  -47.222  -19.744  15.258 0.0000000000
51939  -47.667  -19.206  15.073 0.0000000000
51066  -48.453  -19.219  15.616 0.0000000000
109807  -35.339  -30.525  35.421 0.0000000000
40779  -34.543  -30.834  35.427 0.0000000000
40796  -34.998  -30.513  34.682 0.0000000000
103544  -34.787  -29.420  30.838 0.0000000000
41805  -34.196  -29.487  31.663 0.0000000000
98518  -32.955  -29.475  29.145 0.0000000000
41851  -31.514  -29.571  28.519 0.0000000000
97732  -32.500  -29.489  27.496 0.0000000000
41853  -38.310  -29.394  28.310 0.0000000000
41852  -37.775  -29.565  28.933 0.0000000000
97728  -37.029  -29.441  26.828 0.0000000000
110616  -32.840  -29.579  22.460 0.0000000000
41899  -33.577  -29.506  24.484 0.0000000000
114836  -31.787  -29.540  23.538 0.0000000000
98594  -31.185  -29.570  23.953 0.0000000000
43840  -35.768  -27.556  17.501 0.0000000000
43648  -38.261  -27.310  36.450 0.0000000000
42772  -41.826  -28.032  34.502 0.0000000000
45484  -47.813  -25.393  27.682 0.0000000000
100642  -49.710  -24.463  25.782 0.0000000000
46483  -50.498  -24.388  24.514 0.0000000000
112337  -49.927  -24.469  23.020 0.0000000000
46500  -50.775  -24.383  23.458 0.0000000000
48414  -53.522  -22.621  22.043 0.0000000000
47517  -51.410  -23.216  21.273 0.0000000000
48427  -51.768  -22.530  20.830 0.0000000000
48444  -50.605  -22.297  19.790 0.0000000000
112826  -51.916  -21.317  19.644 0.0000000000
51039  -53.904  -19.545  18.979 0.0000000000
50237  -52.327  -20.225  18.726 0.0000000000
113780  -51.873  -19.149  17.537 0.0000000000
51055  -50.448  -19.223  16.745 0.0000000000
51921  -52.277  -18.582  17.279 0.0000000000
54659  -53.716  -15.738  21.529 0.0000000000
54693  -52.491  -15.394  16.782 0.0000000000
53760  -53.021  -16.317  18.261 0.0000000000
53778  -52.449  -16.375  16.314 0.0000000000
52827  -52.093  -16.842  15.816 0.0000000000
53786  -52.204  -16.146  15.342 0.0000000000
53804  -51.502  -16.366  13.188 0.0000000000
53805  -51.998  -16.001  13.597 0.0000000000
55623  -53.893  -14.199  13.439 0.0000000000
54729  -53.290  -15.164  12.336 0.0000000000
54730  -54.167  -14.991  11.836 0.0000000000
57285  -57.353  -11.845  17.664 0.0000000000
57307  -56.884  -12.885  16.783 0.0000000000
57308  -57.640  -12.701  16.491 0.0000000000
40788  -20.185  -30.924  33.797 0.0000000000
39783  -19.184  -31.230  34.945 0.0000000000
38776  -18.612  -32.475  32.666 0.0000000000
37761  -18.003  -33.647  32.114 0.0000000000
37767  -18.361  -33.250  31.590 0.0000000000
38764  -23.785  -33.016  33.346 0.0000000000
39814  -23.050  -32.121  33.381 0.0000000000
38779  -22.102  -32.227  32.061 0.0000000000
36830  -19.339  -33.785  28.697 0.0000000000
33185  -20.897  -38.887  26.717 0.0000000000
40807  -31.339  -30.215  32.822 0.0000000000
40805  -29.694  -30.506  32.460 0.0000000000
40818  -29.082  -30.445  31.215 0.0000000000
39893  -25.411  -31.039  26.104 0.0000000000
39861  -26.218  -31.146  28.107 0.0000000000
39884  -25.045  -31.617  26.704 0.0000000000
38849  -23.734  -32.783  26.242 0.0000000000
38867  -22.919  -32.782  23.968 0.0000000000
35178  -21.001  -36.696  21.174 0.0000000000
44699  -42.254  -26.828  22.684 0.0000000000
116428  -43.138  -25.901  21.853 0.0000000000
44700  -43.632  -26.161  23.112 0.0000000000
45538  -45.104  -25.618  24.114 0.0000000000
45555  -45.696  -25.171  23.638 0.0000000000
43729  -43.120  -26.899  29.545 0.0000000000
43736  -41.736  -27.581  29.287 0.0000000000
43749  -42.249  -27.298  27.666 0.0000000000
97955  -41.961  -27.389  26.215 0.0000000000
43798  -40.747  -27.704  24.105 0.0000000000
43804  -39.866  -27.650  22.293 0.0000000000
98340  -41.374  -27.532  23.783 0.0000000000
43799  -42.096  -27.210  23.496 0.0000000000
104921  -51.281  -17.839  10.586 0.0000000000
38713  -29.906  -32.542  38.223 0.0000000000
38723  -27.465  -32.675  36.601 0.0000000000
38725  -29.465  -32.453  37.315 0.0000000000
38751  -28.054  -32.174  34.939 0.0000000000
39815  -27.617  -31.771  33.486 0.0000000000
46566  -44.875  -23.974  18.335 0.0000000000
47565  -43.787  -23.689  16.670 0.0000000000
46581  -45.444  -24.064  17.328 0.0000000000
47567  -45.560  -23.761  16.214 0.0000000000
47584  -45.832  -23.180  16.078 0.0000000000
49479  -45.144  -22.052  14.999 0.0000000000
48468  -46.384  -22.794  16.516 0.0000000000
49436  -47.591  -21.873  17.330 0.0000000000
49452  -48.023  -21.084  17.013 0.0000000000
98247  -37.173  -29.888  35.095 0.0000000000
40781  -36.211  -30.250  34.737 0.0000000000
41772  -36.812  -29.817  34.130 0.0000000000
99093  -36.245  -29.453  31.936 0.0000000000
41826  -35.442  -29.480  30.079 0.0000000000
41900  -36.787  -29.267  24.670 0.0000000000
98511  -35.974  -29.458  24.777 0.0000000000
41912  -34.755  -29.496  23.461 0.0000000000
41925  -33.613  -29.609  22.029 0.0000000000
41953  -31.715  -29.574  20.719 0.0000000000
41966  -29.668  -29.409  19.190 0.0000000000
97886  -31.284  -29.541  19.035 0.0000000000
44760  -37.212  -26.645  16.593 0.0000000000
44775  -36.037  -26.256  14.780 0.0000000000
49389  -55.512  -21.098  21.489 0.0000000000
49410  -53.561  -21.090  20.183 0.0000000000
113126  -54.933  -20.424  20.336 0.0000000000
51029  -55.299  -19.484  20.140 0.0000000000
51912  -55.002  -18.566  19.675 0.0000000000
102290  -53.551  -13.278  22.439 0.0000000000
55564  -53.381  -14.869  20.639 0.0000000000
55549  -53.449  -13.486  21.070 0.0000000000
109808  -52.880  -13.920  17.866 0.0000000000
55590  -52.623  -14.639  16.465 0.0000000000
106264  -52.636  -14.905  15.032 0.0000000000
56488  -53.017  -13.986  16.274 0.0000000000
100116  -53.799  -13.666  14.909 0.0000000000
56508  -54.713  -13.462  14.660 0.0000000000
58039  -58.411  -12.134  15.530 0.0000000000
56501  -58.417  -13.358  15.534 0.0000000000
56512  -58.880  -13.435  14.939 0.0000000000
100453  -22.570  -29.172  39.468 0.0000000000
41696  -21.738  -29.329  38.312 0.0000000000
110163  -22.552  -29.319  38.722 0.0000000000
41744  -21.984  -29.985  35.934 0.0000000000
40789  -21.120  -30.985  33.548 0.0000000000
38813  -22.239  -33.007  30.092 0.0000000000
38796  -21.353  -32.519  30.304 0.0000000000
37825  -20.362  -33.348  27.494 0.0000000000
36859  -19.665  -34.359  26.708 0.0000000000
34058  -19.801  -37.132  26.210 0.0000000000
33195  -20.958  -38.896  25.867 0.0000000000
114380  -20.618  -38.302  25.479 0.0000000000
41849  -29.824  -30.001  28.819 0.0000000000
40845  -29.011  -30.273  28.943 0.0000000000
40855  -28.711  -30.262  27.481 0.0000000000
40878  -26.863  -30.465  25.854 0.0000000000
39914  -24.341  -31.186  23.751 0.0000000000
45645  -40.152  -25.138  17.128 0.0000000000
46604  -39.413  -24.405  15.500 0.0000000000
114807  -40.649  -25.132  17.707 0.0000000000
46563  -41.903  -24.640  18.349 0.0000000000
46564  -43.175  -24.114  18.490 0.0000000000
45597  -43.374  -25.317  20.729 0.0000000000
46535  -43.774  -24.887  20.347 0.0000000000
46551  -44.648  -24.231  19.383 0.0000000000
46537  -46.008  -24.358  19.844 0.0000000000
46538  -46.831  -24.415  20.053 0.0000000000
46540  -48.502  -24.407  20.555 0.0000000000
113193  -40.245  -29.180  32.806 0.0000000000
41810  -39.388  -29.344  31.745 0.0000000000
41830  -39.818  -29.049  31.075 0.0000000000
41842  -39.041  -29.197  28.845 0.0000000000
41854  -39.006  -29.081  27.974 0.0000000000
42896  -40.238  -28.215  27.386 0.0000000000
42908  -38.913  -28.611  26.302 0.0000000000
41888  -37.944  -28.864  25.366 0.0000000000
41914  -37.113  -29.044  23.873 0.0000000000
41944  -36.138  -29.098  21.782 0.0000000000
42970  -35.353  -28.766  19.512 0.0000000000
98037  -34.930  -28.513  18.459 0.0000000000
98056  -35.913  -28.497  19.339 0.0000000000
43821  -36.976  -27.944  19.130 0.0000000000
43832  -37.501  -27.497  18.649 0.0000000000
43809  -39.688  -27.567  21.448 0.0000000000
43823  -38.434  -27.544  19.543 0.0000000000
43843  -38.177  -27.029  18.173 0.0000000000
104889  -38.535  -26.607  17.568 0.0000000000
44752  -39.130  -26.246  17.431 0.0000000000
57266  -56.359  -11.507  19.155 0.0000000000
57999  -56.327  -10.743  19.947 0.0000000000
58000  -56.791  -10.414  19.196 0.0000000000
58772  -57.567  -10.081  17.791 0.0000000000
107098  -57.912  -10.643  16.983 0.0000000000
106634  -58.313  -10.374  15.574 0.0000000000
39746  -26.255  -31.387  38.275 0.0000000000
116624  -25.265  -31.380  36.946 0.0000000000
39759  -25.818  -31.997  36.876 0.0000000000
38734  -25.002  -32.793  34.946 0.0000000000
38765  -24.371  -33.263  33.522 0.0000000000
37727  -26.934  -32.805  35.934 0.0000000000
37759  -25.187  -33.360  33.485 0.0000000000
37769  -23.811  -33.587  31.808 0.0000000000
37802  -23.573  -33.482  29.991 0.0000000000
37812  -22.775  -33.379  28.455 0.0000000000
101982  -21.574  -33.625  25.513 0.0000000000
47578  -40.749  -23.542  15.192 0.0000000000
104321  -41.344  -23.451  14.637 0.0000000000
47581  -43.700  -23.926  15.264 0.0000000000
51959  -47.462  -18.498  13.431 0.0000000000
110336  -48.112  -18.275  14.028 0.0000000000
40748  -33.762  -31.220  36.760 0.0000000000
40763  -32.091  -31.246  35.585 0.0000000000
108937  -34.029  -31.182  35.920 0.0000000000
40794  -32.814  -30.194  33.797 0.0000000000
115427  -32.236  -29.924  32.472 0.0000000000
41788  -33.950  -29.573  32.522 0.0000000000
41804  -33.267  -29.553  31.503 0.0000000000
41822  -31.349  -29.744  30.605 0.0000000000
41850  -30.658  -29.738  28.678 0.0000000000
98446  -30.394  -29.783  27.160 0.0000000000
41879  -29.835  -29.851  25.307 0.0000000000
102576  -38.263  -29.471  31.091 0.0000000000
110596  -37.251  -29.575  29.518 0.0000000000
97736  -35.235  -29.467  28.282 0.0000000000
97723  -35.481  -29.486  26.486 0.0000000000
97724  -34.010  -29.470  26.532 0.0000000000
97731  -33.289  -29.468  27.169 0.0000000000
97727  -31.757  -29.573  26.265 0.0000000000
41897  -30.648  -29.643  24.841 0.0000000000
43000  -34.075  -28.194  17.169 0.0000000000
44593  -45.082  -25.935  28.582 0.0000000000
45482  -46.089  -25.648  27.626 0.0000000000
42678  -23.350  -28.999  41.192 0.0000000000
40707  -25.855  -30.297  40.320 0.0000000000
39723  -27.584  -31.208  40.708 0.0000000000
39735  -27.997  -31.989  39.873 0.0000000000
38691  -31.218  -32.181  39.521 0.0000000000
39750  -31.719  -31.853  39.165 0.0000000000
40735  -32.557  -31.194  38.264 0.0000000000
40736  -33.123  -31.057  37.606 0.0000000000
41737  -34.168  -30.434  36.714 0.0000000000
42729  -34.506  -29.460  36.300 0.0000000000
43665  -35.418  -28.228  35.647 0.0000000000
44495  -35.729  -27.111  35.857 0.0000000000
42747  -36.826  -29.287  35.491 0.0000000000
42748  -38.030  -29.236  35.699 0.0000000000
102812  -38.490  -29.364  35.588 0.0000000000
41750  -39.648  -29.156  35.336 0.0000000000
42770  -40.345  -28.829  35.099 0.0000000000
42791  -41.316  -28.451  33.979 0.0000000000
42811  -41.603  -28.279  33.117 0.0000000000
44592  -44.437  -26.299  28.894 0.0000000000
98336  -46.432  -25.620  26.928 0.0000000000
45523  -47.003  -25.130  25.506 0.0000000000
45541  -47.453  -24.770  24.927 0.0000000000
105292  -49.955  -24.414  26.759 0.0000000000
97269  -48.882  -24.591  25.434 0.0000000000
46480  -48.002  -24.557  24.304 0.0000000000
46514  -48.695  -24.497  22.480 0.0000000000
46529  -48.714  -24.502  21.430 0.0000000000
46541  -49.210  -24.345  20.795 0.0000000000
46516  -51.439  -24.119  22.675 0.0000000000
46531  -50.678  -23.852  21.492 0.0000000000
47530  -49.330  -23.390  19.737 0.0000000000
48442  -49.018  -22.756  19.125 0.0000000000
49424  -49.697  -21.478  18.533 0.0000000000
50235  -49.891  -20.845  18.106 0.0000000000
104666  -51.615  -20.818  19.052 0.0000000000
50249  -50.441  -20.345  17.882 0.0000000000
50262  -49.015  -20.166  16.821 0.0000000000
106078  -49.693  -19.187  16.330 0.0000000000
51941  -49.553  -18.169  15.196 0.0000000000
52832  -49.489  -17.680  14.359 0.0000000000
52783  -54.997  -18.017  20.431 0.0000000000
52782  -54.425  -17.873  19.115 0.0000000000
54669  -53.473  -15.645  19.820 0.0000000000
53761  -53.675  -17.105  18.769 0.0000000000
52807  -53.072  -17.677  17.568 0.0000000000
112414  -51.893  -17.444  16.094 0.0000000000
102432  -50.910  -17.494  15.329 0.0000000000
52833  -50.251  -17.217  14.085 0.0000000000
52852  -50.292  -17.105  12.158 0.0000000000
53814  -50.962  -16.925  11.632 0.0000000000
52877  -51.811  -17.358  10.681 0.0000000000
54728  -52.542  -15.529  12.950 0.0000000000
54745  -52.716  -15.704  11.936 0.0000000000
52878  -52.591  -17.472  10.519 0.0000000000
57297  -56.021  -12.569  17.264 0.0000000000
57306  -55.707  -12.866  16.346 0.0000000000
55625  -55.574  -13.960  13.403 0.0000000000
55614  -57.373  -14.327  14.783 0.0000000000
105890  -56.241  -14.289  13.336 0.0000000000
55639  -55.740  -14.518  12.478 0.0000000000
41729  -19.955  -30.072  36.877 0.0000000000
39784  -23.643  -31.327  35.269 0.0000000000
39813  -22.123  -31.449  33.416 0.0000000000
39828  -20.719  -31.517  32.433 0.0000000000
38795  -20.385  -32.280  30.339 0.0000000000
38794  -19.616  -32.363  30.636 0.0000000000
38793  -18.903  -32.746  31.068 0.0000000000
101319  -18.753  -34.624  29.723 0.0000000000
40775  -30.611  -30.834  34.305 0.0000000000
40790  -29.035  -30.816  33.050 0.0000000000
101339  -27.355  -31.304  31.669 0.0000000000
103225  -27.906  -30.579  29.880 0.0000000000
40829  -27.078  -30.975  30.032 0.0000000000
39849  -25.652  -31.899  29.401 0.0000000000
38837  -24.497  -32.648  27.815 0.0000000000
98832  -23.208  -33.316  26.784 0.0000000000
36901  -20.938  -34.191  24.282 0.0000000000
39932  -23.882  -31.097  22.046 0.0000000000
38888  -23.069  -32.265  22.456 0.0000000000
38876  -22.663  -32.816  23.014 0.0000000000
37879  -21.425  -34.204  22.677 0.0000000000
36936  -20.872  -34.960  22.632 0.0000000000
105847  -20.360  -36.401  23.357 0.0000000000
44649  -44.336  -26.469  25.692 0.0000000000
44627  -45.130  -26.102  26.696 0.0000000000
44609  -44.427  -26.351  27.158 0.0000000000
44608  -43.696  -26.712  26.755 0.0000000000
51970  -48.305  -17.909  12.442 0.0000000000
52860  -48.882  -17.664  12.065 0.0000000000
51980  -49.062  -18.011  11.295 0.0000000000
98931  -31.179  -31.956  36.965 0.0000000000
39789  -32.151  -31.685  36.669 0.0000000000
46614  -38.287  -24.442  14.167 0.0000000000
46624  -38.370  -24.195  13.137 0.0000000000
47541  -47.910  -23.616  18.690 0.0000000000
41760  -39.176  -29.492  34.922 0.0000000000
101533  -34.176  -29.313  19.857 0.0000000000
45655  -38.974  -25.200  15.998 0.0000000000
45665  -37.881  -25.200  14.934 0.0000000000
57248  -54.402  -11.731  21.417 0.0000000000
108518  -54.470  -12.490  18.440 0.0000000000
57265  -55.499  -11.875  19.329 0.0000000000
41681  -25.041  -29.973  39.451 0.0000000000
41718  -24.185  -29.973  37.970 0.0000000000
36878  -20.140  -34.234  25.517 0.0000000000
35999  -19.943  -35.270  24.597 0.0000000000
35120  -19.855  -36.139  24.608 0.0000000000
113986  -20.185  -35.731  23.792 0.0000000000
115777  -28.109  -30.211  24.413 0.0000000000
111969  -27.654  -30.281  24.450 0.0000000000
40893  -27.333  -30.219  23.793 0.0000000000
45595  -41.952  -25.978  20.276 0.0000000000
44724  -42.249  -26.188  20.987 0.0000000000
45586  -45.451  -24.814  21.916 0.0000000000
46512  -46.297  -24.584  21.666 0.0000000000
114336  -47.022  -24.577  22.663 0.0000000000
42847  -40.941  -28.282  30.657 0.0000000000
43727  -41.683  -27.751  30.242 0.0000000000
42938  -40.060  -27.858  24.386 0.0000000000
105912  -39.995  -27.977  25.202 0.0000000000
42944  -39.428  -27.958  23.721 0.0000000000
42951  -38.585  -28.203  23.153 0.0000000000
42958  -38.376  -28.137  21.773 0.0000000000
44723  -41.507  -26.537  20.833 0.0000000000
44733  -40.819  -26.455  19.632 0.0000000000
38711  -27.699  -32.583  37.782 0.0000000000
38791  -26.157  -32.407  32.060 0.0000000000
38799  -25.212  -32.789  30.750 0.0000000000
38800  -25.902  -32.241  31.152 0.0000000000
47549  -43.030  -23.634  17.249 0.0000000000
48490  -44.651  -23.567  14.241 0.0000000000
50260  -47.812  -20.514  16.385 0.0000000000
51065  -47.776  -19.836  15.760 0.0000000000
51053  -48.421  -19.942  16.297 0.0000000000
40780  -35.266  -30.600  35.322 0.0000000000
40767  -35.913  -30.419  35.147 0.0000000000
41825  -34.367  -29.441  29.957 0.0000000000
97739  -32.453  -29.485  28.344 0.0000000000
97738  -33.360  -29.464  28.436 0.0000000000
41860  -37.671  -29.396  27.486 0.0000000000
41923  -32.111  -29.556  22.345 0.0000000000
102613  -32.374  -29.542  23.173 0.0000000000
104812  -31.271  -29.526  22.101 0.0000000000
41909  -31.405  -29.545  23.013 0.0000000000
113237  -30.608  -29.504  21.835 0.0000000000
43841  -36.556  -27.395  17.693 0.0000000000
43850  -35.453  -27.254  16.727 0.0000000000
48428  -53.748  -22.142  21.474 0.0000000000
105936  -54.743  -22.175  22.083 0.0000000000
48413  -52.498  -22.627  21.386 0.0000000000
48445  -51.619  -21.963  20.184 0.0000000000
102449  -52.701  -21.466  20.190 0.0000000000
51910  -53.679  -18.929  18.455 0.0000000000
51047  -52.685  -19.054  17.869 0.0000000000
54640  -52.653  -14.613  23.118 0.0000000000
54650  -52.965  -15.432  22.714 0.0000000000
54651  -53.388  -15.614  22.262 0.0000000000
53796  -52.053  -16.065  14.501 0.0000000000
54708  -52.414  -15.522  14.798 0.0000000000
55637  -53.948  -14.542  12.603 0.0000000000
55638  -54.759  -14.568  12.232 0.0000000000
54747  -55.125  -15.022  11.724 0.0000000000
57299  -57.654  -12.041  17.040 0.0000000000
42689  -21.318  -29.118  39.768 0.0000000000
39797  -19.443  -31.277  34.122 0.0000000000
39826  -19.112  -31.921  32.958 0.0000000000
38785  -18.679  -32.603  31.915 0.0000000000
38781  -23.670  -33.286  32.704 0.0000000000
38763  -23.250  -32.646  32.903 0.0000000000
38789  -22.724  -32.810  31.665 0.0000000000
33176  -20.277  -38.221  27.597 0.0000000000
41784  -31.073  -30.113  32.037 0.0000000000
40819  -30.263  -30.257  31.854 0.0000000000
40833  -29.931  -30.200  31.013 0.0000000000
103910  -24.446  -31.538  25.264 0.0000000000
39892  -24.734  -31.545  25.909 0.0000000000
38869  -23.953  -31.939  24.964 0.0000000000
38859  -24.134  -32.125  25.713 0.0000000000
38868  -23.448  -32.395  24.572 0.0000000000
97529  -42.877  -26.715  23.276 0.0000000000
106862  -43.036  -26.307  22.489 0.0000000000
45539  -45.855  -25.355  24.477 0.0000000000
43737  -42.535  -27.164  28.891 0.0000000000
43738  -42.963  -26.910  28.117 0.0000000000
43761  -42.916  -27.107  26.265 0.0000000000
43771  -41.378  -27.524  25.386 0.0000000000
43786  -41.321  -27.570  24.499 0.0000000000
44667  -43.283  -26.835  24.641 0.0000000000
44683  -42.712  -27.066  24.048 0.0000000000
51121  -48.491  -19.417  10.677 0.0000000000
52875  -49.867  -17.912  10.931 0.0000000000
52876  -50.593  -17.865  10.715 0.0000000000
39787  -29.741  -31.707  35.722 0.0000000000
39786  -28.832  -31.770  35.132 0.0000000000
39802  -28.253  -31.694  34.265 0.0000000000
39816  -28.457  -31.284  33.518 0.0000000000
47603  -39.559  -23.576  13.161 0.0000000000
47551  -44.669  -23.911  17.435 0.0000000000
47553  -46.443  -23.750  17.238 0.0000000000
47552  -45.878  -23.937  16.851 0.0000000000
48469  -46.950  -22.356  16.904 0.0000000000
49437  -48.403  -21.545  17.671 0.0000000000
41757  -36.863  -30.055  34.942 0.0000000000
41773  -37.523  -29.776  34.477 0.0000000000
41807  -37.281  -29.556  32.171 0.0000000000
110602  -36.713  -29.448  31.279 0.0000000000
103543  -35.845  -29.371  31.003 0.0000000000
41827  -36.678  -29.507  30.350 0.0000000000
104300  -36.246  -29.361  23.980 0.0000000000
41913  -35.673  -29.387  23.212 0.0000000000
41941  -33.337  -29.590  21.090 0.0000000000
41940  -32.746  -29.604  21.734 0.0000000000
98698  -32.553  -29.607  20.914 0.0000000000
97719  -31.504  -29.574  19.878 0.0000000000
101658  -37.864  -26.408  16.652 0.0000000000
44768  -36.328  -26.449  15.569 0.0000000000
44769  -37.021  -26.356  15.818 0.0000000000
49390  -56.055  -20.695  21.966 0.0000000000
49411  -54.634  -20.953  20.590 0.0000000000
51017  -55.649  -19.508  20.974 0.0000000000
110688  -55.364  -19.073  20.087 0.0000000000
51040  -54.722  -19.146  19.334 0.0000000000
98270  -55.368  -18.805  20.459 0.0000000000
57227  -53.417  -11.418  23.164 0.0000000000
57957  -53.007  -10.946  23.179 0.0000000000
56411  -53.491  -12.545  23.053 0.0000000000
56481  -53.585  -13.188  18.268 0.0000000000
56466  -53.130  -13.658  18.916 0.0000000000
55582  -52.607  -14.619  17.362 0.0000000000
56480  -52.839  -14.048  17.053 0.0000000000
101081  -53.622  -13.556  16.147 0.0000000000
107081  -54.244  -13.354  15.585 0.0000000000
57317  -58.686  -12.715  15.235 0.0000000000
41679  -23.018  -29.102  40.164 0.0000000000
41733  -23.164  -29.874  36.935 0.0000000000
41732  -22.241  -29.737  36.805 0.0000000000
40760  -21.612  -30.329  34.997 0.0000000000
39798  -21.803  -30.883  34.089 0.0000000000
38812  -21.577  -32.837  29.444 0.0000000000
97557  -21.062  -33.087  27.997 0.0000000000
36877  -19.731  -34.549  25.981 0.0000000000
37839  -19.919  -33.775  27.032 0.0000000000
35970  -19.520  -35.161  26.495 0.0000000000
35096  -19.583  -36.059  26.165 0.0000000000
34076  -20.182  -37.565  25.496 0.0000000000
33211  -20.666  -38.310  24.081 0.0000000000
33194  -20.494  -37.961  24.816 0.0000000000
40856  -29.277  -30.167  28.134 0.0000000000
108537  -26.583  -30.464  25.091 0.0000000000
40877  -25.967  -30.634  25.531 0.0000000000
40884  -25.014  -30.778  24.144 0.0000000000
45621  -42.134  -25.048  19.025 0.0000000000
114235  -42.526  -24.493  18.641 0.0000000000
46549  -42.981  -24.625  19.271 0.0000000000
45583  -42.915  -25.827  21.204 0.0000000000
45584  -43.598  -25.447  21.454 0.0000000000
46526  -44.929  -24.708  21.091 0.0000000000
45598  -44.078  -24.981  20.938 0.0000000000
46536  -44.526  -24.596  20.266 0.0000000000
46550  -43.807  -24.569  19.727 0.0000000000
100182  -45.241  -24.354  19.810 0.0000000000
46527  -46.794  -24.435  20.994 0.0000000000
46539  -47.684  -24.446  20.413 0.0000000000
42810  -40.798  -28.782  33.242 0.0000000000
41811  -40.053  -29.202  32.007 0.0000000000
42827  -40.623  -28.801  32.258 0.0000000000
112699  -40.063  -28.687  29.839 0.0000000000
42864  -39.688  -28.839  29.248 0.0000000000
43748  -41.382  -27.640  27.803 0.0000000000
42882  -41.006  -27.899  28.672 0.0000000000
105996  -40.717  -27.992  27.880 0.0000000000
42925  -39.424  -28.291  25.723 0.0000000000
42909  -39.661  -28.366  26.678 0.0000000000
42924  -38.666  -28.558  25.484 0.0000000000
41901  -37.545  -28.943  24.681 0.0000000000
42936  -37.858  -28.731  24.135 0.0000000000
42950  -36.936  -28.837  22.092 0.0000000000
41957  -35.854  -28.986  20.891 0.0000000000
42962  -35.902  -28.724  19.985 0.0000000000
42963  -36.582  -28.580  20.361 0.0000000000
42972  -37.180  -28.216  19.853 0.0000000000
43831  -36.765  -27.667  18.420 0.0000000000
43822  -37.686  -27.758  19.368 0.0000000000
100919  -40.591  -27.496  22.594 0.0000000000
43825  -40.092  -27.005  19.890 0.0000000000
43824  -39.231  -27.313  19.711 0.0000000000
44742  -38.909  -27.095  18.869 0.0000000000
43833  -38.139  -27.387  18.912 0.0000000000
44751  -37.808  -26.746  17.285 0.0000000000
100709  -39.031  -26.681  18.074 0.0000000000
44743  -40.268  -26.186  18.397 0.0000000000
44753  -39.683  -26.245  17.933 0.0000000000
45631  -39.682  -25.788  17.422 0.0000000000
45644  -39.256  -25.628  16.792 0.0000000000
58755  -56.460  -9.162  19.560 0.0000000000
58756  -57.104  -9.589  18.678 0.0000000000
58001  -57.266  -10.631  18.312 0.0000000000
59636  -57.938  -9.256  17.158 0.0000000000
113791  -58.175  -9.199  16.518 0.0000000000
111378  -58.198  -10.822  15.955 0.0000000000
59652  -58.319  -9.105  15.879 0.0000000000
40722  -26.651  -31.260  38.974 0.0000000000
111848  -25.755  -31.450  37.560 0.0000000000
39760  -26.517  -32.043  37.614 0.0000000000
99229  -26.311  -32.658  36.106 0.0000000000
38721  -25.773  -32.455  36.172 0.0000000000
38735  -25.696  -32.732  35.429 0.0000000000
38748  -24.728  -33.080  34.189 0.0000000000
38736  -27.440  -32.750  35.996 0.0000000000
37747  -26.831  -32.862  35.347 0.0000000000
102962  -24.826  -33.457  32.672 0.0000000000
37764  -24.200  -33.578  32.591 0.0000000000
112198  -24.047  -33.667  32.120 0.0000000000
37785  -23.697  -33.544  30.970 0.0000000000
37770  -24.107  -33.630  31.448 0.0000000000
37803  -24.086  -33.354  28.828 0.0000000000
99021  -23.467  -33.435  29.077 0.0000000000
37813  -23.517  -33.375  28.261 0.0000000000
99773  -22.281  -33.449  26.943 0.0000000000
46594  -40.548  -24.316  16.595 0.0000000000
46605  -40.217  -24.034  15.783 0.0000000000
47562  -41.034  -23.668  16.036 0.0000000000
47579  -41.620  -23.480  15.372 0.0000000000
100518  -44.663  -23.983  16.586 0.0000000000
104006  -44.271  -23.979  15.834 0.0000000000
47607  -43.818  -24.251  13.819 0.0000000000
49463  -45.762  -21.496  15.401 0.0000000000
51064  -46.582  -20.038  15.057 0.0000000000
51083  -46.171  -19.290  13.164 0.0000000000
51951  -47.495  -18.755  14.309 0.0000000000
40765  -34.121  -31.159  36.310 0.0000000000
39775  -33.622  -31.337  36.465 0.0000000000
40795  -33.998  -30.356  34.305 0.0000000000
41767  -32.072  -30.052  32.947 0.0000000000
41768  -32.685  -29.846  32.782 0.0000000000
97535  -36.060  -29.793  33.698 0.0000000000
109306  -35.339  -29.683  33.312 0.0000000000
100574  -34.798  -29.500  32.546 0.0000000000
104282  -32.963  -29.484  30.661 0.0000000000
41803  -32.527  -29.603  31.248 0.0000000000
103519  -31.738  -29.584  29.927 0.0000000000
41840  -31.238  -29.640  29.301 0.0000000000
97733  -31.256  -29.627  27.083 0.0000000000
97532  -30.933  -29.665  27.869 0.0000000000
41868  -29.843  -29.907  26.304 0.0000000000
41880  -30.467  -29.718  25.669 0.0000000000
98165  -38.865  -29.383  31.142 0.0000000000
106765  -38.568  -29.424  30.261 0.0000000000
98514  -36.809  -29.548  28.585 0.0000000000
110608  -35.868  -29.509  28.636 0.0000000000
98512  -35.081  -29.497  24.948 0.0000000000
41885  -35.712  -29.494  25.610 0.0000000000
98097  -33.367  -29.503  25.336 0.0000000000
41883  -33.920  -29.491  25.799 0.0000000000
97730  -34.150  -29.452  27.359 0.0000000000
97725  -33.290  -29.492  26.209 0.0000000000
97726  -32.553  -29.510  26.678 0.0000000000
41882  -32.600  -29.520  25.754 0.0000000000
103761  -30.420  -29.590  23.381 0.0000000000
98595  -30.305  -29.653  24.119 0.0000000000
41908  -29.409  -29.776  23.813 0.0000000000
41920  -28.807  -29.713  22.923 0.0000000000
42989  -34.598  -28.400  17.924 0.0000000000
42664  -22.882  -28.754  41.930 0.0000000000
40698  -27.241  -30.531  41.674 0.0000000000
38690  -30.549  -32.396  39.810 0.0000000000
41736  -33.455  -29.862  37.640 0.0000000000
114195  -33.801  -30.920  37.135 0.0000000000
42745  -35.329  -29.518  35.748 0.0000000000
108905  -36.528  -26.635  36.249 0.0000000000
44496  -36.583  -27.613  35.734 0.0000000000
43666  -36.234  -28.314  35.574 0.0000000000
43667  -37.315  -28.694  35.688 0.0000000000
43649  -38.857  -28.187  36.321 0.0000000000
42749  -38.678  -28.995  35.998 0.0000000000
102428  -38.991  -29.158  35.860 0.0000000000
41749  -39.012  -29.352  35.506 0.0000000000
42750  -39.505  -28.963  35.824 0.0000000000
42751  -40.177  -28.714  35.730 0.0000000000
42752  -40.914  -28.382  35.549 0.0000000000
42790  -40.566  -28.865  34.273 0.0000000000
42771  -41.086  -28.430  34.819 0.0000000000
42792  -41.931  -28.038  33.759 0.0000000000
43701  -42.390  -27.712  33.047 0.0000000000
99468  -45.745  -25.826  27.010 0.0000000000
45483  -46.937  -25.521  27.647 0.0000000000
45503  -48.203  -25.004  26.849 0.0000000000
107665  -47.262  -25.374  26.901 0.0000000000
45502  -47.497  -25.100  26.146 0.0000000000
45524  -47.660  -24.839  25.526 0.0000000000
46482  -49.598  -24.471  24.919 0.0000000000
46497  -47.763  -24.528  23.238 0.0000000000
46498  -48.670  -24.506  23.600 0.0000000000
46515  -49.568  -24.449  22.298 0.0000000000
114890  -49.086  -24.494  21.887 0.0000000000
46530  -49.439  -24.401  21.511 0.0000000000
47476  -52.536  -23.799  23.078 0.0000000000
47491  -52.206  -23.663  22.448 0.0000000000
47516  -50.433  -23.513  20.807 0.0000000000
47515  -49.624  -23.779  20.448 0.0000000000
48443  -49.781  -22.580  19.484 0.0000000000
49409  -50.193  -21.805  19.151 0.0000000000
49438  -49.211  -21.171  17.918 0.0000000000
50224  -53.961  -20.588  19.843 0.0000000000
50223  -52.741  -20.807  19.517 0.0000000000
50250  -51.296  -20.254  18.324 0.0000000000
51046  -50.233  -19.860  17.320 0.0000000000
50248  -49.609  -20.415  17.460 0.0000000000
51054  -49.681  -19.735  16.838 0.0000000000
51931  -50.947  -18.454  16.293 0.0000000000
51930  -50.047  -18.629  16.006 0.0000000000
53739  -54.200  -16.556  21.153 0.0000000000
53740  -54.612  -17.237  20.951 0.0000000000
53769  -52.721  -16.325  17.256 0.0000000000
53770  -53.153  -17.072  17.828 0.0000000000
52808  -53.619  -17.621  18.314 0.0000000000
51933  -52.636  -18.029  17.088 0.0000000000
52817  -52.478  -17.354  16.618 0.0000000000
52834  -51.021  -17.013  14.697 0.0000000000
52826  -51.523  -17.181  15.490 0.0000000000
52842  -50.272  -17.072  13.166 0.0000000000
53815  -51.529  -16.450  12.115 0.0000000000
53836  -51.646  -16.815  11.176 0.0000000000
55612  -52.763  -14.921  14.312 0.0000000000
54718  -53.076  -14.863  13.358 0.0000000000
54746  -53.533  -15.590  11.507 0.0000000000
53838  -52.938  -16.159  11.156 0.0000000000
53863  -52.372  -16.768  10.826 0.0000000000
57283  -56.335  -12.172  18.262 0.0000000000
56498  -56.301  -13.206  15.797 0.0000000000
56509  -55.818  -13.434  14.870 0.0000000000
56519  -56.319  -13.899  14.191 0.0000000000
113924  -58.454  -13.954  15.195 0.0000000000
56511  -57.869  -13.890  15.492 0.0000000000
55626  -56.930  -14.627  13.950 0.0000000000
104005  -20.962  -29.604  37.217 0.0000000000
41695  -20.844  -29.449  37.977 0.0000000000
41730  -20.644  -29.853  36.696 0.0000000000
39796  -18.795  -31.753  34.431 0.0000000000
100320  -17.837  -33.612  32.997 0.0000000000
115772  -18.199  -34.748  31.202 0.0000000000
35908  -18.009  -34.914  31.736 0.0000000000
103190  -18.282  -35.404  31.064 0.0000000000
39771  -25.052  -31.842  36.217 0.0000000000
39770  -24.157  -31.219  35.927 0.0000000000
97460  -23.858  -31.961  34.745 0.0000000000
39829  -22.426  -32.010  32.760 0.0000000000
106740  -22.718  -31.452  33.981 0.0000000000
97244  -21.421  -31.442  32.917 0.0000000000
38811  -20.618  -32.530  29.586 0.0000000000
38826  -20.074  -32.670  29.053 0.0000000000
37800  -19.300  -33.394  29.351 0.0000000000
37783  -19.194  -32.941  30.100 0.0000000000
37799  -18.798  -33.817  29.932 0.0000000000
108482  -18.569  -33.525  30.761 0.0000000000
32380  -21.308  -39.645  25.462 0.0000000000
100175  -21.612  -40.303  25.978 0.0000000000
116596  -31.150  -31.098  35.105 0.0000000000
40804  -28.860  -30.647  32.079 0.0000000000
40791  -29.955  -30.699  33.459 0.0000000000
40803  -28.025  -30.948  31.932 0.0000000000
40816  -27.848  -30.843  31.187 0.0000000000
40839  -28.191  -30.427  29.083 0.0000000000
40840  -28.722  -30.370  29.760 0.0000000000
40843  -27.665  -30.533  28.418 0.0000000000
39875  -25.396  -31.636  27.578 0.0000000000
40837  -26.763  -31.003  29.321 0.0000000000
39850  -26.220  -31.306  28.959 0.0000000000
100892  -26.309  -31.428  29.761 0.0000000000
38829  -25.052  -32.452  29.010 0.0000000000
38838  -24.961  -32.271  28.204 0.0000000000
38857  -22.957  -32.990  24.938 0.0000000000
37843  -23.083  -33.204  25.809 0.0000000000
104675  -22.376  -33.403  25.263 0.0000000000
37869  -21.662  -33.802  23.942 0.0000000000
38903  -23.074  -31.929  21.161 0.0000000000
106222  -23.340  -31.733  21.889 0.0000000000
38902  -22.580  -32.654  21.132 0.0000000000
36068  -21.465  -35.359  20.411 0.0000000000
37888  -22.045  -33.493  21.580 0.0000000000
37887  -21.602  -34.270  21.453 0.0000000000
114026  -21.648  -33.989  22.075 0.0000000000
36959  -21.282  -35.119  21.310 0.0000000000
34176  -20.912  -37.435  21.404 0.0000000000
36031  -20.781  -35.605  22.294 0.0000000000
108778  -20.680  -36.159  22.300 0.0000000000
103813  -20.538  -35.812  22.903 0.0000000000
35160  -20.550  -36.762  22.717 0.0000000000
99088  -44.026  -26.420  24.510 0.0000000000
99756  -44.548  -26.298  25.117 0.0000000000
110267  -43.746  -26.580  28.436 0.0000000000
43772  -42.314  -27.293  25.468 0.0000000000
43773  -43.122  -27.002  25.384 0.0000000000
51979  -47.582  -18.633  11.535 0.0000000000
51991  -48.489  -18.679  10.979 0.0000000000
39761  -31.305  -32.135  37.920 0.0000000000
38726  -30.501  -32.302  37.631 0.0000000000
39788  -30.541  -31.703  36.113 0.0000000000
39804  -30.390  -31.295  35.199 0.0000000000
47592  -39.683  -23.569  14.012 0.0000000000
46568  -46.390  -24.205  18.362 0.0000000000
47539  -46.764  -24.019  17.930 0.0000000000
47554  -47.054  -23.547  17.655 0.0000000000
48459  -46.714  -23.176  17.045 0.0000000000
111812  -47.636  -23.203  18.151 0.0000000000
41759  -38.409  -29.598  35.133 0.0000000000
41774  -38.096  -29.715  34.713 0.0000000000
114557  -38.172  -29.693  33.892 0.0000000000
41791  -38.142  -29.632  32.769 0.0000000000
41808  -38.013  -29.519  31.816 0.0000000000
41943  -35.443  -29.292  21.595 0.0000000000
103301  -34.699  -29.505  21.953 0.0000000000
41955  -33.810  -29.481  20.394 0.0000000000
41968  -32.887  -29.573  19.609 0.0000000000
41967  -32.221  -29.600  19.192 0.0000000000
101405  -32.505  -29.460  18.340 0.0000000000
41996  -31.860  -29.463  17.667 0.0000000000
45643  -38.149  -26.078  16.377 0.0000000000
45653  -37.462  -25.841  15.432 0.0000000000
45664  -37.300  -25.500  14.741 0.0000000000
56449  -53.827  -12.510  21.201 0.0000000000
56489  -53.482  -13.517  16.993 0.0000000000
57281  -54.270  -12.837  17.412 0.0000000000
57296  -55.051  -12.718  16.844 0.0000000000
41680  -24.178  -29.446  39.877 0.0000000000
41697  -23.358  -29.521  38.357 0.0000000000
40747  -23.706  -30.460  36.416 0.0000000000
37826  -21.252  -33.366  27.164 0.0000000000
37840  -20.492  -33.615  26.644 0.0000000000
35985  -19.688  -35.658  25.305 0.0000000000
35107  -19.783  -36.604  25.416 0.0000000000
34096  -20.392  -37.492  24.108 0.0000000000
100724  -20.554  -37.795  23.574 0.0000000000
41867  -28.910  -30.163  26.619 0.0000000000
40880  -28.242  -30.271  26.030 0.0000000000
100879  -27.318  -30.371  25.088 0.0000000000
40892  -25.667  -30.476  23.547 0.0000000000
44744  -40.864  -26.038  18.898 0.0000000000
45619  -40.761  -25.521  18.255 0.0000000000
45607  -41.558  -25.805  19.479 0.0000000000
45608  -42.419  -25.371  19.756 0.0000000000
45570  -44.731  -25.285  22.500 0.0000000000
100183  -45.865  -24.544  21.137 0.0000000000
42828  -41.126  -28.381  31.680 0.0000000000
98237  -40.433  -28.743  31.360 0.0000000000
117221  -40.495  -28.420  29.989 0.0000000000
42865  -40.394  -28.413  29.290 0.0000000000
42910  -40.398  -27.956  26.528 0.0000000000
42943  -38.529  -28.373  23.986 0.0000000000
101115  -37.848  -28.462  22.490 0.0000000000
42957  -37.548  -28.451  21.525 0.0000000000
42965  -38.132  -28.091  20.930 0.0000000000
43808  -38.925  -27.783  21.194 0.0000000000
43811  -41.078  -27.221  22.012 0.0000000000
43818  -40.905  -26.997  21.215 0.0000000000
103936  -39.641  -26.653  18.582 0.0000000000
39748  -27.660  -32.130  38.920 0.0000000000
38697  -27.322  -32.337  38.090 0.0000000000
102601  -26.796  -32.574  36.694 0.0000000000
38722  -26.842  -32.698  36.284 0.0000000000
38767  -26.857  -32.634  34.026 0.0000000000
38750  -27.009  -32.804  34.736 0.0000000000
38782  -25.672  -33.087  32.816 0.0000000000
37771  -24.621  -33.360  31.127 0.0000000000
37786  -24.207  -33.518  30.411 0.0000000000
38798  -24.722  -33.180  30.324 0.0000000000
38814  -24.537  -33.161  29.504 0.0000000000
47548  -42.222  -23.666  16.979 0.0000000000
47580  -42.615  -23.557  15.381 0.0000000000
47582  -44.496  -24.091  15.045 0.0000000000
98359  -44.410  -24.105  14.352 0.0000000000
50268  -46.345  -20.747  15.456 0.0000000000
51076  -46.974  -19.356  14.607 0.0000000000
40766  -34.840  -30.793  35.792 0.0000000000
105154  -34.455  -31.047  36.045 0.0000000000
41806  -35.232  -29.424  31.735 0.0000000000
103545  -33.825  -29.450  30.746 0.0000000000
98519  -32.074  -29.525  29.183 0.0000000000
110579  -31.956  -29.541  27.065 0.0000000000
41841  -38.501  -29.431  29.301 0.0000000000
110834  -38.010  -29.542  29.660 0.0000000000
117180  -37.502  -29.505  28.182 0.0000000000
97734  -36.881  -29.497  27.664 0.0000000000
97729  -36.169  -29.474  27.081 0.0000000000
41911  -33.873  -29.519  23.640 0.0000000000
41910  -32.975  -29.516  23.838 0.0000000000
41898  -31.647  -29.547  24.732 0.0000000000
41922  -30.544  -29.533  22.524 0.0000000000
43830  -36.027  -27.875  18.223 0.0000000000
42728  -33.734  -29.070  37.156 0.0000000000
107528  -33.603  -27.932  38.024 0.0000000000
44483  -37.478  -26.317  36.717 0.0000000000
43668  -38.171  -28.462  36.047 0.0000000000
43683  -41.687  -27.967  35.283 0.0000000000
109198  -48.227  -25.305  28.399 0.0000000000
111526  -48.630  -25.082  27.857 0.0000000000
102094  -50.308  -24.359  25.295 0.0000000000
99425  -49.614  -24.482  23.880 0.0000000000
98198  -50.445  -24.340  22.518 0.0000000000
48397  -54.850  -22.408  22.676 0.0000000000
47507  -52.382  -23.247  21.931 0.0000000000
102853  -50.942  -22.750  20.519 0.0000000000
49425  -51.062  -21.526  19.397 0.0000000000
101008  -52.999  -19.600  18.478 0.0000000000
51038  -51.977  -19.607  18.111 0.0000000000
51056  -51.415  -18.859  16.992 0.0000000000
53727  -53.380  -16.275  22.047 0.0000000000
102856  -53.743  -16.336  21.724 0.0000000000
54685  -52.587  -15.381  17.782 0.0000000000
54676  -52.956  -15.508  18.817 0.0000000000
53785  -51.720  -16.580  15.036 0.0000000000
53795  -51.522  -16.421  14.177 0.0000000000
54773  -53.721  -16.178  10.879 0.0000000000
100593  -56.837  -12.417  17.577 0.0000000000
57298  -57.254  -12.332  17.282 0.0000000000
56499  -57.345  -13.354  16.022 0.0000000000
54719  -58.095  -15.412  13.531 0.0000000000
55627  -57.890  -14.810  14.297 0.0000000000
41713  -20.024  -29.723  37.998 0.0000000000
40759  -20.492  -30.348  35.241 0.0000000000
40745  -20.169  -30.184  36.130 0.0000000000
40773  -19.908  -30.745  34.629 0.0000000000
117278  -18.634  -32.272  33.284 0.0000000000
37756  -18.196  -32.787  33.171 0.0000000000
37762  -18.194  -33.034  32.377 0.0000000000
36802  -18.133  -34.117  31.448 0.0000000000
36814  -18.411  -34.519  30.595 0.0000000000
38747  -24.334  -32.568  34.509 0.0000000000
39800  -23.605  -32.289  34.055 0.0000000000
37809  -19.747  -33.067  28.748 0.0000000000
35938  -19.259  -35.316  28.226 0.0000000000
35921  -19.106  -35.714  28.976 0.0000000000
34046  -19.885  -37.711  28.015 0.0000000000
33177  -20.819  -38.840  27.524 0.0000000000
32358  -21.283  -39.517  27.234 0.0000000000
31524  -21.612  -40.203  26.831 0.0000000000
40792  -30.924  -30.500  33.516 0.0000000000
40806  -30.528  -30.367  32.667 0.0000000000
111757  -29.564  -30.398  31.725 0.0000000000
40864  -26.177  -30.741  26.389 0.0000000000
39876  -26.247  -30.924  27.232 0.0000000000
39874  -24.702  -32.225  27.248 0.0000000000
38850  -24.404  -32.227  26.507 0.0000000000
38858  -23.536  -32.603  25.398 0.0000000000
34208  -21.525  -37.652  20.072 0.0000000000
44713  -42.453  -26.366  21.809 0.0000000000
44701  -44.272  -25.707  22.997 0.0000000000
44685  -44.311  -26.001  23.777 0.0000000000
45554  -44.929  -25.443  23.300 0.0000000000
45556  -46.424  -24.893  23.949 0.0000000000
43728  -42.415  -27.315  29.865 0.0000000000
113960  -41.874  -27.442  28.423 0.0000000000
43759  -41.667  -27.523  27.013 0.0000000000
43760  -42.392  -27.297  26.874 0.0000000000
42911  -41.113  -27.615  26.324 0.0000000000
43785  -40.667  -27.717  24.849 0.0000000000
42945  -40.223  -27.747  23.763 0.0000000000
42953  -40.031  -27.693  23.122 0.0000000000
43805  -40.744  -27.611  23.402 0.0000000000
43806  -41.411  -27.319  22.879 0.0000000000
43787  -41.972  -27.407  24.227 0.0000000000
44712  -41.726  -26.868  22.076 0.0000000000
103704  -49.777  -19.575  10.514 0.0000000000
38712  -29.011  -32.665  38.332 0.0000000000
98148  -28.142  -32.689  37.526 0.0000000000
116664  -28.952  -32.630  37.708 0.0000000000
38724  -28.319  -32.638  36.809 0.0000000000
38737  -28.165  -32.436  35.742 0.0000000000
38738  -29.071  -32.203  36.290 0.0000000000
39801  -27.540  -32.292  34.440 0.0000000000
47538  -43.969  -23.801  18.092 0.0000000000
47550  -43.888  -23.701  17.341 0.0000000000
115283  -45.084  -24.084  16.908 0.0000000000
46596  -45.343  -24.041  16.522 0.0000000000
47583  -45.308  -23.601  15.582 0.0000000000
47596  -45.044  -23.136  14.947 0.0000000000
48479  -45.545  -22.667  15.532 0.0000000000
49464  -46.062  -22.241  16.047 0.0000000000
115835  -46.572  -22.003  16.455 0.0000000000
49451  -47.206  -21.372  16.564 0.0000000000
41747  -36.516  -30.224  35.048 0.0000000000
40768  -36.372  -30.282  35.028 0.0000000000
41790  -36.613  -29.647  32.996 0.0000000000
41887  -37.270  -29.194  25.340 0.0000000000
41886  -36.552  -29.408  25.430 0.0000000000
103539  -35.374  -29.479  24.102 0.0000000000
41926  -34.969  -29.476  22.745 0.0000000000
103538  -34.197  -29.542  22.802 0.0000000000
41939  -31.914  -29.566  21.527 0.0000000000
41952  -30.825  -29.500  20.525 0.0000000000
97720  -30.577  -29.480  19.632 0.0000000000
117110  -30.331  -29.465  18.265 0.0000000000
41982  -31.042  -29.515  18.204 0.0000000000
43851  -37.072  -27.021  17.248 0.0000000000
44758  -35.911  -26.784  16.134 0.0000000000
44759  -36.579  -26.644  16.211 0.0000000000
44774  -35.338  -26.401  14.425 0.0000000000
45663  -36.752  -25.969  15.003 0.0000000000
44783  -35.829  -26.049  13.884 0.0000000000
48415  -55.189  -21.639  21.802 0.0000000000
49388  -54.020  -21.559  20.881 0.0000000000
50226  -55.521  -20.012  20.657 0.0000000000
50225  -54.651  -19.932  19.662 0.0000000000
51911  -54.406  -18.503  18.935 0.0000000000
55532  -53.441  -13.695  22.991 0.0000000000
101305  -53.506  -14.548  22.147 0.0000000000
108696  -52.948  -14.026  19.667 0.0000000000
56448  -53.367  -13.354  19.952 0.0000000000
55576  -52.743  -14.498  18.479 0.0000000000
55602  -52.784  -14.483  15.613 0.0000000000
55613  -53.155  -14.273  14.781 0.0000000000
55603  -53.368  -13.830  15.520 0.0000000000
56507  -53.860  -13.877  14.214 0.0000000000
56517  -54.700  -13.767  13.735 0.0000000000
58033  -58.134  -11.889  16.084 0.0000000000
57309  -58.207  -12.621  15.902 0.0000000000
97946  -58.745  -14.266  14.595 0.0000000000
41678  -21.891  -29.186  39.186 0.0000000000
41715  -21.608  -29.509  37.439 0.0000000000
41716  -22.572  -29.502  37.719 0.0000000000
41743  -21.040  -29.986  35.930 0.0000000000
40774  -20.809  -30.611  34.347 0.0000000000
39812  -20.439  -31.208  33.047 0.0000000000
37784  -23.248  -33.321  31.338 0.0000000000
38797  -22.401  -32.883  30.850 0.0000000000
38827  -20.860  -32.803  28.806 0.0000000000
37810  -20.227  -32.984  28.310 0.0000000000
100203  -19.604  -34.135  27.377 0.0000000000
33184  -20.398  -38.122  26.276 0.0000000000
33212  -20.938  -38.880  24.879 0.0000000000
41821  -30.586  -29.940  30.429 0.0000000000
116853  -29.950  -30.113  30.204 0.0000000000
41820  -29.533  -30.162  29.613 0.0000000000
40844  -28.469  -30.355  28.282 0.0000000000
40854  -27.929  -30.409  27.642 0.0000000000
40867  -28.139  -30.330  26.879 0.0000000000
112141  -27.521  -30.462  27.081 0.0000000000
40865  -26.903  -30.559  26.780 0.0000000000
115090  -25.067  -30.918  25.170 0.0000000000
39903  -24.442  -31.323  24.577 0.0000000000
46593  -39.721  -24.749  16.340 0.0000000000
46578  -40.905  -24.542  17.346 0.0000000000
45633  -41.209  -24.864  18.005 0.0000000000
46579  -41.756  -24.212  17.598 0.0000000000
46580  -42.555  -24.093  17.981 0.0000000000
46565  -43.879  -24.097  18.945 0.0000000000
46552  -45.658  -24.197  19.007 0.0000000000
46553  -46.623  -24.322  19.205 0.0000000000
46554  -47.428  -24.330  19.500 0.0000000000
46555  -48.181  -24.303  19.771 0.0000000000
41794  -40.106  -29.272  33.673 0.0000000000
41793  -39.655  -29.430  32.874 0.0000000000
42845  -39.663  -28.957  30.182 0.0000000000
101069  -39.133  -29.233  29.748 0.0000000000
41861  -38.407  -29.157  27.380 0.0000000000
99828  -37.832  -29.217  26.613 0.0000000000
42881  -40.165  -28.442  28.369 0.0000000000
42895  -39.596  -28.629  27.678 0.0000000000
41862  -39.011  -28.789  27.135 0.0000000000
107845  -38.481  -28.932  26.702 0.0000000000
113166  -37.699  -29.134  25.883 0.0000000000
110620  -36.482  -29.199  23.319 0.0000000000
41929  -37.071  -28.897  22.966 0.0000000000
41928  -36.311  -29.164  22.605 0.0000000000
41971  -35.221  -29.064  20.252 0.0000000000
41970  -34.724  -29.083  19.711 0.0000000000
42979  -34.379  -28.808  18.564 0.0000000000
42969  -34.856  -28.793  19.036 0.0000000000
42980  -35.530  -28.414  18.769 0.0000000000
42971  -36.480  -28.379  19.582 0.0000000000
42981  -36.292  -28.168  18.892 0.0000000000
43815  -38.697  -27.700  20.335 0.0000000000
43816  -39.495  -27.438  20.555 0.0000000000
43842  -37.313  -27.225  17.903 0.0000000000
97194  -38.595  -25.769  16.386 0.0000000000
57998  -55.785  -11.044  20.475 0.0000000000
110887  -56.729  -11.249  18.907 0.0000000000
58015  -57.137  -11.321  18.285 0.0000000000
58016  -57.558  -11.246  17.537 0.0000000000
58032  -57.876  -11.584  16.723 0.0000000000
59614  -57.413  -8.735  18.077 0.0000000000
58789  -58.075  -11.137  16.277 0.0000000000
58798  -58.316  -11.349  15.576 0.0000000000
58808  -58.435  -10.771  14.741 0.0000000000
40721  -25.929  -30.643  39.011 0.0000000000
103240  -24.939  -30.718  37.546 0.0000000000
40734  -25.592  -30.899  38.160 0.0000000000
110824  -25.235  -32.461  35.605 0.0000000000
97190  -24.202  -32.934  33.879 0.0000000000
37733  -26.228  -32.859  35.329 0.0000000000
37746  -26.370  -32.990  34.623 0.0000000000
37745  -25.604  -33.130  34.313 0.0000000000
37744  -24.907  -33.303  33.887 0.0000000000
37758  -24.502  -33.423  33.183 0.0000000000
37763  -23.916  -33.575  32.427 0.0000000000
98308  -23.024  -33.327  30.457 0.0000000000
37801  -22.666  -33.281  29.429 0.0000000000
97633  -22.056  -33.322  27.783 0.0000000000
37841  -21.448  -33.529  26.319 0.0000000000
36879  -20.825  -33.986  25.060 0.0000000000
41906  -26.998  -30.133  23.184 0.0000000000
47577  -39.926  -23.716  14.898 0.0000000000
47593  -40.589  -23.444  14.187 0.0000000000
47604  -40.812  -23.505  13.244 0.0000000000
103218  -43.194  -23.853  14.607 0.0000000000
47594  -42.745  -23.840  13.991 0.0000000000
51950  -46.783  -18.971  13.770 0.0000000000
51958  -46.803  -18.784  12.800 0.0000000000
51960  -48.153  -18.064  13.189 0.0000000000
52840  -48.778  -17.816  13.787 0.0000000000
39790  -32.924  -31.522  36.418 0.0000000000
40764  -33.176  -31.232  35.734 0.0000000000
40777  -32.444  -30.684  34.701 0.0000000000
40778  -33.527  -30.788  35.020 0.0000000000
40793  -31.801  -30.346  33.674 0.0000000000
41785  -31.807  -29.987  32.268 0.0000000000
41771  -35.508  -30.114  34.208 0.0000000000
41770  -34.542  -29.822  33.522 0.0000000000
41787  -33.234  -29.672  32.308 0.0000000000
41786  -32.487  -29.782  31.991 0.0000000000
41802  -31.740  -29.801  31.434 0.0000000000
106486  -31.061  -29.731  29.961 0.0000000000
97232  -30.091  -29.876  27.997 0.0000000000
41878  -29.027  -30.100  25.669 0.0000000000
41895  -28.558  -30.072  24.256 0.0000000000
114999  -39.202  -29.482  32.474 0.0000000000
41809  -38.716  -29.482  32.030 0.0000000000
41828  -37.746  -29.524  30.310 0.0000000000
98515  -36.190  -29.537  29.352 0.0000000000
98516  -35.008  -29.471  29.097 0.0000000000
97737  -34.311  -29.452  28.242 0.0000000000
97722  -36.368  -29.477  26.224 0.0000000000
98513  -34.191  -29.504  25.106 0.0000000000
41884  -34.732  -29.503  25.879 0.0000000000
110636  -35.149  -29.455  27.446 0.0000000000
110804  -33.606  -29.457  27.839 0.0000000000
110615  -33.032  -29.459  27.873 0.0000000000
115089  -31.983  -29.542  25.386 0.0000000000
41881  -31.214  -29.594  25.537 0.0000000000
41896  -29.869  -29.766  24.574 0.0000000000
41907  -28.506  -29.925  23.590 0.0000000000
43862  -35.103  -26.936  15.907 0.0000000000
44610  -45.208  -25.908  27.612 0.0000000000
101934  -45.780  -25.702  28.353 0.0000000000
106576  -46.503  -25.581  28.358 0.0000000000
42677  -22.479  -28.986  40.943 0.0000000000
41663  -23.786  -29.177  40.557 0.0000000000
42679  -24.223  -28.984  41.642 0.0000000000
98349  -25.021  -29.736  40.335 0.0000000000
40708  -26.634  -30.981  39.864 0.0000000000
39734  -27.264  -31.581  39.435 0.0000000000
39749  -28.306  -32.342  39.288 0.0000000000
38699  -28.883  -32.565  39.081 0.0000000000
38689  -29.735  -32.453  39.980 0.0000000000
38700  -29.810  -32.587  39.061 0.0000000000
38701  -30.624  -32.448  38.925 0.0000000000
38702  -31.262  -32.190  38.670 0.0000000000
39762  -31.775  -31.882  38.291 0.0000000000
99894  -32.244  -31.615  37.938 0.0000000000
41745  -34.956  -30.526  35.884 0.0000000000
42746  -36.087  -29.298  35.541 0.0000000000
101610  -36.731  -29.875  35.246 0.0000000000
104049  -37.382  -29.536  35.378 0.0000000000
41748  -37.856  -29.603  35.297 0.0000000000
42731  -40.062  -28.474  36.217 0.0000000000
41776  -39.866  -29.264  34.615 0.0000000000
43700  -41.834  -27.984  32.181 0.0000000000
109966  -42.291  -27.625  31.570 0.0000000000
43702  -43.165  -27.270  32.525 0.0000000000
43711  -43.018  -27.240  31.508 0.0000000000
43720  -43.063  -27.021  30.470 0.0000000000
105895  -44.408  -26.244  28.033 0.0000000000
45500  -45.850  -25.772  26.343 0.0000000000
45522  -46.048  -25.544  25.440 0.0000000000
45501  -46.681  -25.447  26.212 0.0000000000
105012  -46.654  -25.049  24.756 0.0000000000
45540  -47.204  -24.671  24.139 0.0000000000
46427  -49.156  -24.680  27.249 0.0000000000
46464  -48.988  -24.640  26.312 0.0000000000
46463  -48.155  -24.638  25.136 0.0000000000
46496  -46.933  -24.643  23.437 0.0000000000
46513  -47.838  -24.474  21.990 0.0000000000
46499  -49.271  -24.495  23.053 0.0000000000
99912  -48.075  -24.450  21.113 0.0000000000
47514  -48.901  -24.097  20.075 0.0000000000
46501  -51.849  -24.175  23.436 0.0000000000
110954  -50.834  -24.133  22.054 0.0000000000
47506  -51.465  -23.761  21.956 0.0000000000
47505  -49.914  -24.092  21.112 0.0000000000
47529  -48.492  -23.642  19.300 0.0000000000
49423  -48.845  -22.010  18.453 0.0000000000
49408  -49.516  -22.137  18.935 0.0000000000
50247  -48.762  -20.782  17.315 0.0000000000
100854  -49.070  -19.495  16.302 0.0000000000
51067  -49.250  -18.847  15.758 0.0000000000
51940  -48.820  -18.569  15.202 0.0000000000
51952  -48.802  -18.167  14.559 0.0000000000
51923  -53.760  -18.156  18.326 0.0000000000
108726  -53.796  -15.863  20.711 0.0000000000
103565  -53.901  -16.312  20.223 0.0000000000
54677  -53.544  -16.338  19.282 0.0000000000
51932  -51.921  -18.107  16.549 0.0000000000
51943  -51.301  -17.791  15.894 0.0000000000
52825  -50.240  -17.561  14.884 0.0000000000
52841  -49.560  -17.454  13.519 0.0000000000
52851  -49.612  -17.397  12.600 0.0000000000
53803  -50.903  -16.709  12.680 0.0000000000
52863  -51.104  -17.382  10.882 0.0000000000
54717  -52.417  -15.504  13.922 0.0000000000
53837  -52.210  -16.294  11.605 0.0000000000
98186  -55.267  -13.179  15.518 0.0000000000
56518  -55.440  -13.614  14.114 0.0000000000
56500  -57.957  -13.247  15.951 0.0000000000
41677  -21.087  -29.284  38.907 0.0000000000
41714  -20.376  -29.756  37.364 0.0000000000
113454  -19.819  -30.000  37.459 0.0000000000
40758  -19.554  -30.682  35.590 0.0000000000
35896  -18.067  -35.712  31.967 0.0000000000
36801  -17.833  -34.329  32.319 0.0000000000
97328  -23.398  -30.714  35.805 0.0000000000
39799  -23.182  -31.364  34.611 0.0000000000
116597  -22.417  -30.817  34.552 0.0000000000
39827  -19.758  -31.583  32.478 0.0000000000
38788  -21.577  -32.290  31.250 0.0000000000
38787  -20.398  -32.006  31.183 0.0000000000
38810  -19.850  -32.500  29.789 0.0000000000
39840  -20.222  -31.689  31.894 0.0000000000
38786  -19.450  -32.104  31.628 0.0000000000
35912  -18.586  -35.344  30.177 0.0000000000
35048  -18.907  -35.998  29.732 0.0000000000
39803  -29.907  -31.041  34.362 0.0000000000
39817  -29.122  -31.182  34.086 0.0000000000
39831  -27.457  -31.509  32.485 0.0000000000
39841  -26.653  -31.701  31.422 0.0000000000
40832  -29.275  -30.303  30.407 0.0000000000
40831  -28.419  -30.538  30.633 0.0000000000
40842  -26.895  -30.826  28.615 0.0000000000
40830  -27.687  -30.782  30.530 0.0000000000
39842  -27.206  -31.179  30.898 0.0000000000
39846  -26.482  -31.553  30.592 0.0000000000
39845  -25.762  -32.056  30.255 0.0000000000
38828  -24.518  -32.887  28.572 0.0000000000
37814  -24.071  -33.144  28.025 0.0000000000
38836  -24.050  -32.899  27.164 0.0000000000
37842  -22.411  -33.461  26.102 0.0000000000
40898  -25.421  -30.361  22.637 0.0000000000
40891  -24.831  -30.697  23.223 0.0000000000
39923  -24.105  -31.054  22.919 0.0000000000
39922  -23.560  -31.644  22.671 0.0000000000
38877  -23.263  -32.244  23.241 0.0000000000
114569  -21.829  -33.928  20.933 0.0000000000
38887  -22.543  -32.823  22.110 0.0000000000
37870  -22.250  -33.377  23.558 0.0000000000
105797  -21.675  -33.836  23.253 0.0000000000
36032  -21.003  -35.225  21.979 0.0000000000
36922  -21.042  -34.400  23.423 0.0000000000
36921  -20.540  -35.124  23.313 0.0000000000
36900  -20.400  -34.845  23.984 0.0000000000
35138  -20.429  -37.116  23.441 0.0000000000
35177  -20.747  -36.741  21.910 0.0000000000
35195  -21.266  -36.791  20.401 0.0000000000
36052  -20.931  -35.922  21.686 0.0000000000
36937  -21.293  -34.608  22.021 0.0000000000
37757  -24.042  -33.515  32.977 0.0000000000
37827  -22.946  -33.439  27.628 0.0000000000
37861  -21.634  -33.709  24.728 0.0000000000
37880  -22.033  -33.502  22.625 0.0000000000
38710  -27.021  -32.484  37.318 0.0000000000
38780  -23.024  -32.725  32.356 0.0000000000
39758  -24.557  -30.927  36.669 0.0000000000
39810  -18.964  -31.801  33.676 0.0000000000
39811  -19.635  -31.379  33.323 0.0000000000
39832  -28.241  -31.113  32.745 0.0000000000
39913  -23.750  -31.638  23.449 0.0000000000
40746  -22.841  -30.189  36.193 0.0000000000
40838  -27.415  -30.678  29.220 0.0000000000
40866  -27.547  -30.405  26.387 0.0000000000
40886  -26.885  -30.365  24.455 0.0000000000
40897  -24.595  -30.633  22.296 0.0000000000
41823  -32.151  -29.579  30.636 0.0000000000
41824  -33.419  -29.450  29.916 0.0000000000
41839  -30.404  -29.884  29.568 0.0000000000
41859  -31.760  -29.534  27.738 0.0000000000
41919  -27.813  -29.916  22.995 0.0000000000
41924  -33.308  -29.546  22.992 0.0000000000
41954  -33.102  -29.600  20.278 0.0000000000
41981  -29.688  -29.410  18.288 0.0000000000
41986  -34.248  -29.130  19.237 0.0000000000
44761  -38.490  -26.261  16.907 0.0000000000
59637  -58.161  -10.142  16.347 0.0000000000
97716  -30.406  -29.467  18.771 0.0000000000
97792  -32.109  -29.532  23.996 0.0000000000
98837  -38.251  -28.893  26.057 0.0000000000
99041  -23.326  -29.316  39.323 0.0000000000
100118  -24.863  -32.197  27.711 0.0000000000
100795  -34.984  -29.339  21.037 0.0000000000
106412  -21.578  -31.759  32.408 0.0000000000
107027  -22.178  -33.349  20.629 0.0000000000
107975  -22.918  -32.272  21.763 0.0000000000
108802  -23.462  -32.178  23.889 0.0000000000
110719  -29.155  -29.990  24.773 0.0000000000
112248  -34.700  -29.467  26.744 0.0000000000
114298  -25.655  -31.164  26.812 0.0000000000
114442  -19.654  -32.836  29.380 0.0000000000
115786  -20.903  -32.225  30.787 0.0000000000
116600  -42.409  -27.196  28.266 0.0000000000
116741  -35.654  -30.521  34.930 0.0000000000
117638  -33.652  -29.581  31.968 0.0000000000
