#!ascii label  , from subject sub-v2s8x29213_ses-1 vox2ras=TkReg
348
58579  -25.477  -11.703  -39.855 0.0000000000
55278  -21.966  -15.329  -39.260 0.0000000000
55255  -26.814  -14.934  -37.319 0.0000000000
52473  -23.031  -18.481  -36.559 0.0000000000
68650  -25.022  0.578  -41.679 0.0000000000
102823  -27.086  -2.761  -39.558 0.0000000000
61994  -22.571  -8.030  -42.677 0.0000000000
49944  -21.653  -21.390  -35.023 0.0000000000
110984  -22.985  -16.691  -38.315 0.0000000000
52483  -20.435  -17.748  -37.248 0.0000000000
109987  -26.236  -1.189  -40.258 0.0000000000
65433  -23.584  -3.796  -42.206 0.0000000000
57839  -21.948  -11.587  -41.254 0.0000000000
60216  -20.768  -9.335  -41.641 0.0000000000
60218  -24.165  -9.828  -42.032 0.0000000000
61973  -26.223  -7.371  -40.230 0.0000000000
60178  -27.572  -9.190  -38.417 0.0000000000
59341  -28.260  -10.875  -37.693 0.0000000000
113656  -20.835  -13.125  -39.738 0.0000000000
56170  -23.494  -14.250  -40.337 0.0000000000
57814  -26.332  -13.052  -38.453 0.0000000000
55269  -24.316  -15.311  -38.944 0.0000000000
53421  -25.356  -16.901  -36.728 0.0000000000
114760  -26.115  -19.882  -36.889 0.0000000000
62872  -21.042  -5.742  -42.634 0.0000000000
63735  -25.084  -5.365  -40.979 0.0000000000
63713  -27.984  -5.208  -38.269 0.0000000000
51616  -19.910  -18.951  -36.080 0.0000000000
51603  -22.480  -19.932  -35.731 0.0000000000
53416  -20.397  -17.104  -37.684 0.0000000000
108902  -19.559  -17.889  -36.494 0.0000000000
66222  -23.705  -2.057  -42.332 0.0000000000
104404  -22.282  -3.604  -42.829 0.0000000000
58588  -24.563  -11.782  -41.188 0.0000000000
59390  -23.199  -10.593  -42.132 0.0000000000
59381  -25.144  -10.418  -40.853 0.0000000000
97939  -26.005  -9.140  -40.207 0.0000000000
60196  -26.589  -10.076  -39.305 0.0000000000
114492  -27.966  -9.684  -38.015 0.0000000000
59357  -26.737  -10.779  -38.809 0.0000000000
56157  -21.577  -14.675  -39.458 0.0000000000
57062  -22.147  -13.403  -40.394 0.0000000000
56169  -22.820  -14.497  -40.052 0.0000000000
56161  -24.339  -14.692  -39.921 0.0000000000
55280  -23.332  -15.298  -39.611 0.0000000000
53419  -22.700  -17.700  -37.289 0.0000000000
54332  -23.615  -16.490  -38.038 0.0000000000
53406  -24.803  -17.871  -36.438 0.0000000000
52486  -26.201  -18.675  -36.664 0.0000000000
52475  -25.343  -19.069  -36.233 0.0000000000
68649  -24.297  0.294  -42.271 0.0000000000
101556  -23.635  0.890  -42.579 0.0000000000
69527  -24.794  1.935  -42.674 0.0000000000
70338  -26.029  3.149  -42.493 0.0000000000
102430  -26.437  1.091  -40.558 0.0000000000
66980  -26.214  -1.884  -40.280 0.0000000000
60225  -21.297  -9.023  -42.223 0.0000000000
61992  -21.097  -7.739  -42.438 0.0000000000
109114  -22.055  -6.789  -42.743 0.0000000000
63746  -23.350  -5.352  -42.257 0.0000000000
62865  -23.141  -6.868  -42.555 0.0000000000
62810  -27.791  -6.758  -38.400 0.0000000000
63711  -26.725  -6.090  -39.718 0.0000000000
99906  -28.701  -5.715  -37.706 0.0000000000
57019  -26.851  -14.142  -37.621 0.0000000000
102787  -27.938  -13.203  -37.447 0.0000000000
50726  -19.989  -20.956  -34.713 0.0000000000
105231  -20.881  -19.913  -35.556 0.0000000000
51617  -20.935  -19.201  -36.031 0.0000000000
50738  -22.133  -20.650  -35.424 0.0000000000
54347  -20.871  -16.141  -38.421 0.0000000000
54358  -22.167  -15.748  -39.003 0.0000000000
53434  -20.967  -16.692  -38.132 0.0000000000
53418  -21.833  -17.542  -37.652 0.0000000000
52485  -22.077  -18.199  -37.001 0.0000000000
107675  -24.244  -0.541  -42.118 0.0000000000
68641  -25.474  -0.054  -40.972 0.0000000000
66989  -24.591  -1.355  -41.679 0.0000000000
66212  -24.879  -2.160  -41.273 0.0000000000
66200  -25.362  -2.865  -40.800 0.0000000000
104581  -20.522  -11.658  -40.257 0.0000000000
59388  -21.973  -10.270  -41.920 0.0000000000
59394  -22.290  -9.779  -42.305 0.0000000000
61074  -22.853  -8.992  -42.592 0.0000000000
61984  -24.208  -7.801  -41.899 0.0000000000
61065  -24.843  -8.252  -41.385 0.0000000000
61962  -26.800  -7.859  -39.476 0.0000000000
61947  -28.162  -7.784  -38.074 0.0000000000
107226  -29.158  -8.980  -37.545 0.0000000000
101266  -22.296  -22.723  -34.663 0.0000000000
109413  -22.740  -21.495  -35.294 0.0000000000
57834  -21.056  -12.379  -40.255 0.0000000000
57836  -22.787  -12.874  -40.890 0.0000000000
57837  -24.454  -12.677  -40.995 0.0000000000
112589  -25.766  -12.191  -39.279 0.0000000000
57054  -25.100  -13.430  -39.591 0.0000000000
114572  -25.547  -14.160  -38.488 0.0000000000
56134  -25.943  -14.972  -37.623 0.0000000000
54350  -23.218  -16.099  -38.709 0.0000000000
55252  -24.683  -15.471  -37.980 0.0000000000
54334  -26.087  -16.309  -36.965 0.0000000000
53422  -26.775  -17.802  -36.877 0.0000000000
52487  -27.186  -19.467  -37.804 0.0000000000
68643  -27.012  0.838  -40.024 0.0000000000
111674  -22.361  -4.454  -42.699 0.0000000000
116051  -24.340  -4.411  -41.596 0.0000000000
103036  -26.030  -4.061  -40.386 0.0000000000
62852  -24.950  -6.390  -41.116 0.0000000000
63726  -26.589  -5.360  -39.913 0.0000000000
65395  -27.631  -3.738  -38.625 0.0000000000
57815  -27.036  -12.398  -38.164 0.0000000000
106641  -29.146  -12.186  -37.244 0.0000000000
52457  -19.477  -18.461  -36.063 0.0000000000
52470  -20.549  -18.429  -36.693 0.0000000000
52471  -21.474  -18.632  -36.610 0.0000000000
51619  -22.774  -19.237  -36.097 0.0000000000
50739  -23.047  -20.733  -35.523 0.0000000000
51604  -23.317  -20.002  -35.751 0.0000000000
51621  -24.698  -19.732  -36.042 0.0000000000
65442  -20.807  -3.357  -42.947 0.0000000000
109838  -24.934  -11.130  -40.948 0.0000000000
60195  -25.908  -10.065  -40.125 0.0000000000
58580  -26.065  -10.828  -39.567 0.0000000000
58567  -26.198  -11.520  -39.071 0.0000000000
55277  -21.280  -15.258  -39.046 0.0000000000
56149  -20.647  -14.808  -38.999 0.0000000000
56158  -22.429  -14.895  -39.636 0.0000000000
56159  -23.089  -14.932  -39.842 0.0000000000
55279  -22.658  -15.344  -39.444 0.0000000000
53405  -23.638  -17.704  -36.772 0.0000000000
52474  -24.145  -18.643  -36.300 0.0000000000
69518  -24.471  1.118  -42.472 0.0000000000
69519  -25.347  1.392  -41.813 0.0000000000
70330  -25.683  2.244  -42.078 0.0000000000
69511  -26.189  1.749  -41.077 0.0000000000
69510  -25.786  0.847  -41.068 0.0000000000
66190  -26.683  -2.323  -39.874 0.0000000000
66969  -26.747  -1.567  -39.778 0.0000000000
66191  -27.325  -2.060  -39.254 0.0000000000
65379  -27.536  -2.881  -38.921 0.0000000000
61072  -21.694  -8.567  -42.517 0.0000000000
61071  -21.002  -8.409  -42.252 0.0000000000
62850  -20.258  -6.832  -42.200 0.0000000000
62864  -22.622  -7.166  -42.691 0.0000000000
115438  -22.858  -6.605  -42.626 0.0000000000
107049  -29.055  -6.966  -37.618 0.0000000000
62811  -28.512  -6.489  -37.808 0.0000000000
56135  -27.427  -14.514  -37.245 0.0000000000
107139  -27.816  -15.174  -36.979 0.0000000000
50727  -20.764  -20.980  -34.944 0.0000000000
50737  -20.249  -20.319  -35.238 0.0000000000
49954  -21.229  -20.532  -35.320 0.0000000000
112721  -20.269  -16.072  -38.257 0.0000000000
54331  -20.360  -16.556  -38.026 0.0000000000
53417  -21.046  -17.314  -37.733 0.0000000000
52484  -21.190  -17.995  -37.237 0.0000000000
66999  -23.892  -1.277  -42.285 0.0000000000
67798  -24.976  -0.742  -41.365 0.0000000000
106611  -23.636  -2.973  -42.245 0.0000000000
66211  -24.371  -2.706  -41.684 0.0000000000
115935  -24.855  -2.762  -41.227 0.0000000000
65421  -24.847  -3.353  -41.218 0.0000000000
58594  -22.322  -11.005  -41.695 0.0000000000
59391  -23.836  -10.552  -42.063 0.0000000000
59395  -22.740  -9.917  -42.368 0.0000000000
59396  -23.368  -9.967  -42.339 0.0000000000
60227  -22.502  -9.374  -42.482 0.0000000000
60229  -23.487  -9.251  -42.403 0.0000000000
61064  -24.174  -8.789  -42.030 0.0000000000
60219  -24.783  -9.175  -41.418 0.0000000000
110980  -26.438  -9.485  -39.679 0.0000000000
61042  -26.609  -8.792  -39.620 0.0000000000
61043  -27.206  -8.594  -38.941 0.0000000000
61963  -27.459  -7.851  -38.658 0.0000000000
61026  -27.870  -8.451  -38.257 0.0000000000
61027  -28.638  -8.345  -37.732 0.0000000000
60179  -28.320  -9.067  -37.871 0.0000000000
59358  -27.943  -10.259  -37.926 0.0000000000
59342  -28.752  -9.950  -37.558 0.0000000000
58553  -29.921  -11.116  -37.445 0.0000000000
48160  -22.781  -23.396  -34.520 0.0000000000
57827  -20.275  -12.384  -39.704 0.0000000000
57061  -21.502  -13.035  -40.204 0.0000000000
57063  -22.854  -13.815  -40.453 0.0000000000
57064  -23.528  -13.281  -40.853 0.0000000000
57068  -24.026  -12.854  -41.185 0.0000000000
57065  -24.175  -13.537  -40.658 0.0000000000
57066  -24.732  -13.118  -40.334 0.0000000000
57053  -24.599  -13.978  -40.132 0.0000000000
55281  -24.017  -15.206  -39.694 0.0000000000
56150  -24.497  -14.878  -39.343 0.0000000000
55270  -25.120  -14.786  -38.357 0.0000000000
54349  -22.403  -16.320  -38.612 0.0000000000
54359  -22.871  -15.711  -39.197 0.0000000000
54333  -24.401  -16.156  -37.585 0.0000000000
110007  -25.153  -15.930  -37.306 0.0000000000
55253  -25.530  -15.421  -37.535 0.0000000000
52476  -26.770  -20.322  -37.727 0.0000000000
51632  -27.550  -20.637  -38.409 0.0000000000
67788  -25.604  -0.899  -40.717 0.0000000000
68642  -26.292  0.371  -40.473 0.0000000000
67789  -26.215  -0.436  -40.354 0.0000000000
60207  -20.261  -9.569  -40.963 0.0000000000
63743  -19.788  -5.085  -42.405 0.0000000000
63744  -20.499  -5.029  -42.595 0.0000000000
64623  -21.265  -4.295  -42.866 0.0000000000
63755  -21.969  -5.023  -42.739 0.0000000000
63747  -23.876  -5.414  -41.863 0.0000000000
103227  -24.396  -4.992  -41.532 0.0000000000
64606  -24.854  -4.313  -41.204 0.0000000000
64597  -25.605  -4.584  -40.632 0.0000000000
61985  -24.902  -7.324  -41.265 0.0000000000
62839  -25.592  -6.911  -40.691 0.0000000000
63712  -27.280  -5.484  -39.166 0.0000000000
64584  -27.510  -4.618  -38.884 0.0000000000
116001  -26.947  -4.695  -39.624 0.0000000000
97216  -28.752  -4.123  -37.689 0.0000000000
57813  -25.678  -12.857  -39.067 0.0000000000
106347  -26.307  -12.260  -38.709 0.0000000000
57801  -28.586  -12.697  -37.319 0.0000000000
50736  -19.535  -19.624  -35.363 0.0000000000
107003  -19.378  -19.023  -35.646 0.0000000000
51618  -21.930  -19.254  -36.111 0.0000000000
52472  -22.270  -18.755  -36.478 0.0000000000
51605  -24.219  -20.302  -35.827 0.0000000000
108035  -19.942  -16.879  -37.622 0.0000000000
53415  -19.844  -17.464  -37.144 0.0000000000
66221  -22.709  -2.224  -42.814 0.0000000000
65432  -22.966  -3.295  -42.648 0.0000000000
58595  -23.006  -11.246  -41.798 0.0000000000
58596  -23.836  -11.392  -41.744 0.0000000000
60208  -24.773  -9.965  -41.347 0.0000000000
60209  -25.346  -9.569  -40.795 0.0000000000
60197  -26.989  -9.368  -39.123 0.0000000000
60177  -27.307  -10.018  -38.516 0.0000000000
108339  -27.474  -10.839  -38.196 0.0000000000
106955  -20.723  -13.975  -39.358 0.0000000000
57052  -21.529  -13.775  -39.839 0.0000000000
56168  -22.260  -14.242  -39.959 0.0000000000
56171  -24.120  -14.348  -40.273 0.0000000000
56160  -23.765  -14.909  -40.032 0.0000000000
53436  -22.466  -17.081  -38.042 0.0000000000
107749  -23.224  -17.134  -37.672 0.0000000000
53420  -24.095  -16.883  -37.022 0.0000000000
67807  -22.864  0.242  -42.426 0.0000000000
70322  -26.826  2.317  -40.618 0.0000000000
67780  -26.798  -0.788  -39.802 0.0000000000
62849  -19.269  -6.966  -41.520 0.0000000000
62863  -21.261  -6.714  -42.608 0.0000000000
62873  -21.727  -5.936  -42.713 0.0000000000
62874  -22.488  -6.162  -42.668 0.0000000000
63745  -23.059  -6.119  -42.538 0.0000000000
63734  -24.364  -5.871  -41.576 0.0000000000
62827  -26.748  -6.897  -39.634 0.0000000000
62840  -26.256  -6.536  -40.237 0.0000000000
62828  -27.254  -6.391  -39.051 0.0000000000
63694  -27.866  -6.005  -38.348 0.0000000000
57035  -26.234  -13.792  -38.169 0.0000000000
57036  -27.102  -13.288  -37.819 0.0000000000
57020  -27.653  -13.879  -37.343 0.0000000000
50725  -19.415  -20.309  -34.879 0.0000000000
51601  -20.264  -19.620  -35.646 0.0000000000
51602  -21.620  -19.898  -35.673 0.0000000000
55266  -20.606  -15.533  -38.623 0.0000000000
55267  -21.450  -15.709  -38.806 0.0000000000
54348  -21.584  -16.222  -38.551 0.0000000000
53435  -21.688  -16.853  -38.167 0.0000000000
67806  -21.908  -0.371  -42.684 0.0000000000
67808  -23.690  0.056  -42.434 0.0000000000
116990  -24.780  -0.095  -41.654 0.0000000000
66990  -25.189  -1.464  -41.032 0.0000000000
104291  -24.309  -1.909  -41.857 0.0000000000
116683  -25.749  -1.506  -40.577 0.0000000000
66979  -25.566  -2.077  -40.688 0.0000000000
66201  -26.126  -2.599  -40.366 0.0000000000
65408  -26.071  -3.374  -40.392 0.0000000000
59387  -21.015  -10.144  -41.476 0.0000000000
59389  -22.595  -10.417  -42.082 0.0000000000
60217  -21.640  -9.631  -42.102 0.0000000000
60226  -22.018  -9.233  -42.471 0.0000000000
61073  -22.351  -8.712  -42.593 0.0000000000
100064  -22.831  -8.420  -42.638 0.0000000000
61995  -23.036  -7.710  -42.650 0.0000000000
61075  -23.463  -8.334  -42.446 0.0000000000
61972  -25.536  -7.795  -40.773 0.0000000000
61053  -25.447  -8.687  -40.805 0.0000000000
61054  -26.145  -8.276  -40.219 0.0000000000
109091  -27.274  -7.172  -38.951 0.0000000000
117545  -27.771  -7.339  -38.405 0.0000000000
61949  -29.894  -7.243  -37.674 0.0000000000
61935  -29.751  -7.929  -37.620 0.0000000000
61013  -29.327  -8.292  -37.581 0.0000000000
107180  -27.465  -15.920  -36.982 0.0000000000
49049  -21.613  -22.275  -34.618 0.0000000000
58587  -21.313  -11.629  -40.790 0.0000000000
57835  -21.928  -12.407  -40.739 0.0000000000
57840  -22.596  -11.910  -41.350 0.0000000000
57841  -23.456  -12.282  -41.376 0.0000000000
57842  -24.119  -12.241  -41.373 0.0000000000
57838  -24.894  -12.288  -40.540 0.0000000000
57828  -25.246  -12.603  -39.760 0.0000000000
57034  -25.579  -13.594  -38.807 0.0000000000
56162  -24.921  -14.222  -39.252 0.0000000000
56151  -26.037  -14.422  -37.883 0.0000000000
55268  -23.593  -15.566  -39.216 0.0000000000
54351  -23.952  -15.832  -38.474 0.0000000000
55254  -26.481  -15.681  -37.157 0.0000000000
54335  -27.322  -17.029  -37.014 0.0000000000
53423  -27.704  -18.668  -37.784 0.0000000000
68632  -26.906  0.008  -39.910 0.0000000000
64624  -21.650  -3.918  -42.951 0.0000000000
101291  -22.749  -5.273  -42.557 0.0000000000
64605  -23.831  -4.583  -41.934 0.0000000000
65420  -24.227  -3.735  -41.717 0.0000000000
65407  -25.440  -3.753  -40.746 0.0000000000
61996  -23.610  -7.298  -42.285 0.0000000000
115458  -26.282  -5.884  -40.227 0.0000000000
63725  -25.946  -5.327  -40.435 0.0000000000
64598  -26.318  -4.663  -40.180 0.0000000000
65409  -26.635  -3.914  -39.932 0.0000000000
65394  -27.173  -3.422  -39.489 0.0000000000
65380  -28.173  -3.009  -38.326 0.0000000000
58568  -26.914  -11.553  -38.452 0.0000000000
58550  -27.667  -11.631  -37.883 0.0000000000
57800  -27.803  -12.500  -37.663 0.0000000000
58551  -28.558  -11.749  -37.479 0.0000000000
52469  -19.913  -18.174  -36.687 0.0000000000
109184  -23.798  -20.767  -35.629 0.0000000000
51620  -23.659  -19.321  -36.049 0.0000000000
58552  -29.311  -11.576  -37.350 0.0000000000
58589  -25.052  -11.592  -40.623 0.0000000000
58593  -21.547  -10.935  -41.402 0.0000000000
59372  -25.419  -10.956  -40.334 0.0000000000
59380  -24.468  -10.762  -41.528 0.0000000000
60228  -22.890  -9.511  -42.505 0.0000000000
61948  -29.013  -7.655  -37.605 0.0000000000
61993  -21.975  -7.768  -42.700 0.0000000000
62851  -24.267  -6.820  -41.730 0.0000000000
62866  -23.626  -6.257  -42.125 0.0000000000
63754  -21.230  -5.048  -42.696 0.0000000000
64585  -28.104  -4.407  -38.113 0.0000000000
64613  -23.059  -4.349  -42.472 0.0000000000
65393  -26.653  -3.067  -39.969 0.0000000000
66178  -27.895  -2.307  -38.640 0.0000000000
102407  -29.063  -10.917  -37.408 0.0000000000
103971  -28.362  -7.167  -37.937 0.0000000000
105524  -25.687  -6.071  -40.599 0.0000000000
116866  -27.224  -4.089  -39.400 0.0000000000
