#!ascii label  , from subject sub-v2s8x29213_ses-1 vox2ras=TkReg
1614
114819  49.628  -9.662  8.848 0.0000000000
104223  40.905  -24.582  28.462 0.0000000000
37243  26.481  -32.056  31.455 0.0000000000
37209  20.399  -31.224  34.568 0.0000000000
41095  36.581  -27.272  36.876 0.0000000000
113782  30.538  -26.688  26.270 0.0000000000
51369  46.004  -16.802  9.719 0.0000000000
58426  57.276  -8.007  7.377 0.0000000000
51263  49.552  -16.260  18.670 0.0000000000
44708  43.683  -24.604  18.036 0.0000000000
99484  33.788  -23.580  17.951 0.0000000000
38153  29.032  -29.652  37.708 0.0000000000
38219  23.589  -30.866  32.627 0.0000000000
117379  25.049  -29.414  39.465 0.0000000000
39264  31.264  -29.365  35.054 0.0000000000
54840  52.570  -12.599  18.059 0.0000000000
44498  43.830  -23.608  33.783 0.0000000000
44545  45.555  -23.367  28.657 0.0000000000
46438  46.390  -22.349  23.697 0.0000000000
100154  41.762  -23.252  23.415 0.0000000000
44710  37.876  -23.012  17.961 0.0000000000
44622  37.645  -23.815  23.581 0.0000000000
40256  25.659  -28.734  24.211 0.0000000000
42202  27.815  -26.732  21.277 0.0000000000
98795  53.378  -9.466  8.132 0.0000000000
56746  53.744  -11.174  3.563 0.0000000000
37280  24.601  -32.381  26.926 0.0000000000
117988  21.795  -33.287  26.596 0.0000000000
42069  38.597  -26.508  31.941 0.0000000000
42120  36.295  -26.364  27.422 0.0000000000
117000  33.820  -27.800  30.743 0.0000000000
105703  28.479  -28.269  30.107 0.0000000000
54899  46.567  -12.409  10.144 0.0000000000
39189  21.906  -29.547  42.623 0.0000000000
36324  18.059  -32.241  37.440 0.0000000000
111681  54.740  -7.221  13.671 0.0000000000
58348  50.442  -8.285  13.987 0.0000000000
54867  48.641  -12.809  14.306 0.0000000000
51300  47.967  -16.471  14.362 0.0000000000
49348  43.635  -18.585  15.280 0.0000000000
50266  50.445  -16.895  24.648 0.0000000000
48373  44.754  -19.293  19.994 0.0000000000
45632  43.302  -24.223  14.664 0.0000000000
44796  39.674  -23.651  13.448 0.0000000000
43814  32.039  -25.008  21.993 0.0000000000
40110  28.922  -28.108  40.873 0.0000000000
112782  26.629  -29.503  37.967 0.0000000000
40111  27.239  -28.556  40.773 0.0000000000
40123  30.958  -28.431  39.732 0.0000000000
43709  42.757  -24.453  30.950 0.0000000000
43740  43.952  -23.718  28.514 0.0000000000
43779  44.820  -23.570  26.087 0.0000000000
44569  41.457  -23.664  26.213 0.0000000000
106503  39.764  -23.422  23.058 0.0000000000
43781  38.984  -24.213  25.915 0.0000000000
38284  24.531  -30.793  23.123 0.0000000000
39363  24.823  -29.429  21.843 0.0000000000
57559  51.042  -9.554  8.361 0.0000000000
56699  51.799  -10.816  6.680 0.0000000000
55826  49.847  -11.223  6.908 0.0000000000
37271  25.675  -32.125  28.927 0.0000000000
114337  24.282  -32.826  27.039 0.0000000000
36383  24.614  -32.606  29.085 0.0000000000
38211  22.065  -30.621  33.741 0.0000000000
37259  21.012  -31.654  31.027 0.0000000000
36365  19.759  -32.676  31.855 0.0000000000
35375  18.864  -33.617  32.906 0.0000000000
42856  40.156  -25.956  35.333 0.0000000000
41121  37.654  -27.225  34.684 0.0000000000
41142  36.318  -27.278  31.998 0.0000000000
101302  35.090  -27.824  33.669 0.0000000000
38216  28.797  -30.213  33.449 0.0000000000
40185  29.764  -28.897  32.401 0.0000000000
39292  27.633  -30.246  31.526 0.0000000000
38256  25.990  -30.353  28.076 0.0000000000
53105  46.972  -14.712  10.741 0.0000000000
51406  47.990  -16.168  8.100 0.0000000000
104522  47.229  -17.722  7.980 0.0000000000
35340  16.816  -33.254  38.615 0.0000000000
56616  49.180  -10.536  14.262 0.0000000000
56582  51.285  -10.425  16.227 0.0000000000
52132  51.434  -14.996  18.311 0.0000000000
52149  50.482  -15.013  16.349 0.0000000000
51282  48.882  -16.317  16.295 0.0000000000
50395  45.485  -17.672  15.262 0.0000000000
50364  46.702  -17.415  17.062 0.0000000000
44652  45.084  -23.998  21.328 0.0000000000
47383  45.900  -20.641  22.070 0.0000000000
46495  45.075  -22.760  19.660 0.0000000000
46526  43.744  -21.873  17.813 0.0000000000
107758  43.871  -24.669  16.266 0.0000000000
43898  41.771  -24.700  13.885 0.0000000000
44740  41.161  -23.585  16.218 0.0000000000
110388  36.860  -23.288  15.691 0.0000000000
101282  33.065  -26.529  26.629 0.0000000000
114828  34.624  -25.856  25.190 0.0000000000
42968  31.834  -25.904  24.239 0.0000000000
43035  28.779  -25.662  19.204 0.0000000000
58472  58.759  -8.300  3.496 0.0000000000
58474  56.755  -8.705  3.894 0.0000000000
37204  27.612  -31.317  34.544 0.0000000000
37234  25.337  -31.810  32.412 0.0000000000
38195  26.556  -31.029  34.696 0.0000000000
38184  24.356  -30.244  35.180 0.0000000000
105659  22.371  -30.310  37.108 0.0000000000
41089  34.929  -27.396  38.643 0.0000000000
40152  33.916  -28.362  36.055 0.0000000000
40134  32.604  -28.548  38.043 0.0000000000
113715  29.800  -30.010  36.180 0.0000000000
110831  52.961  -10.365  18.324 0.0000000000
52117  52.077  -15.008  20.607 0.0000000000
119572  46.520  -22.856  26.020 0.0000000000
44617  44.951  -23.812  23.307 0.0000000000
117097  42.759  -23.292  21.083 0.0000000000
45598  40.639  -22.715  18.491 0.0000000000
44672  39.973  -23.058  20.723 0.0000000000
100323  37.812  -23.404  20.734 0.0000000000
99268  35.211  -23.610  19.889 0.0000000000
107069  28.377  -27.359  25.950 0.0000000000
107056  29.365  -26.491  23.959 0.0000000000
41244  26.732  -27.709  23.206 0.0000000000
57572  55.045  -9.119  7.763 0.0000000000
57592  54.833  -9.605  5.346 0.0000000000
56711  53.298  -10.626  5.903 0.0000000000
115826  22.846  -31.577  30.362 0.0000000000
42866  41.616  -25.608  33.980 0.0000000000
107221  39.383  -25.593  30.379 0.0000000000
42930  37.792  -25.723  27.645 0.0000000000
42093  37.215  -26.396  29.365 0.0000000000
41185  35.397  -27.178  29.051 0.0000000000
42109  32.170  -26.960  28.198 0.0000000000
40182  32.415  -28.497  32.840 0.0000000000
41162  30.799  -27.712  30.107 0.0000000000
41200  29.336  -27.361  27.555 0.0000000000
119238  27.171  -28.449  27.384 0.0000000000
38267  25.011  -30.440  26.060 0.0000000000
56660  47.274  -10.908  9.579 0.0000000000
54936  48.303  -12.415  7.520 0.0000000000
54070  48.286  -13.512  8.646 0.0000000000
39199  23.653  -29.909  40.970 0.0000000000
38146  21.560  -30.570  38.550 0.0000000000
110763  20.028  -30.948  40.259 0.0000000000
36334  18.966  -31.900  36.193 0.0000000000
58379  56.170  -8.427  10.412 0.0000000000
58382  53.709  -8.522  10.553 0.0000000000
107951  52.217  -8.419  10.943 0.0000000000
58370  49.788  -8.942  11.326 0.0000000000
56626  48.273  -10.159  12.633 0.0000000000
55768  47.371  -11.822  12.621 0.0000000000
53090  47.440  -14.976  12.334 0.0000000000
54852  50.730  -13.191  16.140 0.0000000000
53073  48.740  -14.876  14.292 0.0000000000
51329  46.591  -16.626  12.063 0.0000000000
50430  44.641  -17.579  12.250 0.0000000000
49389  42.496  -18.749  12.428 0.0000000000
51232  49.522  -16.219  21.630 0.0000000000
48330  48.153  -19.196  24.487 0.0000000000
49289  46.883  -18.023  21.911 0.0000000000
50316  47.109  -17.183  20.383 0.0000000000
49317  44.429  -18.680  18.257 0.0000000000
47472  42.111  -20.714  15.161 0.0000000000
44760  38.747  -23.077  15.505 0.0000000000
42951  36.536  -25.417  25.606 0.0000000000
99253  35.044  -24.627  23.123 0.0000000000
44680  32.997  -24.109  20.117 0.0000000000
43014  29.831  -25.657  21.399 0.0000000000
101215  31.160  -24.643  20.071 0.0000000000
107928  28.059  -28.369  40.761 0.0000000000
41057  27.808  -26.410  41.506 0.0000000000
43728  41.645  -24.629  29.611 0.0000000000
43726  43.412  -24.139  30.272 0.0000000000
106381  41.895  -24.214  28.311 0.0000000000
106683  42.843  -23.763  27.657 0.0000000000
107451  40.713  -24.190  27.390 0.0000000000
43780  39.867  -23.933  26.299 0.0000000000
100054  39.706  -24.614  27.462 0.0000000000
100065  50.426  -9.301  9.064 0.0000000000
56686  50.444  -10.489  7.405 0.0000000000
56687  49.520  -10.651  7.574 0.0000000000
37254  26.229  -32.047  30.555 0.0000000000
36382  25.224  -32.562  29.001 0.0000000000
36374  25.511  -32.352  30.549 0.0000000000
37208  21.140  -30.854  34.098 0.0000000000
37238  20.736  -31.485  32.782 0.0000000000
36355  20.105  -31.921  33.141 0.0000000000
35374  19.342  -33.166  32.302 0.0000000000
105057  19.599  -32.416  33.463 0.0000000000
41989  36.250  -25.988  38.053 0.0000000000
106209  37.404  -26.282  37.126 0.0000000000
42017  37.892  -26.832  36.141 0.0000000000
41114  37.079  -27.381  35.336 0.0000000000
102631  36.671  -27.458  34.246 0.0000000000
41115  36.222  -27.616  35.101 0.0000000000
38218  27.595  -31.272  32.473 0.0000000000
38226  27.928  -30.587  32.298 0.0000000000
38227  27.394  -31.105  31.740 0.0000000000
38235  26.615  -31.341  30.356 0.0000000000
51368  46.581  -16.216  10.043 0.0000000000
52269  47.064  -16.197  8.900 0.0000000000
50493  46.376  -17.294  8.581 0.0000000000
104764  52.624  -7.843  17.540 0.0000000000
58312  51.632  -8.962  16.301 0.0000000000
57464  51.870  -9.548  16.698 0.0000000000
52133  50.942  -15.513  18.590 0.0000000000
52142  50.211  -15.693  17.446 0.0000000000
51264  48.779  -16.536  18.262 0.0000000000
113667  47.422  -17.106  17.205 0.0000000000
113579  47.882  -16.935  17.913 0.0000000000
44669  44.756  -24.552  19.585 0.0000000000
119385  44.965  -24.391  19.737 0.0000000000
43854  44.777  -24.827  18.306 0.0000000000
44720  44.643  -24.882  17.625 0.0000000000
110564  44.070  -24.994  17.252 0.0000000000
44739  42.544  -24.471  15.896 0.0000000000
99602  43.155  -24.399  17.387 0.0000000000
101405  32.207  -26.608  26.784 0.0000000000
42166  32.084  -26.178  25.026 0.0000000000
42151  31.369  -26.428  25.624 0.0000000000
59293  57.993  -7.977  5.092 0.0000000000
58447  57.280  -8.250  5.460 0.0000000000
100022  28.294  -30.632  36.094 0.0000000000
37196  27.285  -31.118  34.995 0.0000000000
109463  27.492  -30.543  36.179 0.0000000000
39225  26.182  -29.310  38.771 0.0000000000
39250  25.526  -29.797  36.819 0.0000000000
39237  24.873  -29.616  37.651 0.0000000000
38156  23.401  -30.090  36.940 0.0000000000
39227  23.798  -29.874  38.606 0.0000000000
109648  33.609  -26.487  39.658 0.0000000000
40133  33.481  -28.210  38.306 0.0000000000
40121  32.849  -27.920  39.427 0.0000000000
39234  29.772  -29.434  37.791 0.0000000000
119451  30.446  -29.285  37.829 0.0000000000
38165  29.312  -30.138  36.421 0.0000000000
99235  28.738  -30.669  35.208 0.0000000000
44521  45.507  -23.284  30.574 0.0000000000
45490  46.759  -22.560  29.843 0.0000000000
45500  47.351  -22.077  29.427 0.0000000000
45518  47.063  -22.246  27.416 0.0000000000
118793  45.942  -23.230  27.517 0.0000000000
44600  43.566  -23.366  24.681 0.0000000000
119555  44.901  -23.624  24.827 0.0000000000
99488  43.697  -23.380  23.876 0.0000000000
44635  44.015  -23.753  22.405 0.0000000000
108733  42.105  -23.170  22.554 0.0000000000
116671  41.745  -23.041  21.161 0.0000000000
44637  41.179  -23.242  22.499 0.0000000000
44621  38.435  -23.671  23.651 0.0000000000
105414  38.595  -23.443  22.146 0.0000000000
104860  37.766  -23.517  22.118 0.0000000000
100322  36.976  -23.469  20.634 0.0000000000
105197  36.800  -23.677  22.271 0.0000000000
40248  26.781  -28.105  25.311 0.0000000000
41234  27.555  -27.426  24.373 0.0000000000
40255  26.173  -28.211  23.689 0.0000000000
57556  54.313  -9.319  7.970 0.0000000000
107228  54.507  -9.468  7.199 0.0000000000
57573  53.797  -9.713  7.356 0.0000000000
55852  52.351  -11.895  5.238 0.0000000000
36415  24.336  -32.691  25.375 0.0000000000
35440  24.123  -33.025  25.651 0.0000000000
108323  24.896  -31.614  32.475 0.0000000000
37245  24.266  -31.712  31.475 0.0000000000
37246  23.264  -31.299  31.386 0.0000000000
36388  19.962  -32.894  30.136 0.0000000000
36387  20.613  -32.375  29.725 0.0000000000
42042  39.496  -26.499  34.540 0.0000000000
42855  40.642  -25.789  34.878 0.0000000000
42891  40.251  -26.129  32.905 0.0000000000
100264  40.250  -25.740  32.028 0.0000000000
42068  39.516  -26.126  32.050 0.0000000000
42912  38.414  -25.860  29.821 0.0000000000
42082  38.088  -26.339  30.702 0.0000000000
41143  35.490  -27.540  31.333 0.0000000000
41157  35.954  -27.236  30.457 0.0000000000
102094  34.076  -27.599  30.154 0.0000000000
41187  33.620  -27.188  28.787 0.0000000000
41172  33.283  -27.446  29.570 0.0000000000
40153  32.244  -28.893  35.359 0.0000000000
40170  33.493  -28.348  34.060 0.0000000000
40172  31.750  -28.810  33.557 0.0000000000
40195  29.497  -28.482  31.500 0.0000000000
40194  30.398  -28.342  31.654 0.0000000000
41163  30.004  -27.689  29.854 0.0000000000
41176  29.966  -27.466  29.117 0.0000000000
41192  28.792  -27.675  28.422 0.0000000000
41201  28.410  -27.690  27.623 0.0000000000
40217  27.973  -28.033  28.341 0.0000000000
38257  25.522  -31.077  27.764 0.0000000000
39325  25.752  -30.127  27.321 0.0000000000
37279  24.831  -31.501  26.504 0.0000000000
55803  46.786  -11.764  9.633 0.0000000000
54925  47.097  -12.138  8.924 0.0000000000
54911  47.235  -12.804  9.183 0.0000000000
52285  48.704  -15.892  8.068 0.0000000000
39188  22.699  -29.531  42.299 0.0000000000
38136  22.258  -30.341  39.221 0.0000000000
38126  21.412  -30.486  40.579 0.0000000000
37172  17.949  -31.884  38.685 0.0000000000
37179  18.594  -31.506  38.518 0.0000000000
111119  19.318  -31.205  38.331 0.0000000000
36329  18.469  -32.118  36.805 0.0000000000
36335  18.591  -32.781  35.338 0.0000000000
36336  18.017  -33.092  35.858 0.0000000000
59235  57.584  -7.808  10.278 0.0000000000
114934  55.337  -8.285  12.378 0.0000000000
58355  54.553  -8.292  12.192 0.0000000000
58383  52.933  -8.472  10.780 0.0000000000
59209  53.615  -8.081  12.340 0.0000000000
59183  51.002  -7.709  13.785 0.0000000000
108202  50.707  -8.273  12.363 0.0000000000
58357  49.951  -8.669  12.324 0.0000000000
57519  48.714  -9.537  11.431 0.0000000000
57509  49.291  -9.157  12.757 0.0000000000
55744  49.424  -11.272  14.727 0.0000000000
55755  48.268  -11.323  13.581 0.0000000000
54873  48.085  -12.707  13.665 0.0000000000
54027  47.309  -13.387  12.505 0.0000000000
110771  48.336  -13.426  13.953 0.0000000000
55700  52.587  -11.574  17.878 0.0000000000
110830  51.779  -11.942  17.000 0.0000000000
54841  51.963  -12.730  17.353 0.0000000000
52159  49.100  -15.805  15.174 0.0000000000
52158  49.523  -15.320  15.352 0.0000000000
51299  48.551  -16.101  14.634 0.0000000000
52181  48.084  -15.792  13.376 0.0000000000
51316  47.112  -16.721  13.455 0.0000000000
109881  46.239  -17.015  12.857 0.0000000000
50419  46.009  -17.276  13.581 0.0000000000
49347  44.561  -18.134  15.493 0.0000000000
49375  44.111  -17.953  13.879 0.0000000000
49363  43.358  -18.529  14.420 0.0000000000
49364  42.534  -19.065  14.094 0.0000000000
51221  49.511  -16.455  22.724 0.0000000000
101818  47.464  -21.199  25.435 0.0000000000
48311  48.648  -19.868  25.954 0.0000000000
47343  47.395  -20.757  24.686 0.0000000000
106893  45.573  -20.171  21.404 0.0000000000
49281  46.670  -18.961  22.311 0.0000000000
49290  46.266  -18.555  21.539 0.0000000000
50300  46.547  -17.707  21.071 0.0000000000
49307  45.736  -18.025  19.944 0.0000000000
115850  45.696  -17.909  19.129 0.0000000000
49309  44.559  -18.942  19.117 0.0000000000
112468  43.358  -23.456  15.244 0.0000000000
47442  42.837  -20.849  16.804 0.0000000000
98948  42.838  -22.846  14.600 0.0000000000
46580  42.138  -22.206  13.812 0.0000000000
45643  42.849  -23.643  13.987 0.0000000000
43926  42.237  -24.485  13.275 0.0000000000
44795  40.710  -24.214  13.725 0.0000000000
43928  41.195  -24.720  12.510 0.0000000000
45587  39.084  -22.824  18.870 0.0000000000
45612  39.483  -22.690  17.467 0.0000000000
45613  38.594  -22.796  17.528 0.0000000000
100319  36.922  -23.384  13.813 0.0000000000
42931  37.147  -25.889  27.528 0.0000000000
43772  37.617  -25.407  26.629 0.0000000000
102318  36.333  -25.794  26.246 0.0000000000
42996  33.044  -25.297  23.257 0.0000000000
42980  34.854  -25.105  23.781 0.0000000000
107875  33.657  -24.697  22.093 0.0000000000
43825  33.652  -24.365  21.309 0.0000000000
100050  32.900  -24.675  21.627 0.0000000000
42191  28.753  -26.466  22.480 0.0000000000
42190  29.478  -26.204  22.689 0.0000000000
42201  28.574  -26.385  21.614 0.0000000000
43034  29.558  -25.297  19.605 0.0000000000
43857  30.705  -24.455  18.402 0.0000000000
101652  54.053  -10.565  3.968 0.0000000000
57605  54.671  -10.064  3.968 0.0000000000
54090  49.417  -13.193  6.594 0.0000000000
39222  28.727  -29.334  38.604 0.0000000000
38154  28.205  -29.910  37.533 0.0000000000
40125  28.388  -28.896  39.649 0.0000000000
39207  27.538  -28.989  39.653 0.0000000000
40112  26.470  -28.740  41.068 0.0000000000
103439  30.126  -28.611  39.756 0.0000000000
43683  43.069  -24.767  32.947 0.0000000000
43681  44.429  -23.680  33.077 0.0000000000
43708  43.627  -24.259  31.309 0.0000000000
113260  44.610  -23.651  29.989 0.0000000000
43738  45.089  -23.589  28.292 0.0000000000
115715  45.159  -23.568  27.189 0.0000000000
43754  44.013  -23.725  27.553 0.0000000000
44567  43.259  -23.545  26.386 0.0000000000
114773  41.376  -23.470  24.927 0.0000000000
99845  40.650  -23.354  23.216 0.0000000000
44602  40.414  -23.607  24.825 0.0000000000
44603  39.380  -23.746  24.796 0.0000000000
44605  37.974  -23.996  24.396 0.0000000000
39358  24.680  -29.962  23.427 0.0000000000
39357  24.935  -29.329  22.891 0.0000000000
39364  24.607  -30.095  22.545 0.0000000000
57557  52.619  -9.307  8.576 0.0000000000
56683  53.060  -10.038  7.356 0.0000000000
56685  51.347  -10.394  7.296 0.0000000000
56700  50.808  -11.036  6.737 0.0000000000
110268  25.379  -32.018  28.177 0.0000000000
109039  24.350  -32.713  26.826 0.0000000000
36390  24.728  -32.650  28.248 0.0000000000
36391  24.082  -32.730  28.341 0.0000000000
36392  22.996  -32.336  28.332 0.0000000000
38210  22.980  -30.549  33.359 0.0000000000
37236  22.790  -30.938  32.072 0.0000000000
37237  21.648  -31.085  32.389 0.0000000000
107223  20.288  -32.167  31.453 0.0000000000
34528  18.982  -33.972  31.946 0.0000000000
42030  38.822  -26.635  35.475 0.0000000000
41129  38.175  -27.033  34.052 0.0000000000
42070  37.818  -26.813  32.270 0.0000000000
41130  37.346  -27.208  33.631 0.0000000000
41132  35.513  -27.632  32.596 0.0000000000
41133  34.640  -27.916  32.788 0.0000000000
39274  29.550  -29.843  33.757 0.0000000000
39282  30.053  -29.275  33.210 0.0000000000
39283  29.241  -29.566  33.019 0.0000000000
39291  28.229  -29.729  31.952 0.0000000000
40204  27.863  -28.958  30.501 0.0000000000
39315  27.047  -29.157  28.917 0.0000000000
39304  26.689  -29.942  29.277 0.0000000000
38254  25.816  -31.306  28.495 0.0000000000
54046  46.804  -13.841  10.451 0.0000000000
53148  47.530  -14.623  9.351 0.0000000000
52268  47.633  -15.580  8.763 0.0000000000
50506  47.707  -17.042  7.809 0.0000000000
36311  17.267  -32.260  39.901 0.0000000000
35339  17.202  -32.897  38.030 0.0000000000
35350  17.490  -33.508  36.409 0.0000000000
35351  17.006  -34.029  36.936 0.0000000000
59154  51.364  -8.054  15.452 0.0000000000
58336  49.991  -8.922  14.173 0.0000000000
57489  50.434  -9.273  14.921 0.0000000000
56599  50.522  -10.544  15.488 0.0000000000
55731  50.091  -11.268  15.283 0.0000000000
53043  51.938  -14.048  17.929 0.0000000000
53052  51.539  -14.085  17.370 0.0000000000
102186  50.577  -15.253  16.933 0.0000000000
52143  49.711  -15.868  16.777 0.0000000000
51283  48.092  -16.644  15.909 0.0000000000
50393  47.338  -16.811  14.657 0.0000000000
50379  47.310  -16.930  15.541 0.0000000000
99225  45.935  -17.527  15.834 0.0000000000
49346  45.263  -17.843  16.086 0.0000000000
45556  45.633  -23.356  22.614 0.0000000000
101835  46.424  -21.593  23.332 0.0000000000
46455  45.580  -23.201  21.777 0.0000000000
112977  45.383  -21.899  20.940 0.0000000000
47404  44.513  -21.380  19.423 0.0000000000
47414  43.905  -20.580  18.807 0.0000000000
45596  44.444  -22.964  17.904 0.0000000000
103070  44.050  -23.864  16.520 0.0000000000
44737  43.478  -24.526  15.363 0.0000000000
43886  42.771  -24.829  14.304 0.0000000000
44757  42.769  -24.766  14.876 0.0000000000
44758  41.258  -23.941  15.285 0.0000000000
101025  40.199  -23.511  14.861 0.0000000000
100600  37.081  -23.289  17.984 0.0000000000
44726  37.242  -23.211  17.292 0.0000000000
44744  36.482  -23.341  16.727 0.0000000000
44763  35.383  -23.409  15.113 0.0000000000
100318  35.187  -23.379  13.382 0.0000000000
42122  34.851  -26.626  27.238 0.0000000000
42148  35.310  -25.989  25.787 0.0000000000
118882  33.895  -26.057  25.337 0.0000000000
42967  32.710  -25.862  24.446 0.0000000000
42982  32.418  -25.608  23.700 0.0000000000
42214  28.182  -26.179  19.749 0.0000000000
42222  27.339  -26.646  18.258 0.0000000000
58455  58.309  -8.055  4.328 0.0000000000
58473  57.711  -8.424  3.609 0.0000000000
57635  56.419  -9.402  2.290 0.0000000000
109179  26.757  -31.751  33.028 0.0000000000
37233  25.995  -31.951  32.442 0.0000000000
37218  26.620  -31.532  33.654 0.0000000000
37206  26.229  -31.341  33.950 0.0000000000
38197  25.141  -30.820  34.057 0.0000000000
38168  27.000  -30.332  36.327 0.0000000000
110336  25.132  -30.483  34.766 0.0000000000
38198  24.244  -30.465  34.300 0.0000000000
38185  23.403  -30.269  35.191 0.0000000000
38186  22.349  -30.400  35.307 0.0000000000
100386  21.904  -30.432  36.181 0.0000000000
41096  35.779  -27.508  37.340 0.0000000000
109893  35.310  -27.811  36.668 0.0000000000
40151  34.485  -28.148  36.686 0.0000000000
99847  33.466  -28.491  36.545 0.0000000000
39257  31.721  -29.116  36.019 0.0000000000
103107  32.079  -28.501  38.711 0.0000000000
39246  31.290  -29.293  36.698 0.0000000000
39265  30.475  -29.714  35.088 0.0000000000
38193  29.271  -30.364  34.910 0.0000000000
38194  28.617  -30.763  34.479 0.0000000000
50463  45.334  -17.220  10.302 0.0000000000
50494  45.799  -17.650  8.732 0.0000000000
49430  45.106  -18.061  8.984 0.0000000000
57453  53.008  -8.742  18.356 0.0000000000
110973  52.985  -12.530  18.827 0.0000000000
53031  52.609  -14.034  19.364 0.0000000000
53022  52.187  -14.792  19.689 0.0000000000
51251  50.511  -15.814  20.048 0.0000000000
47332  47.422  -21.587  26.119 0.0000000000
114348  46.431  -22.871  24.787 0.0000000000
44580  45.431  -23.466  25.902 0.0000000000
111851  45.708  -23.425  25.319 0.0000000000
44615  45.774  -23.383  23.891 0.0000000000
44633  45.166  -23.792  22.658 0.0000000000
44654  44.238  -24.042  21.396 0.0000000000
45584  42.889  -23.510  20.053 0.0000000000
44709  42.456  -23.603  18.429 0.0000000000
44692  41.887  -23.007  19.500 0.0000000000
45575  40.787  -22.825  20.256 0.0000000000
44693  39.033  -22.983  19.582 0.0000000000
44638  40.282  -23.318  22.363 0.0000000000
100324  38.635  -23.314  20.838 0.0000000000
44674  38.246  -23.257  20.024 0.0000000000
44696  36.637  -23.424  19.121 0.0000000000
99487  35.957  -23.497  19.535 0.0000000000
44698  34.513  -23.642  19.393 0.0000000000
41221  29.018  -27.037  25.948 0.0000000000
101053  29.800  -26.521  24.741 0.0000000000
42153  28.952  -26.759  24.645 0.0000000000
42181  28.150  -26.834  23.177 0.0000000000
41251  27.243  -27.212  21.816 0.0000000000
40274  25.378  -28.732  22.361 0.0000000000
40273  25.952  -28.180  21.878 0.0000000000
58427  56.476  -8.409  7.510 0.0000000000
58448  56.365  -8.598  5.904 0.0000000000
57582  55.203  -9.163  6.966 0.0000000000
56710  54.040  -10.084  5.890 0.0000000000
109887  53.618  -10.570  5.214 0.0000000000
56698  52.728  -10.609  6.566 0.0000000000
55851  53.041  -11.227  5.009 0.0000000000
36375  24.914  -32.348  30.676 0.0000000000
37256  24.336  -32.320  30.012 0.0000000000
36385  22.617  -31.934  29.123 0.0000000000
37258  21.972  -31.467  30.623 0.0000000000
36386  21.488  -31.986  29.357 0.0000000000
43669  42.990  -24.704  33.720 0.0000000000
42876  42.302  -25.051  32.687 0.0000000000
42901  41.259  -25.044  31.270 0.0000000000
42910  39.729  -25.088  29.027 0.0000000000
43757  39.415  -25.148  27.900 0.0000000000
100410  38.412  -25.665  28.850 0.0000000000
42092  37.703  -25.971  28.868 0.0000000000
116838  36.623  -26.507  28.419 0.0000000000
41156  36.613  -26.895  30.480 0.0000000000
42094  36.128  -26.897  28.897 0.0000000000
99935  35.691  -26.687  27.631 0.0000000000
42107  34.149  -26.904  28.017 0.0000000000
42124  32.611  -26.728  27.417 0.0000000000
42125  31.594  -26.795  27.443 0.0000000000
40169  34.401  -28.086  34.425 0.0000000000
41123  34.126  -28.123  33.383 0.0000000000
41135  33.040  -28.245  32.144 0.0000000000
40183  31.535  -28.589  32.656 0.0000000000
40192  32.161  -28.298  31.926 0.0000000000
41160  32.345  -27.852  30.549 0.0000000000
41174  31.393  -27.476  29.558 0.0000000000
41198  31.298  -27.056  28.306 0.0000000000
41208  30.180  -27.007  27.188 0.0000000000
115084  28.656  -27.390  26.738 0.0000000000
41210  27.888  -27.652  26.364 0.0000000000
105261  26.549  -28.519  25.883 0.0000000000
40229  26.674  -29.016  27.523 0.0000000000
39339  26.061  -29.090  26.127 0.0000000000
39347  25.235  -29.377  24.700 0.0000000000
38275  24.581  -30.842  24.614 0.0000000000
56659  48.054  -10.310  9.298 0.0000000000
56688  48.606  -10.975  7.734 0.0000000000
55829  47.750  -11.988  7.789 0.0000000000
53171  48.021  -14.445  8.913 0.0000000000
111071  49.142  -14.707  8.611 0.0000000000
49445  47.174  -18.511  8.168 0.0000000000
41959  27.193  -26.165  41.365 0.0000000000
40097  26.161  -27.824  42.068 0.0000000000
40113  25.700  -28.842  41.571 0.0000000000
40084  24.545  -28.145  42.705 0.0000000000
39198  24.312  -29.619  40.923 0.0000000000
39228  23.044  -30.116  38.930 0.0000000000
38145  22.317  -30.337  38.203 0.0000000000
106091  20.970  -30.726  37.144 0.0000000000
38127  20.628  -30.649  40.913 0.0000000000
38138  20.718  -30.822  39.861 0.0000000000
113619  20.393  -30.886  37.461 0.0000000000
101096  19.964  -31.269  35.402 0.0000000000
36346  19.390  -32.413  34.240 0.0000000000
59257  58.025  -7.576  8.056 0.0000000000
58413  56.724  -8.248  8.956 0.0000000000
58414  56.005  -8.534  8.887 0.0000000000
58399  54.794  -8.731  9.472 0.0000000000
58365  56.309  -8.309  11.446 0.0000000000
58380  55.525  -8.475  10.758 0.0000000000
58400  53.901  -8.747  9.664 0.0000000000
58401  53.026  -8.701  9.918 0.0000000000
57543  51.107  -8.955  9.695 0.0000000000
57530  50.377  -9.089  9.928 0.0000000000
59196  52.562  -7.836  12.353 0.0000000000
58369  50.634  -8.545  11.533 0.0000000000
57531  50.000  -9.042  10.544 0.0000000000
57532  48.484  -9.721  10.693 0.0000000000
57533  47.906  -10.104  11.171 0.0000000000
55780  46.806  -11.593  11.295 0.0000000000
56617  48.552  -10.536  13.509 0.0000000000
56627  47.794  -10.989  12.885 0.0000000000
54881  46.710  -12.385  11.478 0.0000000000
54028  46.904  -13.230  11.687 0.0000000000
53104  47.151  -14.842  11.573 0.0000000000
52209  47.062  -15.579  11.233 0.0000000000
56581  52.127  -10.213  17.118 0.0000000000
111330  50.926  -12.210  16.222 0.0000000000
54858  50.148  -12.870  15.603 0.0000000000
54003  50.918  -13.843  16.378 0.0000000000
54014  49.639  -13.830  15.254 0.0000000000
54015  48.872  -13.837  14.540 0.0000000000
53078  48.304  -15.098  13.633 0.0000000000
52195  47.660  -15.793  12.698 0.0000000000
51346  45.886  -16.882  11.213 0.0000000000
50447  44.183  -17.806  11.284 0.0000000000
50420  45.162  -17.613  13.789 0.0000000000
49387  43.859  -17.942  12.804 0.0000000000
52113  51.225  -15.551  21.830 0.0000000000
51242  49.548  -16.193  20.591 0.0000000000
50252  49.076  -17.936  24.636 0.0000000000
114193  47.063  -19.926  23.339 0.0000000000
49270  47.600  -18.652  23.355 0.0000000000
50268  48.697  -17.552  23.748 0.0000000000
50298  48.039  -16.830  21.743 0.0000000000
50315  47.932  -16.824  20.709 0.0000000000
101832  47.895  -16.894  19.586 0.0000000000
50333  46.395  -17.571  18.739 0.0000000000
49325  45.080  -18.118  17.838 0.0000000000
48403  43.675  -18.954  16.793 0.0000000000
48384  43.481  -20.126  18.133 0.0000000000
48404  42.977  -19.686  16.681 0.0000000000
48417  43.140  -19.181  15.936 0.0000000000
47473  41.815  -20.492  14.335 0.0000000000
43927  41.874  -24.691  12.894 0.0000000000
43947  41.616  -24.706  11.998 0.0000000000
45620  40.423  -22.965  16.851 0.0000000000
44741  40.232  -23.112  16.113 0.0000000000
107301  39.233  -23.252  14.796 0.0000000000
44761  37.794  -23.164  15.557 0.0000000000
105868  38.189  -23.233  14.716 0.0000000000
117650  38.672  -25.103  26.997 0.0000000000
43782  38.057  -24.753  25.891 0.0000000000
43800  37.107  -24.382  24.339 0.0000000000
99865  35.355  -25.645  25.121 0.0000000000
43794  35.918  -25.009  24.414 0.0000000000
44642  35.915  -24.158  22.993 0.0000000000
43823  35.102  -23.938  21.526 0.0000000000
44678  34.413  -23.780  20.190 0.0000000000
98923  33.108  -23.755  19.005 0.0000000000
42179  30.200  -26.196  23.822 0.0000000000
42984  30.846  -25.811  23.226 0.0000000000
43012  31.179  -25.273  21.891 0.0000000000
43025  28.936  -25.750  20.157 0.0000000000
43023  30.394  -25.263  20.952 0.0000000000
43827  31.497  -24.903  21.267 0.0000000000
43848  31.804  -24.326  19.708 0.0000000000
43855  32.404  -23.964  19.201 0.0000000000
57603  55.933  -9.112  4.207 0.0000000000
57620  56.168  -9.214  3.269 0.0000000000
57647  55.858  -10.004  1.770 0.0000000000
55841  49.250  -12.101  6.640 0.0000000000
43742  41.471  -24.511  28.918 0.0000000000
119504  41.109  -24.380  27.965 0.0000000000
43756  40.294  -24.660  27.977 0.0000000000
56669  50.148  -9.889  8.159 0.0000000000
56670  49.184  -10.230  8.309 0.0000000000
36373  25.906  -32.255  31.153 0.0000000000
38201  21.045  -30.750  34.802 0.0000000000
37223  20.572  -31.372  33.637 0.0000000000
36345  19.925  -31.828  33.974 0.0000000000
42004  36.824  -26.566  37.445 0.0000000000
41105  37.244  -27.167  36.147 0.0000000000
41106  36.524  -27.504  36.009 0.0000000000
37231  27.084  -31.721  31.919 0.0000000000
37242  26.864  -31.603  31.155 0.0000000000
51386  46.594  -16.421  9.314 0.0000000000
50476  46.081  -16.977  9.034 0.0000000000
58311  52.414  -8.677  17.161 0.0000000000
58301  52.930  -8.434  17.996 0.0000000000
51262  50.357  -15.979  19.046 0.0000000000
51272  50.254  -15.842  18.195 0.0000000000
50331  48.167  -16.808  18.753 0.0000000000
44690  44.323  -24.669  18.851 0.0000000000
43836  44.796  -24.697  18.946 0.0000000000
44707  44.523  -24.946  17.748 0.0000000000
42138  31.482  -26.609  26.513 0.0000000000
42152  30.544  -26.461  25.266 0.0000000000
59270  58.078  -7.636  7.120 0.0000000000
58435  57.299  -8.103  6.430 0.0000000000
38166  28.696  -30.194  36.749 0.0000000000
38181  27.749  -30.838  35.714 0.0000000000
38167  28.017  -30.486  36.535 0.0000000000
104685  25.204  -29.427  38.677 0.0000000000
117778  24.441  -29.671  38.325 0.0000000000
42821  33.352  -25.554  39.534 0.0000000000
41078  33.682  -27.457  39.259 0.0000000000
114529  33.134  -26.898  39.917 0.0000000000
39248  29.338  -29.820  37.096 0.0000000000
38180  28.768  -30.515  35.939 0.0000000000
44533  45.599  -23.279  29.603 0.0000000000
44532  46.134  -22.933  30.240 0.0000000000
44544  46.090  -23.050  29.202 0.0000000000
45501  46.613  -22.722  28.786 0.0000000000
45511  46.413  -22.879  27.706 0.0000000000
44555  45.937  -23.227  28.122 0.0000000000
99686  42.729  -23.274  24.080 0.0000000000
100325  43.102  -23.291  23.098 0.0000000000
44640  38.145  -23.570  22.861 0.0000000000
44641  37.442  -23.668  22.824 0.0000000000
106068  26.397  -28.212  24.535 0.0000000000
103759  24.579  -32.175  25.950 0.0000000000
36407  24.331  -32.709  26.235 0.0000000000
37221  24.525  -31.181  32.833 0.0000000000
37235  24.397  -31.448  32.207 0.0000000000
98972  23.726  -31.236  31.941 0.0000000000
35397  19.970  -33.807  28.985 0.0000000000
105563  39.316  -26.562  33.859 0.0000000000
42057  40.087  -26.270  33.863 0.0000000000
42058  39.432  -26.464  33.008 0.0000000000
41158  34.477  -27.758  30.985 0.0000000000
113813  35.108  -27.489  30.374 0.0000000000
41159  33.157  -27.763  30.473 0.0000000000
40162  31.965  -28.913  34.444 0.0000000000
39272  31.119  -29.255  34.175 0.0000000000
40209  29.292  -28.044  30.502 0.0000000000
41177  29.173  -27.695  29.391 0.0000000000
40210  28.260  -28.028  29.180 0.0000000000
105133  25.065  -31.790  27.393 0.0000000000
38262  25.243  -30.757  26.947 0.0000000000
54912  46.832  -12.456  9.557 0.0000000000
39179  22.466  -28.587  43.255 0.0000000000
39201  22.095  -30.135  41.427 0.0000000000
37171  18.363  -31.526  39.357 0.0000000000
37180  18.240  -31.839  37.976 0.0000000000
37185  18.510  -31.846  37.392 0.0000000000
105583  18.459  -32.453  36.078 0.0000000000
36330  17.888  -32.729  36.765 0.0000000000
59221  58.090  -7.252  10.966 0.0000000000
60158  58.274  -6.129  11.499 0.0000000000
59179  55.493  -7.379  13.690 0.0000000000
112622  55.425  -8.071  13.041 0.0000000000
59195  54.590  -7.868  13.076 0.0000000000
58356  50.458  -8.227  13.100 0.0000000000
58349  49.841  -8.710  13.329 0.0000000000
111109  49.011  -12.031  14.577 0.0000000000
110911  48.424  -11.992  13.956 0.0000000000
51314  48.130  -16.216  13.856 0.0000000000
51301  47.516  -16.605  13.894 0.0000000000
101648  46.707  -17.044  14.053 0.0000000000
49362  44.096  -18.182  14.759 0.0000000000
51213  50.008  -16.658  23.738 0.0000000000
46418  47.052  -21.562  24.811 0.0000000000
47344  46.845  -21.363  24.040 0.0000000000
48364  45.184  -19.728  20.732 0.0000000000
49291  45.718  -19.133  21.146 0.0000000000
49298  45.940  -18.227  20.751 0.0000000000
49299  45.357  -18.747  20.400 0.0000000000
49308  45.127  -18.450  19.589 0.0000000000
44794  42.583  -24.211  13.451 0.0000000000
44774  42.923  -24.587  14.226 0.0000000000
44816  40.461  -24.241  12.985 0.0000000000
44817  39.459  -23.750  12.704 0.0000000000
45600  38.797  -22.783  18.213 0.0000000000
42932  36.650  -26.059  27.286 0.0000000000
42941  36.481  -25.925  26.796 0.0000000000
42134  36.270  -26.163  27.000 0.0000000000
43803  33.701  -24.979  22.877 0.0000000000
43813  32.918  -25.004  22.449 0.0000000000
42192  27.975  -26.774  22.203 0.0000000000
40124  29.264  -28.753  39.718 0.0000000000
40095  27.669  -27.537  41.504 0.0000000000
39208  26.684  -29.071  39.778 0.0000000000
40109  29.851  -27.945  40.931 0.0000000000
43696  42.969  -24.606  32.000 0.0000000000
43695  43.774  -24.402  32.274 0.0000000000
104934  43.207  -23.992  29.297 0.0000000000
43725  44.103  -23.741  29.497 0.0000000000
100117  44.793  -23.562  29.202 0.0000000000
43739  44.554  -23.619  28.618 0.0000000000
104545  44.653  -23.676  27.815 0.0000000000
43767  42.586  -23.684  26.971 0.0000000000
44568  42.337  -23.570  26.295 0.0000000000
44583  43.209  -23.429  25.623 0.0000000000
44584  41.923  -23.502  25.635 0.0000000000
44585  40.792  -23.672  25.717 0.0000000000
44586  39.864  -23.781  25.528 0.0000000000
44604  38.688  -23.779  24.366 0.0000000000
43792  38.437  -24.131  25.118 0.0000000000
38295  24.438  -30.941  22.241 0.0000000000
57558  51.872  -9.398  8.486 0.0000000000
57575  51.660  -9.837  7.829 0.0000000000
55840  50.239  -11.944  6.268 0.0000000000
36389  25.187  -32.415  28.433 0.0000000000
102297  25.077  -32.533  29.826 0.0000000000
38220  22.406  -30.715  32.870 0.0000000000
36364  20.211  -32.054  32.310 0.0000000000
36378  19.823  -32.795  30.992 0.0000000000
35388  19.577  -33.513  30.605 0.0000000000
34541  19.490  -34.286  30.270 0.0000000000
35381  19.429  -33.375  31.451 0.0000000000
115929  19.324  -32.914  33.004 0.0000000000
34536  18.938  -35.001  31.645 0.0000000000
34529  18.634  -34.609  32.529 0.0000000000
43640  38.510  -25.159  36.579 0.0000000000
41113  37.833  -27.045  35.559 0.0000000000
42031  38.348  -26.784  35.696 0.0000000000
41112  38.428  -26.882  35.031 0.0000000000
42043  38.857  -26.728  34.351 0.0000000000
112442  37.824  -26.966  33.157 0.0000000000
109319  35.844  -27.644  34.271 0.0000000000
41122  35.917  -27.587  33.552 0.0000000000
39296  27.893  -29.474  31.234 0.0000000000
39297  27.413  -29.837  30.685 0.0000000000
39303  27.300  -29.297  29.744 0.0000000000
38243  26.895  -30.357  30.107 0.0000000000
37265  26.127  -31.809  29.700 0.0000000000
38244  26.411  -30.917  29.579 0.0000000000
118359  26.062  -31.426  29.116 0.0000000000
53125  47.042  -14.442  9.956 0.0000000000
52244  47.126  -15.668  9.506 0.0000000000
50492  46.956  -17.217  8.261 0.0000000000
51407  47.345  -16.508  8.392 0.0000000000
49458  47.864  -17.835  7.743 0.0000000000
36317  17.308  -32.456  38.863 0.0000000000
35344  17.303  -33.227  37.260 0.0000000000
35345  16.811  -33.733  37.858 0.0000000000
58324  51.146  -8.774  15.556 0.0000000000
57475  51.002  -9.674  15.710 0.0000000000
55730  50.744  -11.272  15.923 0.0000000000
119542  51.804  -14.469  18.239 0.0000000000
52141  51.325  -14.697  17.586 0.0000000000
105741  50.813  -15.342  17.802 0.0000000000
50363  47.363  -17.035  16.446 0.0000000000
50381  45.925  -17.631  16.578 0.0000000000
103159  45.268  -23.740  22.023 0.0000000000
119461  45.196  -23.719  19.922 0.0000000000
46482  45.347  -22.802  20.434 0.0000000000
46483  44.993  -21.641  20.297 0.0000000000
100118  44.733  -22.805  18.768 0.0000000000
44721  44.402  -24.956  17.108 0.0000000000
45609  44.485  -24.342  17.237 0.0000000000
117484  44.287  -24.745  16.765 0.0000000000
45619  43.724  -24.078  15.790 0.0000000000
44756  43.117  -24.681  14.776 0.0000000000
44738  43.390  -24.625  15.500 0.0000000000
44712  36.535  -23.411  18.375 0.0000000000
44727  36.505  -23.380  17.636 0.0000000000
100321  35.879  -23.429  17.370 0.0000000000
44782  34.830  -23.394  14.357 0.0000000000
42137  34.135  -26.456  26.521 0.0000000000
118496  34.467  -26.182  25.835 0.0000000000
42149  33.507  -26.317  25.887 0.0000000000
42953  33.043  -26.106  25.201 0.0000000000
42983  31.618  -25.668  23.458 0.0000000000
58456  57.395  -8.336  4.529 0.0000000000
58485  57.072  -8.854  2.938 0.0000000000
37217  27.295  -31.510  33.829 0.0000000000
37207  25.535  -31.246  33.632 0.0000000000
38196  25.795  -30.942  34.345 0.0000000000
39235  27.365  -29.702  37.753 0.0000000000
38155  27.507  -30.170  36.868 0.0000000000
39249  26.624  -29.835  37.033 0.0000000000
38170  25.098  -30.071  35.783 0.0000000000
38171  23.891  -30.081  35.991 0.0000000000
100179  22.849  -30.266  36.122 0.0000000000
115458  34.959  -26.217  38.890 0.0000000000
99968  34.723  -25.085  38.421 0.0000000000
41990  35.699  -26.444  38.337 0.0000000000
41088  35.506  -27.217  38.242 0.0000000000
41097  34.948  -27.889  37.646 0.0000000000
104278  33.090  -28.533  37.256 0.0000000000
39244  32.629  -28.742  36.296 0.0000000000
39245  32.182  -28.851  36.990 0.0000000000
40122  31.883  -28.058  39.931 0.0000000000
40136  31.201  -28.833  38.535 0.0000000000
39247  29.993  -29.715  36.984 0.0000000000
39233  30.864  -29.352  37.342 0.0000000000
108162  30.444  -29.676  36.399 0.0000000000
39258  30.840  -29.558  35.781 0.0000000000
38178  29.986  -29.965  35.499 0.0000000000
37203  28.209  -31.129  34.842 0.0000000000
37216  28.035  -31.331  34.122 0.0000000000
37230  27.686  -31.424  33.255 0.0000000000
53983  52.829  -13.307  19.087 0.0000000000
53970  53.259  -13.295  19.850 0.0000000000
53012  52.679  -14.461  20.532 0.0000000000
53021  52.967  -13.972  20.176 0.0000000000
106626  51.480  -15.363  19.945 0.0000000000
116934  44.762  -23.716  32.272 0.0000000000
45519  46.447  -22.848  26.777 0.0000000000
45528  46.976  -22.250  26.472 0.0000000000
46399  46.843  -22.240  25.435 0.0000000000
43765  44.756  -23.583  26.502 0.0000000000
113440  45.214  -23.519  26.366 0.0000000000
44581  45.114  -23.553  25.792 0.0000000000
102396  45.086  -23.635  24.244 0.0000000000
44599  45.139  -23.585  25.031 0.0000000000
44598  45.434  -23.525  24.578 0.0000000000
44597  46.005  -23.293  24.662 0.0000000000
44616  45.273  -23.623  23.622 0.0000000000
44632  45.555  -23.490  23.198 0.0000000000
44671  43.983  -24.256  20.381 0.0000000000
45574  41.787  -22.978  20.563 0.0000000000
45565  40.916  -23.060  21.137 0.0000000000
45576  39.861  -22.889  19.940 0.0000000000
103432  40.063  -23.479  23.946 0.0000000000
44657  38.205  -23.421  21.432 0.0000000000
44656  39.031  -23.346  21.509 0.0000000000
44675  37.443  -23.402  20.149 0.0000000000
44695  37.429  -23.337  19.475 0.0000000000
44677  36.029  -23.549  20.431 0.0000000000
44697  35.239  -23.541  19.125 0.0000000000
118112  29.211  -26.805  25.290 0.0000000000
41222  28.582  -27.103  25.314 0.0000000000
104862  27.453  -27.332  23.585 0.0000000000
41243  27.368  -27.248  22.729 0.0000000000
41252  26.633  -27.689  22.317 0.0000000000
40280  25.343  -28.721  21.392 0.0000000000
40279  25.876  -28.142  20.938 0.0000000000
41258  26.522  -27.655  21.398 0.0000000000
58428  55.709  -8.781  7.574 0.0000000000
58437  55.934  -8.730  6.784 0.0000000000
56696  54.092  -9.788  6.713 0.0000000000
57583  54.677  -9.554  6.374 0.0000000000
56684  52.233  -10.254  7.294 0.0000000000
35420  24.065  -33.015  26.343 0.0000000000
36353  25.512  -32.095  32.002 0.0000000000
36361  25.363  -32.227  31.362 0.0000000000
36354  25.136  -32.047  31.854 0.0000000000
37257  23.694  -31.775  30.679 0.0000000000
36363  24.471  -32.099  30.839 0.0000000000
37266  23.327  -31.901  29.843 0.0000000000
37247  22.012  -31.239  31.460 0.0000000000
36376  21.217  -31.835  30.200 0.0000000000
35396  20.426  -33.192  28.443 0.0000000000
36394  20.851  -32.466  28.826 0.0000000000
42842  39.907  -25.268  35.773 0.0000000000
43657  40.672  -25.312  35.267 0.0000000000
42867  40.819  -25.883  34.299 0.0000000000
42854  41.333  -25.375  34.660 0.0000000000
42853  42.166  -25.153  34.176 0.0000000000
42865  42.335  -25.219  33.552 0.0000000000
42877  41.652  -25.532  33.212 0.0000000000
104294  40.340  -25.390  30.989 0.0000000000
115345  40.854  -25.432  31.901 0.0000000000
43711  40.975  -24.935  30.221 0.0000000000
100912  40.024  -25.172  29.844 0.0000000000
42911  39.125  -25.450  29.356 0.0000000000
99788  37.713  -26.253  29.791 0.0000000000
42104  37.073  -26.264  28.536 0.0000000000
41155  37.014  -26.910  31.431 0.0000000000
41170  35.692  -27.201  29.690 0.0000000000
112530  36.355  -26.907  29.733 0.0000000000
42106  35.559  -26.950  28.369 0.0000000000
118344  35.007  -26.908  27.980 0.0000000000
41186  34.644  -27.182  28.732 0.0000000000
41188  32.695  -27.184  28.904 0.0000000000
42108  33.123  -26.922  28.112 0.0000000000
40159  34.708  -28.052  35.658 0.0000000000
40160  33.740  -28.340  35.087 0.0000000000
40171  32.623  -28.588  33.780 0.0000000000
40181  33.279  -28.368  33.077 0.0000000000
41134  33.901  -28.113  32.437 0.0000000000
40173  30.889  -29.012  33.369 0.0000000000
40184  30.638  -28.712  32.536 0.0000000000
41148  31.021  -27.977  30.941 0.0000000000
40193  31.278  -28.311  31.782 0.0000000000
41147  31.876  -28.068  31.089 0.0000000000
41161  31.633  -27.769  30.310 0.0000000000
41191  29.637  -27.438  28.472 0.0000000000
41190  30.480  -27.254  28.542 0.0000000000
107788  30.067  -27.222  27.893 0.0000000000
41199  30.729  -27.000  27.744 0.0000000000
41209  29.578  -27.019  26.576 0.0000000000
40227  27.699  -28.047  27.595 0.0000000000
41202  27.996  -27.707  27.065 0.0000000000
40228  27.435  -28.034  26.890 0.0000000000
40237  27.191  -28.056  26.097 0.0000000000
40238  26.730  -28.613  26.696 0.0000000000
39316  26.556  -29.580  28.347 0.0000000000
39324  26.232  -29.654  27.629 0.0000000000
39333  25.569  -29.839  26.504 0.0000000000
39340  25.408  -29.561  25.619 0.0000000000
39348  24.753  -29.987  24.258 0.0000000000
38274  24.864  -30.171  25.136 0.0000000000
56672  47.534  -11.022  8.663 0.0000000000
54071  47.708  -13.156  8.777 0.0000000000
54924  47.595  -12.421  8.259 0.0000000000
54082  48.144  -12.877  8.017 0.0000000000
52267  48.347  -15.161  8.592 0.0000000000
51405  49.589  -15.617  8.323 0.0000000000
52266  49.876  -14.282  8.884 0.0000000000
111475  46.238  -18.808  8.433 0.0000000000
49446  46.450  -17.951  8.284 0.0000000000
41968  27.135  -25.904  40.418 0.0000000000
41059  26.480  -26.799  41.754 0.0000000000
41048  25.547  -27.179  42.173 0.0000000000
40083  25.336  -27.940  42.416 0.0000000000
40099  24.186  -29.262  41.984 0.0000000000
39211  23.873  -29.885  39.817 0.0000000000
39212  22.995  -30.175  40.028 0.0000000000
38158  21.607  -30.531  37.624 0.0000000000
119101  19.026  -31.141  40.263 0.0000000000
38129  19.138  -31.005  41.683 0.0000000000
38128  19.822  -30.840  41.254 0.0000000000
38119  20.426  -30.341  42.138 0.0000000000
38139  19.845  -31.041  39.227 0.0000000000
38160  19.649  -31.174  37.367 0.0000000000
37189  19.628  -31.329  36.291 0.0000000000
38173  20.303  -30.907  36.736 0.0000000000
37210  19.700  -31.808  34.786 0.0000000000
37198  19.393  -31.807  35.531 0.0000000000
36342  18.746  -33.083  34.471 0.0000000000
35358  17.667  -33.842  35.620 0.0000000000
59256  58.926  -6.939  8.672 0.0000000000
59258  57.181  -8.032  8.373 0.0000000000
59247  57.427  -7.898  9.422 0.0000000000
58397  56.752  -8.283  9.795 0.0000000000
58398  55.693  -8.573  9.513 0.0000000000
59207  57.251  -7.734  12.238 0.0000000000
98925  54.314  -8.428  11.217 0.0000000000
58366  55.244  -8.409  11.555 0.0000000000
58381  54.665  -8.551  10.431 0.0000000000
58402  52.381  -8.599  10.243 0.0000000000
58384  51.677  -8.643  10.314 0.0000000000
58385  50.793  -8.761  10.584 0.0000000000
59197  51.823  -7.591  12.748 0.0000000000
99919  49.201  -9.333  10.713 0.0000000000
117440  49.245  -9.234  11.339 0.0000000000
57511  48.243  -9.912  11.913 0.0000000000
56641  47.256  -10.812  11.323 0.0000000000
56634  47.702  -10.456  12.037 0.0000000000
57490  49.696  -9.770  14.380 0.0000000000
57491  49.081  -9.949  13.778 0.0000000000
55756  47.852  -11.877  13.332 0.0000000000
55769  46.976  -11.871  11.983 0.0000000000
54880  47.106  -12.544  12.225 0.0000000000
110160  47.542  -14.276  12.757 0.0000000000
54036  47.159  -14.108  12.007 0.0000000000
56568  52.763  -9.978  17.878 0.0000000000
57454  52.789  -9.235  17.754 0.0000000000
55716  51.526  -11.177  16.630 0.0000000000
111195  50.320  -11.936  15.635 0.0000000000
53053  51.002  -14.491  16.769 0.0000000000
53062  50.495  -14.568  16.106 0.0000000000
53072  49.345  -14.743  14.943 0.0000000000
53063  49.938  -14.648  15.563 0.0000000000
54020  48.335  -14.229  13.854 0.0000000000
51315  47.613  -16.312  13.182 0.0000000000
51327  47.268  -16.267  12.423 0.0000000000
118764  47.042  -16.168  11.761 0.0000000000
102909  45.419  -17.401  12.994 0.0000000000
50429  45.655  -17.134  12.149 0.0000000000
50394  46.455  -17.271  15.118 0.0000000000
50406  45.795  -17.475  14.399 0.0000000000
49388  43.137  -18.388  12.172 0.0000000000
51231  50.400  -15.977  22.232 0.0000000000
51241  50.371  -15.826  21.177 0.0000000000
48320  48.412  -19.514  25.155 0.0000000000
49252  49.084  -19.041  25.736 0.0000000000
49261  48.749  -18.748  24.906 0.0000000000
49260  49.499  -18.254  25.440 0.0000000000
47371  46.186  -21.179  22.741 0.0000000000
47358  46.691  -20.711  23.350 0.0000000000
48343  46.494  -20.007  22.699 0.0000000000
48342  47.133  -19.238  23.013 0.0000000000
49280  47.285  -18.399  22.677 0.0000000000
50269  47.885  -17.869  23.198 0.0000000000
50283  48.442  -17.007  22.776 0.0000000000
50284  47.572  -17.515  22.309 0.0000000000
50299  47.287  -17.285  21.375 0.0000000000
50332  46.949  -17.275  19.343 0.0000000000
117104  47.596  -17.048  18.794 0.0000000000
49316  45.053  -18.245  18.721 0.0000000000
50349  45.777  -17.824  18.285 0.0000000000
49326  44.417  -18.505  17.344 0.0000000000
47415  43.577  -20.984  18.237 0.0000000000
47427  43.274  -20.926  17.616 0.0000000000
47443  42.464  -20.941  15.953 0.0000000000
48405  42.577  -20.043  16.271 0.0000000000
48418  42.416  -19.865  15.562 0.0000000000
48434  42.193  -19.750  14.700 0.0000000000
45655  41.800  -22.151  12.901 0.0000000000
113436  42.433  -24.802  14.025 0.0000000000
43912  42.172  -24.719  13.619 0.0000000000
43948  40.779  -24.885  11.617 0.0000000000
45597  41.458  -22.928  18.715 0.0000000000
45610  41.729  -23.401  17.771 0.0000000000
45611  40.577  -22.828  17.637 0.0000000000
45621  39.625  -22.781  16.704 0.0000000000
45633  39.244  -22.903  16.151 0.0000000000
44759  39.809  -23.175  15.456 0.0000000000
44743  37.464  -23.159  16.430 0.0000000000
44798  37.101  -23.351  13.027 0.0000000000
100665  37.654  -23.346  13.869 0.0000000000
42929  38.553  -25.524  27.752 0.0000000000
43758  38.942  -25.167  27.348 0.0000000000
43771  38.207  -25.428  27.181 0.0000000000
42950  36.858  -25.631  26.404 0.0000000000
43783  37.283  -25.162  25.811 0.0000000000
98886  37.636  -24.561  25.132 0.0000000000
101557  36.988  -24.919  25.145 0.0000000000
43802  34.370  -24.926  23.211 0.0000000000
43801  36.299  -24.543  23.929 0.0000000000
43811  35.126  -24.252  22.340 0.0000000000
44679  33.664  -24.072  20.515 0.0000000000
44699  33.639  -23.815  19.651 0.0000000000
117092  32.921  -23.938  19.556 0.0000000000
42168  30.561  -26.276  24.522 0.0000000000
43000  29.981  -25.815  22.190 0.0000000000
42985  30.137  -25.982  22.955 0.0000000000
42999  30.672  -25.615  22.442 0.0000000000
43013  30.494  -25.455  21.701 0.0000000000
43033  30.400  -24.948  20.041 0.0000000000
43840  30.992  -24.881  20.711 0.0000000000
43839  31.666  -24.606  20.545 0.0000000000
43866  31.163  -24.176  17.842 0.0000000000
43856  31.629  -24.109  18.649 0.0000000000
44715  32.542  -23.774  18.435 0.0000000000
58471  59.859  -8.292  3.486 0.0000000000
57604  55.674  -9.057  5.126 0.0000000000
57621  55.399  -9.619  3.597 0.0000000000
56761  54.943  -10.231  2.987 0.0000000000
57636  55.618  -9.755  2.617 0.0000000000
55828  48.299  -11.766  7.482 0.0000000000
55827  48.970  -11.478  7.164 0.0000000000
55842  48.670  -12.158  7.041 0.0000000000
41068  29.300  -26.571  41.302 0.0000000000
40094  28.415  -27.089  41.433 0.0000000000
43710  41.877  -24.695  30.568 0.0000000000
43727  42.532  -24.398  29.938 0.0000000000
109580  42.277  -24.285  29.082 0.0000000000
43741  43.020  -23.870  28.428 0.0000000000
43755  41.776  -23.952  27.561 0.0000000000
43768  41.571  -23.780  26.861 0.0000000000
43769  40.702  -23.865  26.594 0.0000000000
110994  39.974  -24.152  26.973 0.0000000000
43770  39.188  -24.606  26.820 0.0000000000
57576  50.929  -9.980  7.791 0.0000000000
37255  25.681  -32.307  29.714 0.0000000000
38200  21.792  -30.573  34.616 0.0000000000
37222  21.357  -30.965  33.249 0.0000000000
36356  19.708  -32.513  32.681 0.0000000000
42833  37.790  -25.533  36.984 0.0000000000
42832  38.441  -26.045  36.520 0.0000000000
42003  37.937  -26.468  36.621 0.0000000000
41116  35.332  -27.804  34.822 0.0000000000
38217  28.217  -30.809  32.993 0.0000000000
38234  27.155  -30.819  30.939 0.0000000000
52226  46.942  -15.511  10.385 0.0000000000
51408  46.698  -16.734  8.723 0.0000000000
118959  16.608  -33.822  38.468 0.0000000000
58323  51.946  -8.041  16.441 0.0000000000
51273  49.572  -16.131  17.750 0.0000000000
51274  48.828  -16.442  17.289 0.0000000000
51275  48.081  -16.762  16.837 0.0000000000
50347  47.128  -17.286  17.708 0.0000000000
105663  44.884  -24.347  20.475 0.0000000000
45573  45.213  -23.800  20.679 0.0000000000
44689  44.806  -24.720  18.890 0.0000000000
45583  45.032  -24.148  19.028 0.0000000000
45595  44.811  -24.026  17.984 0.0000000000
44706  44.788  -24.846  18.201 0.0000000000
43865  44.666  -24.924  17.736 0.0000000000
44722  43.713  -24.761  16.513 0.0000000000
44723  42.607  -24.217  16.823 0.0000000000
44724  41.487  -23.521  16.891 0.0000000000
42150  32.384  -26.420  25.935 0.0000000000
42167  31.230  -26.209  24.778 0.0000000000
58457  56.523  -8.642  4.835 0.0000000000
119188  27.839  -31.165  35.144 0.0000000000
38182  26.938  -30.691  35.572 0.0000000000
39236  25.842  -29.497  37.769 0.0000000000
39251  24.433  -29.892  36.800 0.0000000000
39238  23.971  -29.890  37.694 0.0000000000
38157  23.127  -30.118  37.899 0.0000000000
41975  34.134  -26.052  39.426 0.0000000000
41077  34.339  -26.993  39.200 0.0000000000
41090  34.293  -27.857  38.451 0.0000000000
39220  30.344  -28.975  38.673 0.0000000000
38179  29.313  -30.317  35.674 0.0000000000
44513  46.054  -22.886  31.231 0.0000000000
45480  46.792  -22.435  30.863 0.0000000000
46350  47.828  -21.476  29.044 0.0000000000
45510  47.189  -22.220  28.414 0.0000000000
110155  44.358  -23.509  25.171 0.0000000000
98893  44.852  -23.583  25.489 0.0000000000
99355  44.540  -23.569  24.193 0.0000000000
44618  44.359  -23.701  23.183 0.0000000000
44636  42.997  -23.310  22.068 0.0000000000
44655  41.736  -23.109  21.768 0.0000000000
101397  40.779  -23.210  21.845 0.0000000000
44620  39.223  -23.582  23.773 0.0000000000
111022  38.941  -23.491  22.935 0.0000000000
44658  37.345  -23.487  21.387 0.0000000000
44659  36.459  -23.581  21.286 0.0000000000
118535  35.718  -23.677  21.169 0.0000000000
41223  27.700  -27.558  25.343 0.0000000000
41235  27.047  -27.781  24.728 0.0000000000
110838  26.883  -27.761  24.029 0.0000000000
56697  53.514  -10.167  6.671 0.0000000000
55853  51.606  -12.068  5.602 0.0000000000
55838  52.151  -11.297  6.034 0.0000000000
35406  23.739  -32.959  26.907 0.0000000000
37244  24.830  -31.842  31.980 0.0000000000
36377  20.414  -32.277  30.589 0.0000000000
35391  20.173  -33.012  29.286 0.0000000000
42028  40.156  -26.233  34.699 0.0000000000
42878  40.924  -25.871  33.549 0.0000000000
42890  40.932  -25.704  32.717 0.0000000000
42902  39.659  -25.765  31.298 0.0000000000
42081  38.927  -26.055  31.022 0.0000000000
112365  36.286  -27.177  31.122 0.0000000000
41171  34.837  -27.369  29.572 0.0000000000
113787  34.050  -27.382  29.366 0.0000000000
103446  33.137  -28.595  35.672 0.0000000000
40161  32.865  -28.634  34.725 0.0000000000
40203  30.166  -27.961  30.763 0.0000000000
38268  24.670  -31.135  25.546 0.0000000000
106280  24.503  -31.855  24.966 0.0000000000
55802  47.145  -11.519  8.973 0.0000000000
51415  48.342  -16.601  7.768 0.0000000000
51414  48.988  -16.605  7.707 0.0000000000
113493  23.144  -28.681  43.035 0.0000000000
39187  23.442  -29.442  42.084 0.0000000000
39200  22.886  -30.067  41.155 0.0000000000
39213  22.192  -30.316  40.279 0.0000000000
38137  21.491  -30.579  39.528 0.0000000000
37165  17.968  -31.618  40.356 0.0000000000
37178  18.997  -31.255  39.101 0.0000000000
37184  18.856  -31.491  37.749 0.0000000000
113841  18.925  -32.256  35.612 0.0000000000
59234  58.171  -7.310  10.054 0.0000000000
58364  57.291  -8.018  11.046 0.0000000000
59208  56.214  -8.128  12.609 0.0000000000
100950  53.613  -8.359  11.467 0.0000000000
58367  52.821  -8.273  11.605 0.0000000000
59182  51.687  -7.296  13.522 0.0000000000
59198  51.131  -7.827  12.891 0.0000000000
57518  49.283  -9.172  11.900 0.0000000000
57510  48.738  -9.575  12.296 0.0000000000
55745  48.747  -11.253  14.162 0.0000000000
54874  47.530  -12.633  12.997 0.0000000000
54021  47.808  -13.584  13.338 0.0000000000
55715  52.333  -10.885  17.432 0.0000000000
54851  51.316  -12.964  16.641 0.0000000000
114769  49.510  -15.767  15.829 0.0000000000
52157  50.059  -15.172  15.887 0.0000000000
52168  48.983  -15.474  14.753 0.0000000000
52180  48.498  -15.664  14.077 0.0000000000
51328  46.965  -16.660  12.878 0.0000000000
50418  46.623  -16.951  13.365 0.0000000000
50407  44.872  -17.816  14.620 0.0000000000
49376  43.048  -18.466  13.313 0.0000000000
48449  42.137  -19.076  13.112 0.0000000000
51220  50.551  -16.144  23.222 0.0000000000
115093  48.090  -20.746  26.241 0.0000000000
47331  47.981  -20.326  25.333 0.0000000000
48321  47.780  -19.889  24.571 0.0000000000
47384  45.558  -21.245  21.485 0.0000000000
48353  46.052  -19.551  21.902 0.0000000000
50317  46.375  -17.611  20.173 0.0000000000
118836  46.228  -17.645  19.457 0.0000000000
46540  43.551  -22.124  16.997 0.0000000000
46541  43.264  -22.478  16.068 0.0000000000
101745  42.661  -21.928  15.303 0.0000000000
46568  42.122  -21.508  14.589 0.0000000000
45654  42.344  -23.116  13.178 0.0000000000
116776  42.368  -23.627  12.790 0.0000000000
43913  41.506  -24.657  13.257 0.0000000000
43929  40.132  -24.301  12.220 0.0000000000
45599  39.693  -22.669  18.323 0.0000000000
45622  38.866  -22.790  16.874 0.0000000000
44762  36.273  -23.386  14.949 0.0000000000
44780  36.476  -23.399  14.193 0.0000000000
42940  37.524  -25.674  27.239 0.0000000000
113011  37.006  -25.781  27.034 0.0000000000
42981  33.939  -25.332  23.714 0.0000000000
42965  34.692  -25.524  24.457 0.0000000000
43812  34.376  -24.647  22.571 0.0000000000
43824  34.384  -24.346  21.805 0.0000000000
43837  32.959  -24.369  20.834 0.0000000000
42180  29.003  -26.506  23.263 0.0000000000
111671  29.640  -26.279  23.338 0.0000000000
42200  29.301  -26.087  21.909 0.0000000000
43044  28.653  -25.648  18.249 0.0000000000
43850  30.133  -24.819  19.018 0.0000000000
43849  30.955  -24.518  19.320 0.0000000000
116840  54.718  -9.820  4.654 0.0000000000
103894  55.200  -9.535  4.489 0.0000000000
54091  48.710  -12.913  7.286 0.0000000000
54945  48.951  -12.647  6.832 0.0000000000
54081  49.218  -13.421  7.729 0.0000000000
39223  27.909  -29.412  38.617 0.0000000000
39224  27.065  -29.342  38.717 0.0000000000
39209  25.728  -29.238  39.940 0.0000000000
40108  30.669  -27.763  40.711 0.0000000000
39221  29.540  -29.155  38.664 0.0000000000
43668  43.683  -24.177  33.568 0.0000000000
43682  43.765  -24.366  33.037 0.0000000000
43694  44.299  -24.107  32.472 0.0000000000
100468  44.424  -23.948  31.628 0.0000000000
101183  44.166  -23.872  30.593 0.0000000000
43707  44.839  -23.589  30.736 0.0000000000
43724  45.109  -23.485  29.871 0.0000000000
103040  45.228  -23.453  29.093 0.0000000000
108398  45.463  -23.475  27.871 0.0000000000
43753  44.729  -23.637  27.095 0.0000000000
43766  44.512  -23.621  26.674 0.0000000000
44557  43.670  -23.663  26.891 0.0000000000
44582  44.227  -23.541  26.057 0.0000000000
44601  42.441  -23.361  24.914 0.0000000000
118664  41.835  -23.340  24.313 0.0000000000
44619  40.986  -23.411  24.096 0.0000000000
106704  25.050  -29.309  23.799 0.0000000000
108320  24.504  -30.349  21.663 0.0000000000
103722  24.339  -31.230  21.394 0.0000000000
57574  52.485  -9.694  7.918 0.0000000000
55839  51.301  -11.532  6.194 0.0000000000
37275  24.887  -32.400  27.806 0.0000000000
36399  24.504  -32.631  27.420 0.0000000000
36400  24.244  -32.810  27.592 0.0000000000
36401  23.369  -32.721  27.565 0.0000000000
38209  23.900  -30.655  33.423 0.0000000000
37248  20.905  -31.567  31.913 0.0000000000
35392  19.772  -33.640  29.789 0.0000000000
34535  19.241  -34.183  31.082 0.0000000000
42016  38.561  -26.548  36.060 0.0000000000
42015  39.136  -26.437  35.724 0.0000000000
42029  39.487  -26.435  35.206 0.0000000000
102390  39.018  -26.633  34.982 0.0000000000
42059  38.595  -26.740  33.263 0.0000000000
41141  37.137  -27.100  32.566 0.0000000000
41131  36.489  -27.385  33.077 0.0000000000
41144  34.624  -27.870  31.910 0.0000000000
116586  30.573  -29.586  34.579 0.0000000000
39273  30.339  -29.543  33.953 0.0000000000
39290  28.930  -29.216  32.212 0.0000000000
39284  28.528  -30.012  32.732 0.0000000000
40196  28.557  -28.823  31.213 0.0000000000
114813  27.845  -28.538  29.717 0.0000000000
40211  27.573  -28.546  29.019 0.0000000000
38253  26.222  -30.582  28.839 0.0000000000
54056  46.780  -13.199  9.920 0.0000000000
100272  17.847  -31.512  41.519 0.0000000000
111283  17.749  -31.919  39.396 0.0000000000
103819  17.698  -32.301  38.089 0.0000000000
34507  17.291  -34.348  36.151 0.0000000000
33689  17.019  -34.941  36.702 0.0000000000
58335  50.717  -8.524  14.774 0.0000000000
57476  50.274  -9.973  15.057 0.0000000000
56600  49.855  -10.565  14.858 0.0000000000
111111  49.716  -12.043  15.149 0.0000000000
53994  52.472  -13.367  18.318 0.0000000000
53995  52.007  -13.450  17.646 0.0000000000
52150  50.087  -15.405  16.309 0.0000000000
51290  48.753  -16.210  15.424 0.0000000000
51291  48.047  -16.557  15.048 0.0000000000
50380  46.604  -17.301  16.103 0.0000000000
50250  50.787  -17.126  25.459 0.0000000000
46454  46.049  -22.450  22.813 0.0000000000
46468  45.852  -21.840  22.062 0.0000000000
118177  45.611  -22.197  21.456 0.0000000000
47394  45.180  -20.844  20.893 0.0000000000
47395  44.728  -20.443  20.199 0.0000000000
48374  44.315  -19.974  19.420 0.0000000000
46509  44.095  -21.692  18.528 0.0000000000
106651  44.105  -23.043  17.258 0.0000000000
44775  42.155  -24.750  14.378 0.0000000000
44776  40.976  -24.192  14.422 0.0000000000
44777  39.902  -23.559  14.206 0.0000000000
105413  35.919  -23.402  15.894 0.0000000000
44781  35.742  -23.393  14.217 0.0000000000
42121  35.789  -26.400  26.994 0.0000000000
42135  35.950  -26.086  26.445 0.0000000000
42136  35.151  -26.308  26.443 0.0000000000
42966  33.752  -25.776  24.602 0.0000000000
103716  33.174  -25.604  23.927 0.0000000000
42997  32.226  -25.324  22.916 0.0000000000
41265  26.894  -27.125  19.975 0.0000000000
42208  27.608  -26.664  20.330 0.0000000000
42215  27.356  -26.683  19.283 0.0000000000
42221  28.023  -26.128  18.757 0.0000000000
59309  59.326  -7.862  4.208 0.0000000000
59292  58.929  -7.599  5.189 0.0000000000
114171  53.657  -11.794  3.261 0.0000000000
116921  27.181  -31.710  32.570 0.0000000000
37232  26.592  -31.987  32.211 0.0000000000
37219  25.936  -31.619  33.151 0.0000000000
37205  26.926  -31.376  34.296 0.0000000000
37220  25.196  -31.464  32.978 0.0000000000
38208  24.803  -30.970  33.491 0.0000000000
38169  26.230  -30.215  36.089 0.0000000000
38183  26.003  -30.558  35.167 0.0000000000
38199  22.939  -30.414  34.263 0.0000000000
38187  21.444  -30.583  35.418 0.0000000000
38188  20.666  -30.850  35.378 0.0000000000
42005  36.160  -26.946  37.799 0.0000000000
115260  36.026  -27.563  36.581 0.0000000000
114550  33.968  -28.343  36.660 0.0000000000
40143  33.990  -28.255  37.349 0.0000000000
40135  31.716  -28.883  37.690 0.0000000000
39266  29.881  -29.939  34.563 0.0000000000
38206  29.064  -30.326  34.161 0.0000000000
38207  28.420  -30.851  33.743 0.0000000000
50477  45.463  -17.407  9.359 0.0000000000
49447  45.673  -18.389  8.587 0.0000000000
55699  53.204  -10.821  18.625 0.0000000000
54829  53.096  -11.656  18.639 0.0000000000
53042  52.296  -14.006  18.605 0.0000000000
53032  52.006  -14.604  18.848 0.0000000000
52124  51.575  -15.166  19.000 0.0000000000
52125  51.097  -15.557  19.311 0.0000000000
46419  46.651  -22.276  24.477 0.0000000000
44556  45.630  -23.394  27.352 0.0000000000
44566  45.527  -23.426  26.625 0.0000000000
44579  46.108  -23.149  26.055 0.0000000000
115990  45.323  -23.522  25.318 0.0000000000
45538  46.290  -22.987  24.120 0.0000000000
45547  46.029  -23.082  23.358 0.0000000000
103268  44.995  -23.987  21.849 0.0000000000
44634  44.802  -23.977  22.237 0.0000000000
44653  44.877  -24.203  21.220 0.0000000000
102435  44.735  -24.422  20.388 0.0000000000
98983  43.863  -24.345  19.613 0.0000000000
44691  43.160  -23.887  19.078 0.0000000000
45585  40.703  -22.707  19.359 0.0000000000
45586  39.792  -22.745  19.124 0.0000000000
44694  38.228  -23.053  18.984 0.0000000000
106075  39.953  -23.242  21.531 0.0000000000
44639  39.432  -23.380  22.225 0.0000000000
108845  39.347  -23.231  20.993 0.0000000000
44673  39.168  -23.137  20.364 0.0000000000
44711  37.290  -23.286  18.654 0.0000000000
44676  36.745  -23.454  19.888 0.0000000000
99486  35.896  -23.472  18.772 0.0000000000
44713  35.209  -23.518  18.417 0.0000000000
42139  29.780  -26.721  25.686 0.0000000000
106810  28.607  -26.765  23.935 0.0000000000
41233  28.234  -27.110  24.591 0.0000000000
112614  27.992  -27.058  23.941 0.0000000000
40267  25.487  -28.729  23.300 0.0000000000
40266  26.021  -28.182  22.804 0.0000000000
41257  27.084  -27.163  20.891 0.0000000000
58436  56.647  -8.376  6.778 0.0000000000
57591  55.426  -9.124  6.078 0.0000000000
56728  54.212  -10.204  4.787 0.0000000000
56729  53.585  -10.850  4.384 0.0000000000
56712  52.724  -11.089  5.790 0.0000000000
36352  25.962  -32.200  31.798 0.0000000000
36362  24.832  -32.087  31.375 0.0000000000
36384  23.770  -32.394  29.127 0.0000000000
36402  22.136  -32.559  27.647 0.0000000000
108539  22.786  -31.394  30.881 0.0000000000
37267  22.247  -31.688  29.895 0.0000000000
36393  21.795  -32.239  28.498 0.0000000000
35408  21.422  -33.130  27.093 0.0000000000
113532  42.599  -24.622  34.286 0.0000000000
43655  43.238  -24.167  34.137 0.0000000000
43697  42.095  -24.775  31.645 0.0000000000
42889  41.513  -25.253  32.301 0.0000000000
43729  40.674  -24.776  29.199 0.0000000000
43743  39.976  -24.891  28.467 0.0000000000
107686  39.028  -25.440  28.421 0.0000000000
101827  38.113  -25.740  28.178 0.0000000000
42921  37.405  -25.951  28.028 0.0000000000
42119  36.784  -26.237  27.841 0.0000000000
99803  37.736  -26.618  31.338 0.0000000000
42083  37.302  -26.600  30.391 0.0000000000
41169  36.719  -26.584  29.098 0.0000000000
42105  36.245  -26.627  28.044 0.0000000000
42123  33.656  -26.690  27.302 0.0000000000
42126  30.883  -26.787  27.048 0.0000000000
41107  35.729  -27.751  35.830 0.0000000000
41145  33.669  -27.975  31.400 0.0000000000
41146  32.714  -28.054  31.239 0.0000000000
41173  32.322  -27.521  29.749 0.0000000000
41189  31.825  -27.208  28.952 0.0000000000
41175  30.616  -27.455  29.347 0.0000000000
104416  31.128  -27.244  28.953 0.0000000000
40249  25.962  -28.750  25.204 0.0000000000
40218  27.244  -28.651  28.162 0.0000000000
39332  26.163  -29.360  26.952 0.0000000000
110081  24.570  -30.591  23.869 0.0000000000
108002  24.462  -31.545  23.880 0.0000000000
57560  48.879  -9.899  9.078 0.0000000000
56671  48.290  -10.597  8.456 0.0000000000
55815  47.881  -11.355  7.985 0.0000000000
55816  47.413  -11.769  8.335 0.0000000000
54055  47.327  -13.624  9.463 0.0000000000
105496  47.811  -13.823  9.091 0.0000000000
53170  48.757  -13.995  8.790 0.0000000000
113421  27.775  -25.936  41.110 0.0000000000
41058  27.237  -26.868  41.649 0.0000000000
40096  26.926  -27.754  41.630 0.0000000000
40098  24.913  -29.040  41.792 0.0000000000
39210  24.856  -29.432  40.327 0.0000000000
39226  24.501  -29.597  39.150 0.0000000000
38172  21.561  -30.526  36.855 0.0000000000
99307  21.005  -30.666  36.241 0.0000000000
38118  21.280  -30.219  41.769 0.0000000000
38147  20.794  -30.849  38.871 0.0000000000
103905  20.140  -30.974  38.177 0.0000000000
38159  20.915  -30.767  37.961 0.0000000000
37197  20.269  -30.923  35.990 0.0000000000
35369  19.107  -32.990  33.648 0.0000000000
36341  19.166  -32.379  35.000 0.0000000000
35370  18.622  -33.596  33.723 0.0000000000
35363  17.809  -34.189  34.997 0.0000000000
109721  56.253  -8.472  8.242 0.0000000000
58429  55.580  -8.773  8.211 0.0000000000
58415  55.069  -8.895  8.629 0.0000000000
58416  54.103  -9.025  8.780 0.0000000000
59206  57.883  -7.171  11.853 0.0000000000
107842  55.361  -8.571  10.075 0.0000000000
58417  53.191  -9.026  9.048 0.0000000000
118091  52.134  -8.924  9.373 0.0000000000
99243  51.296  -9.175  8.970 0.0000000000
57544  49.585  -9.393  9.730 0.0000000000
107471  52.106  -8.208  11.616 0.0000000000
59210  51.481  -8.103  12.065 0.0000000000
58368  51.483  -8.427  11.161 0.0000000000
57545  48.675  -9.732  9.947 0.0000000000
56650  47.933  -10.171  10.200 0.0000000000
56651  47.329  -10.697  10.526 0.0000000000
56652  46.934  -11.237  10.174 0.0000000000
55791  46.641  -11.727  10.449 0.0000000000
54889  46.527  -12.223  10.796 0.0000000000
57499  49.395  -9.340  13.597 0.0000000000
57500  48.812  -9.722  13.116 0.0000000000
55779  47.262  -11.215  12.059 0.0000000000
108828  46.592  -13.031  10.747 0.0000000000
54037  46.880  -13.952  11.175 0.0000000000
115809  46.662  -16.278  11.007 0.0000000000
54866  49.317  -12.903  14.924 0.0000000000
54002  51.450  -13.622  17.001 0.0000000000
54009  50.367  -13.882  15.813 0.0000000000
111074  47.967  -14.480  13.327 0.0000000000
53079  47.839  -15.123  13.028 0.0000000000
52208  47.291  -15.677  12.006 0.0000000000
118753  46.085  -16.669  10.447 0.0000000000
50446  45.021  -17.389  11.292 0.0000000000
109666  44.653  -17.692  13.175 0.0000000000
50431  43.764  -18.012  11.813 0.0000000000
52112  51.988  -15.108  21.537 0.0000000000
52118  51.262  -15.458  20.840 0.0000000000
51252  49.567  -16.255  19.592 0.0000000000
50251  49.956  -17.527  25.094 0.0000000000
50267  49.540  -17.227  24.248 0.0000000000
47357  47.237  -20.317  23.952 0.0000000000
48331  47.586  -19.371  23.818 0.0000000000
49269  48.234  -18.474  24.032 0.0000000000
50282  49.190  -16.930  23.474 0.0000000000
51222  48.777  -16.508  22.014 0.0000000000
51233  48.739  -16.510  21.112 0.0000000000
51243  48.732  -16.556  20.107 0.0000000000
51253  48.764  -16.568  19.166 0.0000000000
109223  47.094  -17.296  18.396 0.0000000000
50348  46.522  -17.547  17.926 0.0000000000
50365  45.872  -17.748  17.432 0.0000000000
49333  45.171  -17.987  16.942 0.0000000000
49334  44.525  -18.324  16.423 0.0000000000
49335  43.900  -18.598  15.981 0.0000000000
48383  44.048  -19.506  18.599 0.0000000000
48392  43.764  -19.184  17.794 0.0000000000
48393  43.162  -19.894  17.369 0.0000000000
48433  42.850  -19.110  15.020 0.0000000000
48435  41.877  -19.697  13.777 0.0000000000
46569  41.741  -21.169  13.932 0.0000000000
43911  42.570  -24.697  13.957 0.0000000000
44778  38.723  -23.328  13.910 0.0000000000
44725  38.044  -22.946  17.054 0.0000000000
44742  38.341  -22.975  16.267 0.0000000000
44779  37.168  -23.326  14.673 0.0000000000
99898  38.442  -24.967  26.598 0.0000000000
44623  36.847  -23.961  23.341 0.0000000000
42952  35.916  -25.745  25.734 0.0000000000
42963  35.940  -25.400  25.012 0.0000000000
42964  35.396  -25.273  24.432 0.0000000000
43793  36.447  -24.970  24.762 0.0000000000
44643  35.854  -23.827  21.948 0.0000000000
98964  35.134  -23.716  20.702 0.0000000000
44660  34.378  -24.008  21.012 0.0000000000
44714  33.928  -23.634  18.760 0.0000000000
110346  33.269  -23.654  18.380 0.0000000000
42178  31.037  -25.988  24.013 0.0000000000
42998  31.427  -25.450  22.653 0.0000000000
42207  28.394  -26.287  20.706 0.0000000000
43015  29.120  -25.919  21.064 0.0000000000
43024  29.708  -25.466  20.541 0.0000000000
112742  30.912  -25.150  21.308 0.0000000000
43826  32.224  -24.628  21.110 0.0000000000
43838  32.352  -24.360  20.352 0.0000000000
116032  32.493  -24.143  19.788 0.0000000000
44730  32.978  -23.642  17.732 0.0000000000
55871  54.071  -11.505  2.865 0.0000000000
54944  49.633  -12.715  6.310 0.0000000000
37195  28.266  -30.873  35.497 0.0000000000
42018  37.324  -26.877  36.731 0.0000000000
44565  46.078  -23.094  27.090 0.0000000000
44670  44.593  -24.603  19.576 0.0000000000
45529  46.262  -23.113  25.378 0.0000000000
46469  45.490  -22.852  21.066 0.0000000000
99207  19.009  -31.628  36.960 0.0000000000
106188  35.569  -24.779  23.786 0.0000000000
114481  46.922  -11.176  10.773 0.0000000000
116109  17.612  -32.660  37.529 0.0000000000
116627  36.847  -26.683  29.795 0.0000000000
117220  50.301  -8.801  10.988 0.0000000000
118465  51.592  -15.243  19.440 0.0000000000
