#!ascii label  , from subject sub-v2s8x29250_ses-1 vox2ras=TkReg
1765
33867  40.084  -48.533  -16.224 0.6000000238
120543  40.669  -48.408  -16.012 0.5000000000
33857  37.014  -49.440  -14.828 0.6999999881
119927  37.102  -50.266  -15.550 0.6000000238
32802  36.333  -50.506  -15.447 0.6000000238
32786  35.097  -50.176  -14.961 0.6000000238
33855  38.942  -48.201  -15.282 0.6999999881
32814  38.961  -49.213  -16.002 0.6000000238
32815  37.736  -50.381  -16.037 0.5000000000
32816  36.681  -51.063  -16.120 0.5000000000
31711  36.020  -50.966  -15.904 0.6000000238
32804  35.025  -50.307  -15.687 0.6000000238
110961  39.825  -47.800  -15.019 0.5000000000
31720  39.632  -49.878  -16.720 0.6000000238
32818  34.820  -50.071  -16.165 0.6000000238
31707  41.904  -49.784  -15.880 0.5000000000
31719  41.837  -50.481  -16.040 0.5000000000
33802  34.389  -48.839  -12.671 0.6000000238
34827  33.855  -48.369  -12.741 0.6999999881
33820  36.843  -48.601  -13.081 0.6000000238
33841  36.555  -49.180  -13.876 0.6999999881
33822  34.729  -49.310  -13.508 0.6000000238
34866  34.157  -49.012  -14.133 0.6000000238
34864  38.416  -47.647  -13.970 0.6000000238
33840  37.607  -48.322  -14.153 0.6999999881
125201  34.301  -49.196  -14.818 0.6000000238
34877  40.409  -48.127  -15.236 0.5000000000
34878  39.074  -47.615  -14.477 0.5000000000
34879  34.266  -48.922  -15.403 0.6000000238
33854  41.009  -48.636  -15.473 0.5000000000
34887  34.417  -48.304  -16.136 0.6000000238
32799  41.303  -49.256  -15.411 0.5000000000
33878  34.716  -48.797  -16.688 0.6000000238
35874  34.701  -47.353  -16.489 0.6999999881
34895  34.895  -48.019  -16.941 0.6000000238
35873  35.226  -47.210  -17.191 0.6999999881
35883  35.350  -47.853  -17.527 0.6000000238
35895  35.706  -47.272  -17.931 0.6000000238
36827  37.173  -46.916  -18.894 0.6000000238
35894  36.431  -47.533  -18.510 0.6000000238
38912  40.344  -44.678  -21.068 0.5000000000
39889  39.426  -43.525  -21.638 0.6999999881
37901  40.221  -45.355  -21.405 0.6000000238
39890  38.773  -43.310  -21.993 0.8000000119
37902  38.510  -45.080  -21.461 0.6999999881
35814  33.680  -47.537  -11.476 0.6000000238
35830  33.553  -47.639  -12.483 0.6999999881
34826  35.795  -48.824  -11.861 0.6999999881
33801  35.288  -49.105  -12.606 0.6999999881
34809  34.580  -48.426  -11.366 0.6000000238
34867  33.838  -48.404  -13.914 0.6999999881
120804  33.483  -47.335  -13.310 0.6999999881
34865  37.706  -48.069  -13.474 0.6000000238
34807  36.268  -48.554  -11.122 0.6000000238
35854  33.678  -47.595  -14.106 0.8000000119
122533  38.552  -48.097  -12.400 0.5000000000
34848  38.736  -47.790  -13.145 0.5000000000
36784  33.859  -46.592  -14.727 0.8000000119
117990  34.096  -48.160  -15.410 0.6000000238
34847  39.518  -47.878  -13.446 0.5000000000
34863  39.806  -47.689  -14.096 0.5000000000
125776  34.145  -46.882  -15.426 0.8000000119
35865  34.257  -47.480  -15.772 0.6000000238
31708  41.110  -50.465  -15.564 0.5000000000
36795  34.269  -46.156  -15.534 0.8000000119
36804  34.753  -45.897  -16.211 0.8000000119
117058  35.780  -45.593  -17.396 0.6999999881
37852  35.336  -45.738  -16.840 0.6999999881
37877  36.838  -45.094  -18.251 0.6999999881
36814  36.262  -45.795  -17.972 0.6999999881
36815  35.634  -46.383  -17.508 0.6999999881
110572  37.040  -45.980  -18.595 0.6000000238
36828  36.318  -46.635  -18.287 0.6000000238
127795  38.692  -44.812  -19.441 0.6999999881
36840  38.037  -46.213  -19.335 0.6999999881
39875  39.613  -43.907  -20.350 0.6999999881
37885  39.609  -45.218  -20.191 0.6000000238
39888  39.999  -44.202  -21.284 0.8000000119
39882  40.059  -43.984  -20.976 0.8000000119
37891  40.495  -45.190  -20.912 0.6000000238
40793  39.194  -42.769  -21.841 0.8999999762
38922  36.694  -44.334  -21.326 0.6999999881
39897  39.083  -42.727  -22.071 0.8000000119
38921  37.988  -44.173  -21.609 0.6999999881
36748  33.491  -46.842  -11.070 0.6000000238
36765  33.420  -46.787  -11.890 0.6999999881
37793  33.359  -45.959  -11.245 0.6999999881
35813  34.130  -48.009  -11.037 0.6000000238
124604  33.343  -45.233  -11.873 0.6000000238
35793  36.364  -47.573  -9.637 0.4000000060
34791  35.713  -48.351  -10.521 0.6000000238
35801  34.441  -47.718  -10.345 0.6000000238
36776  33.360  -46.695  -12.853 0.6999999881
37817  33.455  -45.826  -13.287 0.8000000119
34805  38.202  -48.624  -10.968 0.4000000060
34806  37.319  -48.482  -11.028 0.5000000000
34825  36.923  -48.526  -11.799 0.6000000238
37829  33.733  -45.772  -14.182 0.8000000119
113450  38.977  -48.244  -12.545 0.5000000000
37828  34.062  -45.616  -14.978 0.8000000119
33818  39.442  -48.393  -13.191 0.4000000060
37841  34.508  -45.345  -15.652 0.8000000119
32782  40.081  -49.400  -14.234 0.5000000000
37863  35.618  -44.995  -17.016 0.8000000119
39850  36.521  -43.460  -17.457 0.8000000119
37862  36.185  -45.028  -17.606 0.6999999881
38873  35.072  -45.005  -16.289 0.8000000119
39864  37.154  -43.654  -18.100 0.8000000119
38882  36.026  -44.297  -17.255 0.6999999881
40767  37.663  -42.780  -18.673 0.8999999762
39863  37.827  -43.484  -18.676 0.8999999762
38881  36.689  -44.296  -17.854 0.6999999881
39862  38.536  -43.692  -19.282 0.8999999762
37876  37.811  -45.149  -18.917 0.6999999881
38894  39.179  -44.216  -19.746 0.6000000238
40786  39.193  -42.810  -21.203 0.8999999762
39883  39.464  -43.432  -20.649 0.8999999762
39892  36.240  -43.518  -21.539 0.8000000119
38923  35.688  -44.220  -21.125 0.8000000119
39891  37.502  -43.291  -21.934 0.8000000119
39898  38.485  -42.489  -22.317 0.8000000119
120739  33.495  -45.510  -10.477 0.6999999881
38808  33.329  -44.879  -11.030 0.6000000238
35802  33.852  -47.320  -10.670 0.6000000238
37759  34.294  -45.965  -9.629 0.5000000000
119898  33.375  -44.067  -11.153 0.6999999881
36718  36.585  -46.839  -9.372 0.4000000060
112183  35.712  -47.041  -9.490 0.5000000000
36727  34.134  -47.153  -10.083 0.6000000238
115798  33.423  -45.075  -12.739 0.6999999881
35792  37.221  -47.428  -9.513 0.5000000000
124805  33.734  -44.935  -13.739 0.6999999881
34774  38.824  -47.835  -9.612 0.5000000000
34790  36.659  -48.320  -10.378 0.6000000238
113815  39.248  -48.667  -10.066 0.4000000060
34788  38.459  -48.319  -9.944 0.4000000060
39835  34.652  -44.012  -15.121 0.8000000119
38844  34.114  -44.431  -14.459 0.8000000119
33789  38.748  -48.986  -10.884 0.4000000060
38859  35.129  -44.138  -15.932 0.8000000119
38860  34.722  -44.657  -15.637 0.8000000119
33839  39.799  -48.941  -13.562 0.3000000119
39842  36.111  -42.953  -16.786 0.8000000119
40752  35.695  -42.652  -16.095 0.8000000119
38872  35.528  -44.284  -16.632 0.8000000119
40759  36.597  -42.522  -17.395 0.8000000119
39851  35.903  -43.702  -16.912 0.8000000119
40768  36.969  -42.224  -18.107 0.8999999762
39849  37.201  -42.952  -18.027 0.8999999762
41735  37.409  -42.304  -18.956 0.8999999762
122688  38.016  -42.724  -19.262 0.8999999762
41747  37.026  -41.756  -19.650 0.8999999762
40779  38.678  -42.897  -20.059 0.8999999762
40787  38.484  -42.222  -20.884 0.8999999762
115683  35.718  -42.887  -21.578 0.8000000119
38924  34.987  -44.061  -20.934 0.8000000119
41759  38.949  -42.038  -21.834 0.8999999762
39899  37.645  -42.425  -22.430 0.8000000119
40799  38.828  -41.984  -22.272 0.8000000119
38774  34.648  -44.642  -9.316 0.6000000238
38775  33.973  -44.702  -9.690 0.6000000238
120332  33.472  -44.237  -10.538 0.6000000238
37758  35.100  -45.445  -9.297 0.6000000238
37756  37.844  -45.835  -9.129 0.4000000060
109873  36.839  -45.990  -9.237 0.4000000060
37757  35.897  -46.150  -9.316 0.4000000060
38821  33.384  -44.345  -12.017 0.6999999881
36717  37.463  -46.684  -9.259 0.4000000060
38832  33.618  -44.246  -13.085 0.6999999881
35790  38.827  -46.956  -9.194 0.5000000000
36716  38.194  -46.590  -9.150 0.4000000060
38831  33.887  -44.140  -13.839 0.6999999881
128660  39.496  -47.358  -9.323 0.5000000000
40717  34.481  -42.780  -13.873 0.8000000119
39810  34.299  -43.657  -14.275 0.8000000119
112162  35.794  -41.883  -15.902 0.8000000119
40745  34.881  -43.080  -14.744 0.8000000119
41728  36.483  -41.821  -17.404 0.8000000119
42737  36.430  -41.468  -17.925 0.8999999762
42744  36.182  -41.132  -18.729 0.8999999762
115458  37.711  -41.760  -20.533 0.8999999762
41760  38.351  -41.331  -21.599 1.0000000000
40795  36.088  -42.070  -22.112 0.8000000119
40794  36.695  -42.702  -22.058 0.8000000119
41768  38.608  -41.356  -22.321 1.0000000000
40800  38.177  -41.697  -22.696 0.8000000119
41775  37.681  -41.151  -23.073 0.8000000119
118977  34.287  -44.106  -9.427 0.6000000238
40654  34.291  -42.576  -9.589 0.6000000238
38773  35.442  -44.511  -9.047 0.6000000238
40670  33.861  -42.572  -10.387 0.6999999881
38771  37.842  -44.717  -9.290 0.4000000060
110570  37.119  -45.233  -9.268 0.4000000060
38772  36.186  -45.171  -9.150 0.4000000060
39798  33.624  -43.508  -12.587 0.6999999881
36715  39.632  -46.463  -8.962 0.5000000000
116226  39.361  -44.947  -9.155 0.4000000060
40718  33.974  -42.795  -13.022 0.8000000119
40735  35.027  -42.241  -14.444 0.8000000119
40699  34.384  -42.097  -13.244 0.8000000119
41713  35.586  -41.420  -15.375 0.8000000119
40734  35.379  -42.331  -15.259 0.8000000119
42730  35.628  -40.432  -16.396 0.8000000119
40751  36.213  -41.966  -16.641 0.8000000119
41729  36.099  -41.074  -17.067 0.8999999762
42753  36.386  -41.104  -19.671 0.8999999762
42745  35.665  -40.543  -18.619 0.8999999762
41761  37.111  -41.045  -20.715 1.0000000000
128639  38.002  -40.500  -21.721 1.0000000000
41776  36.568  -41.303  -22.745 0.8000000119
39893  34.958  -43.233  -21.179 0.8000000119
127121  38.023  -39.855  -22.307 1.0000000000
42773  38.062  -40.521  -23.142 0.8000000119
41774  38.250  -41.090  -22.964 0.8000000119
40639  36.325  -42.941  -8.599 0.6000000238
39745  34.871  -43.914  -9.049 0.6000000238
39746  34.382  -43.367  -9.334 0.6000000238
40687  33.643  -42.651  -11.300 0.6999999881
41632  33.907  -41.850  -11.043 0.6999999881
39744  36.895  -44.509  -9.181 0.5000000000
38749  36.136  -44.324  -8.902 0.5000000000
41672  33.793  -41.962  -11.922 0.8000000119
41654  34.173  -41.205  -11.689 0.8000000119
37755  38.643  -45.321  -9.121 0.4000000060
118067  33.957  -42.182  -12.599 0.8000000119
38792  41.364  -44.041  -10.099 0.4000000060
38768  39.997  -44.471  -9.384 0.4000000060
41704  35.139  -41.502  -14.175 0.8000000119
41689  34.788  -41.395  -13.466 0.8000000119
42716  35.408  -40.893  -14.707 0.8000000119
41720  35.904  -41.193  -16.135 0.8000000119
42738  35.856  -40.745  -17.947 0.8999999762
43695  35.425  -40.151  -17.321 0.8000000119
42754  35.800  -40.562  -19.358 1.0000000000
115781  36.203  -40.396  -20.217 1.0000000000
43717  35.523  -39.878  -19.669 1.0000000000
42764  36.096  -39.458  -20.444 1.0000000000
43733  37.841  -39.131  -22.787 1.0000000000
42774  37.035  -40.425  -23.256 0.8999999762
41770  35.563  -41.376  -22.180 0.8000000119
42771  35.207  -40.616  -22.263 0.8999999762
42776  37.757  -39.695  -23.214 1.0000000000
43741  36.907  -39.423  -23.370 1.0000000000
43739  35.895  -39.900  -22.974 1.0000000000
110024  37.241  -37.636  -22.665 1.0000000000
45584  36.845  -36.978  -22.076 1.0000000000
44651  37.362  -37.828  -23.175 1.0000000000
45596  37.127  -37.419  -23.320 1.0000000000
46477  36.811  -36.008  -22.095 1.0000000000
115955  36.968  -36.240  -23.130 1.0000000000
41590  35.408  -41.925  -8.770 0.6999999881
41607  34.765  -41.840  -9.308 0.6999999881
41606  35.326  -40.990  -9.099 0.6999999881
117294  36.925  -42.316  -8.425 0.6000000238
120977  36.146  -42.141  -8.474 0.6000000238
40669  34.242  -41.809  -10.119 0.6999999881
39723  37.167  -43.046  -8.753 0.6000000238
39742  38.250  -43.810  -9.391 0.5000000000
42644  34.669  -40.230  -10.535 0.8000000119
39740  39.651  -43.695  -9.815 0.4000000060
42702  34.748  -40.630  -13.093 0.8000000119
42717  35.173  -40.755  -13.866 0.8000000119
43669  35.406  -40.051  -14.963 0.8000000119
125981  35.295  -40.220  -14.289 0.8000000119
43687  35.292  -39.778  -16.612 0.6999999881
43676  35.358  -39.757  -15.802 0.8000000119
43707  34.962  -39.471  -17.906 0.8999999762
44610  34.720  -38.690  -17.013 0.8000000119
119141  35.401  -40.126  -18.950 0.8999999762
126650  34.758  -38.927  -17.591 1.0000000000
44622  34.743  -38.646  -18.270 1.0000000000
122684  35.385  -38.948  -19.799 1.0000000000
44631  34.937  -38.426  -19.135 1.0000000000
113293  35.030  -36.991  -18.340 1.0000000000
46470  35.383  -36.606  -19.048 1.0000000000
44630  35.371  -37.989  -19.877 1.0000000000
46469  35.878  -36.218  -19.915 1.0000000000
44637  36.666  -37.984  -21.582 1.0000000000
43738  36.199  -38.899  -23.297 1.0000000000
46478  36.344  -36.607  -20.842 1.0000000000
45600  37.243  -37.982  -23.327 1.0000000000
44652  36.669  -38.026  -23.391 1.0000000000
45597  36.459  -37.290  -23.391 1.0000000000
47322  36.868  -35.225  -22.161 1.0000000000
41589  36.126  -41.217  -8.523 0.6999999881
121005  34.686  -41.033  -9.884 0.6999999881
41587  38.236  -41.629  -8.407 0.5000000000
118309  36.986  -40.976  -8.247 0.6999999881
41631  34.331  -41.081  -10.786 0.6999999881
40638  37.756  -42.361  -8.565 0.6000000238
40652  39.297  -42.695  -9.830 0.5000000000
40637  38.709  -42.373  -8.943 0.5000000000
128594  34.551  -39.799  -11.228 0.8000000119
121037  34.490  -39.807  -11.927 0.8000000119
43644  34.675  -39.830  -12.747 0.6999999881
118264  35.050  -39.889  -13.607 0.8000000119
119854  35.234  -39.411  -15.114 0.8000000119
43670  35.166  -39.492  -14.363 0.8000000119
43688  35.017  -39.155  -16.416 0.6999999881
43677  35.012  -38.952  -15.635 0.6999999881
45552  34.421  -37.479  -16.057 0.8999999762
46437  34.151  -36.670  -15.632 0.8000000119
47267  33.881  -35.991  -15.106 0.8000000119
48189  33.913  -34.679  -15.213 0.8000000119
45559  34.526  -37.809  -17.054 0.8999999762
129810  34.332  -36.846  -16.199 0.8000000119
47275  34.126  -35.760  -15.861 0.8000000119
45572  34.709  -37.773  -18.069 1.0000000000
109983  34.475  -36.929  -16.742 0.8999999762
47286  34.456  -35.372  -16.686 0.8999999762
48188  34.158  -34.936  -15.915 0.8000000119
46451  34.671  -36.186  -17.183 0.8999999762
46464  35.187  -36.164  -18.141 1.0000000000
45578  35.570  -37.075  -19.900 1.0000000000
117002  36.093  -37.526  -20.728 1.0000000000
125056  36.216  -35.552  -19.944 1.0000000000
47323  36.536  -35.786  -20.870 1.0000000000
46497  35.981  -36.577  -23.288 1.0000000000
109251  36.197  -34.952  -19.477 1.0000000000
47314  36.669  -35.054  -20.872 1.0000000000
46496  36.923  -35.735  -23.089 1.0000000000
48229  36.823  -34.261  -20.800 1.0000000000
49210  37.305  -33.879  -22.473 1.0000000000
116815  37.823  -40.944  -8.211 0.6999999881
42610  37.461  -40.082  -8.265 0.6999999881
42611  36.531  -40.285  -8.491 0.6999999881
43574  35.988  -39.637  -8.818 0.6999999881
42623  35.469  -40.018  -9.274 0.6999999881
121564  38.549  -41.005  -8.321 0.6000000238
42624  34.980  -39.536  -9.911 0.6999999881
43603  34.673  -39.371  -10.714 0.6999999881
41605  39.498  -41.884  -9.290 0.5000000000
43623  34.514  -39.171  -11.486 0.8000000119
122122  34.507  -39.098  -12.336 0.6999999881
43657  34.696  -39.064  -13.265 0.6999999881
108940  34.840  -38.824  -14.058 0.6999999881
44585  34.538  -38.162  -14.531 0.6999999881
44603  34.693  -38.395  -16.261 0.6999999881
110721  34.647  -38.221  -15.401 0.6999999881
46427  33.713  -36.051  -14.278 0.8000000119
47258  33.611  -35.286  -13.869 0.8000000119
48172  33.643  -34.456  -13.547 0.8000000119
47276  33.753  -35.307  -14.714 0.8000000119
49128  33.794  -33.814  -14.167 0.8000000119
49138  33.940  -33.916  -14.980 0.8000000119
47292  34.992  -35.407  -17.580 1.0000000000
48197  34.422  -34.441  -16.523 0.8999999762
49137  34.153  -34.122  -15.783 0.8000000119
48204  34.782  -34.659  -17.244 1.0000000000
49149  34.448  -33.625  -16.432 0.8000000119
47305  35.671  -35.763  -19.129 1.0000000000
48216  35.661  -34.488  -18.559 1.0000000000
48230  36.293  -34.231  -19.345 1.0000000000
46487  36.714  -35.783  -23.235 1.0000000000
46488  35.601  -35.868  -22.895 1.0000000000
49203  36.571  -33.629  -19.739 1.0000000000
50132  36.768  -32.922  -20.073 1.0000000000
49202  37.284  -33.494  -21.318 1.0000000000
47338  37.032  -35.079  -23.008 1.0000000000
50131  37.643  -32.844  -21.526 1.0000000000
43572  37.570  -39.186  -8.402 0.6999999881
43573  36.759  -39.260  -8.513 0.6999999881
43584  35.484  -39.145  -9.318 0.6000000238
117381  35.078  -38.777  -9.767 0.6000000238
44508  34.779  -38.139  -10.093 0.6000000238
44528  34.558  -38.632  -10.874 0.6999999881
45513  34.204  -37.790  -12.291 0.6999999881
44549  34.373  -38.352  -11.771 0.6999999881
114896  34.104  -37.633  -12.934 0.6999999881
45524  34.041  -37.402  -13.542 0.6999999881
47247  33.573  -35.268  -12.824 0.8000000119
45535  34.151  -37.470  -14.228 0.6999999881
118727  33.835  -36.800  -13.871 0.8000000119
49115  33.798  -33.640  -13.367 0.8000000119
110138  33.919  -33.204  -13.941 0.8000000119
50060  34.283  -32.473  -14.954 0.8000000119
50085  34.562  -32.789  -16.431 0.8000000119
112591  34.495  -32.280  -15.754 0.8000000119
49161  35.188  -34.024  -17.757 1.0000000000
49162  34.841  -33.243  -17.206 1.0000000000
51065  34.754  -31.970  -16.484 0.6999999881
50100  35.326  -32.607  -17.707 1.0000000000
50101  34.858  -32.457  -17.034 0.8999999762
50115  35.945  -32.927  -18.753 1.0000000000
51090  36.314  -31.462  -19.096 1.0000000000
47333  35.271  -35.366  -22.467 1.0000000000
113215  36.281  -32.292  -19.202 1.0000000000
51100  36.946  -32.220  -20.218 1.0000000000
110583  37.119  -34.406  -22.964 1.0000000000
48243  36.892  -34.666  -23.088 1.0000000000
47332  36.424  -35.213  -23.076 1.0000000000
45485  34.630  -37.234  -10.316 0.6000000238
111868  34.335  -37.118  -11.036 0.6999999881
46404  33.710  -36.274  -12.507 0.6999999881
46403  33.971  -37.119  -12.342 0.6999999881
46414  33.844  -36.903  -13.096 0.6999999881
48165  33.684  -34.216  -12.578 0.6999999881
49101  33.888  -33.337  -12.614 0.6999999881
51039  34.190  -31.990  -13.606 0.6999999881
51052  34.328  -31.846  -14.398 0.6999999881
120085  34.506  -31.672  -15.181 0.6999999881
114341  34.951  -31.033  -16.495 0.8000000119
128991  34.663  -31.547  -15.883 0.6999999881
51076  35.186  -31.728  -17.301 0.8999999762
115390  35.688  -32.007  -18.310 1.0000000000
51075  35.545  -31.128  -18.033 1.0000000000
48240  35.801  -34.700  -22.691 1.0000000000
49217  37.175  -33.770  -22.803 1.0000000000
51099  37.890  -32.195  -21.561 1.0000000000
44494  36.633  -38.318  -8.589 0.6000000238
126424  36.018  -38.031  -8.768 0.6000000238
45458  35.768  -37.414  -8.940 0.6000000238
46360  35.567  -36.663  -9.226 0.6000000238
45468  35.151  -37.356  -9.574 0.6000000238
46361  34.915  -36.512  -9.828 0.6000000238
46375  34.420  -36.452  -10.656 0.6000000238
47232  34.133  -35.718  -11.064 0.6000000238
47233  33.722  -35.624  -11.876 0.6000000238
116875  33.907  -35.003  -11.392 0.6999999881
49089  33.841  -33.660  -11.961 0.6999999881
50029  34.065  -32.675  -12.527 0.6999999881
51020  34.147  -32.082  -12.820 0.6999999881
51038  34.264  -31.370  -13.072 0.6999999881
52002  34.452  -30.606  -13.250 0.6999999881
115239  34.570  -30.472  -14.062 0.6999999881
118466  43.499  -25.911  -12.393 0.3000000119
52972  34.924  -29.847  -15.214 0.6999999881
125907  34.691  -30.383  -14.750 0.6999999881
57286  44.083  -24.795  -13.417 0.3000000119
115678  35.049  -30.057  -16.128 0.8000000119
44632  32.298  -38.127  -19.989 0.8999999762
52033  35.272  -30.927  -17.273 1.0000000000
46480  33.209  -36.732  -20.477 1.0000000000
46479  34.369  -36.025  -21.906 1.0000000000
126476  33.652  -36.597  -21.204 1.0000000000
52046  36.903  -30.779  -19.842 1.0000000000
112168  38.035  -31.444  -21.446 1.0000000000
112681  37.706  -33.080  -22.638 1.0000000000
48239  36.819  -34.224  -23.037 1.0000000000
51116  38.695  -32.007  -22.844 1.0000000000
46350  37.067  -36.942  -8.675 0.6000000238
46359  36.288  -36.773  -8.810 0.6000000238
109343  36.873  -36.089  -8.874 0.6000000238
47206  36.234  -35.458  -9.253 0.6000000238
48123  36.465  -34.654  -9.422 0.6000000238
48124  35.483  -34.886  -9.701 0.6999999881
48136  35.211  -34.063  -10.082 0.6999999881
47208  34.709  -35.580  -10.187 0.6000000238
110929  34.646  -34.003  -10.608 0.6999999881
50026  40.416  -32.227  -12.947 0.3000000119
129260  40.527  -31.558  -12.346 0.3000000119
49088  34.280  -33.539  -11.204 0.6999999881
50010  34.073  -32.991  -11.910 0.6999999881
128800  34.321  -31.542  -12.435 0.6999999881
129608  42.912  -26.900  -11.765 0.3000000119
55560  42.976  -26.223  -11.836 0.4000000060
56455  43.472  -24.916  -12.639 0.4000000060
57267  42.810  -24.610  -11.962 0.4000000060
44633  31.711  -38.651  -19.514 0.6999999881
43708  30.902  -38.943  -19.314 0.6999999881
59842  43.171  -21.803  -13.692 0.3000000119
121811  43.658  -24.202  -13.165 0.3000000119
45580  32.397  -37.550  -19.318 0.8999999762
58995  43.783  -22.267  -14.309 0.3000000119
58104  43.116  -23.888  -12.567 0.3000000119
52025  35.239  -30.269  -17.011 0.8000000119
46472  32.777  -36.824  -19.633 0.8999999762
58983  43.364  -22.648  -13.561 0.3000000119
52988  35.594  -29.789  -17.663 0.8000000119
52987  36.168  -29.405  -18.288 1.0000000000
47324  34.448  -35.213  -21.456 1.0000000000
49211  36.718  -33.646  -22.938 1.0000000000
120105  35.720  -34.019  -22.399 1.0000000000
50154  38.073  -32.528  -23.064 1.0000000000
52063  39.077  -31.346  -22.895 1.0000000000
128010  38.538  -32.134  -23.265 1.0000000000
52062  38.831  -31.420  -23.243 1.0000000000
111914  36.692  -34.007  -9.538 0.6999999881
49063  36.458  -33.363  -9.743 0.6999999881
50027  39.909  -32.832  -12.445 0.3000000119
50009  39.619  -32.588  -11.627 0.4000000060
49072  35.664  -33.514  -9.953 0.6999999881
49073  35.029  -33.343  -10.495 0.6999999881
129500  34.684  -32.988  -10.914 0.6999999881
50991  40.234  -31.283  -11.662 0.4000000060
50994  34.781  -31.843  -11.287 0.6999999881
51962  40.388  -30.463  -11.382 0.3000000119
51963  39.716  -30.943  -11.047 0.5000000000
51964  35.167  -30.234  -11.364 0.6999999881
51965  34.737  -30.511  -11.831 0.6999999881
52921  34.680  -29.987  -12.532 0.6999999881
53760  41.605  -28.488  -11.287 0.4000000060
53748  40.269  -28.278  -10.604 0.6000000238
54600  40.628  -27.431  -10.618 0.5000000000
52949  34.713  -29.832  -13.509 0.6999999881
54611  42.429  -27.317  -11.511 0.3000000119
52962  34.822  -29.777  -14.366 0.6999999881
58974  40.485  -21.878  -11.901 0.4000000060
128632  41.273  -25.808  -10.836 0.4000000060
44624  30.322  -38.694  -18.523 0.6999999881
123430  41.151  -21.636  -12.237 0.4000000060
115042  42.426  -25.790  -11.484 0.4000000060
113136  41.784  -25.288  -11.180 0.4000000060
43720  30.163  -39.353  -19.303 0.6000000238
59855  42.986  -20.928  -13.794 0.3000000119
58984  42.712  -22.207  -13.046 0.3000000119
59831  41.898  -21.852  -12.558 0.4000000060
57252  42.100  -24.544  -11.533 0.4000000060
56445  40.927  -25.152  -10.838 0.4000000060
52971  35.344  -29.055  -15.804 0.6999999881
118232  35.581  -28.394  -15.132 0.6999999881
124322  32.021  -38.154  -19.179 0.6999999881
58973  41.355  -22.412  -11.952 0.4000000060
58105  42.408  -23.887  -11.922 0.4000000060
57254  40.538  -24.405  -10.993 0.4000000060
52979  35.432  -29.435  -16.792 0.8000000119
58118  42.993  -23.001  -12.851 0.3000000119
123391  42.573  -23.309  -12.322 0.3000000119
58090  41.666  -23.882  -11.548 0.4000000060
53832  35.918  -28.997  -17.442 0.8000000119
47325  33.702  -36.021  -20.855 1.0000000000
53831  36.525  -28.614  -17.925 0.8999999762
52999  36.714  -29.807  -19.339 1.0000000000
51126  37.802  -32.342  -23.108 1.0000000000
130470  39.204  -30.335  -22.562 1.0000000000
53007  37.943  -30.313  -20.997 1.0000000000
51125  38.520  -31.851  -23.362 1.0000000000
50147  36.632  -32.864  -22.686 1.0000000000
111122  38.798  -30.397  -23.276 1.0000000000
111530  37.364  -31.409  -22.735 1.0000000000
48122  37.288  -34.381  -9.445 0.6000000238
49071  37.804  -33.211  -9.905 0.6000000238
49979  37.151  -33.041  -9.792 0.6000000238
49988  36.678  -32.572  -9.955 0.6999999881
113899  39.007  -33.151  -10.664 0.5000000000
49986  38.372  -32.657  -10.346 0.6000000238
49989  35.809  -32.843  -10.120 0.6999999881
49985  39.138  -32.357  -10.843 0.5000000000
50969  39.120  -31.467  -10.754 0.4000000060
126799  35.136  -32.449  -10.711 0.6999999881
50973  35.363  -31.631  -10.761 0.6999999881
50970  38.398  -31.173  -10.514 0.6000000238
126342  35.860  -31.053  -10.593 0.6999999881
51946  39.142  -30.646  -10.669 0.6000000238
52902  40.569  -29.649  -11.107 0.6000000238
52888  39.906  -29.216  -10.632 0.6000000238
52904  35.445  -29.550  -11.285 0.6999999881
53761  40.819  -28.832  -10.906 0.5000000000
54601  39.613  -27.538  -10.509 0.6000000238
53751  37.456  -28.408  -10.622 0.6000000238
112275  35.021  -29.242  -12.035 0.6000000238
58107  38.057  -23.241  -12.279 0.4000000060
55548  41.823  -26.158  -11.083 0.4000000060
55535  40.182  -26.696  -10.547 0.4000000060
54602  38.689  -27.222  -10.601 0.5000000000
54604  37.234  -27.799  -10.830 0.6000000238
52920  34.962  -29.161  -12.940 0.6999999881
58958  39.680  -22.218  -11.776 0.4000000060
52948  35.017  -29.095  -13.869 0.6999999881
58957  40.440  -22.677  -11.597 0.4000000060
58959  38.884  -22.804  -11.882 0.5000000000
56431  40.560  -25.896  -10.646 0.4000000060
57241  39.943  -25.162  -10.721 0.4000000060
53808  35.375  -28.382  -14.262 0.6999999881
45573  32.416  -36.874  -18.532 0.8999999762
45574  31.899  -37.700  -18.474 0.6999999881
58106  41.938  -23.203  -11.888 0.4000000060
53823  35.885  -28.601  -16.644 0.6999999881
120789  35.927  -28.177  -15.894 0.6999999881
58956  41.128  -23.262  -11.566 0.4000000060
46471  33.273  -36.147  -19.868 0.8999999762
53844  36.786  -28.926  -18.887 0.8999999762
47315  33.722  -35.414  -20.190 0.8999999762
48231  34.151  -34.672  -20.515 1.0000000000
53861  37.406  -29.314  -19.918 1.0000000000
123379  34.881  -34.503  -21.585 1.0000000000
49212  35.386  -33.230  -21.552 1.0000000000
115714  34.658  -33.959  -20.948 1.0000000000
53873  39.408  -29.651  -22.864 1.0000000000
53878  36.958  -28.345  -22.278 0.8999999762
53881  38.645  -28.536  -22.596 1.0000000000
51117  36.329  -31.887  -22.101 1.0000000000
53032  38.442  -29.339  -22.867 1.0000000000
52074  36.459  -29.996  -21.758 1.0000000000
52064  35.710  -30.688  -21.162 0.8999999762
49987  37.510  -32.533  -10.061 0.6000000238
109692  37.073  -31.874  -10.169 0.6999999881
50972  36.695  -31.171  -10.362 0.6999999881
50971  37.540  -31.228  -10.368 0.6999999881
51949  36.422  -30.417  -10.525 0.6999999881
51947  38.490  -30.319  -10.512 0.6000000238
52890  38.434  -29.536  -10.481 0.6000000238
52893  36.184  -29.653  -10.711 0.6999999881
52891  37.619  -29.212  -10.496 0.6999999881
52892  36.727  -28.929  -10.676 0.6000000238
53762  36.215  -28.352  -11.224 0.6000000238
59834  38.991  -21.116  -12.845 0.3000000119
128198  39.079  -29.159  -10.504 0.6000000238
53750  38.386  -28.633  -10.494 0.6000000238
54615  35.848  -27.959  -11.892 0.6000000238
58976  38.100  -22.475  -12.645 0.4000000060
58985  37.774  -22.553  -13.518 0.4000000060
54614  36.657  -27.489  -11.378 0.6000000238
55538  37.944  -26.926  -10.858 0.5000000000
54623  35.679  -27.795  -12.772 0.6000000238
56433  38.888  -25.732  -10.828 0.4000000060
54649  35.678  -27.719  -13.729 0.6000000238
58108  37.577  -23.735  -12.767 0.5000000000
117902  38.536  -25.034  -11.243 0.4000000060
57268  37.970  -23.972  -11.977 0.5000000000
57255  39.684  -24.280  -11.040 0.4000000060
54672  36.456  -27.499  -15.662 0.6000000238
58092  39.338  -23.559  -11.449 0.4000000060
57256  37.956  -24.751  -11.708 0.4000000060
128461  32.877  -36.278  -19.066 0.8999999762
54678  36.946  -27.913  -17.471 0.8999999762
112202  36.396  -28.387  -17.198 0.8000000119
47307  33.169  -35.516  -19.102 0.8999999762
121860  33.634  -34.864  -19.592 0.8999999762
48232  33.819  -34.038  -19.637 0.8999999762
110757  38.539  -29.185  -21.326 1.0000000000
53030  39.392  -29.541  -22.979 1.0000000000
50148  35.372  -32.282  -21.105 1.0000000000
53879  35.754  -28.126  -21.682 1.0000000000
109670  34.908  -29.523  -20.936 1.0000000000
53874  34.625  -28.153  -21.317 1.0000000000
121299  33.596  -29.186  -20.977 0.8999999762
110491  37.892  -30.661  -10.436 0.6999999881
59835  38.148  -21.662  -13.310 0.3000000119
58142  37.838  -22.938  -14.416 0.3000000119
58120  37.597  -23.414  -13.608 0.5000000000
57313  37.707  -23.892  -14.510 0.4000000060
55550  37.265  -26.649  -11.372 0.5000000000
116738  37.486  -25.935  -11.555 0.5000000000
55561  36.974  -26.084  -11.976 0.5000000000
54648  36.097  -27.110  -13.185 0.5000000000
58119  37.680  -23.028  -12.911 0.5000000000
56457  37.310  -25.311  -12.043 0.5000000000
122054  36.562  -26.418  -12.650 0.5000000000
57287  37.384  -24.351  -13.589 0.5000000000
56458  36.908  -25.707  -12.579 0.5000000000
54662  35.921  -27.703  -14.740 0.6000000238
57269  37.456  -24.496  -12.468 0.5000000000
113214  36.600  -27.829  -16.608 0.6999999881
55598  37.442  -25.523  -14.916 0.5000000000
56495  37.131  -25.186  -13.970 0.5000000000
114049  37.388  -27.275  -17.044 0.6000000238
53830  37.171  -28.122  -18.381 0.8999999762
53860  37.607  -28.459  -19.581 0.8999999762
53859  38.570  -27.802  -20.434 0.8999999762
54739  37.893  -27.643  -22.478 0.8999999762
118233  39.139  -28.384  -22.309 0.8999999762
53877  39.275  -29.054  -22.540 0.8999999762
53872  39.305  -28.548  -21.967 1.0000000000
118410  34.412  -32.545  -20.126 0.8999999762
49204  34.342  -33.369  -20.235 0.8999999762
51118  35.086  -31.420  -20.542 0.8999999762
129424  36.210  -27.810  -21.855 0.8000000119
54737  35.933  -27.611  -21.624 0.6999999881
130929  34.697  -31.948  -20.272 0.8999999762
52065  34.256  -30.367  -20.397 0.8999999762
51101  34.021  -31.536  -19.846 0.8999999762
60624  39.270  -20.369  -13.251 0.3000000119
111047  37.973  -21.863  -14.341 0.3000000119
58996  38.163  -22.370  -15.353 0.4000000060
110631  38.239  -21.448  -15.514 0.3000000119
58162  38.338  -22.644  -16.388 0.4000000060
57312  38.086  -23.384  -15.323 0.4000000060
54622  36.182  -27.208  -12.235 0.6000000238
56506  37.961  -25.128  -15.558 0.5000000000
57326  38.016  -24.327  -15.378 0.4000000060
55584  36.485  -26.444  -13.656 0.5000000000
54661  36.176  -27.073  -14.112 0.5000000000
110787  37.811  -25.839  -15.766 0.5000000000
56479  37.048  -25.075  -12.971 0.5000000000
113407  36.569  -26.995  -14.965 0.5000000000
55611  37.141  -26.295  -15.161 0.5000000000
55610  37.544  -26.465  -16.013 0.5000000000
54671  37.149  -27.073  -16.302 0.5000000000
56512  38.105  -26.095  -16.403 0.5000000000
55632  38.061  -26.792  -17.453 0.6000000238
55631  38.701  -26.394  -18.092 0.6999999881
54702  37.900  -27.566  -18.886 0.6999999881
54701  38.781  -26.842  -19.202 0.6999999881
55660  39.317  -26.991  -20.498 0.8000000119
49205  33.670  -33.137  -19.389 0.8999999762
54726  39.325  -26.755  -21.608 0.8999999762
54714  39.282  -27.604  -21.354 0.8999999762
54736  36.787  -27.533  -22.187 0.6999999881
50133  33.441  -32.306  -19.379 0.8999999762
125029  33.112  -31.589  -19.451 0.8999999762
53022  33.941  -28.639  -21.061 1.0000000000
59019  38.246  -21.610  -16.539 0.3000000119
118695  37.957  -20.866  -17.577 0.3000000119
121804  38.415  -23.733  -16.180 0.4000000060
59040  38.172  -21.682  -17.636 0.3000000119
130294  38.345  -24.635  -16.051 0.4000000060
126877  38.493  -22.716  -17.620 0.4000000060
110084  38.712  -24.184  -16.902 0.4000000060
57344  38.856  -23.369  -18.276 0.4000000060
56511  38.434  -25.346  -16.430 0.4000000060
124734  39.028  -24.868  -17.469 0.4000000060
55618  38.609  -26.029  -17.142 0.5000000000
127725  39.389  -26.390  -19.852 0.6000000238
55673  39.458  -26.952  -21.355 0.8000000119
55686  38.742  -26.794  -22.031 0.6999999881
54728  36.480  -26.961  -21.870 0.6999999881
52051  33.088  -30.663  -19.932 0.8999999762
53876  33.288  -28.728  -21.053 0.8999999762
53023  32.947  -28.929  -21.100 0.8000000119
52066  32.909  -29.512  -20.824 0.8000000119
53008  32.700  -28.947  -21.056 0.6999999881
53009  32.217  -29.062  -20.568 0.8000000119
59898  37.551  -20.234  -17.814 0.3000000119
59049  37.874  -21.588  -18.638 0.3000000119
58185  38.193  -22.099  -19.058 0.3000000119
59058  37.507  -21.728  -19.125 0.4000000060
122120  39.246  -23.634  -19.786 0.5000000000
57354  39.447  -24.123  -20.349 0.5000000000
57367  38.940  -23.064  -20.891 0.5000000000
56533  39.489  -24.862  -19.221 0.5000000000
56547  39.490  -24.463  -20.980 0.5000000000
55644  39.572  -25.416  -20.158 0.5000000000
56561  39.445  -25.351  -21.190 0.6000000238
55682  39.312  -25.943  -21.401 0.6999999881
56573  38.783  -25.147  -21.544 0.6999999881
113706  37.266  -26.130  -21.615 0.6999999881
55674  36.609  -26.459  -21.289 0.6999999881
55675  35.825  -27.410  -21.393 0.6999999881
55662  35.968  -27.070  -20.476 0.6999999881
53875  34.103  -28.436  -21.053 0.8000000119
54716  34.394  -27.974  -20.676 0.6999999881
60674  37.721  -19.833  -17.156 0.3000000119
59899  37.126  -20.143  -17.850 0.3000000119
59909  36.888  -20.781  -18.262 0.4000000060
59050  37.262  -21.339  -18.680 0.3000000119
59059  37.151  -21.613  -19.042 0.4000000060
58194  37.759  -22.102  -19.376 0.4000000060
117879  38.423  -22.808  -19.790 0.4000000060
57355  37.688  -22.521  -19.822 0.3000000119
57368  38.279  -22.866  -20.942 0.5000000000
57382  38.932  -23.366  -21.391 0.6000000238
56534  37.581  -23.266  -20.536 0.3000000119
56562  37.869  -23.827  -21.294 0.5000000000
56548  37.347  -24.121  -20.881 0.4000000060
56572  39.180  -25.086  -21.398 0.6999999881
57395  38.582  -23.882  -21.474 0.6999999881
56563  37.321  -25.156  -21.206 0.6000000238
56574  37.985  -24.947  -21.456 0.6999999881
55684  38.149  -26.152  -21.801 0.6999999881
55661  36.776  -25.843  -20.055 0.6000000238
59051  36.895  -21.508  -18.690 0.3000000119
58195  37.251  -21.890  -19.232 0.3000000119
110269  37.152  -23.504  -19.519 0.3000000119
58196  36.853  -21.956  -18.875 0.3000000119
57356  36.801  -23.037  -18.755 0.3000000119
118574  36.428  -23.586  -17.256 0.3000000119
110105  36.685  -24.623  -18.445 0.4000000060
56535  37.026  -24.646  -19.563 0.5000000000
55646  36.302  -25.833  -18.555 0.5000000000
55647  35.833  -26.754  -19.247 0.6000000238
61487  36.821  -19.159  -16.609 0.4000000060
59900  36.781  -20.213  -17.599 0.3000000119
112176  36.569  -20.964  -17.413 0.3000000119
126819  36.658  -22.065  -18.283 0.3000000119
58177  36.487  -22.764  -17.288 0.3000000119
58186  36.626  -22.691  -18.147 0.3000000119
56513  36.331  -24.482  -17.391 0.3000000119
56523  36.013  -25.443  -17.483 0.4000000060
55633  35.370  -26.237  -17.540 0.4000000060
108900  35.449  -26.612  -18.291 0.5000000000
53847  32.425  -28.857  -18.963 0.6999999881
53010  31.611  -29.510  -20.622 0.8000000119
60655  36.575  -19.919  -16.705 0.4000000060
59879  36.379  -20.830  -16.491 0.3000000119
59020  36.189  -21.925  -16.119 0.3000000119
59042  36.236  -22.666  -16.458 0.3000000119
58178  35.992  -23.507  -16.302 0.3000000119
118936  35.681  -24.448  -16.343 0.4000000060
55620  35.114  -25.819  -16.752 0.4000000060
55621  34.488  -26.475  -16.917 0.4000000060
55634  34.748  -26.932  -17.693 0.4000000060
55648  35.016  -27.315  -18.667 0.5000000000
55635  33.955  -27.120  -17.236 0.4000000060
54704  34.401  -28.010  -19.309 0.6000000238
54688  34.212  -27.672  -18.103 0.4000000060
53846  33.495  -28.459  -18.786 0.6999999881
54689  33.443  -27.763  -17.652 0.4000000060
53833  32.908  -28.370  -17.985 0.4000000060
53848  31.483  -28.705  -18.586 0.5000000000
53000  31.506  -29.101  -19.693 0.6000000238
120272  30.873  -29.433  -20.155 0.6999999881
61471  36.436  -19.048  -15.280 0.3000000119
60656  36.031  -20.696  -15.452 0.3000000119
59880  35.821  -21.470  -15.442 0.3000000119
59021  35.398  -23.129  -15.493 0.3000000119
58163  35.251  -23.985  -15.684 0.3000000119
57327  34.633  -24.605  -15.664 0.4000000060
122446  34.189  -25.878  -16.319 0.3000000119
56515  33.337  -25.716  -16.230 0.3000000119
55622  33.549  -26.508  -16.692 0.3000000119
54679  33.300  -27.163  -17.104 0.3000000119
55636  32.370  -26.750  -17.183 0.3000000119
54690  32.728  -27.548  -17.383 0.3000000119
54691  31.877  -27.344  -17.567 0.3000000119
53834  32.114  -28.288  -17.893 0.3000000119
128227  31.202  -27.867  -18.073 0.4000000060
53001  30.803  -29.010  -19.105 0.5000000000
53011  30.162  -29.281  -19.676 0.5000000000
61472  35.685  -19.610  -14.359 0.3000000119
125671  35.276  -20.510  -14.436 0.3000000119
110898  35.146  -22.248  -14.902 0.3000000119
58164  34.438  -23.873  -15.288 0.3000000119
57337  33.061  -24.995  -15.865 0.3000000119
129940  32.341  -25.692  -16.831 0.3000000119
56524  32.076  -25.978  -17.139 0.3000000119
54692  31.229  -26.994  -17.813 0.3000000119
53850  30.340  -27.945  -18.482 0.4000000060
53002  30.156  -28.712  -18.914 0.5000000000
53863  29.491  -28.096  -18.856 0.5000000000
61452  35.171  -19.229  -13.559 0.3000000119
61473  34.829  -19.911  -13.779 0.3000000119
59858  34.352  -21.227  -14.339 0.3000000119
58997  34.046  -22.158  -14.577 0.3000000119
58165  33.489  -23.685  -15.156 0.3000000119
57338  32.250  -24.618  -16.438 0.3000000119
57345  31.952  -25.221  -17.044 0.3000000119
54705  30.591  -27.063  -18.207 0.4000000060
54706  29.794  -27.163  -18.578 0.4000000060
54717  28.952  -27.243  -18.951 0.4000000060
53864  28.613  -28.122  -19.347 0.4000000060
63278  35.790  -17.551  -13.198 0.3000000119
62357  35.520  -18.407  -13.363 0.3000000119
59859  33.552  -21.475  -14.415 0.3000000119
59023  33.305  -22.878  -14.836 0.3000000119
58166  32.617  -23.395  -15.357 0.3000000119
57329  32.812  -24.205  -15.628 0.3000000119
131017  31.800  -24.621  -17.099 0.3000000119
56525  31.487  -25.618  -17.616 0.3000000119
56536  31.058  -25.298  -18.149 0.3000000119
55649  30.934  -26.143  -18.031 0.3000000119
55650  30.160  -26.249  -18.483 0.4000000060
62341  35.029  -17.858  -12.739 0.3000000119
61453  34.372  -19.482  -13.425 0.3000000119
61454  33.796  -19.117  -13.265 0.3000000119
60642  34.293  -20.399  -13.876 0.3000000119
58998  33.081  -22.036  -14.686 0.3000000119
59881  32.343  -21.703  -15.115 0.3000000119
59024  32.466  -22.553  -15.183 0.3000000119
58179  32.095  -23.779  -16.118 0.3000000119
58167  31.879  -22.983  -15.838 0.3000000119
62342  34.282  -17.942  -12.737 0.3000000119
60643  33.476  -20.654  -14.079 0.3000000119
62360  33.124  -18.734  -13.410 0.3000000119
60627  33.031  -19.891  -13.853 0.3000000119
60644  32.684  -20.398  -14.405 0.3000000119
58180  31.684  -23.297  -16.597 0.3000000119
57339  31.709  -23.993  -17.079 0.3000000119
57346  31.425  -24.663  -17.808 0.3000000119
62359  33.695  -18.345  -12.992 0.3000000119
63279  32.999  -17.902  -13.341 0.3000000119
60628  32.503  -19.648  -14.408 0.3000000119
61455  32.752  -19.166  -13.879 0.4000000060
131417  32.200  -20.067  -14.881 0.3000000119
59882  31.804  -21.405  -15.616 0.3000000119
59043  31.537  -22.472  -16.671 0.3000000119
120651  32.288  -18.927  -14.565 0.4000000060
62381  32.529  -18.286  -14.040 0.4000000060
116745  31.729  -20.074  -15.509 0.4000000060
64103  32.862  -17.014  -13.380 0.3000000119
63300  32.202  -17.509  -14.598 0.4000000060
43734  37.516  -39.214  -22.038 1.0000000000
42770  38.118  -39.948  -22.867 0.8999999762
53845  33.736  -28.431  -20.370 0.8000000119
53862  32.932  -28.774  -20.347 0.8000000119
33821  35.840  -49.342  -13.223 0.6000000238
33842  35.408  -49.731  -14.119 0.6000000238
119724  33.984  -48.448  -14.679 0.6000000238
33838  40.457  -48.348  -14.723 0.5000000000
32781  40.714  -48.806  -14.716 0.5000000000
34808  35.322  -48.585  -11.253 0.6000000238
39876  39.030  -43.529  -19.794 0.8999999762
34778  35.232  -47.990  -10.084 0.5000000000
109244  38.663  -48.577  -10.414 0.4000000060
34789  37.734  -48.334  -10.234 0.5000000000
125872  33.970  -45.102  -14.511 0.6999999881
39765  33.567  -43.443  -10.633 0.6999999881
34775  37.870  -47.896  -9.728 0.5000000000
111231  39.879  -48.135  -9.626 0.5000000000
32751  38.699  -48.883  -11.574 0.4000000060
39834  35.232  -43.307  -15.573 0.8000000119
39782  33.476  -43.451  -11.642 0.6999999881
110512  38.747  -46.155  -8.963 0.4000000060
42775  36.007  -40.734  -22.706 0.8000000119
39726  35.006  -43.248  -8.882 0.6000000238
38770  38.714  -44.453  -9.358 0.4000000060
37753  40.147  -45.462  -8.967 0.4000000060
42685  34.453  -40.549  -12.260 0.8000000119
42763  37.091  -39.927  -21.268 1.0000000000
118184  38.983  -43.686  -9.595 0.5000000000
40653  37.982  -43.097  -9.127 0.5000000000
125424  37.588  -38.399  -23.075 1.0000000000
41588  37.403  -41.644  -8.302 0.6999999881
43726  36.740  -38.917  -21.344 1.0000000000
47331  37.088  -34.827  -22.942 1.0000000000
48238  37.070  -34.574  -22.350 1.0000000000
45545  34.282  -37.470  -15.093 0.8000000119
49180  35.818  -33.761  -18.648 1.0000000000
50073  34.035  -33.198  -14.638 0.8000000119
47306  35.478  -35.244  -18.436 1.0000000000
125456  33.644  -34.884  -12.044 0.6999999881
115304  35.984  -30.361  -18.537 1.0000000000
47207  35.449  -35.860  -9.484 0.6000000238
115937  34.308  -35.070  -10.785 0.6999999881
52900  42.111  -28.893  -11.849 0.4000000060
45586  32.723  -37.399  -20.239 1.0000000000
118119  41.835  -26.949  -11.093 0.4000000060
53020  39.214  -30.580  -23.147 1.0000000000
52901  41.347  -29.259  -11.483 0.4000000060
53747  41.104  -28.030  -10.819 0.5000000000
130326  39.726  -22.929  -11.523 0.4000000060
58091  40.278  -23.548  -11.278 0.4000000060
52073  38.106  -30.901  -23.270 1.0000000000
55537  38.540  -26.540  -10.754 0.5000000000
113411  37.617  -24.762  -14.682 0.5000000000
56496  36.875  -25.911  -14.256 0.5000000000
55619  37.837  -26.621  -16.714 0.5000000000
54687  37.599  -27.428  -17.845 0.6999999881
54686  38.184  -26.987  -18.214 0.6000000238
111109  39.188  -25.489  -18.129 0.5000000000
55645  39.333  -26.022  -18.963 0.5000000000
115417  39.234  -24.125  -18.680 0.5000000000
54715  35.026  -27.677  -21.035 0.6999999881
54703  35.156  -27.545  -19.852 0.6999999881
57328  33.677  -24.454  -15.494 0.3000000119
35907  38.206  -47.269  -19.529 0.5000000000
37875  38.588  -45.469  -19.496 0.5000000000
114522  38.458  -49.185  -19.918 0.5000000000
33886  37.306  -49.619  -19.247 0.5000000000
35893  37.296  -47.848  -19.105 0.5000000000
34918  38.372  -48.219  -19.702 0.5000000000
121685  36.586  -49.346  -18.675 0.5000000000
32828  35.884  -51.062  -17.713 0.4000000060
33888  35.778  -49.108  -18.132 0.5000000000
32829  35.487  -50.668  -17.263 0.4000000060
34894  35.197  -48.739  -17.402 0.5000000000
131871  36.105  -51.264  -16.438 0.5000000000
119467  34.863  -49.545  -16.765 0.5000000000
41749  32.403  -41.579  -19.289 0.6999999881
41738  32.073  -42.101  -18.688 0.6999999881
41763  33.599  -41.247  -20.517 0.8000000119
119580  34.158  -41.069  -21.206 0.8000000119
40789  33.811  -42.305  -20.408 0.8000000119
42755  32.048  -40.854  -19.450 0.6999999881
41772  33.785  -40.403  -21.003 0.8999999762
121220  33.388  -39.718  -20.806 0.8999999762
42772  34.456  -40.470  -21.643 0.8999999762
120073  34.890  -39.793  -22.249 0.8999999762
42766  32.175  -40.129  -19.898 0.6000000238
43736  34.020  -39.554  -21.511 0.8999999762
43735  34.677  -38.893  -22.285 0.8999999762
44653  35.620  -38.225  -23.001 0.8999999762
45484  39.806  -37.010  -9.922 0.5000000000
45455  38.173  -37.738  -8.743 0.5000000000
45467  37.856  -37.107  -8.792 0.5000000000
44491  38.924  -38.962  -8.671 0.6000000238
44492  38.077  -38.538  -8.556 0.5000000000
44493  37.277  -38.606  -8.481 0.5000000000
43571  38.269  -39.479  -8.384 0.6000000238
125295  31.512  -39.721  -19.753 0.6000000238
43728  32.623  -39.410  -20.405 0.8999999762
43727  33.288  -38.970  -20.984 0.8999999762
42765  33.091  -40.300  -20.392 0.8999999762
44647  33.896  -38.536  -21.658 0.8999999762
44646  34.642  -37.981  -22.354 0.8999999762
45598  35.518  -37.408  -22.958 0.8999999762
112196  38.782  -35.789  -9.591 0.5000000000
109961  37.821  -35.818  -9.149 0.5000000000
46374  39.521  -36.231  -10.084 0.5000000000
46357  38.330  -36.510  -9.139 0.5000000000
46358  37.575  -36.482  -8.862 0.5000000000
46356  39.110  -36.692  -9.512 0.5000000000
121227  32.663  -38.543  -20.550 0.8999999762
43729  31.950  -39.423  -19.946 0.6999999881
44639  33.218  -38.142  -21.121 0.8999999762
45592  33.890  -37.667  -21.734 0.8999999762
45591  34.756  -37.149  -22.451 0.8999999762
124577  38.874  -35.019  -9.920 0.5000000000
47205  37.142  -35.193  -9.188 0.5000000000
47204  39.375  -35.470  -10.284 0.5000000000
46389  39.789  -35.900  -10.668 0.5000000000
116433  32.773  -37.890  -20.618 0.8999999762
45585  33.306  -37.330  -21.023 0.8999999762
46489  34.051  -36.863  -21.781 0.8999999762
127739  38.107  -34.913  -9.513 0.5000000000
49069  39.121  -33.889  -10.586 0.5000000000
49070  38.505  -33.522  -10.163 0.5000000000
48149  39.581  -34.229  -11.418 0.5000000000
130167  39.366  -33.529  -11.135 0.4000000060
44611  31.072  -37.839  -17.823 0.6000000238
119929  30.453  -37.252  -17.334 0.6000000238
45561  31.743  -37.080  -17.860 0.8000000119
45562  31.141  -37.006  -17.505 0.6999999881
113325  30.796  -36.302  -17.290 0.6999999881
46453  29.999  -36.610  -17.085 0.6999999881
110237  29.993  -35.762  -17.142 0.6999999881
45560  32.133  -36.437  -17.875 0.8000000119
46465  32.590  -36.018  -18.309 0.8000000119
47294  31.465  -35.586  -17.465 0.6999999881
47295  30.745  -35.324  -17.343 0.6999999881
48207  30.642  -34.542  -17.532 0.6999999881
116882  29.963  -34.834  -17.434 0.6999999881
48218  32.540  -34.296  -18.092 0.8000000119
48217  33.176  -34.595  -18.806 0.8000000119
49164  31.014  -33.819  -17.802 0.6999999881
49163  31.909  -34.053  -17.692 0.6999999881
49182  32.361  -33.455  -18.258 0.8000000119
49181  33.096  -33.708  -18.728 0.8000000119
49183  31.667  -33.242  -18.125 0.6999999881
50117  32.151  -32.632  -18.542 0.8000000119
50119  30.498  -32.524  -18.878 0.6000000238
50116  32.881  -32.872  -18.810 0.8000000119
51103  31.706  -31.226  -19.893 0.6000000238
50134  30.965  -31.782  -19.547 0.6000000238
51104  30.230  -31.357  -20.363 0.6000000238
51102  32.463  -31.388  -19.530 0.8000000119
52053  31.535  -30.478  -20.615 0.6000000238
51119  30.965  -31.016  -20.492 0.6000000238
51120  30.440  -30.766  -20.641 0.6000000238
52052  32.190  -30.723  -20.196 0.6999999881
117904  31.598  -29.878  -20.775 0.6000000238
53025  30.958  -29.868  -20.707 0.6999999881
52068  30.263  -30.251  -20.674 0.6000000238
116458  30.946  -30.347  -20.696 0.6000000238
126422  30.394  -29.727  -20.439 0.6000000238
52067  32.159  -30.011  -20.807 0.6999999881
53024  32.303  -29.343  -20.942 0.6999999881
31723  36.581  -51.660  -16.811 0.4000000060
32817  35.472  -50.769  -16.327 0.5000000000
33868  35.112  -50.223  -16.793 0.5000000000
34906  36.532  -48.443  -18.626 0.5000000000
119661  35.397  -39.160  -22.769 0.8999999762
49087  39.630  -33.398  -11.892 0.3000000119
47308  32.642  -35.183  -18.160 0.8000000119
34905  37.388  -48.754  -19.223 0.5000000000
32840  35.876  -50.182  -18.099 0.5000000000
41764  32.777  -40.980  -19.871 0.8000000119
44506  38.912  -38.072  -8.937 0.5000000000
48205  32.058  -34.919  -17.606 0.8000000119
48206  31.353  -34.722  -17.499 0.6999999881
124551  30.973  -33.059  -18.319 0.6999999881
50118  31.389  -32.497  -18.659 0.6999999881
39764  39.916  -43.122  -10.610 0.4000000060
40685  41.090  -42.493  -11.752 0.4000000060
41630  39.798  -42.261  -10.207 0.4000000060
41653  40.593  -42.211  -11.295 0.4000000060
41604  40.197  -41.423  -9.607 0.5000000000
41652  41.265  -41.825  -11.651 0.4000000060
41670  41.649  -42.058  -12.266 0.4000000060
42607  39.798  -40.170  -8.822 0.5000000000
43570  39.078  -39.809  -8.496 0.5000000000
42642  41.606  -40.510  -10.495 0.5000000000
42665  41.704  -41.147  -11.161 0.4000000060
41629  40.362  -41.824  -10.553 0.4000000060
41669  42.347  -41.653  -12.587 0.4000000060
41651  42.063  -41.298  -11.818 0.4000000060
41628  41.108  -41.448  -10.834 0.4000000060
41688  42.729  -41.916  -13.221 0.4000000060
43583  39.648  -39.307  -8.928 0.5000000000
42621  40.407  -40.570  -9.334 0.5000000000
131516  42.489  -40.682  -11.658 0.4000000060
41668  43.181  -41.074  -12.886 0.4000000060
42715  44.628  -40.499  -14.913 0.4000000060
42700  44.316  -40.572  -14.142 0.4000000060
42721  44.964  -40.496  -15.722 0.4000000060
41701  44.352  -41.264  -14.640 0.4000000060
43582  40.365  -39.655  -9.303 0.5000000000
43601  41.538  -39.555  -10.279 0.5000000000
42641  42.168  -39.797  -10.828 0.4000000060
45582  43.810  -37.148  -20.980 0.3000000119
42664  42.199  -40.553  -11.203 0.4000000060
45576  43.695  -37.638  -19.643 0.3000000119
116487  43.747  -40.166  -12.885 0.4000000060
44629  44.172  -38.059  -20.259 0.3000000119
44620  45.248  -38.716  -18.590 0.3000000119
44608  45.226  -38.869  -17.516 0.3000000119
44601  45.095  -39.145  -16.736 0.3000000119
43675  44.659  -39.595  -15.424 0.4000000060
43667  44.419  -39.759  -14.437 0.4000000060
43655  44.184  -39.926  -13.583 0.4000000060
115242  45.669  -39.408  -18.110 0.3000000119
43694  45.528  -39.753  -17.090 0.3000000119
43685  45.104  -39.762  -16.238 0.4000000060
44527  40.692  -38.251  -10.029 0.4000000060
44526  41.374  -38.701  -10.352 0.4000000060
43643  42.983  -38.977  -11.954 0.4000000060
44525  41.916  -39.100  -10.663 0.4000000060
45583  43.607  -36.514  -20.379 0.3000000119
45558  43.230  -37.085  -18.134 0.3000000119
45570  43.828  -37.682  -18.593 0.3000000119
45550  44.072  -37.735  -16.393 0.3000000119
113863  44.347  -38.538  -15.707 0.4000000060
44583  44.271  -39.022  -14.865 0.4000000060
43668  43.980  -39.005  -14.006 0.4000000060
44609  44.663  -38.192  -17.971 0.3000000119
44602  44.648  -38.416  -16.833 0.3000000119
45464  40.044  -37.789  -9.711 0.4000000060
130665  42.485  -36.487  -15.899 0.3000000119
46424  42.353  -36.553  -14.736 0.3000000119
45522  43.076  -37.521  -13.889 0.4000000060
45523  42.153  -37.036  -13.043 0.4000000060
45511  42.566  -37.686  -12.658 0.4000000060
44547  42.351  -38.163  -11.760 0.4000000060
46449  42.721  -36.663  -17.449 0.3000000119
46434  42.782  -36.671  -16.429 0.3000000119
45544  42.897  -36.769  -15.421 0.3000000119
45533  43.394  -37.689  -14.456 0.4000000060
44574  43.160  -38.047  -13.190 0.4000000060
44563  42.917  -38.318  -12.448 0.4000000060
45551  43.453  -37.142  -16.957 0.3000000119
112881  43.494  -37.220  -15.958 0.3000000119
44584  43.837  -38.247  -14.806 0.4000000060
45521  43.508  -38.182  -13.964 0.4000000060
44562  43.359  -38.814  -12.725 0.4000000060
43656  43.769  -39.364  -13.124 0.4000000060
120109  40.155  -35.945  -11.118 0.4000000060
46402  40.851  -36.154  -12.237 0.4000000060
46373  40.190  -36.559  -10.631 0.4000000060
45483  40.471  -37.416  -10.309 0.4000000060
47256  41.126  -35.831  -14.176 0.3000000119
46401  41.477  -36.605  -12.638 0.4000000060
46387  41.255  -36.820  -11.762 0.4000000060
45482  41.177  -37.875  -10.620 0.4000000060
113618  41.810  -36.376  -14.251 0.4000000060
45512  41.906  -37.298  -12.175 0.4000000060
49184  30.188  -33.251  -18.369 0.6000000238
48208  29.151  -34.261  -17.795 0.6000000238
50135  29.931  -32.081  -19.753 0.5000000000
51105  29.384  -31.585  -20.293 0.5000000000
51121  29.785  -30.901  -20.621 0.5000000000
52069  29.380  -30.366  -20.486 0.5000000000
53026  29.703  -29.717  -20.282 0.4000000060
113905  31.374  -23.054  -18.262 0.3000000119
58197  30.942  -23.365  -18.888 0.3000000119
60658  31.563  -20.784  -15.918 0.3000000119
59901  31.511  -21.541  -16.312 0.3000000119
59910  31.422  -21.640  -17.259 0.3000000119
59052  31.437  -22.432  -17.823 0.3000000119
110731  31.182  -22.461  -18.837 0.3000000119
58206  30.830  -22.784  -19.494 0.3000000119
59063  31.058  -22.228  -19.820 0.3000000119
61489  31.534  -19.256  -15.820 0.3000000119
60677  31.441  -20.046  -16.294 0.3000000119
111055  31.415  -20.757  -16.872 0.3000000119
126138  31.384  -21.012  -17.736 0.3000000119
59913  31.359  -21.655  -18.268 0.3000000119
60691  31.378  -20.785  -18.711 0.3000000119
123100  31.263  -21.639  -19.331 0.3000000119
59919  31.241  -21.593  -20.399 0.3000000119
59073  30.348  -22.063  -21.220 0.3000000119
61474  31.852  -18.842  -15.177 0.3000000119
111309  31.390  -20.001  -17.016 0.3000000119
61503  31.413  -19.370  -16.736 0.3000000119
60687  31.384  -20.306  -17.718 0.3000000119
61525  31.414  -19.816  -18.579 0.3000000119
64137  31.929  -16.840  -15.071 0.3000000119
120631  31.549  -16.929  -15.829 0.3000000119
62399  31.435  -18.601  -16.470 0.3000000119
62409  31.418  -18.738  -17.344 0.3000000119
62423  31.468  -18.899  -18.410 0.3000000119
110164  31.484  -20.167  -19.566 0.3000000119
62431  31.666  -19.312  -19.764 0.3000000119
63326  31.454  -17.704  -16.277 0.3000000119
116410  31.437  -18.074  -17.024 0.3000000119
63335  31.447  -17.339  -17.127 0.3000000119
64171  31.747  -16.211  -15.504 0.3000000119
114870  31.459  -16.941  -16.515 0.3000000119
65076  31.564  -15.578  -16.703 0.3000000119
64185  31.487  -16.415  -17.143 0.3000000119
65060  31.704  -15.522  -15.867 0.3000000119
110606  31.728  -14.823  -16.281 0.3000000119
65958  31.942  -14.165  -15.973 0.3000000119
41686  43.993  -41.266  -14.052 0.4000000060
39763  40.736  -43.381  -10.777 0.4000000060
39797  41.819  -42.811  -12.148 0.4000000060
40715  43.224  -42.282  -13.763 0.4000000060
40698  42.217  -42.277  -12.740 0.4000000060
41711  45.072  -41.327  -16.065 0.4000000060
115196  44.641  -41.907  -15.792 0.4000000060
41702  43.733  -42.004  -14.450 0.4000000060
44636  44.169  -37.782  -21.265 0.3000000119
44635  44.718  -38.572  -21.183 0.3000000119
44628  45.060  -38.662  -19.832 0.3000000119
43704  46.130  -39.996  -18.587 0.3000000119
43693  45.878  -40.089  -17.757 0.3000000119
42729  45.401  -40.568  -16.469 0.3000000119
46468  43.129  -36.396  -19.614 0.3000000119
121580  42.228  -36.341  -17.041 0.3000000119
47303  42.681  -35.941  -19.048 0.3000000119
47246  40.067  -34.850  -12.075 0.4000000060
47245  40.516  -35.410  -12.643 0.4000000060
46413  41.017  -35.950  -13.145 0.4000000060
46425  41.608  -36.108  -14.924 0.3000000119
46436  41.516  -35.890  -15.721 0.3000000119
47231  39.817  -35.230  -11.119 0.4000000060
47296  29.114  -35.135  -17.322 0.6000000238
121926  32.368  -15.742  -14.363 0.3000000119
127238  32.095  -16.192  -14.858 0.3000000119
65025  32.043  -15.561  -15.104 0.3000000119
65928  32.067  -14.729  -15.388 0.3000000119
66822  32.456  -13.288  -14.708 0.3000000119
40668  39.670  -42.841  -10.457 0.4000000060
42622  39.781  -41.040  -8.896 0.5000000000
43642  43.388  -39.615  -12.392 0.4000000060
45571  43.264  -37.148  -19.190 0.3000000119
45501  40.880  -37.101  -11.004 0.4000000060
62395  31.590  -18.377  -15.674 0.3000000119
109461  31.433  -20.914  -20.029 0.3000000119
115366  31.465  -17.920  -17.979 0.3000000119
66849  32.306  -13.131  -15.419 0.3000000119
38793  40.441  -43.846  -9.930 0.3000000119
39780  42.067  -43.494  -11.378 0.3000000119
38913  35.918  -44.851  -20.868 0.6000000238
37895  34.787  -45.488  -20.286 0.6999999881
128790  42.466  -42.821  -12.644 0.3000000119
125485  39.173  -49.330  -10.575 0.3000000119
34787  39.964  -48.924  -9.947 0.3000000119
38916  33.798  -44.747  -19.960 0.6999999881
38767  41.906  -44.787  -9.820 0.3000000119
38915  34.470  -44.631  -20.396 0.6999999881
38791  42.290  -44.174  -10.540 0.3000000119
39779  42.777  -43.421  -12.014 0.3000000119
38914  35.219  -44.815  -20.666 0.6999999881
38806  43.590  -44.220  -11.606 0.3000000119
38830  44.524  -43.862  -14.137 0.3000000119
39795  43.772  -43.532  -13.036 0.3000000119
39796  43.068  -43.164  -12.830 0.3000000119
38843  44.580  -43.801  -14.862 0.3000000119
39823  44.127  -43.305  -14.661 0.3000000119
39808  43.931  -43.380  -13.868 0.3000000119
36713  41.385  -46.339  -9.262 0.4000000060
39885  33.940  -43.282  -20.335 0.6999999881
37751  42.700  -45.083  -10.236 0.3000000119
37752  41.624  -45.517  -9.442 0.3000000119
115895  34.026  -44.067  -20.265 0.6999999881
38790  43.177  -44.619  -10.826 0.3000000119
38805  44.277  -44.813  -11.735 0.3000000119
127768  44.987  -44.346  -13.641 0.3000000119
39809  43.321  -42.935  -13.569 0.3000000119
38857  45.484  -44.402  -15.793 0.3000000119
112458  41.075  -47.113  -9.295 0.4000000060
40780  33.416  -42.816  -19.708 0.6999999881
35786  42.972  -46.789  -9.949 0.3000000119
36712  42.203  -46.337  -9.604 0.3000000119
37791  44.517  -45.541  -11.552 0.3000000119
37772  43.420  -45.543  -10.594 0.3000000119
40788  34.394  -42.780  -20.908 0.6999999881
37804  44.811  -45.081  -12.177 0.3000000119
40732  44.028  -42.688  -15.018 0.3000000119
40733  43.641  -42.759  -14.289 0.3000000119
39832  44.985  -43.830  -16.129 0.3000000119
40744  44.437  -42.604  -15.758 0.3000000119
37771  44.162  -46.035  -10.914 0.3000000119
41762  34.281  -41.826  -21.057 0.6999999881
36746  45.607  -46.654  -12.076 0.3000000119
37790  45.186  -45.921  -11.925 0.3000000119
40796  35.088  -42.203  -21.498 0.6999999881
39841  44.762  -43.159  -16.349 0.3000000119
36724  44.495  -46.750  -11.138 0.3000000119
41771  34.770  -41.271  -21.646 0.6999999881
40750  44.990  -42.262  -16.418 0.3000000119
48171  40.344  -34.383  -13.857 0.3000000119
37892  37.518  -45.793  -21.035 0.5000000000
131383  34.985  -45.989  -20.212 0.6999999881
120230  36.545  -45.991  -20.672 0.6000000238
36850  35.183  -46.507  -20.155 0.6000000238
37893  36.563  -45.248  -20.886 0.6000000238
38906  33.266  -44.753  -19.466 0.6999999881
39878  33.511  -43.876  -19.733 0.6999999881
34773  40.597  -48.732  -9.799 0.3000000119
117649  33.032  -44.086  -19.131 0.6999999881
35788  41.612  -47.674  -9.562 0.4000000060
39879  32.953  -43.262  -19.044 0.6999999881
35787  42.340  -47.265  -9.668 0.4000000060
112412  41.728  -46.957  -9.449 0.4000000060
41748  33.165  -41.875  -19.794 0.6999999881
35799  43.567  -47.154  -10.395 0.3000000119
35798  44.260  -47.476  -10.813 0.3000000119
35812  44.891  -48.075  -11.340 0.3000000119
37894  35.616  -45.679  -20.526 0.6000000238
35811  45.393  -47.367  -11.686 0.3000000119
35800  43.005  -47.597  -10.030 0.3000000119
35906  39.656  -47.693  -20.288 0.5000000000
37900  40.575  -45.816  -21.172 0.5000000000
35921  40.865  -47.674  -21.462 0.5000000000
111196  39.140  -46.724  -19.964 0.4000000060
31747  33.555  -51.218  -18.526 0.4000000060
29561  32.371  -53.540  -17.034 0.5000000000
122562  40.536  -45.797  -20.806 0.4000000060
36838  39.965  -46.213  -20.382 0.5000000000
28570  31.309  -55.043  -18.098 0.4000000060
28571  30.624  -54.598  -18.899 0.4000000060
31735  33.166  -52.077  -17.797 0.5000000000
118364  38.646  -45.993  -21.380 0.4000000060
27544  30.483  -55.060  -19.959 0.4000000060
119772  31.403  -53.835  -17.365 0.4000000060
30654  32.404  -52.640  -17.208 0.5000000000
29562  31.591  -53.144  -17.165 0.4000000060
33899  33.849  -48.958  -19.302 0.4000000060
35919  35.548  -47.316  -20.118 0.4000000060
34920  34.256  -48.513  -19.505 0.4000000060
36849  36.074  -46.604  -20.429 0.4000000060
28585  30.096  -54.071  -19.917 0.4000000060
30686  28.214  -52.499  -21.230 0.4000000060
29563  30.768  -53.361  -17.773 0.4000000060
31755  28.648  -51.421  -20.236 0.4000000060
30655  31.702  -52.164  -17.232 0.5000000000
32851  29.042  -50.845  -19.517 0.4000000060
31736  32.789  -51.231  -17.853 0.5000000000
33891  29.180  -49.688  -18.448 0.4000000060
32844  28.738  -50.189  -19.237 0.4000000060
122292  33.196  -50.445  -18.490 0.5000000000
126896  33.163  -49.325  -18.740 0.5000000000
34899  29.517  -48.451  -17.426 0.4000000060
34910  28.921  -48.950  -18.165 0.4000000060
33889  33.515  -49.591  -18.958 0.5000000000
34921  33.675  -48.258  -19.340 0.6000000238
35909  34.135  -47.795  -19.559 0.6000000238
35920  34.673  -47.178  -19.790 0.5000000000
29606  28.318  -53.404  -21.808 0.4000000060
30685  28.940  -52.488  -21.151 0.4000000060
30678  29.099  -52.062  -20.507 0.4000000060
31737  31.916  -51.258  -17.372 0.5000000000
125596  31.183  -51.686  -17.372 0.4000000060
31748  29.269  -51.540  -19.621 0.4000000060
32830  32.470  -50.480  -17.814 0.5000000000
32833  29.900  -49.978  -17.858 0.4000000060
32843  29.399  -50.409  -18.670 0.4000000060
118627  32.885  -49.778  -18.417 0.5000000000
34922  33.400  -47.776  -19.248 0.5000000000
123087  29.397  -47.595  -17.119 0.4000000060
35910  33.707  -47.618  -19.433 0.6000000238
36841  33.988  -47.066  -19.612 0.6000000238
29605  29.223  -53.145  -21.485 0.4000000060
120108  30.111  -52.781  -18.540 0.4000000060
29591  29.394  -52.751  -20.735 0.4000000060
30668  29.574  -52.394  -19.648 0.4000000060
32842  30.079  -50.868  -17.934 0.4000000060
33879  32.277  -49.709  -17.754 0.5000000000
33881  30.548  -49.446  -17.380 0.4000000060
33882  29.705  -49.206  -17.687 0.4000000060
33890  32.797  -49.036  -18.405 0.5000000000
109365  30.165  -48.035  -16.942 0.4000000060
36851  34.476  -46.294  -19.913 0.6000000238
36852  33.780  -46.295  -19.618 0.6000000238
35911  33.385  -47.060  -19.337 0.6000000238
28597  30.030  -54.322  -20.997 0.4000000060
29598  29.790  -53.217  -19.920 0.4000000060
30667  29.907  -51.782  -18.482 0.4000000060
119391  29.540  -51.028  -18.886 0.4000000060
32831  31.660  -50.387  -17.446 0.5000000000
121199  30.987  -51.023  -17.412 0.5000000000
32832  30.723  -50.239  -17.467 0.5000000000
33880  31.473  -49.599  -17.393 0.5000000000
34897  31.283  -48.827  -17.213 0.5000000000
34896  32.593  -48.212  -18.155 0.5000000000
115788  32.135  -48.922  -17.607 0.5000000000
116546  31.955  -48.110  -17.334 0.5000000000
34898  30.358  -48.683  -17.165 0.4000000060
35896  32.942  -47.568  -18.830 0.6000000238
109385  31.016  -48.069  -16.902 0.5000000000
35875  30.558  -47.273  -16.761 0.4000000060
37896  34.122  -45.500  -19.959 0.6000000238
35884  32.470  -47.254  -17.854 0.5000000000
122425  33.209  -46.192  -19.300 0.6000000238
37886  33.534  -45.508  -19.602 0.6000000238
39866  32.050  -43.243  -17.807 0.5000000000
39852  32.245  -43.933  -17.634 0.6000000238
38883  32.038  -44.555  -17.274 0.5000000000
39865  32.614  -43.767  -18.355 0.6000000238
38897  32.542  -44.585  -17.952 0.6000000238
37865  31.794  -45.219  -16.981 0.5000000000
37853  31.110  -45.655  -16.650 0.5000000000
36842  32.847  -46.720  -18.814 0.6000000238
36816  32.116  -46.656  -17.250 0.5000000000
35885  31.656  -47.335  -16.998 0.5000000000
36805  31.357  -46.550  -16.775 0.5000000000
36806  30.461  -46.381  -16.636 0.5000000000
40769  32.390  -42.842  -18.436 0.5000000000
40770  31.761  -42.568  -18.161 0.5000000000
41737  32.726  -42.404  -19.137 0.6000000238
37864  32.343  -45.296  -17.567 0.6000000238
36817  31.988  -45.935  -17.087 0.5000000000
38907  32.847  -44.690  -18.830 0.6000000238
37878  32.688  -45.376  -18.418 0.6000000238
36856  39.576  -46.694  -21.621 0.4000000060
36848  37.132  -46.665  -20.724 0.4000000060
128510  39.577  -44.893  -21.521 0.5000000000
121919  39.596  -45.736  -21.513 0.4000000060
129643  32.814  -46.001  -18.848 0.6000000238
35916  40.994  -47.613  -20.924 0.5000000000
35922  40.323  -47.421  -21.879 0.5000000000
35915  40.930  -47.496  -21.227 0.5000000000
28555  30.968  -54.203  -17.986 0.4000000060
29578  30.225  -53.644  -18.846 0.4000000060
130900  29.880  -53.019  -19.223 0.4000000060
31738  30.560  -51.565  -17.650 0.4000000060
126154  29.746  -53.490  -20.895 0.4000000060
36829  32.533  -46.181  -17.930 0.6000000238
31762  28.495  -52.050  -20.839 0.3000000119
33892  28.338  -49.521  -18.887 0.3000000119
32860  27.946  -51.174  -20.220 0.3000000119
33900  27.815  -50.148  -19.495 0.3000000119
34911  27.915  -48.803  -18.522 0.3000000119
33893  27.222  -49.531  -19.123 0.3000000119
27532  31.031  -55.328  -18.891 0.4000000060
29560  33.140  -53.084  -17.455 0.5000000000
30656  30.747  -52.378  -17.589 0.4000000060
30690  28.451  -52.827  -21.511 0.4000000060
31718  42.757  -50.055  -16.471 0.5000000000
32785  35.965  -50.149  -14.695 0.6000000238
32798  41.821  -49.055  -16.036 0.5000000000
32800  40.541  -49.891  -14.945 0.5000000000
32801  37.950  -49.276  -15.422 0.6000000238
32803  35.653  -50.557  -15.463 0.6000000238
32852  28.327  -50.775  -19.811 0.3000000119
33800  36.344  -48.837  -12.505 0.6000000238
33817  40.168  -48.217  -13.911 0.5000000000
33819  38.940  -48.898  -12.328 0.4000000060
33843  34.641  -49.571  -14.524 0.6000000238
33856  38.154  -48.215  -14.693 0.6999999881
33858  34.602  -49.739  -15.390 0.6000000238
33866  41.488  -48.808  -16.302 0.5000000000
33869  34.523  -49.321  -16.082 0.5000000000
33877  35.322  -49.771  -17.436 0.5000000000
33887  36.619  -50.099  -18.706 0.5000000000
34776  36.968  -47.994  -9.848 0.5000000000
34777  36.070  -48.083  -9.935 0.4000000060
34792  34.850  -48.243  -10.730 0.6000000238
34810  34.024  -48.338  -11.915 0.6000000238
34823  38.534  -48.586  -11.795 0.4000000060
34824  37.984  -48.396  -11.819 0.5000000000
34849  37.683  -48.188  -12.596 0.5000000000
34850  34.021  -48.720  -13.376 0.6999999881
34862  40.206  -47.944  -14.506 0.5000000000
34886  40.136  -48.158  -15.670 0.5000000000
34907  35.745  -48.144  -18.100 0.6000000238
34908  33.387  -48.891  -19.018 0.5000000000
34909  33.152  -48.297  -18.928 0.5000000000
35789  40.259  -47.254  -9.260 0.4000000060
35791  38.063  -47.277  -9.370 0.5000000000
35794  34.861  -47.319  -9.764 0.5000000000
35846  33.654  -48.057  -13.313 0.6999999881
35853  33.933  -47.539  -15.025 0.6000000238
35905  40.280  -46.975  -20.531 0.5000000000
35908  35.010  -48.070  -19.719 0.4000000060
36714  40.604  -46.395  -9.022 0.5000000000
36719  34.997  -46.453  -9.465 0.6000000238
36720  34.316  -46.706  -9.769 0.6000000238
36725  43.514  -46.384  -10.440 0.3000000119
36726  42.891  -45.952  -10.059 0.3000000119
36728  33.701  -46.409  -10.275 0.5000000000
36747  45.037  -46.691  -11.588 0.3000000119
36785  33.533  -46.629  -13.760 0.8000000119
36803  35.044  -46.535  -16.710 0.8000000119
36839  39.005  -45.966  -19.847 0.4000000060
36846  40.779  -46.788  -21.156 0.5000000000
36847  40.840  -46.698  -21.034 0.5000000000
37754  39.316  -45.682  -8.927 0.4000000060
37760  33.789  -45.452  -9.906 0.6999999881
37792  43.905  -45.126  -11.162 0.3000000119
37805  33.346  -45.926  -12.322 0.6999999881
37887  33.002  -45.446  -19.179 0.6999999881
37890  40.687  -45.934  -21.066 0.5000000000
37903  37.385  -44.927  -21.255 0.6999999881
38769  39.325  -44.245  -9.470 0.4000000060
38794  33.564  -44.802  -10.183 0.6000000238
38807  42.859  -43.919  -11.172 0.3000000119
38819  44.991  -44.625  -12.917 0.3000000119
38820  44.266  -44.239  -12.399 0.3000000119
38858  44.955  -44.069  -15.344 0.3000000119
38895  38.281  -44.224  -19.039 0.6999999881
38896  37.442  -44.299  -18.445 0.8000000119
38905  40.007  -44.482  -20.611 0.6999999881
38911  40.528  -45.321  -21.061 0.5000000000
38919  40.329  -44.956  -21.223 0.6000000238
38920  39.163  -44.148  -21.683 0.6999999881
39724  36.599  -43.730  -8.853 0.6000000238
39725  35.682  -43.640  -8.772 0.6000000238
39741  39.360  -43.149  -10.026 0.4000000060
39743  37.449  -43.827  -9.173 0.5000000000
39747  33.899  -43.190  -9.872 0.6000000238
39762  41.536  -43.613  -10.833 0.3000000119
39781  41.166  -43.127  -11.498 0.4000000060
39811  33.940  -43.511  -13.475 0.6999999881
39833  44.448  -43.384  -15.507 0.3000000119
39843  35.572  -43.513  -16.335 0.8000000119
39877  38.325  -43.157  -19.239 0.8999999762
39884  34.452  -43.694  -20.689 0.6999999881
40640  35.533  -42.748  -8.691 0.6000000238
40641  34.837  -42.608  -9.000 0.6000000238
40667  40.055  -42.580  -10.869 0.4000000060
40686  40.459  -42.854  -11.289 0.4000000060
40700  33.671  -42.739  -12.188 0.6999999881
40716  42.800  -42.520  -13.153 0.4000000060
40749  45.257  -42.921  -17.049 0.3000000119
40785  39.570  -43.521  -21.343 0.8000000119
40801  37.154  -41.920  -22.625 0.8000000119
41586  39.057  -41.438  -8.620 0.5000000000
41671  34.294  -41.416  -12.616 0.8000000119
41687  43.395  -41.615  -13.676 0.4000000060
41703  35.322  -41.687  -14.785 0.8000000119
41712  44.694  -41.249  -15.357 0.4000000060
41736  36.759  -41.771  -18.683 0.8999999762
41746  37.834  -42.347  -19.861 0.8999999762
41769  38.375  -40.617  -22.382 1.0000000000
41773  38.462  -41.354  -22.627 0.8000000119
42608  39.162  -40.639  -8.494 0.6000000238
42609  38.392  -40.335  -8.285 0.6999999881
42612  35.878  -40.445  -8.782 0.6999999881
42620  41.047  -40.091  -9.767 0.5000000000
42643  40.901  -40.991  -9.976 0.5000000000
42663  42.840  -39.995  -11.589 0.4000000060
42666  34.427  -40.439  -11.420 0.8000000119
42683  43.251  -40.334  -12.319 0.4000000060
42684  42.712  -40.867  -12.137 0.4000000060
42701  43.867  -40.759  -13.500 0.4000000060
42722  35.593  -40.601  -15.552 0.8000000119
42769  38.349  -40.830  -22.753 0.8000000119
43602  40.902  -39.150  -9.810 0.5000000000
43686  44.768  -39.090  -16.174 0.3000000119
43696  34.998  -39.373  -17.148 0.8000000119
43706  35.327  -40.103  -18.254 0.8999999762
43718  35.061  -39.398  -18.894 1.0000000000
43719  31.450  -39.127  -19.715 0.6999999881
43737  37.782  -39.031  -23.053 1.0000000000
43740  37.491  -38.977  -23.276 1.0000000000
44504  40.128  -38.676  -9.431 0.5000000000
44505  39.446  -38.615  -9.067 0.6000000238
44507  35.427  -38.222  -9.282 0.6000000238
44548  41.852  -38.390  -10.924 0.4000000060
44564  34.367  -38.360  -12.713 0.6999999881
44573  43.568  -38.662  -13.404 0.4000000060
44575  34.394  -38.135  -13.610 0.6999999881
44593  43.877  -37.826  -15.575 0.4000000060
44594  34.960  -38.829  -14.837 0.8000000119
44621  44.365  -38.177  -19.139 0.3000000119
44623  31.344  -38.368  -18.756 0.6999999881
44638  35.995  -38.467  -20.578 1.0000000000
44640  32.077  -38.834  -20.028 0.6999999881
44645  37.434  -37.850  -23.094 1.0000000000
44654  37.488  -38.378  -23.188 1.0000000000
44655  37.037  -38.584  -23.416 1.0000000000
45456  37.363  -37.808  -8.588 0.5000000000
45457  36.509  -37.532  -8.669 0.6000000238
45465  39.371  -37.468  -9.419 0.5000000000
45466  38.648  -37.249  -9.081 0.5000000000
45500  41.589  -37.587  -11.334 0.4000000060
45502  34.220  -37.469  -11.663 0.6999999881
45534  42.987  -37.101  -14.560 0.4000000060
45557  44.081  -37.651  -17.446 0.3000000119
45577  43.418  -37.095  -20.091 0.3000000119
45579  35.054  -37.546  -19.015 1.0000000000
45590  37.221  -37.199  -23.203 1.0000000000
46388  40.616  -36.375  -11.412 0.4000000060
46411  42.427  -36.893  -13.898 0.4000000060
46412  41.649  -36.453  -13.530 0.4000000060
46415  33.640  -36.106  -13.403 0.8000000119
46426  33.933  -36.768  -14.710 0.8000000119
46435  42.149  -36.331  -15.489 0.3000000119
46444  42.000  -36.217  -16.315 0.3000000119
46446  34.348  -36.290  -16.386 0.8000000119
46450  42.141  -36.174  -17.765 0.3000000119
46452  31.560  -36.369  -17.564 0.6999999881
46462  42.599  -36.452  -18.308 0.3000000119
46486  37.009  -35.423  -23.019 1.0000000000
47230  40.358  -35.652  -11.760 0.4000000060
47293  32.120  -35.759  -17.699 0.8000000119
48121  37.968  -33.969  -9.687 0.6000000238
48134  39.281  -34.675  -10.502 0.5000000000
48135  38.666  -34.314  -9.999 0.5000000000
48137  34.721  -34.662  -10.366 0.6999999881
48150  34.230  -34.425  -10.987 0.6999999881
48151  33.841  -34.284  -11.665 0.6999999881
48181  33.727  -34.565  -14.423 0.8000000119
49062  37.244  -33.643  -9.632 0.6999999881
49064  35.973  -34.059  -9.660 0.6999999881
49165  30.020  -34.012  -17.856 0.6000000238
50028  34.261  -32.136  -11.987 0.6999999881
50047  34.014  -32.796  -13.305 0.8000000119
50061  34.113  -32.591  -14.152 0.8000000119
50072  34.249  -33.198  -15.574 0.8000000119
50146  38.202  -32.475  -22.704 1.0000000000
50155  37.496  -33.016  -22.840 1.0000000000
50992  39.637  -31.782  -11.311 0.5000000000
50993  35.116  -30.958  -11.166 0.6999999881
51018  40.118  -32.082  -12.013 0.3000000119
51019  34.552  -31.290  -11.840 0.6999999881
51091  32.636  -32.114  -19.077 0.8000000119
51092  31.902  -31.907  -19.078 0.8000000119
51115  38.766  -31.860  -23.265 1.0000000000
51945  39.834  -30.125  -10.818 0.6000000238
51948  37.220  -30.549  -10.408 0.6999999881
51950  35.669  -30.294  -10.834 0.6999999881
51987  34.450  -30.864  -12.481 0.6999999881
52012  34.517  -31.064  -14.621 0.6999999881
52019  34.718  -30.791  -15.472 0.6999999881
52032  35.466  -30.476  -17.698 1.0000000000
52050  37.146  -31.607  -20.309 1.0000000000
52889  39.179  -29.846  -10.589 0.6000000238
52903  35.573  -28.733  -11.620 0.6000000238
52905  34.925  -29.882  -11.787 0.6999999881
52961  35.139  -29.084  -14.773 0.6999999881
53021  35.360  -28.709  -21.474 1.0000000000
53031  39.278  -29.880  -23.158 1.0000000000
53033  37.217  -29.342  -22.347 1.0000000000
53034  39.055  -29.250  -23.001 1.0000000000
53749  39.363  -28.478  -10.505 0.6000000238
53752  36.831  -28.174  -10.874 0.6000000238
53770  35.341  -28.521  -12.407 0.6999999881
53795  35.304  -28.431  -13.331 0.6999999881
53849  30.821  -28.488  -18.573 0.5000000000
53880  39.107  -29.033  -22.652 1.0000000000
53882  37.949  -28.452  -22.582 0.8999999762
54603  37.972  -27.735  -10.620 0.6000000238
54612  41.792  -27.719  -11.170 0.5000000000
54613  37.375  -27.291  -10.963 0.6000000238
54727  39.354  -27.861  -21.954 0.8999999762
54729  35.121  -27.870  -21.409 0.6999999881
54730  34.521  -28.018  -21.270 0.6999999881
54735  39.124  -27.323  -22.041 0.8999999762
54738  38.765  -27.855  -22.411 0.8999999762
55536  39.278  -26.629  -10.582 0.5000000000
55547  42.419  -26.558  -11.446 0.4000000060
55549  37.996  -26.202  -11.083 0.4000000060
55551  36.652  -26.722  -11.850 0.5000000000
55559  43.400  -26.760  -12.236 0.3000000119
55599  36.616  -26.518  -14.437 0.5000000000
55623  32.955  -26.877  -16.920 0.3000000119
55637  31.649  -26.478  -17.528 0.3000000119
55672  39.440  -26.261  -21.340 0.8000000119
55683  39.095  -26.167  -21.622 0.6999999881
55685  37.326  -26.837  -22.169 0.6999999881
55687  38.189  -27.017  -22.307 0.8999999762
56432  39.775  -26.014  -10.590 0.5000000000
56444  42.445  -25.124  -11.586 0.4000000060
56446  39.177  -24.898  -10.997 0.4000000060
56447  37.990  -25.482  -11.369 0.5000000000
56456  42.986  -25.419  -11.922 0.4000000060
56478  44.064  -25.647  -13.036 0.3000000119
56480  36.787  -25.756  -13.337 0.5000000000
56514  33.928  -25.194  -15.844 0.3000000119
56516  32.769  -26.184  -16.694 0.3000000119
57253  41.349  -24.521  -11.206 0.4000000060
57366  39.317  -23.658  -21.146 0.5000000000
57381  39.231  -24.070  -21.349 0.5000000000
57383  38.445  -23.108  -21.273 0.5000000000
57394  39.039  -24.241  -21.495 0.6999999881
58093  38.582  -23.557  -11.757 0.5000000000
58204  39.028  -23.283  -21.336 0.6000000238
58205  38.753  -23.029  -21.268 0.6000000238
58207  30.370  -23.202  -19.704 0.3000000119
58972  42.273  -22.641  -12.421 0.4000000060
59022  34.289  -23.075  -14.880 0.3000000119
59025  31.797  -22.138  -15.720 0.3000000119
59041  36.565  -21.726  -17.648 0.3000000119
59854  43.557  -21.458  -14.369 0.3000000119
59857  35.221  -21.390  -14.749 0.3000000119
59860  32.852  -21.206  -14.545 0.3000000119
59907  37.609  -20.945  -18.263 0.3000000119
59908  37.235  -20.678  -18.217 0.3000000119
60626  33.775  -19.851  -13.616 0.3000000119
60657  32.141  -20.809  -15.130 0.3000000119
61488  31.991  -19.455  -15.037 0.4000000060
61518  31.399  -19.521  -17.601 0.3000000119
62358  34.542  -18.699  -12.995 0.3000000119
62379  36.583  -18.423  -14.966 0.3000000119
62382  32.011  -18.245  -14.895 0.3000000119
63264  33.620  -17.393  -12.830 0.3000000119
63299  32.557  -17.481  -13.884 0.4000000060
63317  31.717  -17.598  -15.401 0.3000000119
64180  31.525  -16.267  -16.250 0.3000000119
65957  32.226  -13.821  -15.360 0.3000000119
108947  36.064  -31.920  -10.293 0.6999999881
109136  36.980  -29.789  -10.475 0.6999999881
109402  34.367  -31.223  -13.839 0.6999999881
109567  36.060  -36.141  -9.045 0.6000000238
109590  31.490  -16.940  -17.920 0.3000000119
110147  34.849  -48.792  -11.927 0.6000000238
110433  34.746  -36.973  -17.571 0.8999999762
110460  37.922  -31.902  -10.327 0.6000000238
110866  37.774  -30.011  -10.441 0.6000000238
111383  32.320  -15.053  -14.642 0.3000000119
111744  38.741  -24.289  -11.427 0.4000000060
112854  39.906  -44.446  -21.455 0.8000000119
112901  34.656  -38.377  -17.596 1.0000000000
112984  34.313  -44.841  -15.090 0.8000000119
113225  34.445  -37.836  -10.950 0.6000000238
113316  40.966  -44.761  -9.390 0.4000000060
113409  36.964  -36.540  -23.256 1.0000000000
113475  44.287  -41.969  -15.187 0.4000000060
114146  38.591  -31.918  -10.559 0.4000000060
114268  39.584  -38.110  -9.336 0.5000000000
114616  38.721  -43.152  -9.576 0.5000000000
114799  37.859  -23.191  -21.153 0.5000000000
114808  35.421  -33.307  -17.960 1.0000000000
115257  32.616  -25.424  -16.458 0.3000000119
115312  44.445  -43.979  -13.310 0.3000000119
115652  34.793  -38.886  -10.259 0.6000000238
116078  34.674  -33.988  -17.044 1.0000000000
116220  32.405  -51.875  -17.428 0.5000000000
116386  33.764  -43.979  -9.871 0.6000000238
116404  34.289  -19.928  -13.635 0.3000000119
116567  34.489  -46.698  -16.053 0.8000000119
117069  38.804  -27.926  -10.510 0.6000000238
117079  39.190  -47.590  -13.798 0.5000000000
117170  40.489  -46.536  -21.424 0.5000000000
117237  43.454  -37.454  -15.109 0.4000000060
117666  34.800  -42.007  -13.848 0.8000000119
118017  36.000  -38.756  -8.823 0.6000000238
118321  34.885  -36.476  -22.481 0.8999999762
118628  37.332  -38.423  -22.421 1.0000000000
118752  34.315  -45.240  -9.543 0.6000000238
118854  42.897  -36.647  -18.897 0.3000000119
119855  40.802  -47.924  -9.525 0.4000000060
120481  34.880  -25.273  -16.134 0.4000000060
122736  35.638  -47.660  -9.756 0.5000000000
122981  35.457  -43.606  -21.275 0.8000000119
123263  42.437  -39.067  -11.186 0.4000000060
123400  43.614  -47.909  -10.427 0.3000000119
123479  39.534  -26.270  -20.814 0.6000000238
124368  34.493  -32.655  -11.327 0.6999999881
124937  40.972  -45.647  -9.091 0.3000000119
125133  36.714  -41.665  -8.343 0.6999999881
126134  35.657  -25.160  -16.738 0.4000000060
126164  34.004  -36.553  -11.588 0.6999999881
126413  36.998  -26.857  -15.650 0.5000000000
126634  43.770  -37.518  -20.460 0.3000000119
126975  33.293  -19.374  -13.549 0.3000000119
127184  39.344  -32.999  -11.230 0.4000000060
127218  33.940  -35.323  -15.374 0.8000000119
127334  45.679  -46.078  -12.488 0.3000000119
127853  44.788  -47.278  -11.342 0.3000000119
128163  44.677  -46.193  -11.434 0.3000000119
128443  42.705  -37.417  -13.340 0.4000000060
128476  41.002  -23.910  -11.282 0.4000000060
128627  44.035  -46.760  -10.697 0.3000000119
129036  42.277  -45.501  -9.780 0.3000000119
129231  35.023  -40.357  -9.722 0.6999999881
129251  43.027  -35.769  -19.530 0.3000000119
129252  43.539  -43.681  -12.332 0.3000000119
129506  41.319  -27.352  -10.821 0.5000000000
129904  34.779  -38.089  -18.650 1.0000000000
129954  38.086  -21.246  -13.992 0.3000000119
130018  41.118  -26.608  -10.710 0.4000000060
130406  39.675  -48.240  -15.683 0.6999999881
130475  35.962  -29.006  -11.006 0.6000000238
130491  38.764  -26.082  -21.693 0.6999999881
130719  34.684  -21.804  -14.591 0.3000000119
131105  35.961  -27.933  -15.370 0.6000000238
131160  43.050  -48.241  -10.208 0.3000000119
131549  43.915  -21.794  -14.674 0.3000000119
131742  35.232  -34.770  -17.882 1.0000000000
131800  34.975  -39.312  -13.810 0.8000000119
131924  36.551  -41.473  -19.158 0.8999999762
