#!ascii label  , from subject sub-v2s8x29232_ses-1 vox2ras=TkReg
358
110021  -22.868  -8.579  -37.223 0.0000000000
67635  -20.367  -13.060  -34.873 0.0000000000
69352  -25.582  -11.238  -34.955 0.0000000000
65035  -22.822  -16.894  -34.118 0.0000000000
82551  -20.106  3.296  -36.646 0.0000000000
123233  -22.132  0.868  -34.789 0.0000000000
75788  -19.932  -5.127  -37.222 0.0000000000
61423  -21.085  -20.367  -31.392 0.0000000000
66793  -21.915  -14.519  -34.927 0.0000000000
64145  -19.910  -16.919  -32.894 0.0000000000
123024  -21.320  2.000  -36.032 0.0000000000
79130  -19.489  -0.272  -36.751 0.0000000000
71235  -19.817  -8.511  -36.033 0.0000000000
73027  -17.814  -6.984  -34.965 0.0000000000
127906  -20.770  -6.969  -36.916 0.0000000000
76607  -22.658  -3.756  -35.195 0.0000000000
74927  -23.741  -5.648  -35.080 0.0000000000
73018  -24.892  -7.458  -34.788 0.0000000000
70300  -18.429  -10.664  -34.016 0.0000000000
70323  -21.073  -10.615  -36.911 0.0000000000
71237  -24.142  -9.814  -36.182 0.0000000000
67654  -23.532  -12.291  -36.382 0.0000000000
66795  -24.055  -14.623  -35.116 0.0000000000
65038  -25.112  -16.218  -33.324 0.0000000000
76627  -18.308  -2.576  -36.608 0.0000000000
78259  -20.780  -1.563  -36.128 0.0000000000
122214  -23.443  -0.940  -33.711 0.0000000000
63246  -19.485  -18.677  -31.677 0.0000000000
127169  -21.722  -19.020  -32.911 0.0000000000
65020  -19.444  -16.131  -32.752 0.0000000000
65006  -18.955  -16.818  -32.222 0.0000000000
120620  -19.310  0.192  -36.761 0.0000000000
79128  -18.669  -0.901  -36.703 0.0000000000
71245  -21.301  -8.425  -37.354 0.0000000000
72118  -20.438  -7.374  -36.746 0.0000000000
73041  -21.715  -7.649  -37.197 0.0000000000
73986  -22.266  -6.365  -36.341 0.0000000000
124106  -22.825  -6.882  -36.225 0.0000000000
73977  -24.350  -6.131  -34.793 0.0000000000
126981  -24.277  -7.715  -35.417 0.0000000000
118109  -19.507  -11.965  -34.640 0.0000000000
70312  -19.768  -10.574  -35.383 0.0000000000
69360  -20.502  -11.778  -35.922 0.0000000000
68471  -22.723  -11.909  -36.577 0.0000000000
68461  -21.398  -12.767  -36.033 0.0000000000
65044  -22.009  -15.915  -34.483 0.0000000000
65926  -23.074  -14.532  -35.294 0.0000000000
65919  -23.991  -15.503  -34.716 0.0000000000
65920  -24.757  -15.239  -34.487 0.0000000000
65047  -24.087  -16.372  -34.291 0.0000000000
81789  -18.888  3.031  -35.643 0.0000000000
81778  -18.766  3.153  -35.048 0.0000000000
83232  -19.775  4.253  -35.839 0.0000000000
83240  -20.314  4.920  -35.924 0.0000000000
83241  -20.652  4.511  -36.055 0.0000000000
80934  -21.639  1.311  -35.469 0.0000000000
73985  -18.863  -6.397  -36.186 0.0000000000
75774  -18.167  -5.099  -36.084 0.0000000000
76616  -19.433  -4.183  -36.887 0.0000000000
77431  -19.250  -1.755  -36.734 0.0000000000
76617  -19.993  -3.880  -36.975 0.0000000000
76579  -23.880  -3.321  -34.172 0.0000000000
77411  -22.779  -2.249  -34.592 0.0000000000
78236  -24.104  -1.647  -33.447 0.0000000000
70315  -24.927  -10.900  -35.646 0.0000000000
71227  -25.541  -9.590  -34.808 0.0000000000
61415  -19.606  -20.599  -30.847 0.0000000000
62347  -19.910  -19.438  -31.568 0.0000000000
63247  -20.348  -18.941  -32.344 0.0000000000
62349  -21.557  -19.874  -31.924 0.0000000000
67616  -19.277  -13.752  -33.565 0.0000000000
122043  -20.555  -13.624  -34.752 0.0000000000
66783  -20.304  -14.827  -34.098 0.0000000000
65906  -20.796  -15.520  -34.061 0.0000000000
119436  -21.338  -17.006  -33.713 0.0000000000
80939  -19.557  2.082  -36.865 0.0000000000
81798  -20.171  2.640  -36.815 0.0000000000
80940  -19.901  2.029  -37.053 0.0000000000
122498  -20.861  1.290  -36.399 0.0000000000
80029  -21.287  0.601  -35.928 0.0000000000
72094  -18.275  -8.515  -34.673 0.0000000000
73016  -18.496  -7.569  -35.343 0.0000000000
113094  -20.023  -6.745  -36.746 0.0000000000
74006  -20.324  -6.318  -36.972 0.0000000000
75790  -20.996  -4.453  -36.502 0.0000000000
75791  -21.629  -5.089  -36.301 0.0000000000
75778  -23.242  -4.298  -34.993 0.0000000000
76580  -24.371  -3.918  -33.927 0.0000000000
74905  -24.750  -5.107  -34.055 0.0000000000
61418  -22.178  -20.293  -30.270 0.0000000000
62338  -21.879  -20.156  -31.169 0.0000000000
71225  -18.550  -9.640  -34.464 0.0000000000
71236  -20.594  -9.663  -36.685 0.0000000000
71256  -22.516  -9.209  -37.546 0.0000000000
72122  -23.311  -8.963  -36.872 0.0000000000
70325  -23.185  -10.223  -37.067 0.0000000000
69373  -23.778  -11.622  -37.014 0.0000000000
68463  -24.119  -11.991  -36.149 0.0000000000
67645  -22.648  -13.623  -35.929 0.0000000000
115173  -23.511  -13.320  -35.740 0.0000000000
67648  -24.468  -13.093  -35.477 0.0000000000
67626  -25.713  -14.121  -34.174 0.0000000000
66785  -26.097  -14.509  -33.407 0.0000000000
120434  -21.360  3.250  -35.832 0.0000000000
78270  -19.027  -0.850  -36.768 0.0000000000
79131  -20.234  -0.858  -36.600 0.0000000000
79121  -21.542  -0.808  -35.310 0.0000000000
77422  -21.302  -2.413  -35.601 0.0000000000
78249  -22.158  -1.561  -34.795 0.0000000000
80020  -22.648  0.292  -34.364 0.0000000000
73031  -24.659  -8.370  -35.247 0.0000000000
73019  -25.933  -8.131  -34.083 0.0000000000
64132  -18.979  -17.767  -31.751 0.0000000000
111545  -19.577  -17.525  -32.406 0.0000000000
64147  -21.240  -17.866  -33.363 0.0000000000
63276  -22.527  -18.153  -33.391 0.0000000000
63248  -22.858  -19.122  -32.110 0.0000000000
63265  -23.362  -18.448  -32.428 0.0000000000
64162  -23.581  -17.622  -33.355 0.0000000000
78268  -18.009  -0.940  -36.558 0.0000000000
109782  -21.716  -7.992  -37.390 0.0000000000
111874  -21.259  -7.801  -37.221 0.0000000000
73042  -22.593  -7.809  -36.881 0.0000000000
73030  -23.499  -7.540  -35.922 0.0000000000
72106  -23.192  -8.299  -36.734 0.0000000000
68444  -19.212  -12.920  -33.868 0.0000000000
68451  -19.060  -12.157  -34.074 0.0000000000
68452  -19.769  -12.632  -34.640 0.0000000000
68459  -20.073  -12.124  -35.307 0.0000000000
68453  -20.416  -12.671  -35.222 0.0000000000
68460  -20.691  -12.476  -35.751 0.0000000000
67643  -20.945  -13.136  -35.421 0.0000000000
65045  -22.658  -16.034  -34.524 0.0000000000
65046  -23.446  -16.234  -34.447 0.0000000000
65036  -23.683  -17.034  -33.899 0.0000000000
82550  -19.863  3.203  -36.672 0.0000000000
82544  -19.546  3.519  -36.219 0.0000000000
83239  -20.017  3.840  -36.323 0.0000000000
131402  -21.672  0.689  -35.286 0.0000000000
121802  -22.402  1.837  -34.626 0.0000000000
80927  -22.882  1.151  -34.187 0.0000000000
74934  -19.604  -5.926  -36.886 0.0000000000
74925  -18.868  -5.823  -36.396 0.0000000000
75775  -18.774  -5.060  -36.536 0.0000000000
76628  -19.608  -3.837  -36.882 0.0000000000
117477  -24.455  -3.162  -33.612 0.0000000000
77396  -23.868  -2.493  -33.828 0.0000000000
70302  -25.578  -10.429  -34.910 0.0000000000
61416  -20.577  -20.799  -30.847 0.0000000000
62337  -20.212  -20.187  -31.286 0.0000000000
62348  -20.734  -19.785  -31.903 0.0000000000
66775  -18.814  -14.342  -32.810 0.0000000000
66790  -19.962  -14.130  -34.223 0.0000000000
66782  -19.565  -14.662  -33.482 0.0000000000
129880  -19.912  -16.301  -33.186 0.0000000000
65905  -19.930  -15.610  -33.456 0.0000000000
65033  -20.560  -16.393  -33.540 0.0000000000
65907  -21.393  -16.161  -34.110 0.0000000000
113640  -20.670  -17.250  -33.298 0.0000000000
80036  -19.605  1.213  -36.851 0.0000000000
120846  -19.702  0.559  -36.790 0.0000000000
80038  -20.499  0.582  -36.571 0.0000000000
116443  -20.288  -0.133  -36.640 0.0000000000
72104  -19.177  -8.009  -35.699 0.0000000000
73040  -20.852  -7.237  -36.957 0.0000000000
73029  -20.102  -7.093  -36.706 0.0000000000
73995  -20.507  -6.757  -36.862 0.0000000000
73994  -19.917  -6.378  -36.884 0.0000000000
74007  -20.510  -6.571  -36.902 0.0000000000
74937  -21.007  -5.480  -36.881 0.0000000000
74938  -21.436  -6.237  -36.758 0.0000000000
117323  -23.020  -6.006  -35.745 0.0000000000
112605  -23.139  -5.147  -35.360 0.0000000000
74916  -23.779  -4.836  -34.744 0.0000000000
76595  -23.845  -4.067  -34.470 0.0000000000
75768  -24.346  -4.617  -34.261 0.0000000000
75760  -24.828  -4.541  -33.708 0.0000000000
74917  -24.339  -5.342  -34.528 0.0000000000
73978  -24.967  -6.612  -34.461 0.0000000000
74918  -24.892  -5.770  -34.205 0.0000000000
73004  -25.638  -7.212  -34.097 0.0000000000
61405  -21.685  -20.838  -29.860 0.0000000000
61406  -22.432  -20.465  -29.392 0.0000000000
71214  -17.863  -10.019  -33.707 0.0000000000
70313  -20.454  -10.727  -36.057 0.0000000000
110670  -20.092  -9.617  -35.916 0.0000000000
70332  -21.216  -9.492  -37.285 0.0000000000
70333  -21.989  -10.331  -37.269 0.0000000000
70324  -22.892  -10.024  -37.280 0.0000000000
119363  -23.474  -11.762  -37.098 0.0000000000
128127  -23.870  -12.176  -36.974 0.0000000000
69361  -23.710  -12.020  -36.809 0.0000000000
68462  -23.676  -12.531  -36.353 0.0000000000
66792  -21.366  -13.898  -35.048 0.0000000000
66802  -22.197  -14.062  -35.600 0.0000000000
66794  -23.534  -14.559  -35.222 0.0000000000
66804  -23.345  -14.029  -35.563 0.0000000000
66805  -23.621  -13.959  -35.552 0.0000000000
67647  -23.650  -13.175  -35.805 0.0000000000
67636  -24.233  -13.901  -35.353 0.0000000000
67637  -25.170  -13.660  -34.878 0.0000000000
66796  -24.908  -14.449  -34.722 0.0000000000
65909  -25.318  -15.618  -33.736 0.0000000000
66784  -25.537  -14.924  -34.012 0.0000000000
65910  -25.894  -15.231  -33.199 0.0000000000
81790  -20.960  2.657  -36.308 0.0000000000
73014  -16.933  -7.062  -34.152 0.0000000000
127238  -18.062  -2.358  -36.595 0.0000000000
77430  -18.121  -1.855  -36.657 0.0000000000
78280  -18.421  -1.341  -36.682 0.0000000000
78281  -18.974  -1.317  -36.821 0.0000000000
78272  -20.272  -1.610  -36.428 0.0000000000
78271  -19.678  -1.198  -36.665 0.0000000000
79120  -20.901  -0.837  -36.185 0.0000000000
78260  -21.429  -1.592  -35.526 0.0000000000
75776  -21.789  -4.091  -35.726 0.0000000000
76605  -21.102  -3.407  -35.801 0.0000000000
76606  -22.005  -3.150  -35.377 0.0000000000
78250  -23.000  -1.571  -34.296 0.0000000000
79110  -22.493  -0.684  -34.458 0.0000000000
79111  -23.164  -0.152  -33.957 0.0000000000
79097  -23.812  -0.011  -33.419 0.0000000000
72123  -23.492  -9.548  -36.653 0.0000000000
112082  -24.011  -9.082  -36.085 0.0000000000
72095  -25.433  -8.722  -34.676 0.0000000000
127579  -19.244  -19.133  -31.206 0.0000000000
63237  -18.770  -18.448  -30.988 0.0000000000
64133  -19.727  -18.180  -32.244 0.0000000000
63262  -21.111  -18.716  -33.001 0.0000000000
63263  -21.855  -18.413  -33.293 0.0000000000
62350  -22.380  -19.641  -31.634 0.0000000000
64148  -23.160  -18.156  -33.164 0.0000000000
65896  -19.180  -15.258  -32.774 0.0000000000
65019  -18.653  -15.892  -32.249 0.0000000000
80035  -18.744  0.534  -36.666 0.0000000000
118301  -18.823  -0.362  -36.744 0.0000000000
79129  -19.044  -0.496  -36.745 0.0000000000
71243  -20.404  -8.206  -36.654 0.0000000000
72105  -19.941  -7.607  -36.501 0.0000000000
72119  -20.845  -7.676  -36.951 0.0000000000
73049  -21.161  -7.466  -37.100 0.0000000000
73996  -21.160  -7.068  -37.005 0.0000000000
73997  -21.924  -7.049  -36.818 0.0000000000
127469  -23.657  -6.520  -35.468 0.0000000000
73017  -24.326  -6.967  -35.139 0.0000000000
69344  -18.361  -11.520  -33.614 0.0000000000
69350  -19.006  -11.397  -34.299 0.0000000000
70301  -19.142  -10.544  -34.663 0.0000000000
69351  -19.607  -11.368  -34.937 0.0000000000
69359  -20.052  -11.410  -35.565 0.0000000000
69370  -20.951  -11.392  -36.401 0.0000000000
69371  -21.796  -11.389  -36.689 0.0000000000
68469  -21.137  -12.047  -36.187 0.0000000000
68470  -21.901  -12.183  -36.243 0.0000000000
67653  -22.490  -12.783  -36.120 0.0000000000
65916  -21.591  -15.341  -34.542 0.0000000000
131668  -22.578  -14.418  -35.288 0.0000000000
65917  -22.459  -15.125  -34.841 0.0000000000
65918  -23.223  -15.282  -34.833 0.0000000000
65908  -24.679  -16.034  -34.136 0.0000000000
65037  -24.457  -16.665  -33.657 0.0000000000
81788  -18.344  2.289  -35.008 0.0000000000
82533  -19.235  3.783  -35.259 0.0000000000
81791  -21.650  2.696  -35.574 0.0000000000
123041  -21.863  2.113  -35.269 0.0000000000
75767  -17.640  -4.744  -35.315 0.0000000000
76604  -18.073  -4.286  -36.119 0.0000000000
76615  -18.702  -3.857  -36.570 0.0000000000
77441  -18.916  -3.052  -36.748 0.0000000000
130784  -19.135  -2.103  -36.963 0.0000000000
77443  -19.511  -2.846  -36.645 0.0000000000
77432  -20.113  -2.315  -36.390 0.0000000000
77433  -20.577  -2.483  -36.078 0.0000000000
76594  -23.323  -3.518  -34.693 0.0000000000
76593  -22.751  -2.967  -34.895 0.0000000000
119986  -23.362  -2.791  -34.426 0.0000000000
77412  -23.328  -2.192  -34.208 0.0000000000
78235  -23.513  -1.791  -33.848 0.0000000000
70314  -24.133  -10.594  -36.242 0.0000000000
72107  -24.798  -9.297  -35.428 0.0000000000
71238  -24.941  -10.102  -35.606 0.0000000000
113368  -19.358  -19.813  -31.047 0.0000000000
62365  -21.229  -19.441  -32.570 0.0000000000
62366  -22.023  -19.445  -32.469 0.0000000000
67625  -18.666  -13.205  -33.228 0.0000000000
67634  -19.819  -13.388  -34.370 0.0000000000
66791  -20.633  -14.254  -34.564 0.0000000000
65915  -21.066  -14.740  -34.585 0.0000000000
65034  -22.049  -16.638  -34.164 0.0000000000
80926  -17.938  1.828  -35.312 0.0000000000
81795  -18.717  2.287  -36.065 0.0000000000
81796  -19.451  2.830  -36.529 0.0000000000
81797  -19.926  2.619  -36.935 0.0000000000
80941  -20.462  1.990  -36.720 0.0000000000
80037  -19.939  1.361  -36.882 0.0000000000
73028  -19.444  -7.277  -36.275 0.0000000000
114796  -18.763  -6.908  -35.886 0.0000000000
73993  -19.664  -6.440  -36.738 0.0000000000
74945  -20.198  -5.844  -37.144 0.0000000000
75789  -20.343  -4.848  -37.103 0.0000000000
74936  -20.428  -5.735  -37.076 0.0000000000
75777  -22.473  -4.659  -35.564 0.0000000000
74926  -22.284  -5.603  -35.988 0.0000000000
76581  -24.918  -3.820  -33.376 0.0000000000
75761  -25.405  -4.466  -33.242 0.0000000000
68454  -25.579  -12.033  -34.998 0.0000000000
61417  -21.402  -20.650  -30.658 0.0000000000
71224  -17.830  -9.262  -33.953 0.0000000000
71234  -19.028  -8.837  -35.201 0.0000000000
125437  -20.286  -8.825  -36.547 0.0000000000
71244  -20.740  -8.611  -36.995 0.0000000000
72120  -21.847  -8.501  -37.541 0.0000000000
72121  -22.565  -8.703  -37.468 0.0000000000
110654  -23.058  -9.095  -37.342 0.0000000000
71247  -23.148  -9.616  -37.197 0.0000000000
71248  -23.407  -10.227  -36.832 0.0000000000
69372  -22.838  -11.018  -36.956 0.0000000000
109718  -23.490  -10.947  -37.116 0.0000000000
69362  -24.143  -11.400  -36.240 0.0000000000
69363  -24.890  -11.647  -35.658 0.0000000000
67644  -21.787  -13.472  -35.843 0.0000000000
67646  -23.312  -13.023  -35.981 0.0000000000
66803  -22.864  -14.127  -35.688 0.0000000000
132330  -23.194  -13.653  -35.757 0.0000000000
129043  -23.820  -12.518  -36.191 0.0000000000
68464  -24.724  -12.360  -35.590 0.0000000000
115757  -25.427  -12.840  -34.962 0.0000000000
126232  -25.952  -13.301  -34.275 0.0000000000
82552  -20.667  3.384  -36.301 0.0000000000
82545  -21.530  4.123  -35.659 0.0000000000
82546  -22.004  3.428  -35.244 0.0000000000
78269  -18.877  -1.031  -36.742 0.0000000000
123235  -21.097  -0.114  -36.094 0.0000000000
80030  -21.716  0.087  -35.079 0.0000000000
76618  -20.376  -3.631  -36.488 0.0000000000
77423  -22.099  -2.331  -35.125 0.0000000000
80021  -23.383  0.620  -33.763 0.0000000000
122435  -23.781  -8.363  -35.997 0.0000000000
123696  -25.341  -7.963  -34.553 0.0000000000
64131  -18.422  -16.934  -31.362 0.0000000000
64146  -20.350  -17.943  -32.853 0.0000000000
64160  -22.120  -17.568  -33.722 0.0000000000
64161  -22.997  -17.640  -33.675 0.0000000000
63264  -22.510  -18.743  -32.887 0.0000000000
69374  -23.477  -11.110  -36.831 0.0000000000
71226  -19.397  -9.623  -35.237 0.0000000000
71246  -23.039  -9.480  -37.361 0.0000000000
71255  -21.975  -9.308  -37.536 0.0000000000
73039  -19.614  -6.836  -36.565 0.0000000000
74008  -21.012  -6.470  -36.937 0.0000000000
74924  -18.107  -5.674  -35.758 0.0000000000
74935  -19.903  -5.996  -37.074 0.0000000000
75787  -19.509  -5.094  -36.937 0.0000000000
75798  -20.086  -5.056  -37.221 0.0000000000
77440  -18.633  -2.099  -36.765 0.0000000000
77442  -19.028  -2.398  -36.796 0.0000000000
112555  -20.550  -7.065  -36.834 0.0000000000
122469  -22.334  -8.170  -37.358 0.0000000000
