#!ascii label  , from subject sub-v2s8x29207_ses-1 vox2ras=TkReg
882
110040  -20.485  -17.545  -43.966 0.4285714328
62741  -21.306  -15.940  -44.757 0.2857142985
61809  -21.453  -16.459  -44.299 0.4285714328
62724  -21.931  -15.993  -44.309 0.4285714328
62725  -22.600  -16.000  -43.776 0.4285714328
63651  -22.034  -14.877  -45.172 0.2857142985
62742  -22.407  -15.203  -44.367 0.4285714328
63653  -23.162  -14.161  -44.022 0.4285714328
64448  -22.891  -13.846  -46.124 0.4285714328
64449  -23.531  -13.579  -45.868 0.4285714328
65269  -23.451  -12.551  -46.487 0.4285714328
65258  -24.540  -12.741  -46.072 0.4285714328
115618  -23.629  -11.124  -47.116 0.5714285970
65270  -24.020  -12.294  -46.555 0.5714285970
66003  -24.675  -11.951  -46.449 0.4285714328
66004  -25.416  -11.671  -46.146 0.2857142985
66018  -24.115  -11.394  -47.186 0.7142857313
66019  -24.816  -11.356  -46.956 0.7142857313
66794  -25.731  -10.711  -48.014 0.7142857313
114809  -26.306  -10.689  -46.750 0.4285714328
66793  -24.762  -10.841  -48.060 0.7142857313
66776  -25.485  -11.067  -46.971 0.5714285970
67507  -27.608  -9.753  -47.064 0.5714285970
66801  -25.379  -10.870  -49.212 0.5714285970
67512  -26.649  -10.596  -49.093 0.5714285970
67513  -27.396  -9.880  -48.434 0.5714285970
66802  -25.813  -10.834  -49.279 0.5714285970
67508  -28.367  -9.324  -46.355 0.4285714328
68237  -28.687  -9.202  -48.914 0.5714285970
68238  -30.158  -8.189  -47.970 0.5714285970
68253  -27.203  -9.521  -49.156 0.7142857313
112389  -29.301  -8.435  -47.817 0.7142857313
68970  -29.709  -8.610  -48.978 0.7142857313
68250  -28.011  -9.447  -49.057 0.5714285970
68960  -25.071  -7.815  -47.774 0.5714285970
68251  -28.802  -8.851  -49.237 0.8571428657
68971  -30.874  -8.206  -48.663 0.7142857313
68972  -31.822  -8.483  -48.625 0.5714285970
68988  -27.157  -7.844  -49.380 0.7142857313
69688  -26.614  -6.996  -49.236 0.5714285970
68985  -31.991  -8.375  -48.879 0.7142857313
68240  -32.109  -8.430  -48.353 0.5714285970
68990  -29.051  -7.985  -49.528 0.7142857313
68984  -31.402  -8.219  -48.959 0.7142857313
68986  -32.352  -7.891  -48.536 0.5714285970
68991  -29.864  -7.780  -49.359 0.7142857313
69676  -33.090  -6.889  -47.764 0.5714285970
69690  -28.317  -6.955  -49.608 0.5714285970
69691  -29.267  -6.937  -49.552 0.7142857313
125443  -31.741  -7.466  -49.060 0.7142857313
127738  -32.968  -5.873  -48.195 0.7142857313
70406  -30.538  -5.945  -49.499 0.7142857313
69693  -31.339  -6.403  -49.219 0.7142857313
70402  -32.010  -6.179  -48.718 0.7142857313
71194  -33.124  -4.842  -48.235 0.7142857313
70392  -33.562  -5.135  -47.725 0.5714285970
70407  -31.356  -5.493  -49.201 0.7142857313
124206  -28.626  -6.020  -49.619 0.5714285970
71195  -33.529  -4.246  -47.949 0.5714285970
71981  -33.611  -3.608  -47.486 0.5714285970
71200  -30.576  -4.895  -49.564 0.8571428657
121240  -29.682  -5.158  -49.685 0.8571428657
71991  -33.305  -3.325  -48.082 0.7142857313
126390  -32.820  -2.969  -48.469 0.7142857313
71201  -31.603  -3.892  -48.880 0.8571428657
71990  -32.700  -3.891  -48.414 0.7142857313
135927  -33.216  -1.338  -48.548 0.8571428657
124232  -33.261  -2.191  -47.656 0.5714285970
72002  -31.901  -2.983  -48.870 0.8571428657
74396  -33.155  -0.375  -49.678 0.8571428657
75169  -33.412  0.427  -48.875 0.8571428657
75961  -32.936  1.821  -49.665 0.8571428657
72793  -32.618  -2.351  -48.795 0.8571428657
75178  -33.254  0.415  -49.715 0.8571428657
75188  -32.797  0.691  -50.666 1.0000000000
73604  -32.754  -1.079  -49.599 0.8571428657
75177  -33.068  1.225  -50.225 1.0000000000
74401  -32.910  0.089  -50.392 1.0000000000
76790  -32.437  2.813  -51.054 1.0000000000
77634  -31.847  3.783  -51.902 0.7142857313
75968  -32.781  2.001  -50.620 1.0000000000
75973  -32.353  2.141  -51.198 1.0000000000
125517  -32.074  7.134  -51.530 1.0000000000
126724  -31.427  7.137  -52.017 0.8571428657
81477  -31.975  8.671  -52.062 0.8571428657
83417  -32.041  11.391  -51.277 0.8571428657
82788  -32.136  10.690  -51.186 0.8571428657
82140  -32.074  9.831  -51.565 1.0000000000
84662  -31.981  12.943  -51.832 0.8571428657
84661  -31.725  13.591  -51.753 0.7142857313
84072  -31.526  12.945  -50.960 0.5714285970
86009  -31.523  15.188  -51.624 0.7142857313
85331  -30.156  15.155  -49.855 0.5714285970
118815  -30.387  14.153  -49.896 0.5714285970
86005  -29.987  16.015  -49.820 0.4285714328
87109  -30.503  17.536  -50.547 0.4285714328
87646  -30.482  18.407  -51.060 0.4285714328
87098  -28.521  17.695  -48.661 0.2857142985
87099  -28.859  18.227  -47.973 0.2857142985
126057  -21.750  -15.442  -44.774 0.2857142985
68236  -27.917  -9.562  -48.835 0.5714285970
72775  -33.389  -2.787  -47.296 0.5714285970
124642  -33.229  -1.830  -48.146 0.8571428657
73596  -33.314  -1.049  -48.384 0.8571428657
74389  -33.398  -0.287  -48.813 0.8571428657
75952  -33.293  1.055  -49.260 0.8571428657
131506  -32.072  4.282  -51.638 0.8571428657
86582  -31.187  17.218  -46.063 0.1428571492
62752  -21.340  -15.384  -45.510 0.2857142985
63659  -21.857  -14.781  -46.064 0.2857142985
63660  -22.500  -14.379  -45.775 0.2857142985
64439  -23.030  -13.972  -45.560 0.4285714328
64450  -24.108  -13.192  -45.545 0.4285714328
64462  -22.416  -13.343  -46.385 0.2857142985
65249  -24.618  -12.578  -44.944 0.4285714328
67505  -23.653  -10.491  -47.207 0.2857142985
66792  -24.173  -10.827  -47.710 0.7142857313
66795  -26.698  -10.335  -47.861 0.4285714328
67511  -24.816  -10.123  -48.764 0.5714285970
68222  -29.187  -8.983  -46.783 0.4285714328
68248  -25.290  -9.326  -48.979 0.7142857313
68249  -26.175  -9.190  -49.161 0.7142857313
67514  -28.306  -9.122  -47.692 0.7142857313
68223  -30.239  -8.859  -47.126 0.4285714328
68983  -30.362  -8.208  -49.010 0.7142857313
68969  -25.666  -7.336  -48.288 0.5714285970
68982  -26.184  -7.770  -49.112 0.5714285970
69665  -33.761  -6.408  -46.905 0.5714285970
68973  -32.728  -7.814  -47.614 0.5714285970
69692  -30.928  -6.879  -49.323 0.7142857313
68992  -30.760  -7.641  -49.212 0.7142857313
69677  -33.569  -5.930  -47.509 0.5714285970
71193  -32.018  -4.960  -48.393 0.7142857313
73587  -33.196  -1.406  -47.743 0.5714285970
72806  -31.836  -2.229  -49.341 1.0000000000
135099  -31.387  0.093  -50.941 1.0000000000
76797  -32.069  2.979  -51.524 0.8571428657
78476  -31.547  4.570  -52.051 0.7142857313
78471  -32.075  5.085  -51.027 1.0000000000
79256  -31.702  6.393  -51.674 0.7142857313
79251  -32.011  5.748  -51.125 1.0000000000
79254  -31.201  5.433  -51.981 0.7142857313
80730  -31.716  7.914  -52.040 0.8571428657
130340  -32.084  9.206  -51.903 1.0000000000
86600  -30.407  16.605  -50.261 0.7142857313
84660  -31.088  13.642  -50.677 0.5714285970
86008  -30.765  15.567  -50.536 0.7142857313
126021  -31.268  16.022  -51.028 0.7142857313
85329  -29.453  14.774  -49.042 0.4285714328
120841  -28.974  18.272  -48.802 0.2857142985
112753  -29.489  18.224  -49.911 0.4285714328
86601  -31.432  16.828  -51.151 0.4285714328
131671  -29.770  19.051  -51.141 0.4285714328
119439  -29.276  18.650  -48.475 0.2857142985
88146  -28.870  19.535  -50.425 0.4285714328
67506  -24.256  -10.312  -47.900 0.4285714328
68234  -24.338  -9.227  -47.540 0.4285714328
87104  -29.507  17.545  -49.523 0.4285714328
87639  -29.148  19.072  -49.221 0.2857142985
110041  -21.111  -17.033  -43.969 0.4285714328
110039  -21.932  -16.617  -43.789 0.4285714328
62740  -20.726  -15.975  -45.267 0.2857142985
110048  -20.858  -16.525  -44.652 0.2857142985
63652  -22.703  -14.361  -44.768 0.4285714328
64463  -23.202  -13.178  -46.343 0.4285714328
65257  -23.924  -13.056  -46.229 0.4285714328
113765  -22.757  -12.501  -46.447 0.4285714328
66017  -23.398  -11.835  -46.724 0.4285714328
127926  -23.684  -10.859  -47.326 0.2857142985
66800  -24.756  -10.734  -48.783 0.5714285970
67521  -26.534  -10.324  -49.157 0.5714285970
67522  -27.277  -9.940  -48.998 0.5714285970
68981  -25.468  -8.318  -48.693 0.7142857313
68254  -27.778  -8.817  -49.349 0.7142857313
68989  -28.127  -7.983  -49.541 0.5714285970
70405  -29.541  -6.023  -49.554 0.8571428657
131910  -28.982  -5.357  -49.573 0.8571428657
72787  -33.354  -2.722  -47.819 0.8571428657
125267  -32.506  -1.793  -49.248 0.8571428657
73605  -33.296  -0.958  -48.972 0.8571428657
72001  -30.896  -3.185  -49.563 0.8571428657
74395  -32.567  -0.422  -50.354 1.0000000000
84073  -31.979  12.132  -51.331 0.8571428657
85338  -31.847  14.325  -52.352 0.7142857313
85332  -31.158  14.501  -50.910 0.5714285970
86004  -29.154  15.999  -49.178 0.4285714328
86596  -29.321  16.801  -49.407 0.4285714328
87092  -28.178  17.877  -47.795 0.2857142985
123287  -29.099  17.980  -47.299 0.2857142985
87082  -30.226  17.735  -46.691 0.1428571492
63670  -22.186  -14.145  -46.300 0.2857142985
79255  -31.601  5.361  -51.786 1.0000000000
89701  -28.670  23.986  -51.955 0.2857142985
90210  -28.829  24.841  -50.669 0.1428571492
88670  -28.317  22.000  -52.132 0.2857142985
122915  -29.377  21.971  -52.381 0.2857142985
89700  -27.354  24.465  -51.487 0.1428571492
90202  -29.636  24.876  -49.569 0.1428571492
88659  -28.326  21.267  -50.289 0.1428571492
88152  -28.828  20.605  -51.400 0.2857142985
89156  -27.929  22.184  -50.590 0.1428571492
115889  -31.796  19.511  -52.724 0.2857142985
88671  -29.804  21.077  -52.223 0.2857142985
86016  -34.175  16.283  -51.791 0.2857142985
124377  -32.585  17.193  -52.642 0.2857142985
89686  -30.023  24.532  -48.631 0.1428571492
86014  -32.019  15.279  -52.523 0.2857142985
87651  -31.580  18.680  -52.228 0.2857142985
88153  -29.958  19.922  -51.610 0.2857142985
84663  -33.644  13.328  -51.118 0.1428571492
86609  -32.594  16.387  -52.463 0.2857142985
87114  -32.206  17.989  -52.825 0.2857142985
89157  -28.732  22.941  -50.118 0.1428571492
125810  -32.087  16.924  -52.268 0.2857142985
87650  -30.920  19.313  -51.805 0.2857142985
84067  -35.665  12.878  -49.273 0.1428571492
120935  -34.528  13.225  -50.583 0.1428571492
85340  -32.421  14.537  -52.272 0.4285714328
86607  -31.835  15.925  -52.023 0.2857142985
83409  -33.775  11.133  -49.883 0.2857142985
84084  -32.901  12.970  -51.336 0.4285714328
85339  -31.892  14.582  -52.451 0.2857142985
82128  -34.210  9.848  -49.288 0.1428571492
83410  -34.194  11.928  -49.843 0.2857142985
84669  -31.977  13.767  -52.263 0.4285714328
83419  -33.079  11.740  -50.649 0.5714285970
84083  -32.119  13.063  -51.864 0.7142857313
81466  -33.704  8.232  -48.987 0.1428571492
82790  -32.863  10.983  -50.588 0.4285714328
80692  -34.163  7.166  -47.957 0.2857142985
80719  -33.214  7.902  -49.285 0.7142857313
83418  -32.145  11.747  -51.172 0.7142857313
80725  -32.284  7.908  -51.301 0.8571428657
81465  -33.095  8.671  -49.772 0.8571428657
79974  -33.746  6.455  -47.577 0.2857142985
79986  -33.425  6.730  -48.364 0.2857142985
82141  -32.610  10.233  -50.671 0.7142857313
79221  -33.408  5.736  -47.215 0.1428571492
80707  -32.968  7.141  -49.240 0.7142857313
79220  -33.020  5.013  -46.950 0.1428571492
74388  -28.872  -0.479  -49.189 0.5714285970
75967  -32.050  1.497  -51.338 0.8571428657
75966  -30.986  1.621  -51.286 0.8571428657
75186  -30.571  0.893  -50.994 0.4285714328
75972  -31.761  2.320  -51.499 0.5714285970
80001  -32.234  6.369  -50.738 0.8571428657
78472  -32.217  4.494  -50.152 0.8571428657
119680  -32.520  7.132  -50.409 0.8571428657
135792  -32.726  4.172  -47.621 0.2857142985
79241  -32.856  5.672  -49.035 0.8571428657
82126  -32.481  9.401  -50.790 0.8571428657
77598  -32.749  4.079  -46.894 0.4285714328
121863  -32.835  5.019  -48.406 0.7142857313
79985  -32.994  6.361  -48.823 0.7142857313
74375  -28.646  -0.346  -47.844 0.2857142985
126062  -30.604  0.299  -50.824 0.5714285970
75176  -29.363  0.194  -50.156 0.5714285970
124901  -32.637  1.390  -50.959 0.8571428657
77629  -32.340  3.599  -50.765 0.8571428657
79246  -32.377  5.512  -50.082 0.8571428657
77607  -32.698  3.676  -47.781 0.4285714328
119120  -32.639  4.321  -49.036 0.8571428657
122885  -32.653  4.989  -49.297 0.8571428657
113753  -32.610  3.011  -47.124 0.4285714328
71180  -27.532  -4.471  -47.880 0.7142857313
71963  -27.408  -3.384  -45.893 0.4285714328
71192  -27.903  -4.440  -48.931 0.7142857313
72000  -29.747  -3.312  -49.997 0.8571428657
72791  -28.530  -2.505  -48.587 0.5714285970
73585  -28.518  -1.823  -48.047 0.5714285970
131130  -28.293  -1.162  -46.286 0.4285714328
72804  -29.831  -2.468  -50.134 0.8571428657
119766  -28.626  -1.818  -50.018 0.5714285970
74394  -28.928  -0.558  -50.081 0.5714285970
73603  -31.922  -1.551  -49.807 0.8571428657
73612  -30.043  -1.005  -50.321 0.7142857313
73601  -28.950  -1.040  -50.090 0.5714285970
75168  -33.137  0.829  -48.459 0.7142857313
75951  -32.861  1.636  -48.671 0.7142857313
76776  -32.655  2.486  -48.848 0.7142857313
122935  -32.591  3.458  -48.772 0.8571428657
75921  -32.537  1.077  -45.930 0.2857142985
76758  -32.518  2.050  -46.992 0.4285714328
76769  -32.595  2.271  -47.926 0.5714285970
69686  -26.723  -6.189  -49.192 0.4285714328
122546  -27.049  -5.355  -47.743 0.4285714328
71179  -27.413  -4.629  -46.836 0.4285714328
123105  -30.690  -3.982  -49.596 0.7142857313
71199  -29.705  -4.223  -49.827 0.7142857313
72805  -30.789  -1.840  -50.053 0.8571428657
75159  -33.237  0.063  -48.280 0.7142857313
75144  -32.426  0.475  -46.715 0.2857142985
124674  -32.580  0.584  -47.573 0.5714285970
69685  -26.204  -6.652  -48.727 0.4285714328
70391  -26.436  -6.159  -47.651 0.5714285970
70401  -27.547  -5.151  -49.158 0.5714285970
71191  -27.381  -4.958  -48.617 0.5714285970
73574  -33.140  -2.079  -47.165 0.4285714328
74376  -32.668  -0.436  -47.232 0.4285714328
68221  -24.634  -8.296  -47.256 0.5714285970
68226  -32.448  -8.418  -47.206 0.4285714328
69664  -33.401  -7.257  -47.057 0.4285714328
71956  -33.382  -4.062  -46.229 0.4285714328
71182  -33.810  -4.556  -47.341 0.4285714328
71966  -33.051  -3.156  -46.015 0.4285714328
72774  -33.126  -2.610  -46.587 0.4285714328
65250  -25.175  -12.053  -44.398 0.1428571492
70371  -33.752  -5.601  -46.478 0.4285714328
71155  -33.453  -4.879  -46.090 0.4285714328
132748  -26.334  -10.825  -44.911 0.1428571492
67493  -28.401  -9.494  -45.228 0.2857142985
116735  -32.843  -9.425  -45.913 0.2857142985
131778  -32.663  -7.524  -44.484 0.2857142985
116534  -33.117  -8.828  -45.968 0.2857142985
68224  -31.272  -9.031  -46.721 0.4285714328
68949  -33.353  -8.075  -46.070 0.2857142985
125399  -32.668  -8.885  -46.419 0.2857142985
120755  -32.898  -6.114  -45.048 0.2857142985
69655  -33.649  -6.394  -46.009 0.4285714328
65993  -25.712  -11.420  -44.884 0.1428571492
65259  -25.117  -12.157  -45.532 0.1428571492
65994  -27.123  -10.501  -44.495 0.2857142985
67492  -27.456  -9.974  -45.285 0.2857142985
68199  -30.437  -9.293  -45.117 0.2857142985
67495  -32.449  -9.956  -45.726 0.2857142985
68209  -31.390  -9.313  -45.951 0.2857142985
68208  -30.208  -8.843  -45.848 0.2857142985
67494  -32.273  -9.216  -46.315 0.2857142985
113502  -26.469  -11.154  -44.126 0.1428571492
66752  -29.557  -10.879  -43.753 0.2857142985
65979  -27.270  -11.013  -43.574 0.2857142985
67484  -28.790  -9.839  -44.326 0.2857142985
66766  -27.916  -10.009  -44.578 0.2857142985
112976  -26.679  -10.460  -45.531 0.2857142985
67485  -29.731  -9.603  -44.529 0.2857142985
63641  -23.163  -15.136  -43.735 0.2857142985
64441  -24.153  -13.035  -44.357 0.1428571492
64440  -23.422  -13.661  -44.707 0.2857142985
65236  -25.239  -12.313  -43.457 0.1428571492
110038  -20.963  -17.698  -43.378 0.2857142985
64426  -23.824  -13.577  -43.842 0.2857142985
110033  -21.744  -17.275  -43.234 0.1428571492
59958  -20.235  -18.099  -43.589 0.2857142985
59947  -19.962  -18.754  -43.142 0.1428571492
66750  -27.976  -10.433  -43.876 0.2857142985
67473  -30.432  -10.068  -44.623 0.2857142985
67496  -32.807  -10.018  -45.474 0.2857142985
68200  -32.987  -9.217  -45.212 0.2857142985
131429  -32.000  -8.686  -47.979 0.4285714328
68961  -33.171  -7.905  -46.774 0.4285714328
118191  -33.175  -7.224  -45.399 0.2857142985
114694  -32.254  -5.773  -44.123 0.2857142985
71181  -27.976  -3.768  -48.149 0.7142857313
70370  -33.263  -5.444  -45.605 0.4285714328
73602  -29.506  -1.620  -50.233 0.5714285970
124960  -33.780  -4.094  -46.977 0.4285714328
121029  -32.585  -0.973  -46.123 0.2857142985
75928  -32.427  1.217  -46.890 0.5714285970
82147  -31.881  9.060  -52.056 0.7142857313
135110  -32.656  2.997  -48.090 0.7142857313
83408  -31.817  11.547  -50.952 0.5714285970
80718  -32.750  7.896  -50.131 0.8571428657
82789  -32.107  10.854  -51.249 0.8571428657
82778  -33.516  10.377  -49.878 0.4285714328
89147  -30.074  22.525  -48.521 0.1428571492
84671  -33.602  14.089  -51.410 0.2857142985
110047  -20.348  -17.126  -44.550 0.2857142985
62726  -23.268  -15.943  -43.149 0.1428571492
65978  -26.583  -11.551  -43.239 0.1428571492
65963  -27.449  -11.621  -42.906 0.1428571492
132936  -27.736  -9.633  -45.960 0.2857142985
66779  -32.541  -10.706  -45.412 0.2857142985
68207  -29.193  -9.048  -45.698 0.2857142985
71178  -26.852  -4.940  -46.228 0.2857142985
69649  -32.528  -6.683  -44.336 0.2857142985
70346  -31.845  -4.892  -43.850 0.2857142985
71198  -28.767  -4.506  -49.602 0.5714285970
72772  -28.102  -2.391  -46.337 0.4285714328
71980  -28.220  -3.116  -47.565 0.5714285970
70360  -32.574  -5.130  -44.703 0.4285714328
73586  -28.653  -1.184  -48.643 0.5714285970
71154  -32.922  -4.414  -45.301 0.2857142985
70380  -33.888  -5.417  -47.155 0.4285714328
72792  -28.338  -2.114  -49.803 0.7142857313
129335  -29.010  -0.151  -49.847 0.2857142985
115696  -32.587  -2.920  -45.181 0.1428571492
72761  -32.726  -2.354  -45.694 0.4285714328
114508  -32.809  -1.825  -46.321 0.4285714328
73563  -32.512  -1.540  -45.377 0.1428571492
76784  -32.524  2.815  -49.942 0.8571428657
74324  -32.439  -0.684  -45.046 0.1428571492
75942  -32.538  1.426  -47.764 0.5714285970
132045  -32.599  1.773  -46.187 0.2857142985
81473  -32.377  8.653  -51.003 0.8571428657
78426  -33.344  4.676  -46.182 0.2857142985
120835  -33.604  5.517  -46.269 0.1428571492
122708  -32.978  5.280  -47.644 0.4285714328
80708  -33.610  7.556  -48.617 0.1428571492
81450  -34.152  8.922  -49.106 0.1428571492
88652  -28.579  21.602  -49.508 0.1428571492
80693  -34.394  8.078  -48.338 0.1428571492
83400  -34.656  11.252  -49.258 0.1428571492
83411  -35.136  12.131  -49.134 0.1428571492
84076  -34.794  12.673  -49.914 0.1428571492
85341  -33.981  15.130  -51.508 0.2857142985
85333  -34.732  14.303  -51.065 0.1428571492
84665  -35.212  13.828  -50.646 0.1428571492
62710  -23.774  -15.826  -42.624 0.1428571492
84657  -36.134  13.342  -49.655 0.1428571492
126321  -34.930  15.853  -51.401 0.2857142985
61781  -22.615  -16.726  -43.012 0.1428571492
62727  -23.852  -15.262  -43.076 0.1428571492
63642  -23.853  -14.446  -43.488 0.1428571492
66777  -27.070  -10.114  -46.352 0.2857142985
66005  -26.048  -11.102  -45.849 0.1428571492
68239  -31.196  -8.521  -47.738 0.4285714328
70404  -28.200  -5.175  -49.523 0.5714285970
70403  -27.548  -5.892  -49.480 0.4285714328
71967  -33.482  -3.389  -46.795 0.4285714328
121086  -31.106  -2.567  -49.592 0.7142857313
75187  -31.509  0.756  -51.151 0.8571428657
73614  -32.115  -0.941  -50.224 0.8571428657
74400  -31.762  -0.428  -50.688 0.8571428657
77635  -32.173  3.485  -51.510 0.8571428657
86013  -31.907  15.055  -52.539 0.2857142985
74377  -33.305  -0.642  -48.168 0.4285714328
68235  -24.849  -8.802  -48.289 0.5714285970
74399  -30.740  -0.354  -50.635 0.5714285970
87110  -31.550  17.758  -51.548 0.2857142985
88145  -28.548  20.481  -50.160 0.2857142985
89169  -28.320  22.960  -52.545 0.2857142985
89702  -27.337  24.026  -52.452 0.2857142985
89696  -28.413  24.309  -50.463 0.1428571492
88664  -27.291  22.553  -51.824 0.2857142985
88672  -30.586  21.267  -52.366 0.2857142985
89695  -27.130  23.491  -51.137 0.1428571492
88658  -27.643  21.960  -51.300 0.1428571492
88154  -31.126  20.287  -52.479 0.2857142985
86015  -32.911  15.682  -52.312 0.2857142985
89146  -29.207  22.778  -49.078 0.1428571492
86608  -32.194  16.003  -52.468 0.2857142985
84670  -32.657  13.595  -51.757 0.2857142985
84664  -34.367  13.701  -50.978 0.1428571492
84077  -35.434  13.384  -50.042 0.1428571492
82779  -34.257  10.568  -49.404 0.1428571492
84074  -32.449  12.441  -51.288 0.5714285970
84075  -33.690  12.581  -50.671 0.4285714328
82766  -35.021  10.361  -48.865 0.1428571492
136008  -32.336  11.348  -51.047 0.7142857313
82127  -33.336  9.568  -49.832 0.5714285970
128545  -33.116  5.908  -48.108 0.5714285970
78449  -32.814  4.643  -47.608 0.4285714328
79996  -32.718  6.345  -49.676 0.8571428657
73611  -29.731  -0.225  -50.315 0.5714285970
75185  -29.965  0.564  -50.623 0.5714285970
75965  -30.067  1.327  -50.859 0.4285714328
77624  -32.365  3.721  -49.673 0.8571428657
78457  -32.738  4.233  -48.208 0.4285714328
71979  -27.784  -3.866  -46.821 0.4285714328
71989  -28.355  -3.734  -49.122 0.7142857313
72802  -28.544  -2.929  -49.375 0.7142857313
72803  -28.742  -2.630  -49.959 0.7142857313
72773  -28.403  -2.412  -47.351 0.4285714328
73594  -28.387  -1.371  -50.001 0.5714285970
73573  -28.406  -1.788  -46.751 0.4285714328
125377  -27.861  -1.682  -45.806 0.2857142985
70400  -26.936  -5.448  -49.012 0.5714285970
70390  -26.467  -5.718  -46.502 0.5714285970
133010  -32.830  -1.369  -46.948 0.4285714328
74345  -32.449  0.069  -45.804 0.2857142985
114949  -33.032  -8.481  -46.419 0.2857142985
68950  -33.558  -7.239  -46.389 0.4285714328
71166  -33.803  -4.790  -46.787 0.4285714328
131770  -32.890  -3.614  -45.498 0.4285714328
68198  -29.494  -9.201  -45.005 0.2857142985
68942  -33.061  -8.254  -45.266 0.2857142985
68225  -32.016  -8.840  -47.082 0.2857142985
65251  -25.808  -11.680  -43.784 0.1428571492
67486  -31.510  -10.070  -45.543 0.2857142985
134341  -29.903  -10.468  -44.196 0.2857142985
110032  -21.502  -17.953  -42.684 0.1428571492
59959  -20.738  -18.376  -42.879 0.1428571492
123423  -22.290  -17.541  -42.490 0.1428571492
88653  -28.783  21.267  -48.944 0.1428571492
82139  -31.729  9.664  -51.557 0.5714285970
80728  -31.052  8.152  -52.060 0.4285714328
81472  -31.341  8.873  -51.871 0.5714285970
80729  -31.184  7.766  -52.197 0.4285714328
81476  -31.516  8.426  -52.210 0.5714285970
78470  -30.810  4.664  -51.859 0.4285714328
124951  -31.281  6.306  -51.975 0.4285714328
125912  -30.996  6.262  -51.897 0.4285714328
80005  -31.095  7.062  -52.081 0.5714285970
76796  -31.388  3.116  -51.739 0.5714285970
120909  -31.610  -7.757  -42.995 0.1428571492
68929  -31.912  -7.119  -43.502 0.1428571492
69636  -31.916  -6.291  -43.623 0.1428571492
116975  -22.948  -11.256  -46.555 0.2857142985
124199  -31.024  -8.718  -41.881 0.1428571492
68185  -31.819  -8.700  -43.032 0.1428571492
68165  -30.858  -8.007  -41.461 0.1428571492
68174  -30.981  -7.789  -42.188 0.1428571492
68158  -31.090  -8.239  -40.502 0.1428571492
119639  -32.778  -10.541  -45.152 0.1428571492
66754  -31.913  -10.279  -43.150 0.1428571492
67487  -32.822  -9.944  -44.790 0.1428571492
67462  -31.494  -9.547  -42.544 0.1428571492
67446  -30.605  -9.705  -40.519 0.1428571492
67434  -33.569  -9.361  -38.563 0.1428571492
67441  -31.753  -9.456  -39.151 0.1428571492
68138  -33.230  -8.613  -38.668 0.1428571492
66016  -22.725  -11.833  -46.441 0.2857142985
66015  -22.006  -12.126  -46.239 0.2857142985
66767  -31.208  -11.134  -45.427 0.1428571492
66007  -31.882  -11.740  -45.705 0.1428571492
66008  -32.379  -11.472  -45.473 0.1428571492
119490  -31.834  -11.146  -43.193 0.1428571492
125421  -32.471  -11.414  -44.272 0.1428571492
66724  -30.668  -10.477  -40.895 0.1428571492
66718  -30.557  -10.489  -39.991 0.1428571492
134118  -32.572  -10.717  -38.485 0.1428571492
66703  -33.984  -10.164  -38.496 0.1428571492
67433  -32.647  -9.339  -38.716 0.1428571492
129770  -21.055  -12.632  -46.339 0.2857142985
64461  -21.526  -13.650  -46.511 0.2857142985
65982  -29.970  -11.414  -44.044 0.1428571492
66006  -31.212  -12.124  -45.524 0.1428571492
65262  -32.279  -12.384  -45.458 0.1428571492
65966  -31.655  -11.962  -42.860 0.1428571492
65984  -32.618  -11.961  -44.738 0.1428571492
116496  -31.135  -12.162  -40.839 0.1428571492
65941  -31.841  -11.132  -38.643 0.1428571492
65947  -30.694  -11.286  -40.336 0.1428571492
122634  -35.459  -9.563  -38.416 0.1428571492
122453  -34.507  -9.466  -38.492 0.1428571492
66751  -28.792  -10.528  -43.604 0.1428571492
65981  -29.479  -11.706  -43.501 0.1428571492
64451  -31.767  -13.230  -45.528 0.1428571492
65252  -30.582  -12.718  -45.123 0.1428571492
131644  -32.120  -12.944  -43.422 0.1428571492
65261  -31.894  -12.498  -45.665 0.1428571492
117676  -31.451  -12.405  -42.078 0.1428571492
65239  -32.465  -12.566  -44.442 0.1428571492
65929  -32.697  -11.451  -38.506 0.1428571492
114440  -31.054  -12.117  -39.705 0.1428571492
117633  -34.344  -10.952  -38.500 0.1428571492
120785  -33.392  -10.802  -38.488 0.1428571492
65238  -29.494  -12.679  -43.485 0.1428571492
65980  -28.079  -10.998  -43.187 0.1428571492
63645  -30.880  -14.369  -45.233 0.1428571492
64430  -30.401  -13.620  -44.900 0.1428571492
128501  -30.017  -12.954  -44.361 0.1428571492
64443  -32.013  -13.639  -45.361 0.1428571492
64442  -31.084  -13.462  -45.400 0.1428571492
64399  -31.506  -13.786  -41.772 0.1428571492
64416  -31.908  -13.889  -42.948 0.1428571492
65204  -31.400  -12.973  -41.294 0.1428571492
127755  -31.472  -12.866  -39.085 0.1428571492
134396  -32.114  -11.781  -38.512 0.1428571492
63654  -30.388  -15.298  -45.071 0.1428571492
63644  -30.038  -14.451  -44.587 0.1428571492
64429  -29.769  -13.542  -44.016 0.1428571492
116480  -31.528  -15.216  -44.761 0.1428571492
116543  -30.986  -15.269  -45.239 0.1428571492
63632  -31.677  -14.718  -42.364 0.1428571492
63646  -31.920  -14.653  -43.764 0.1428571492
64385  -31.457  -13.630  -40.659 0.1428571492
63655  -31.555  -14.351  -45.124 0.1428571492
65260  -31.325  -12.828  -45.528 0.1428571492
120123  -32.113  -13.991  -45.002 0.1428571492
65983  -32.296  -12.012  -43.829 0.1428571492
66778  -32.124  -10.940  -45.702 0.1428571492
117108  -35.317  -11.057  -38.474 0.1428571492
66702  -33.012  -10.041  -38.488 0.1428571492
68186  -32.468  -8.254  -44.046 0.1428571492
68916  -30.861  -6.936  -42.409 0.1428571492
65181  -31.964  -12.880  -38.669 0.1428571492
65930  -33.639  -11.655  -38.468 0.1428571492
66705  -35.905  -10.331  -38.389 0.1428571492
122633  -36.378  -9.572  -38.378 0.1428571492
77633  -31.101  3.934  -51.940 0.4285714328
123962  -35.004  -8.828  -38.490 0.1428571492
68159  -31.879  -8.031  -39.792 0.1428571492
123766  -34.116  -8.718  -38.551 0.1428571492
69635  -31.219  -6.283  -42.835 0.1428571492
82787  -31.333  10.369  -50.645 0.4285714328
86017  -35.797  15.978  -51.407 0.1428571492
114085  -21.964  -12.857  -46.435 0.2857142985
66735  -28.839  -11.257  -43.194 0.1428571492
66753  -30.256  -10.856  -44.414 0.1428571492
71143  -32.232  -4.215  -44.337 0.1428571492
71945  -32.491  -3.538  -44.746 0.1428571492
126142  -32.530  -9.165  -44.149 0.1428571492
124103  -30.690  -8.865  -40.978 0.1428571492
67452  -30.858  -9.580  -41.418 0.1428571492
67474  -32.245  -9.719  -43.660 0.1428571492
123991  -30.851  -9.051  -40.253 0.1428571492
68908  -30.487  -6.924  -41.808 0.1428571492
69605  -31.199  -6.733  -41.083 0.1428571492
68151  -31.369  -8.827  -39.631 0.1428571492
66768  -32.699  -11.269  -45.073 0.1428571492
66755  -32.494  -10.631  -44.250 0.1428571492
67440  -30.961  -9.654  -39.772 0.1428571492
66712  -31.297  -10.349  -39.241 0.1428571492
66736  -31.376  -10.386  -42.126 0.1428571492
68152  -32.372  -8.575  -39.170 0.1428571492
65995  -30.505  -11.730  -44.960 0.1428571492
65953  -31.270  -11.376  -41.711 0.1428571492
65940  -31.064  -11.257  -39.455 0.1428571492
65253  -32.496  -12.533  -45.132 0.1428571492
64452  -32.175  -12.961  -45.459 0.1428571492
65928  -31.626  -12.080  -38.784 0.1428571492
65965  -28.876  -12.070  -42.965 0.1428571492
63661  -31.512  -13.780  -45.342 0.1428571492
65220  -31.558  -13.187  -42.298 0.1428571492
117909  -32.195  -13.942  -44.181 0.1428571492
64444  -32.353  -13.319  -44.901 0.1428571492
63620  -31.497  -14.414  -41.133 0.1428571492
65195  -31.254  -12.891  -40.121 0.1428571492
65180  -31.914  -13.545  -38.801 0.1428571492
132333  -31.936  -14.462  -44.681 0.1428571492
129252  -18.891  -18.735  -44.000 0.1428571492
59957  -19.511  -18.449  -43.843 0.1428571492
60893  -18.434  -18.027  -45.185 0.1428571492
59978  -19.016  -18.276  -44.488 0.1428571492
110046  -19.761  -17.785  -44.360 0.1428571492
110052  -19.137  -17.760  -44.917 0.1428571492
61816  -20.202  -16.532  -45.168 0.1428571492
62751  -20.661  -15.589  -46.048 0.1428571492
116703  -19.988  -15.771  -46.304 0.1428571492
62757  -20.388  -15.111  -46.527 0.1428571492
63669  -21.544  -14.426  -46.402 0.1428571492
126641  -19.472  -15.253  -46.647 0.1428571492
63667  -20.002  -14.450  -46.624 0.1428571492
63668  -20.880  -14.408  -46.558 0.1428571492
64460  -20.509  -13.613  -46.528 0.1428571492
65268  -19.916  -12.757  -46.364 0.1428571492
66014  -20.203  -11.843  -46.297 0.1428571492
117088  -21.208  -11.590  -46.121 0.1428571492
66789  -21.328  -10.697  -46.060 0.2857142985
117087  -22.147  -11.332  -46.066 0.1428571492
66790  -22.345  -10.438  -46.013 0.1428571492
66791  -23.273  -10.780  -46.784 0.1428571492
68959  -24.781  -7.443  -46.368 0.4285714328
69675  -25.932  -6.708  -47.750 0.4285714328
69663  -25.943  -6.363  -46.745 0.4285714328
76789  -30.136  2.195  -51.081 0.2857142985
125260  -30.318  3.169  -51.427 0.2857142985
79995  -30.441  6.940  -50.311 0.2857142985
81464  -30.869  8.491  -51.088 0.2857142985
82125  -30.999  9.452  -50.677 0.4285714328
122285  -20.361  -10.059  -46.290 0.1428571492
67503  -21.201  -9.719  -46.091 0.2857142985
67504  -23.062  -9.926  -46.168 0.1428571492
112573  -19.638  -16.440  -45.874 0.1428571492
64459  -19.536  -13.646  -46.529 0.1428571492
66788  -20.354  -10.947  -46.262 0.1428571492
120004  -21.008  -8.881  -46.233 0.2857142985
124102  -22.000  -9.266  -45.900 0.2857142985
133804  -22.072  -8.585  -45.869 0.2857142985
68218  -22.834  -8.940  -45.798 0.2857142985
122919  -23.700  -9.407  -46.597 0.2857142985
68220  -24.224  -8.359  -46.283 0.4285714328
122194  -24.354  -6.494  -45.537 0.2857142985
75960  -29.623  0.972  -50.321 0.2857142985
76782  -29.648  2.310  -49.623 0.2857142985
77623  -29.849  3.661  -50.669 0.2857142985
77628  -30.336  4.016  -51.530 0.2857142985
79250  -30.607  6.287  -51.156 0.2857142985
79245  -30.221  5.962  -49.910 0.2857142985
80724  -30.782  7.644  -51.315 0.2857142985
76788  -29.755  1.810  -50.387 0.2857142985
76783  -29.782  2.726  -50.523 0.2857142985
132197  -29.500  1.441  -49.351 0.2857142985
123689  -30.055  5.087  -50.212 0.2857142985
78463  -30.118  4.524  -51.024 0.2857142985
124680  -30.538  5.446  -51.361 0.2857142985
80000  -30.838  6.952  -51.693 0.2857142985
77622  -29.735  3.159  -49.459 0.2857142985
77613  -29.805  3.555  -48.093 0.2857142985
77614  -29.848  4.261  -49.463 0.2857142985
69674  -25.452  -7.023  -47.141 0.4285714328
63658  -21.164  -15.010  -46.315 0.1428571492
129974  -20.243  -16.078  -45.763 0.1428571492
109948  -19.561  -17.160  -45.144 0.1428571492
130947  -18.993  -16.972  -45.853 0.1428571492
70379  -25.563  -5.719  -45.846 0.2857142985
88158  -35.429  20.203  -52.622 0.1428571492
87654  -35.448  19.696  -53.330 0.1428571492
87652  -33.632  19.005  -53.332 0.1428571492
122649  -34.143  17.614  -52.959 0.1428571492
131879  -34.437  17.069  -52.231 0.1428571492
88159  -36.071  20.367  -53.035 0.1428571492
87116  -33.884  18.336  -53.310 0.1428571492
88673  -31.911  20.602  -52.449 0.1428571492
89165  -32.132  22.100  -50.814 0.1428571492
71165  -25.881  -4.936  -45.615 0.2857142985
130367  -35.186  16.812  -51.841 0.1428571492
87118  -35.508  18.899  -53.392 0.1428571492
86610  -33.474  16.823  -52.414 0.1428571492
123595  -34.977  17.743  -52.731 0.1428571492
88155  -32.398  19.836  -52.822 0.1428571492
122650  -33.221  17.439  -52.948 0.1428571492
88147  -33.102  20.265  -52.328 0.1428571492
89166  -32.803  21.241  -50.839 0.1428571492
134965  -32.581  20.347  -52.493 0.1428571492
89170  -29.889  22.627  -52.123 0.1428571492
132855  -29.996  23.980  -51.166 0.1428571492
87115  -32.908  18.253  -53.317 0.1428571492
123024  -32.315  18.955  -53.353 0.1428571492
87653  -34.630  19.295  -53.121 0.1428571492
131558  -34.753  20.114  -51.746 0.1428571492
87117  -34.774  18.580  -53.252 0.1428571492
133265  -32.990  18.931  -53.456 0.1428571492
88156  -33.212  19.592  -53.071 0.1428571492
88149  -35.501  20.204  -51.270 0.1428571492
76768  -29.359  2.165  -47.025 0.1428571492
76775  -29.608  2.446  -48.309 0.1428571492
78456  -30.006  5.234  -48.854 0.1428571492
79232  -29.706  5.193  -47.014 0.1428571492
79240  -30.111  6.096  -48.322 0.1428571492
79983  -30.070  6.939  -47.969 0.1428571492
80705  -29.879  7.814  -47.711 0.1428571492
80691  -29.887  8.385  -47.849 0.2857142985
71964  -27.899  -3.050  -46.412 0.2857142985
114925  -26.382  -2.263  -45.598 0.1428571492
132119  -28.603  0.117  -46.860 0.1428571492
133063  -28.816  0.054  -48.451 0.1428571492
75941  -29.213  1.419  -48.003 0.1428571492
128569  -32.883  3.328  -46.229 0.1428571492
77606  -29.556  3.052  -47.169 0.1428571492
79984  -30.222  6.666  -49.026 0.1428571492
81449  -30.550  8.675  -49.594 0.1428571492
80706  -30.220  8.137  -48.607 0.1428571492
81434  -30.148  8.761  -48.388 0.2857142985
82776  -30.733  10.115  -49.371 0.2857142985
84650  -29.265  13.764  -48.556 0.2857142985
88139  -28.566  19.931  -49.158 0.1428571492
87081  -28.737  17.549  -46.776 0.1428571492
82109  -30.482  9.345  -48.975 0.2857142985
115345  -30.845  10.933  -49.686 0.2857142985
84066  -31.269  12.271  -50.418 0.2857142985
84061  -30.480  12.285  -49.435 0.2857142985
84060  -29.849  12.175  -48.593 0.2857142985
84656  -30.600  13.133  -49.921 0.2857142985
84651  -29.928  12.993  -48.899 0.2857142985
115715  -29.393  12.813  -48.437 0.2857142985
86595  -28.438  16.961  -48.918 0.1428571492
118779  -28.858  13.938  -48.447 0.2857142985
87630  -29.586  18.517  -47.885 0.1428571492
87627  -30.490  18.620  -47.563 0.1428571492
84649  -29.000  13.121  -48.311 0.1428571492
84059  -29.285  12.085  -48.170 0.1428571492
81433  -29.655  8.854  -47.742 0.2857142985
86002  -27.873  16.637  -48.641 0.1428571492
86001  -27.369  16.255  -48.549 0.2857142985
86592  -27.055  17.006  -48.164 0.1428571492
85998  -26.833  16.820  -47.776 0.1428571492
79982  -29.525  7.299  -47.203 0.2857142985
85323  -26.543  14.077  -47.555 0.1428571492
85995  -28.983  16.370  -45.557 0.1428571492
85993  -26.491  15.241  -46.976 0.1428571492
111306  -28.971  6.818  -46.767 0.1428571492
77588  -33.275  3.933  -45.835 0.1428571492
75135  -32.649  0.917  -45.055 0.1428571492
74374  -28.422  -0.497  -46.596 0.1428571492
75157  -28.358  0.729  -46.590 0.1428571492
76751  -33.110  3.134  -45.122 0.1428571492
75940  -28.929  1.349  -46.813 0.1428571492
77605  -29.104  2.763  -46.546 0.1428571492
119944  -29.216  3.478  -46.544 0.1428571492
78446  -29.499  4.299  -46.742 0.1428571492
124716  -30.250  7.385  -48.867 0.1428571492
80690  -29.396  8.420  -47.435 0.2857142985
82108  -30.082  9.855  -48.310 0.1428571492
82765  -30.249  10.685  -48.590 0.1428571492
83399  -30.366  11.522  -48.986 0.2857142985
83394  -29.672  11.312  -48.227 0.1428571492
84646  -26.944  13.786  -48.137 0.2857142985
86579  -26.909  17.075  -47.424 0.1428571492
86593  -27.676  17.394  -48.380 0.1428571492
127795  -27.922  16.837  -46.009 0.1428571492
86580  -27.609  17.166  -46.653 0.1428571492
76750  -32.747  2.542  -46.113 0.1428571492
125500  -28.484  15.712  -48.791 0.2857142985
86589  -27.470  17.417  -47.618 0.1428571492
87631  -29.954  19.033  -48.218 0.1428571492
82777  -31.425  11.060  -50.548 0.2857142985
123975  -28.581  -1.139  -47.315 0.1428571492
75167  -29.217  0.445  -49.058 0.1428571492
125313  -32.624  0.193  -44.598 0.1428571492
83407  -31.000  11.617  -50.012 0.2857142985
80717  -30.517  7.866  -49.929 0.1428571492
78447  -29.871  4.536  -47.753 0.1428571492
76767  -28.533  2.124  -46.475 0.1428571492
78448  -29.976  5.446  -47.737 0.1428571492
75158  -28.829  0.542  -47.640 0.1428571492
132063  -29.961  9.247  -48.137 0.2857142985
84655  -29.919  13.765  -49.158 0.2857142985
85326  -28.620  14.872  -48.632 0.2857142985
118799  -28.840  16.837  -45.917 0.1428571492
85325  -26.857  14.815  -48.206 0.2857142985
88130  -29.689  19.717  -48.680 0.1428571492
82096  -29.491  9.450  -47.721 0.1428571492
68215  -19.368  -8.984  -46.965 0.1428571492
68217  -21.314  -8.259  -46.179 0.1428571492
68967  -19.399  -7.561  -47.561 0.1428571492
69671  -19.690  -6.879  -47.747 0.1428571492
115503  -20.028  -6.121  -47.813 0.1428571492
68956  -21.298  -7.459  -46.326 0.1428571492
69673  -20.812  -6.042  -47.500 0.1428571492
69659  -21.049  -6.794  -46.943 0.1428571492
68957  -22.207  -7.934  -45.794 0.1428571492
70388  -21.314  -5.235  -47.510 0.1428571492
69661  -22.359  -6.332  -45.885 0.1428571492
122439  -24.034  -7.478  -45.516 0.1428571492
70377  -22.579  -5.577  -46.093 0.1428571492
69662  -23.293  -6.407  -45.532 0.1428571492
70387  -20.411  -5.275  -47.752 0.1428571492
70389  -22.161  -5.053  -47.018 0.1428571492
70378  -23.539  -5.508  -45.684 0.1428571492
71163  -23.808  -4.688  -45.876 0.1428571492
121644  -25.080  -3.986  -45.555 0.1428571492
71977  -26.162  -4.094  -45.541 0.1428571492
68219  -23.480  -8.282  -45.738 0.1428571492
68231  -19.080  -8.271  -47.380 0.1428571492
68968  -20.013  -7.443  -47.593 0.1428571492
71978  -27.154  -4.097  -45.992 0.1428571492
118709  -25.175  -6.456  -46.095 0.1428571492
68216  -20.556  -8.369  -46.606 0.1428571492
128901  -20.218  -9.069  -46.508 0.1428571492
68958  -22.869  -7.233  -45.583 0.1428571492
118781  -24.551  -5.578  -45.600 0.1428571492
68232  -19.869  -8.192  -47.224 0.1428571492
68233  -20.593  -7.612  -47.010 0.1428571492
118563  -19.190  -6.190  -47.703 0.1428571492
69672  -20.367  -6.842  -47.585 0.1428571492
70376  -21.672  -5.944  -46.689 0.1428571492
69660  -21.784  -6.876  -46.050 0.1428571492
71174  -20.854  -4.483  -47.812 0.1428571492
65996  -32.515  -11.925  -45.271 0.1428571492
66704  -34.937  -10.267  -38.440 0.1428571492
66713  -32.142  -10.141  -38.727 0.1428571492
66806  -25.304  -11.030  -49.286 0.5714285970
67472  -29.529  -10.194  -44.086 0.2857142985
67520  -25.655  -10.333  -49.263 0.7142857313
68139  -33.818  -8.011  -38.686 0.1428571492
69687  -32.465  -6.932  -48.481 0.7142857313
69689  -27.369  -6.944  -49.468 0.5714285970
70399  -26.579  -5.900  -48.687 0.5714285970
71965  -28.253  -2.778  -46.860 0.4285714328
71999  -28.828  -3.519  -49.808 0.8571428657
72771  -27.358  -2.519  -45.648 0.1428571492
72794  -33.105  -2.464  -48.287 0.8571428657
73593  -28.457  -1.845  -49.407 0.5714285970
73595  -33.076  -1.690  -48.819 0.8571428657
73613  -31.203  -1.034  -50.265 0.8571428657
75143  -27.917  0.135  -46.198 0.1428571492
75939  -27.883  1.450  -46.381 0.1428571492
76795  -30.872  2.477  -51.481 0.5714285970
88665  -27.982  21.416  -51.281 0.1428571492
89163  -27.118  22.810  -51.576 0.1428571492
89167  -26.618  23.475  -52.041 0.1428571492
89168  -27.239  23.080  -52.476 0.2857142985
89685  -29.293  24.046  -49.479 0.1428571492
90211  -29.254  24.877  -50.802 0.1428571492
90213  -28.128  24.790  -51.693 0.1428571492
116403  -32.270  0.215  -50.915 1.0000000000
117715  -32.235  -12.014  -45.580 0.1428571492
122590  -32.322  0.903  -51.098 0.8571428657
122794  -28.379  -3.199  -48.538 0.7142857313
124022  -30.162  -6.881  -49.481 0.7142857313
124081  -30.017  -12.169  -44.167 0.1428571492
128934  -26.918  -8.637  -49.279 0.5714285970
129484  -31.003  7.544  -52.096 0.4285714328
129884  -26.180  -11.077  -49.201 0.5714285970
131833  -29.375  18.814  -50.338 0.4285714328
132832  -29.544  -8.431  -49.221 0.7142857313
133228  -29.362  0.750  -49.844 0.1428571492
134103  -31.839  19.982  -52.688 0.2857142985
134654  -31.304  -4.624  -49.199 0.8571428657
134861  -22.836  -14.667  -44.198 0.2857142985
