#!ascii label  , from subject sub-v2s8x29207_ses-1 vox2ras=TkReg
1658
34780  15.230  -35.476  36.003 0.0000000000
66443  43.156  -2.000  15.162 0.0000000000
50687  30.880  -19.468  27.584 0.0000000000
117982  40.048  -20.765  33.361 0.0000000000
124346  24.553  -25.526  26.847 0.0000000000
123400  23.790  -32.778  36.985 0.0000000000
142499  50.801  8.772  9.810 0.0000000000
119565  52.050  3.797  18.020 0.0000000000
57684  40.739  -11.178  23.300 0.0000000000
79494  54.455  11.557  3.762 0.0000000000
45633  29.137  -23.427  31.677 0.0000000000
35846  20.414  -35.497  35.151 0.0000000000
73924  51.723  5.850  12.833 0.0000000000
72130  46.383  3.922  12.882 0.0000000000
63504  45.809  -5.708  19.073 0.0000000000
66370  49.213  -2.840  20.580 0.0000000000
61636  41.732  -7.983  18.242 0.0000000000
140978  37.334  -18.693  26.022 0.0000000000
47602  35.837  -21.620  30.782 0.0000000000
42835  26.641  -25.804  30.984 0.0000000000
40669  25.687  -28.476  38.894 0.0000000000
40735  23.769  -29.233  31.580 0.0000000000
38756  20.192  -32.535  31.270 0.0000000000
46650  28.069  -22.785  26.166 0.0000000000
119980  56.100  11.171  9.060 0.0000000000
76581  56.707  9.618  14.508 0.0000000000
69329  47.222  0.687  16.874 0.0000000000
62498  40.588  -6.962  25.941 0.0000000000
51695  42.232  -16.821  28.054 0.0000000000
75754  52.784  8.171  4.659 0.0000000000
76690  58.193  9.322  4.012 0.0000000000
131430  60.701  11.281  0.354 0.0000000000
128828  28.311  -24.791  31.366 0.0000000000
134419  17.439  -35.780  35.810 0.0000000000
33789  20.457  -35.910  37.940 0.0000000000
32779  18.268  -37.078  38.563 0.0000000000
73044  46.194  5.010  10.852 0.0000000000
61589  46.636  -7.861  22.511 0.0000000000
62555  48.582  -6.598  22.538 0.0000000000
30922  10.354  -38.474  38.508 0.0000000000
62608  40.870  -6.902  16.048 0.0000000000
49661  31.338  -19.470  26.484 0.0000000000
48641  33.763  -20.118  26.571 0.0000000000
48606  32.196  -20.288  29.348 0.0000000000
42871  25.440  -26.104  29.190 0.0000000000
41749  24.892  -27.795  31.947 0.0000000000
41793  23.709  -27.830  29.088 0.0000000000
44716  26.310  -24.411  26.734 0.0000000000
45649  27.288  -24.414  29.516 0.0000000000
37769  25.841  -31.340  36.886 0.0000000000
77647  52.212  10.323  10.073 0.0000000000
77627  55.766  10.320  12.236 0.0000000000
75693  53.481  8.363  11.191 0.0000000000
72974  51.759  4.356  15.385 0.0000000000
73891  53.875  5.857  15.967 0.0000000000
138352  42.205  -0.294  12.598 0.0000000000
69374  44.144  0.809  13.877 0.0000000000
68441  44.623  -0.648  15.596 0.0000000000
59582  38.788  -9.597  20.940 0.0000000000
61609  39.111  -8.086  22.132 0.0000000000
59562  40.403  -9.188  24.151 0.0000000000
49619  38.345  -19.272  29.693 0.0000000000
51698  39.891  -18.014  27.093 0.0000000000
50661  40.972  -18.894  30.924 0.0000000000
75748  49.338  7.289  6.436 0.0000000000
135703  50.441  8.020  4.538 0.0000000000
76654  51.950  8.250  6.680 0.0000000000
76639  54.071  9.196  6.855 0.0000000000
80434  57.355  12.362  0.039 0.0000000000
78660  56.531  10.483  1.334 0.0000000000
77724  59.246  10.323  1.855 0.0000000000
77717  55.761  9.528  2.599 0.0000000000
47605  29.935  -21.397  30.310 0.0000000000
48582  31.752  -20.366  31.600 0.0000000000
46593  30.805  -22.427  33.349 0.0000000000
35844  22.943  -33.748  36.939 0.0000000000
35823  24.132  -33.377  40.236 0.0000000000
34761  22.219  -34.474  38.181 0.0000000000
126294  48.307  6.645  8.392 0.0000000000
74828  51.049  6.938  10.601 0.0000000000
73948  48.159  5.898  11.053 0.0000000000
73016  48.353  4.764  13.041 0.0000000000
72097  49.186  3.734  14.579 0.0000000000
65408  43.967  -3.759  16.903 0.0000000000
66390  46.474  -2.707  18.272 0.0000000000
64376  47.696  -4.760  20.055 0.0000000000
55782  39.639  -13.354  22.073 0.0000000000
49569  42.044  -18.967  35.177 0.0000000000
32829  12.311  -35.681  36.397 0.0000000000
32783  15.341  -37.304  38.470 0.0000000000
31862  12.859  -37.860  39.237 0.0000000000
65450  41.304  -3.646  14.248 0.0000000000
63535  42.326  -5.250  16.428 0.0000000000
62581  44.045  -7.082  19.055 0.0000000000
121640  44.292  -8.533  22.081 0.0000000000
49672  34.661  -19.686  24.838 0.0000000000
48614  36.336  -20.239  28.647 0.0000000000
119348  37.702  -20.861  32.085 0.0000000000
124613  33.674  -21.303  33.391 0.0000000000
120084  36.375  -22.825  34.780 0.0000000000
43774  27.368  -26.205  33.304 0.0000000000
133991  27.743  -26.022  36.327 0.0000000000
41712  25.836  -26.802  34.712 0.0000000000
40710  24.922  -28.956  34.348 0.0000000000
38731  23.643  -31.039  34.138 0.0000000000
39766  22.021  -29.514  29.067 0.0000000000
38770  21.587  -30.970  31.391 0.0000000000
37789  21.800  -32.513  33.747 0.0000000000
37790  20.595  -33.721  32.878 0.0000000000
139367  17.227  -34.160  33.252 0.0000000000
35873  14.281  -33.708  34.487 0.0000000000
51711  28.916  -18.206  24.945 0.0000000000
49687  28.767  -19.510  24.782 0.0000000000
47643  29.134  -21.044  27.346 0.0000000000
46634  28.878  -22.758  29.233 0.0000000000
44674  27.528  -24.178  30.457 0.0000000000
76588  57.561  9.439  13.523 0.0000000000
125271  54.013  7.085  14.211 0.0000000000
71256  44.337  2.905  11.813 0.0000000000
71213  46.521  2.555  14.565 0.0000000000
71165  49.869  2.321  17.378 0.0000000000
138064  47.919  -1.017  18.711 0.0000000000
118286  50.308  0.436  19.107 0.0000000000
121296  40.024  -8.869  18.893 0.0000000000
135480  41.781  -7.488  22.649 0.0000000000
62514  43.801  -6.613  25.764 0.0000000000
53743  41.026  -15.947  23.817 0.0000000000
119284  42.185  -14.465  25.395 0.0000000000
121784  43.797  -17.424  31.797 0.0000000000
118154  44.084  -15.037  28.757 0.0000000000
119478  43.043  -11.977  26.096 0.0000000000
59542  44.524  -9.107  26.872 0.0000000000
60468  44.405  -7.569  29.248 0.0000000000
77709  53.850  9.584  3.763 0.0000000000
76676  55.670  8.437  4.470 0.0000000000
76636  57.068  9.080  7.559 0.0000000000
43781  29.410  -25.340  32.203 0.0000000000
34779  15.854  -35.562  36.022 0.0000000000
32811  17.886  -36.643  37.286 0.0000000000
33791  16.649  -36.655  37.181 0.0000000000
60550  46.910  -8.633  24.103 0.0000000000
61570  48.437  -7.506  23.912 0.0000000000
30929  8.180  -38.499  37.330 0.0000000000
49650  31.091  -19.510  27.390 0.0000000000
49649  31.658  -19.811  27.890 0.0000000000
49622  31.679  -19.783  29.169 0.0000000000
43823  24.917  -25.561  27.682 0.0000000000
125595  24.691  -26.659  29.119 0.0000000000
42885  23.795  -26.775  27.809 0.0000000000
45682  26.171  -24.117  25.382 0.0000000000
43835  25.011  -25.032  26.334 0.0000000000
126816  25.578  -25.135  27.830 0.0000000000
37770  24.924  -31.815  36.300 0.0000000000
36809  25.734  -32.411  38.886 0.0000000000
76612  50.776  9.597  10.109 0.0000000000
76603  53.338  9.259  10.608 0.0000000000
75709  50.883  9.471  10.446 0.0000000000
72965  52.150  4.075  16.344 0.0000000000
72964  53.119  4.495  17.055 0.0000000000
67456  42.424  -1.354  13.901 0.0000000000
68449  43.513  -0.765  14.532 0.0000000000
67444  44.116  -1.380  15.610 0.0000000000
57696  39.536  -11.173  21.886 0.0000000000
58621  39.768  -10.592  22.283 0.0000000000
59570  39.493  -9.210  23.357 0.0000000000
58613  40.555  -10.150  23.665 0.0000000000
117997  39.545  -19.763  32.064 0.0000000000
49606  39.975  -18.975  30.812 0.0000000000
117990  40.531  -19.737  32.284 0.0000000000
75724  49.768  7.394  8.127 0.0000000000
75737  50.061  7.573  7.035 0.0000000000
75722  51.229  8.250  8.736 0.0000000000
76640  52.506  9.143  8.079 0.0000000000
80431  55.625  12.109  1.803 0.0000000000
79498  55.094  11.383  2.395 0.0000000000
143313  56.227  9.714  1.956 0.0000000000
78654  54.919  10.604  2.792 0.0000000000
46625  29.595  -22.468  30.585 0.0000000000
47593  30.754  -20.979  31.617 0.0000000000
46604  29.884  -22.850  32.142 0.0000000000
34789  22.047  -34.350  35.853 0.0000000000
35840  22.731  -33.986  37.195 0.0000000000
33811  21.884  -35.244  36.964 0.0000000000
123719  20.399  -36.438  39.667 0.0000000000
32777  21.142  -35.909  39.395 0.0000000000
74856  47.580  6.347  8.793 0.0000000000
130610  48.849  6.501  10.214 0.0000000000
73958  47.374  6.071  9.776 0.0000000000
73032  45.727  4.558  11.376 0.0000000000
73030  46.945  4.931  12.000 0.0000000000
73018  46.944  4.456  12.686 0.0000000000
72990  48.652  4.107  13.986 0.0000000000
72118  47.246  3.832  13.755 0.0000000000
64407  44.830  -5.099  18.004 0.0000000000
64405  46.067  -4.135  18.452 0.0000000000
63502  47.148  -5.429  19.835 0.0000000000
74874  47.263  6.576  7.113 0.0000000000
32815  12.912  -36.816  37.581 0.0000000000
31878  11.834  -37.079  37.593 0.0000000000
64462  40.833  -4.360  14.224 0.0000000000
64450  41.789  -4.481  15.361 0.0000000000
63549  41.355  -5.176  15.323 0.0000000000
61655  41.210  -7.285  16.757 0.0000000000
62596  41.895  -6.782  17.061 0.0000000000
61634  43.269  -7.361  18.859 0.0000000000
61617  44.690  -7.845  20.555 0.0000000000
60588  43.436  -8.520  20.565 0.0000000000
121167  33.848  -19.815  24.728 0.0000000000
48616  34.211  -20.950  28.677 0.0000000000
48626  35.106  -20.330  27.584 0.0000000000
48603  36.109  -20.745  29.393 0.0000000000
48588  37.043  -20.544  30.644 0.0000000000
119762  36.647  -21.134  31.158 0.0000000000
48558  32.488  -20.654  34.081 0.0000000000
48571  32.720  -20.817  32.750 0.0000000000
48549  32.972  -20.862  34.743 0.0000000000
128123  35.156  -22.232  37.414 0.0000000000
117992  37.733  -22.337  35.723 0.0000000000
125191  26.812  -25.717  31.533 0.0000000000
43764  26.806  -26.312  34.467 0.0000000000
42810  26.251  -26.515  32.961 0.0000000000
40734  24.284  -28.543  31.517 0.0000000000
125080  24.879  -28.573  33.357 0.0000000000
39723  24.243  -29.209  32.792 0.0000000000
39706  24.733  -29.989  34.524 0.0000000000
39715  23.857  -29.959  33.090 0.0000000000
40793  21.918  -28.296  27.532 0.0000000000
38783  19.807  -32.090  30.085 0.0000000000
38771  21.062  -31.141  30.795 0.0000000000
38755  20.819  -31.961  31.812 0.0000000000
38743  21.735  -31.638  32.769 0.0000000000
140891  21.175  -32.402  32.783 0.0000000000
36845  21.203  -33.376  33.562 0.0000000000
37803  20.291  -33.186  32.035 0.0000000000
36850  15.790  -34.072  33.975 0.0000000000
50735  29.351  -18.047  24.965 0.0000000000
51727  28.301  -17.026  25.265 0.0000000000
46657  27.634  -22.703  24.855 0.0000000000
47664  28.860  -21.351  25.288 0.0000000000
48652  29.228  -20.622  25.752 0.0000000000
47653  28.856  -21.614  26.604 0.0000000000
47632  28.978  -21.586  28.023 0.0000000000
46640  28.239  -23.060  27.837 0.0000000000
43794  27.169  -25.078  29.825 0.0000000000
45642  27.529  -24.074  30.053 0.0000000000
43789  27.227  -25.388  30.744 0.0000000000
43788  27.452  -25.272  30.867 0.0000000000
42749  26.108  -26.533  38.857 0.0000000000
30906  15.932  -38.200  40.719 0.0000000000
31845  17.713  -38.034  41.373 0.0000000000
118353  58.029  11.331  10.512 0.0000000000
76589  56.265  10.018  13.476 0.0000000000
77616  57.171  10.680  13.481 0.0000000000
76580  57.266  9.467  14.655 0.0000000000
76572  57.593  8.331  15.119 0.0000000000
74810  51.582  6.355  11.876 0.0000000000
73923  52.416  6.531  12.421 0.0000000000
144033  52.549  6.251  13.210 0.0000000000
74785  55.520  6.964  16.216 0.0000000000
70260  45.801  1.165  15.260 0.0000000000
70293  45.094  1.970  13.954 0.0000000000
70259  46.519  1.445  15.569 0.0000000000
71192  47.628  2.385  15.454 0.0000000000
70237  48.354  1.656  16.805 0.0000000000
66381  47.971  -2.611  19.457 0.0000000000
67414  46.952  -2.023  18.385 0.0000000000
67404  48.534  -1.989  19.575 0.0000000000
60601  38.808  -8.912  19.360 0.0000000000
61578  39.529  -7.035  24.247 0.0000000000
61608  39.808  -7.738  22.078 0.0000000000
62545  40.959  -6.695  24.213 0.0000000000
61560  42.840  -6.821  24.226 0.0000000000
138622  42.369  -6.534  25.150 0.0000000000
50731  37.333  -18.339  24.593 0.0000000000
51725  37.990  -17.842  24.904 0.0000000000
51707  41.147  -16.929  26.880 0.0000000000
51722  40.165  -17.130  25.756 0.0000000000
52711  41.752  -16.337  25.438 0.0000000000
140160  41.558  -15.639  24.317 0.0000000000
118170  42.981  -16.008  26.046 0.0000000000
50651  43.193  -18.046  33.182 0.0000000000
135900  44.961  -14.120  29.767 0.0000000000
135943  43.748  -13.361  27.561 0.0000000000
136262  44.897  -12.751  28.239 0.0000000000
58583  44.629  -10.220  25.986 0.0000000000
57648  45.420  -11.196  28.135 0.0000000000
75766  51.596  7.962  4.602 0.0000000000
143302  53.331  8.817  3.997 0.0000000000
128894  53.946  8.944  3.836 0.0000000000
120570  54.127  8.359  5.219 0.0000000000
78621  55.017  10.234  8.406 0.0000000000
76637  56.057  8.888  7.340 0.0000000000
77674  56.947  9.661  8.581 0.0000000000
77660  58.464  10.739  8.357 0.0000000000
79522  58.482  11.279  -0.331 0.0000000000
77705  58.156  9.407  3.194 0.0000000000
77693  60.628  11.148  4.191 0.0000000000
77689  59.863  10.479  5.382 0.0000000000
45628  28.761  -23.844  31.752 0.0000000000
45622  29.810  -23.627  32.844 0.0000000000
44657  29.856  -24.151  33.036 0.0000000000
123257  18.440  -35.860  35.737 0.0000000000
33812  21.132  -35.851  36.622 0.0000000000
33800  19.116  -36.239  36.703 0.0000000000
32778  19.336  -36.520  38.617 0.0000000000
32766  20.088  -36.658  40.482 0.0000000000
73046  44.695  4.316  10.202 0.0000000000
73033  44.929  4.288  11.126 0.0000000000
61615  46.412  -7.211  21.012 0.0000000000
62571  47.866  -6.354  20.855 0.0000000000
62556  47.821  -6.966  22.261 0.0000000000
61569  49.196  -7.000  24.237 0.0000000000
31880  10.043  -37.299  37.076 0.0000000000
140718  9.681  -37.833  37.368 0.0000000000
30918  9.798  -39.184  39.160 0.0000000000
62634  40.091  -5.976  14.642 0.0000000000
61646  40.787  -7.927  17.229 0.0000000000
49673  33.229  -19.862  25.047 0.0000000000
48642  32.850  -19.982  26.913 0.0000000000
48617  33.402  -20.712  28.283 0.0000000000
48591  33.838  -21.746  30.284 0.0000000000
121027  26.752  -25.625  30.210 0.0000000000
125373  25.822  -26.408  31.236 0.0000000000
41777  25.219  -26.926  30.797 0.0000000000
41778  24.592  -27.502  30.293 0.0000000000
40743  23.639  -28.592  30.219 0.0000000000
37818  18.468  -32.910  31.085 0.0000000000
38775  16.935  -32.022  30.693 0.0000000000
45681  26.782  -23.426  24.788 0.0000000000
129797  27.450  -23.447  26.571 0.0000000000
45664  27.525  -23.555  27.457 0.0000000000
44706  26.157  -24.666  27.562 0.0000000000
44682  26.400  -25.117  28.846 0.0000000000
39690  25.640  -29.621  37.084 0.0000000000
128424  54.298  10.400  9.656 0.0000000000
78593  55.576  10.975  10.172 0.0000000000
77635  54.229  10.072  10.819 0.0000000000
76596  54.831  9.904  11.622 0.0000000000
76590  55.502  8.946  13.484 0.0000000000
73903  52.018  5.167  14.165 0.0000000000
73902  52.646  5.561  14.484 0.0000000000
73892  53.003  5.346  15.388 0.0000000000
73882  54.721  5.778  17.193 0.0000000000
70307  43.149  1.092  12.196 0.0000000000
69375  43.558  0.420  13.499 0.0000000000
69364  44.459  0.462  14.559 0.0000000000
69331  45.775  0.114  16.134 0.0000000000
66369  49.838  -2.211  20.905 0.0000000000
59594  37.741  -8.931  20.136 0.0000000000
60592  38.937  -8.958  20.676 0.0000000000
126356  38.840  -8.568  22.050 0.0000000000
59571  39.004  -8.133  23.412 0.0000000000
60542  40.159  -7.972  25.484 0.0000000000
50685  37.828  -18.849  27.721 0.0000000000
50709  38.974  -18.202  26.833 0.0000000000
50683  39.168  -18.473  28.357 0.0000000000
50682  40.487  -18.111  28.860 0.0000000000
51671  42.073  -17.727  29.433 0.0000000000
75759  48.464  7.343  5.145 0.0000000000
76682  48.669  8.314  4.570 0.0000000000
75758  49.403  7.363  5.350 0.0000000000
142850  51.038  7.571  5.342 0.0000000000
75745  52.248  7.930  5.697 0.0000000000
76652  53.679  8.563  6.152 0.0000000000
120640  53.176  9.153  7.123 0.0000000000
136768  53.272  9.585  8.238 0.0000000000
80430  56.214  12.730  1.336 0.0000000000
79509  56.901  11.404  0.583 0.0000000000
78671  58.217  10.596  0.233 0.0000000000
77739  60.025  10.901  1.063 0.0000000000
77725  57.830  9.641  1.593 0.0000000000
127153  57.214  9.286  2.167 0.0000000000
76699  57.116  8.933  3.027 0.0000000000
49625  30.537  -19.399  28.920 0.0000000000
126121  31.285  -19.568  29.891 0.0000000000
48594  30.844  -19.949  30.570 0.0000000000
138658  31.581  -20.747  32.745 0.0000000000
46581  31.703  -21.757  34.726 0.0000000000
36835  23.011  -33.426  36.040 0.0000000000
36810  24.178  -32.610  38.822 0.0000000000
35838  23.079  -33.329  37.867 0.0000000000
142543  22.912  -33.802  38.896 0.0000000000
33787  21.692  -35.056  38.424 0.0000000000
34752  22.078  -34.914  39.158 0.0000000000
75712  50.037  7.182  9.132 0.0000000000
75703  51.224  7.585  10.268 0.0000000000
137485  49.364  6.735  9.666 0.0000000000
74821  49.725  6.369  11.110 0.0000000000
73937  50.142  5.983  11.753 0.0000000000
73949  47.513  5.739  10.743 0.0000000000
73927  48.634  5.314  12.253 0.0000000000
73913  50.053  5.217  12.814 0.0000000000
72988  50.529  4.427  14.165 0.0000000000
72096  50.070  3.909  14.743 0.0000000000
72067  50.799  3.401  16.480 0.0000000000
65418  43.504  -3.105  16.271 0.0000000000
66418  44.685  -2.118  16.661 0.0000000000
65406  45.143  -3.617  17.668 0.0000000000
65374  47.070  -3.922  19.144 0.0000000000
65356  48.710  -3.468  20.383 0.0000000000
63491  48.585  -5.806  20.921 0.0000000000
64367  49.161  -5.083  21.081 0.0000000000
64365  49.901  -4.051  21.862 0.0000000000
126963  40.442  -13.091  22.656 0.0000000000
120032  41.357  -19.424  34.820 0.0000000000
75761  46.813  7.706  5.186 0.0000000000
74886  47.956  6.919  6.537 0.0000000000
74872  48.898  7.004  7.848 0.0000000000
81377  55.354  13.570  4.254 0.0000000000
80417  54.429  12.495  4.555 0.0000000000
33818  13.906  -35.576  36.312 0.0000000000
32812  15.452  -36.661  37.436 0.0000000000
32814  13.954  -36.631  37.485 0.0000000000
31860  14.709  -37.512  39.007 0.0000000000
30908  14.419  -38.258  40.402 0.0000000000
31863  11.943  -38.070  39.013 0.0000000000
66457  41.706  -1.976  13.681 0.0000000000
66470  40.825  -2.263  13.059 0.0000000000
65449  41.917  -2.792  14.430 0.0000000000
65419  42.802  -3.516  15.860 0.0000000000
64422  43.679  -4.676  17.150 0.0000000000
63513  44.678  -5.813  18.223 0.0000000000
62606  41.934  -5.976  16.492 0.0000000000
62594  43.359  -6.430  17.850 0.0000000000
62580  44.783  -6.767  19.282 0.0000000000
61616  45.535  -7.512  20.812 0.0000000000
61590  45.880  -8.115  22.302 0.0000000000
60565  45.290  -8.657  23.397 0.0000000000
49670  36.263  -19.181  25.239 0.0000000000
48640  34.460  -20.060  26.376 0.0000000000
137280  35.814  -19.754  26.689 0.0000000000
49646  37.054  -19.153  27.357 0.0000000000
128394  37.648  -19.613  29.308 0.0000000000
49609  37.781  -19.931  30.940 0.0000000000
120239  39.430  -21.327  33.153 0.0000000000
49599  31.842  -20.260  30.735 0.0000000000
48580  33.016  -20.934  31.827 0.0000000000
127973  34.289  -21.770  32.466 0.0000000000
143723  33.562  -21.464  35.459 0.0000000000
46591  34.914  -22.259  33.913 0.0000000000
47582  35.425  -22.187  32.221 0.0000000000
119735  37.097  -23.078  33.062 0.0000000000
136585  38.544  -22.357  33.952 0.0000000000
135869  39.624  -21.113  35.294 0.0000000000
42808  28.025  -25.972  33.482 0.0000000000
43763  27.360  -26.112  34.722 0.0000000000
43755  26.145  -25.727  36.167 0.0000000000
128463  25.387  -26.807  36.805 0.0000000000
41732  25.753  -27.210  33.540 0.0000000000
141222  25.356  -27.899  34.303 0.0000000000
129755  25.158  -27.949  36.609 0.0000000000
39698  25.277  -29.871  35.997 0.0000000000
38723  24.824  -30.659  35.172 0.0000000000
37786  23.965  -31.531  34.665 0.0000000000
41806  23.341  -27.621  28.324 0.0000000000
40744  22.685  -29.005  29.287 0.0000000000
143433  23.144  -29.473  30.691 0.0000000000
39748  20.916  -30.762  29.460 0.0000000000
39737  21.788  -30.521  30.574 0.0000000000
141285  23.025  -30.323  31.840 0.0000000000
38742  22.565  -31.136  33.078 0.0000000000
38732  22.789  -31.427  33.831 0.0000000000
37778  22.719  -32.795  35.033 0.0000000000
126403  22.497  -33.417  35.366 0.0000000000
36837  21.397  -33.785  34.429 0.0000000000
122043  20.845  -34.589  34.323 0.0000000000
37792  18.514  -33.802  32.065 0.0000000000
36848  18.432  -34.346  32.990 0.0000000000
35858  19.069  -35.370  34.508 0.0000000000
35870  16.895  -34.940  34.729 0.0000000000
35850  16.180  -35.224  35.368 0.0000000000
35861  14.634  -34.404  34.999 0.0000000000
127898  13.207  -33.933  34.992 0.0000000000
144575  12.475  -34.633  35.551 0.0000000000
129292  30.145  -18.670  24.520 0.0000000000
50723  30.210  -19.449  25.563 0.0000000000
50700  30.496  -19.739  26.679 0.0000000000
128249  28.999  -18.709  25.229 0.0000000000
49662  29.573  -19.987  26.151 0.0000000000
49652  30.155  -19.527  27.401 0.0000000000
125133  29.593  -20.586  28.919 0.0000000000
46633  29.466  -22.117  29.717 0.0000000000
46626  28.905  -23.034  30.159 0.0000000000
45648  27.549  -23.928  29.520 0.0000000000
126373  27.616  -23.905  30.358 0.0000000000
45634  28.174  -23.801  31.192 0.0000000000
44664  28.068  -24.170  31.188 0.0000000000
43782  27.787  -25.311  31.208 0.0000000000
32781  16.471  -37.266  38.253 0.0000000000
31848  19.150  -37.206  40.869 0.0000000000
120178  57.738  11.282  12.161 0.0000000000
75695  51.854  7.693  10.658 0.0000000000
75685  53.693  7.572  12.556 0.0000000000
74802  54.528  7.849  13.552 0.0000000000
74795  53.809  6.586  14.746 0.0000000000
74794  54.630  7.116  15.196 0.0000000000
121970  56.425  8.263  15.433 0.0000000000
72148  44.119  3.159  11.141 0.0000000000
72132  44.996  3.294  12.171 0.0000000000
70305  44.241  1.865  12.858 0.0000000000
71232  45.534  2.624  13.559 0.0000000000
72120  45.981  3.258  13.170 0.0000000000
71211  48.010  2.992  14.974 0.0000000000
71190  49.157  2.916  15.919 0.0000000000
71176  50.333  2.864  16.947 0.0000000000
67435  45.301  -1.394  16.789 0.0000000000
68406  46.381  -0.708  17.275 0.0000000000
69318  47.617  0.229  17.596 0.0000000000
67403  49.163  -1.389  19.706 0.0000000000
68387  48.995  0.047  18.725 0.0000000000
69306  48.867  0.665  18.172 0.0000000000
70214  49.975  1.382  18.334 0.0000000000
71155  50.900  2.388  18.374 0.0000000000
60640  39.131  -8.361  16.809 0.0000000000
121515  41.043  -8.601  18.522 0.0000000000
123291  39.563  -8.926  20.040 0.0000000000
60600  40.812  -8.852  19.457 0.0000000000
60599  42.112  -8.495  19.909 0.0000000000
61605  43.431  -8.579  21.817 0.0000000000
61573  44.501  -7.938  23.644 0.0000000000
61544  45.623  -7.609  25.250 0.0000000000
51723  39.379  -17.356  25.475 0.0000000000
54770  40.736  -14.665  23.056 0.0000000000
54769  41.189  -14.285  23.657 0.0000000000
56758  41.358  -12.836  23.915 0.0000000000
49586  41.793  -19.200  33.347 0.0000000000
131587  42.570  -18.491  31.768 0.0000000000
51670  42.750  -17.374  29.751 0.0000000000
119409  44.119  -16.257  30.445 0.0000000000
145219  43.232  -16.065  28.187 0.0000000000
120168  42.983  -14.372  26.886 0.0000000000
119355  42.532  -12.657  25.715 0.0000000000
57673  41.868  -11.607  24.518 0.0000000000
58594  43.070  -10.367  24.804 0.0000000000
59552  43.087  -9.241  25.071 0.0000000000
60529  42.447  -8.172  27.308 0.0000000000
58534  46.278  -10.564  29.513 0.0000000000
60505  45.186  -8.760  28.324 0.0000000000
61508  42.396  -7.282  27.582 0.0000000000
62483  43.481  -6.707  27.888 0.0000000000
80418  53.668  11.946  5.003 0.0000000000
79495  54.089  11.019  4.082 0.0000000000
77708  54.580  9.431  3.471 0.0000000000
76693  55.481  8.734  3.746 0.0000000000
76675  56.734  8.360  4.748 0.0000000000
76651  54.789  8.558  6.024 0.0000000000
76664  56.724  8.338  5.895 0.0000000000
76662  58.465  9.618  5.912 0.0000000000
77684  59.484  10.277  6.428 0.0000000000
43773  28.262  -25.757  32.135 0.0000000000
123110  28.769  -25.368  32.004 0.0000000000
33815  16.151  -35.988  36.425 0.0000000000
33816  15.534  -35.913  36.458 0.0000000000
60538  47.103  -8.491  24.878 0.0000000000
61556  47.892  -8.158  24.740 0.0000000000
50686  31.025  -19.475  27.692 0.0000000000
49636  31.292  -19.594  28.285 0.0000000000
50676  31.097  -19.454  28.183 0.0000000000
42884  24.137  -26.087  27.388 0.0000000000
42872  24.647  -26.230  28.343 0.0000000000
36827  24.472  -32.413  36.776 0.0000000000
36826  25.281  -32.123  37.249 0.0000000000
122698  25.075  -32.466  38.228 0.0000000000
75710  50.666  9.173  10.521 0.0000000000
134695  51.656  3.624  16.858 0.0000000000
72066  52.393  3.985  17.249 0.0000000000
72058  53.040  4.295  18.099 0.0000000000
67455  42.933  -1.542  14.569 0.0000000000
67445  43.540  -1.437  15.112 0.0000000000
57695  40.230  -11.304  22.509 0.0000000000
58620  40.060  -10.372  22.911 0.0000000000
119702  39.439  -20.558  32.575 0.0000000000
120172  40.143  -20.218  32.750 0.0000000000
75723  50.669  7.750  8.852 0.0000000000
130364  50.525  7.799  7.963 0.0000000000
80427  54.790  11.966  3.143 0.0000000000
79499  54.638  11.165  3.199 0.0000000000
46614  29.718  -22.689  31.410 0.0000000000
34790  21.368  -34.804  35.399 0.0000000000
34774  22.320  -34.485  36.822 0.0000000000
34775  21.777  -35.138  36.207 0.0000000000
73968  46.886  6.068  8.980 0.0000000000
73019  46.185  4.372  12.148 0.0000000000
73008  47.594  4.397  13.272 0.0000000000
73009  46.943  4.062  13.228 0.0000000000
63512  45.332  -5.415  18.433 0.0000000000
64391  45.946  -4.916  18.701 0.0000000000
62578  46.438  -6.085  19.739 0.0000000000
130500  11.335  -36.100  36.579 0.0000000000
129482  40.106  -3.928  13.390 0.0000000000
64475  40.289  -4.470  13.734 0.0000000000
63560  40.988  -4.859  14.797 0.0000000000
63561  40.396  -5.133  14.279 0.0000000000
61645  41.543  -7.634  17.474 0.0000000000
61644  42.249  -7.286  17.805 0.0000000000
61635  42.469  -7.659  18.617 0.0000000000
61619  43.250  -8.061  20.035 0.0000000000
61625  42.726  -7.928  19.511 0.0000000000
122147  34.726  -21.652  29.805 0.0000000000
142607  35.086  -21.071  29.144 0.0000000000
48590  35.548  -21.354  29.959 0.0000000000
48589  36.331  -20.962  30.304 0.0000000000
47556  32.308  -21.152  35.132 0.0000000000
48557  32.843  -20.709  34.231 0.0000000000
47555  32.756  -21.099  35.222 0.0000000000
42823  26.622  -26.077  32.333 0.0000000000
42824  26.023  -26.332  32.022 0.0000000000
40726  24.075  -29.029  32.110 0.0000000000
39724  23.657  -29.736  32.163 0.0000000000
38773  19.521  -32.506  30.590 0.0000000000
38772  20.461  -31.916  30.912 0.0000000000
37816  20.723  -32.462  32.112 0.0000000000
37817  19.793  -32.890  31.322 0.0000000000
46656  28.047  -22.605  25.492 0.0000000000
47665  28.337  -22.050  24.988 0.0000000000
46655  28.605  -22.042  25.850 0.0000000000
46649  28.512  -22.301  26.569 0.0000000000
46644  28.692  -22.141  27.354 0.0000000000
46645  28.126  -22.891  26.963 0.0000000000
120864  27.234  -25.259  30.306 0.0000000000
41661  25.632  -27.390  39.011 0.0000000000
30900  16.506  -38.999  41.805 0.0000000000
30899  17.275  -38.611  42.046 0.0000000000
118357  57.280  10.647  9.886 0.0000000000
122627  57.027  10.737  10.268 0.0000000000
77604  57.096  10.304  14.101 0.0000000000
76573  57.019  8.978  15.197 0.0000000000
69350  46.168  0.763  15.858 0.0000000000
70239  46.896  1.053  16.193 0.0000000000
70258  47.261  1.727  15.853 0.0000000000
70238  47.615  1.355  16.513 0.0000000000
66371  48.608  -2.732  20.013 0.0000000000
60614  38.138  -8.904  18.795 0.0000000000
62518  39.777  -6.895  24.904 0.0000000000
61577  40.120  -6.831  23.567 0.0000000000
62534  40.694  -6.620  24.861 0.0000000000
129502  41.513  -6.551  24.914 0.0000000000
62515  41.689  -6.607  25.872 0.0000000000
50722  37.006  -18.778  25.211 0.0000000000
50721  37.701  -18.366  25.409 0.0000000000
51696  41.468  -17.207  27.721 0.0000000000
137121  42.093  -16.535  27.023 0.0000000000
121010  42.475  -16.283  26.044 0.0000000000
137351  42.826  -16.155  26.578 0.0000000000
118145  44.997  -14.615  30.709 0.0000000000
119227  44.957  -13.591  28.825 0.0000000000
119374  45.428  -12.773  29.052 0.0000000000
118165  44.917  -11.937  27.745 0.0000000000
136325  45.390  -12.035  28.524 0.0000000000
75765  52.200  8.060  4.578 0.0000000000
76679  51.949  8.543  4.297 0.0000000000
77695  52.459  9.107  4.045 0.0000000000
76678  52.757  8.646  4.208 0.0000000000
126493  53.511  8.475  4.396 0.0000000000
78611  55.498  10.755  8.835 0.0000000000
78610  55.917  10.415  8.459 0.0000000000
141087  56.701  10.532  9.052 0.0000000000
119563  57.539  10.447  8.841 0.0000000000
78684  59.292  11.013  -0.261 0.0000000000
142979  61.218  11.243  0.684 0.0000000000
121718  59.322  10.417  3.676 0.0000000000
77694  59.536  10.511  4.528 0.0000000000
44663  28.681  -24.250  31.677 0.0000000000
44658  29.246  -23.958  32.327 0.0000000000
33814  18.784  -36.111  36.239 0.0000000000
34769  17.743  -36.110  36.246 0.0000000000
137422  17.773  -36.968  37.775 0.0000000000
32795  18.573  -36.640  37.805 0.0000000000
32767  19.216  -36.936  39.597 0.0000000000
72159  44.321  3.736  10.715 0.0000000000
61602  46.453  -7.455  21.844 0.0000000000
141259  46.952  -7.110  21.506 0.0000000000
61601  47.098  -7.216  22.085 0.0000000000
31881  9.257  -37.517  36.839 0.0000000000
30924  8.699  -38.916  38.141 0.0000000000
30023  8.854  -39.506  39.047 0.0000000000
123367  31.638  -19.560  25.441 0.0000000000
49674  32.191  -19.636  26.232 0.0000000000
142833  31.747  -19.498  26.091 0.0000000000
49635  31.974  -20.002  28.563 0.0000000000
48629  32.526  -20.275  27.874 0.0000000000
48618  32.640  -20.557  28.650 0.0000000000
48605  33.124  -20.992  29.193 0.0000000000
122859  33.188  -21.375  29.977 0.0000000000
124450  25.992  -26.040  29.871 0.0000000000
42848  25.931  -26.209  30.552 0.0000000000
42861  25.102  -26.642  29.927 0.0000000000
41792  24.379  -27.320  29.472 0.0000000000
41779  24.023  -28.041  29.859 0.0000000000
40742  24.152  -28.252  30.642 0.0000000000
45673  26.143  -24.441  26.152 0.0000000000
144092  26.756  -23.756  25.494 0.0000000000
45672  26.688  -23.949  26.167 0.0000000000
45665  26.786  -24.019  27.099 0.0000000000
43813  25.624  -25.496  28.500 0.0000000000
44693  26.060  -24.999  28.258 0.0000000000
43803  26.431  -25.476  29.436 0.0000000000
38715  25.651  -30.519  36.620 0.0000000000
143847  26.470  -30.828  37.202 0.0000000000
77646  53.435  10.325  9.934 0.0000000000
77645  54.130  10.405  10.187 0.0000000000
76597  54.255  9.123  11.413 0.0000000000
124220  55.154  9.343  12.356 0.0000000000
140440  54.295  8.329  12.272 0.0000000000
125322  51.415  4.692  14.385 0.0000000000
72987  52.226  4.924  14.906 0.0000000000
72973  52.605  4.682  15.881 0.0000000000
72972  53.511  5.198  16.479 0.0000000000
69387  42.729  0.516  12.348 0.0000000000
69376  42.964  0.067  13.092 0.0000000000
68448  44.198  -0.286  14.864 0.0000000000
69352  44.832  0.120  15.218 0.0000000000
68440  45.218  -0.115  15.746 0.0000000000
59587  38.259  -9.350  20.400 0.0000000000
60582  38.837  -9.064  20.986 0.0000000000
59576  38.895  -8.682  22.651 0.0000000000
60566  39.418  -8.486  24.013 0.0000000000
60555  39.765  -8.289  24.718 0.0000000000
60554  40.832  -8.716  24.914 0.0000000000
49632  38.210  -19.126  29.030 0.0000000000
50684  38.409  -18.804  28.428 0.0000000000
50675  38.899  -18.775  29.239 0.0000000000
132855  40.439  -18.659  30.313 0.0000000000
50674  40.544  -18.377  29.613 0.0000000000
121230  41.126  -18.501  30.168 0.0000000000
50681  41.265  -18.021  29.185 0.0000000000
50673  41.678  -18.207  29.886 0.0000000000
75749  48.610  7.148  5.956 0.0000000000
75736  51.088  7.945  7.171 0.0000000000
75747  50.656  7.617  6.081 0.0000000000
75746  51.448  7.778  5.916 0.0000000000
76653  52.767  8.425  6.391 0.0000000000
125993  52.444  8.768  7.182 0.0000000000
76624  51.925  10.028  9.470 0.0000000000
77662  53.046  9.850  9.348 0.0000000000
77661  54.080  9.993  8.916 0.0000000000
79502  56.252  11.714  1.260 0.0000000000
137693  57.324  10.680  0.585 0.0000000000
78659  57.501  9.973  0.941 0.0000000000
77716  56.571  9.257  2.414 0.0000000000
77706  56.129  8.978  3.153 0.0000000000
48608  30.069  -19.956  29.369 0.0000000000
48607  30.780  -19.548  29.877 0.0000000000
48595  30.288  -20.307  30.126 0.0000000000
47584  30.927  -21.239  32.369 0.0000000000
47575  31.174  -21.445  33.097 0.0000000000
47574  31.897  -20.718  33.540 0.0000000000
46592  31.430  -21.601  33.896 0.0000000000
36829  23.190  -33.312  37.032 0.0000000000
34767  22.658  -34.030  37.848 0.0000000000
35832  22.868  -33.721  38.172 0.0000000000
34760  22.564  -34.246  38.800 0.0000000000
34759  23.010  -34.306  39.629 0.0000000000
33778  22.582  -34.954  39.710 0.0000000000
33799  20.073  -36.100  37.141 0.0000000000
134921  21.330  -35.639  37.575 0.0000000000
74855  49.135  6.858  8.758 0.0000000000
74831  48.178  6.203  10.388 0.0000000000
74830  48.855  6.264  10.951 0.0000000000
73938  49.247  5.837  11.633 0.0000000000
73951  45.932  5.231  10.051 0.0000000000
73950  46.726  5.522  10.367 0.0000000000
73017  47.683  4.909  12.505 0.0000000000
73940  47.765  5.398  11.614 0.0000000000
73926  49.606  5.484  12.323 0.0000000000
73006  49.327  4.898  13.021 0.0000000000
73005  50.212  4.814  13.400 0.0000000000
72080  50.457  3.629  15.605 0.0000000000
72081  49.614  3.413  15.356 0.0000000000
65417  44.277  -2.952  16.747 0.0000000000
65407  44.568  -3.487  17.238 0.0000000000
64389  47.135  -4.661  19.447 0.0000000000
136915  46.603  -3.856  18.698 0.0000000000
65373  47.651  -4.025  19.651 0.0000000000
65357  48.208  -4.105  20.232 0.0000000000
62563  48.228  -6.397  21.697 0.0000000000
63475  48.944  -5.716  22.013 0.0000000000
63482  49.585  -4.783  22.072 0.0000000000
64366  49.461  -4.211  21.319 0.0000000000
65332  50.423  -3.529  22.053 0.0000000000
56772  39.973  -12.231  22.298 0.0000000000
74895  46.511  7.195  5.736 0.0000000000
138444  47.197  7.248  5.506 0.0000000000
74887  47.217  6.907  6.137 0.0000000000
74873  48.135  6.767  7.480 0.0000000000
81378  54.854  13.286  4.783 0.0000000000
34782  13.011  -35.179  35.916 0.0000000000
33805  14.468  -36.200  36.873 0.0000000000
33806  13.277  -36.143  36.859 0.0000000000
31870  13.420  -37.529  38.719 0.0000000000
32800  13.654  -37.190  38.071 0.0000000000
31861  13.792  -37.682  39.280 0.0000000000
31853  14.869  -37.831  39.716 0.0000000000
31854  14.138  -37.896  39.810 0.0000000000
31873  10.337  -37.840  37.720 0.0000000000
31872  11.292  -37.810  38.177 0.0000000000
30921  11.156  -38.382  38.869 0.0000000000
67467  41.952  -1.107  13.197 0.0000000000
140279  41.290  -1.567  12.914 0.0000000000
65451  40.668  -3.763  13.714 0.0000000000
65467  40.274  -3.162  13.174 0.0000000000
65466  41.132  -2.937  13.705 0.0000000000
65435  42.411  -3.111  15.209 0.0000000000
65436  41.844  -3.688  14.889 0.0000000000
64449  42.430  -4.454  16.061 0.0000000000
63534  42.906  -4.947  16.757 0.0000000000
63521  44.228  -5.346  17.656 0.0000000000
63522  43.341  -5.670  17.400 0.0000000000
62622  40.474  -6.447  15.349 0.0000000000
62621  41.286  -6.053  15.748 0.0000000000
62587  42.969  -7.002  18.143 0.0000000000
62595  42.654  -6.433  17.465 0.0000000000
62586  43.701  -6.775  18.390 0.0000000000
62585  44.425  -6.501  18.579 0.0000000000
62573  45.155  -7.105  20.031 0.0000000000
61623  44.388  -7.420  19.766 0.0000000000
61604  44.940  -8.128  21.384 0.0000000000
122603  45.114  -8.360  22.166 0.0000000000
60572  45.368  -8.633  22.748 0.0000000000
61591  44.769  -8.493  22.825 0.0000000000
49681  35.567  -19.323  24.514 0.0000000000
49671  35.492  -19.538  25.453 0.0000000000
48650  33.993  -19.983  25.579 0.0000000000
48625  35.756  -20.288  28.074 0.0000000000
49648  35.810  -19.984  27.322 0.0000000000
124194  36.368  -19.508  27.001 0.0000000000
49647  36.507  -19.708  27.877 0.0000000000
120383  37.232  -19.305  28.027 0.0000000000
49634  37.060  -19.724  28.606 0.0000000000
121607  37.370  -20.634  31.498 0.0000000000
118000  38.055  -20.232  31.902 0.0000000000
120061  38.586  -20.975  32.439 0.0000000000
49600  31.687  -20.247  30.950 0.0000000000
49611  31.569  -19.846  30.303 0.0000000000
48581  32.002  -20.446  31.507 0.0000000000
131552  33.078  -20.929  33.403 0.0000000000
47583  33.377  -21.217  32.662 0.0000000000
47592  33.954  -21.648  31.757 0.0000000000
119527  35.733  -22.421  36.434 0.0000000000
46569  34.949  -22.222  35.673 0.0000000000
46579  35.409  -22.544  34.728 0.0000000000
46602  35.355  -22.501  33.035 0.0000000000
46590  36.009  -22.904  33.680 0.0000000000
46601  36.258  -22.666  32.534 0.0000000000
119265  36.929  -23.011  34.019 0.0000000000
120203  37.954  -22.457  34.653 0.0000000000
135843  39.092  -21.647  34.654 0.0000000000
42792  26.463  -26.644  34.033 0.0000000000
43754  26.365  -25.974  35.660 0.0000000000
43765  26.232  -26.111  35.285 0.0000000000
42769  25.817  -25.850  36.786 0.0000000000
42780  25.794  -26.240  35.820 0.0000000000
41762  25.322  -27.053  31.572 0.0000000000
134702  25.695  -26.935  32.720 0.0000000000
41748  25.408  -27.174  32.223 0.0000000000
40709  25.214  -28.414  35.345 0.0000000000
40700  25.260  -29.004  36.278 0.0000000000
39705  25.102  -29.394  35.225 0.0000000000
38740  24.112  -30.292  33.890 0.0000000000
38730  24.371  -30.848  34.572 0.0000000000
37776  24.502  -31.552  35.325 0.0000000000
40774  22.196  -28.799  28.426 0.0000000000
126892  23.081  -29.188  30.120 0.0000000000
121311  22.296  -29.688  29.776 0.0000000000
39768  20.595  -30.499  28.772 0.0000000000
128298  20.023  -30.954  29.108 0.0000000000
38781  21.167  -30.835  30.137 0.0000000000
39736  22.415  -30.431  31.260 0.0000000000
38752  23.209  -30.515  32.587 0.0000000000
38753  22.246  -30.937  32.136 0.0000000000
37801  21.467  -32.207  33.129 0.0000000000
37800  22.040  -31.855  33.496 0.0000000000
37788  22.319  -32.191  34.193 0.0000000000
37787  23.112  -31.849  34.483 0.0000000000
37779  22.118  -33.005  34.484 0.0000000000
36846  20.771  -34.195  33.692 0.0000000000
37819  17.223  -32.654  31.357 0.0000000000
36859  17.572  -33.770  32.317 0.0000000000
36839  18.811  -34.924  33.879 0.0000000000
36840  17.628  -34.660  33.999 0.0000000000
35859  17.895  -35.144  34.657 0.0000000000
36851  14.880  -33.488  33.937 0.0000000000
35871  16.023  -34.641  34.696 0.0000000000
35872  15.165  -34.245  34.559 0.0000000000
35860  15.412  -34.792  35.177 0.0000000000
34794  13.166  -34.544  35.442 0.0000000000
35862  12.400  -34.036  35.231 0.0000000000
50724  29.413  -18.630  24.864 0.0000000000
50712  30.607  -19.739  26.237 0.0000000000
50713  29.907  -19.451  25.442 0.0000000000
50736  28.469  -18.279  24.851 0.0000000000
48643  29.249  -20.811  26.532 0.0000000000
48631  29.474  -20.308  26.968 0.0000000000
49653  29.766  -19.943  26.931 0.0000000000
48630  29.583  -20.062  27.581 0.0000000000
48619  29.877  -19.684  28.402 0.0000000000
47631  29.341  -20.774  28.220 0.0000000000
46639  28.758  -22.414  28.315 0.0000000000
123675  29.243  -21.622  28.840 0.0000000000
45658  27.156  -24.213  28.869 0.0000000000
45657  27.585  -23.717  28.410 0.0000000000
45641  27.597  -23.944  30.717 0.0000000000
45635  27.669  -23.972  30.781 0.0000000000
44668  27.738  -24.525  30.793 0.0000000000
43783  27.135  -25.739  32.079 0.0000000000
124816  27.758  -25.734  32.131 0.0000000000
35830  23.700  -33.010  39.288 0.0000000000
36801  24.516  -32.840  39.832 0.0000000000
35822  24.985  -33.103  40.872 0.0000000000
32798  15.648  -37.057  37.873 0.0000000000
32797  16.236  -37.018  37.718 0.0000000000
32782  15.831  -37.289  38.373 0.0000000000
31844  18.558  -37.707  41.866 0.0000000000
133483  18.180  -37.650  40.744 0.0000000000
31843  19.443  -37.018  42.465 0.0000000000
78585  55.811  10.845  11.293 0.0000000000
78584  56.909  11.196  11.878 0.0000000000
78576  56.550  10.979  12.371 0.0000000000
77603  57.274  10.015  14.093 0.0000000000
75702  50.854  8.642  10.918 0.0000000000
74819  51.488  6.948  10.860 0.0000000000
74803  53.310  6.936  13.139 0.0000000000
75686  52.991  7.192  12.062 0.0000000000
73901  53.400  5.998  14.968 0.0000000000
74786  54.250  6.498  15.574 0.0000000000
75665  55.903  7.601  15.804 0.0000000000
75664  57.328  7.746  16.113 0.0000000000
74782  57.848  7.442  15.691 0.0000000000
71257  43.625  2.462  11.270 0.0000000000
72160  43.633  3.043  10.354 0.0000000000
72147  44.642  3.636  11.511 0.0000000000
70295  43.898  1.136  13.182 0.0000000000
70306  43.661  1.443  12.497 0.0000000000
70294  44.492  1.542  13.551 0.0000000000
71214  45.805  2.279  14.271 0.0000000000
71231  46.202  2.949  13.888 0.0000000000
72100  46.890  3.222  14.156 0.0000000000
71212  47.245  2.803  14.806 0.0000000000
71178  48.728  2.338  16.401 0.0000000000
71191  48.389  2.634  15.670 0.0000000000
71177  49.509  2.612  16.655 0.0000000000
66417  45.437  -2.098  17.293 0.0000000000
67423  47.357  -1.183  18.287 0.0000000000
67424  46.637  -1.314  17.789 0.0000000000
68405  47.102  -0.565  17.700 0.0000000000
68389  47.764  -0.461  18.222 0.0000000000
120109  50.506  0.174  19.960 0.0000000000
69280  49.774  -0.079  19.188 0.0000000000
69305  49.692  0.610  18.602 0.0000000000
70215  49.328  1.145  18.094 0.0000000000
119894  50.396  0.944  18.789 0.0000000000
60613  39.220  -8.774  18.318 0.0000000000
60625  39.434  -8.511  17.510 0.0000000000
60612  40.277  -8.521  17.865 0.0000000000
60581  39.092  -8.624  21.443 0.0000000000
134853  39.516  -8.783  20.925 0.0000000000
61607  40.932  -7.671  22.130 0.0000000000
60579  40.672  -8.242  21.447 0.0000000000
135691  41.544  -8.305  21.467 0.0000000000
60590  41.611  -8.620  20.700 0.0000000000
60578  42.248  -8.651  21.091 0.0000000000
61606  42.273  -8.219  21.836 0.0000000000
62533  43.287  -6.595  25.064 0.0000000000
61574  43.553  -7.472  23.470 0.0000000000
62532  44.081  -6.765  24.946 0.0000000000
61558  44.578  -7.417  24.553 0.0000000000
61545  44.699  -6.974  25.351 0.0000000000
51710  38.844  -17.873  25.922 0.0000000000
51709  39.607  -17.688  26.282 0.0000000000
52712  40.791  -16.617  25.160 0.0000000000
52713  39.952  -16.872  24.914 0.0000000000
52726  40.563  -16.450  24.292 0.0000000000
52742  40.259  -16.171  23.504 0.0000000000
53758  40.612  -15.500  23.157 0.0000000000
142802  41.882  -14.562  24.928 0.0000000000
136131  41.625  -14.717  24.324 0.0000000000
143447  41.484  -13.905  24.181 0.0000000000
55765  41.239  -13.482  23.746 0.0000000000
55752  41.607  -13.248  24.348 0.0000000000
49578  41.163  -19.637  33.757 0.0000000000
49577  41.877  -19.030  34.283 0.0000000000
138554  42.753  -18.480  32.601 0.0000000000
50658  43.247  -18.065  32.197 0.0000000000
50659  42.949  -17.903  31.177 0.0000000000
132265  43.387  -17.320  30.904 0.0000000000
119567  44.608  -15.079  29.642 0.0000000000
118153  43.969  -15.682  29.193 0.0000000000
120577  43.730  -16.300  29.626 0.0000000000
121387  43.595  -15.603  28.461 0.0000000000
118143  43.255  -15.674  27.693 0.0000000000
121343  43.534  -14.866  28.039 0.0000000000
119386  43.618  -12.246  26.705 0.0000000000
136368  42.999  -12.801  26.407 0.0000000000
136231  42.212  -12.146  25.068 0.0000000000
136369  42.655  -11.845  25.543 0.0000000000
58604  42.219  -10.604  24.434 0.0000000000
57665  43.120  -11.170  25.566 0.0000000000
58582  45.149  -9.837  26.408 0.0000000000
59551  43.868  -9.426  25.402 0.0000000000
59543  44.062  -9.082  26.105 0.0000000000
60540  42.376  -8.728  25.848 0.0000000000
60528  43.323  -8.661  27.049 0.0000000000
139656  46.035  -11.453  29.639 0.0000000000
59507  45.613  -8.851  28.845 0.0000000000
60477  45.088  -8.074  29.111 0.0000000000
60479  43.383  -7.976  28.688 0.0000000000
61488  43.522  -7.332  28.707 0.0000000000
61489  42.908  -6.943  28.113 0.0000000000
62461  43.708  -6.935  28.690 0.0000000000
76681  49.674  8.271  4.496 0.0000000000
77699  48.955  9.342  4.510 0.0000000000
78639  53.422  10.699  4.383 0.0000000000
78650  53.784  10.284  3.966 0.0000000000
78649  54.391  10.359  3.451 0.0000000000
76677  54.634  8.566  4.273 0.0000000000
76692  56.405  8.598  3.823 0.0000000000
76638  55.035  9.159  6.966 0.0000000000
76649  56.645  8.609  6.762 0.0000000000
129517  57.447  8.842  6.460 0.0000000000
76663  57.573  8.723  5.416 0.0000000000
76648  58.244  9.703  6.987 0.0000000000
77672  59.110  10.624  7.535 0.0000000000
81400  56.868  13.122  0.768 0.0000000000
81399  57.646  13.498  0.215 0.0000000000
34778  16.579  -35.664  35.916 0.0000000000
34770  16.874  -36.070  36.316 0.0000000000
33790  17.303  -36.588  37.056 0.0000000000
32796  17.029  -36.944  37.564 0.0000000000
61572  46.886  -8.259  23.209 0.0000000000
61571  47.649  -7.954  23.575 0.0000000000
49651  30.880  -19.608  26.534 0.0000000000
49660  31.896  -19.678  27.236 0.0000000000
41805  24.038  -27.121  28.581 0.0000000000
125208  25.589  -24.690  25.799 0.0000000000
44717  25.777  -24.767  26.638 0.0000000000
43822  25.315  -25.100  27.171 0.0000000000
37775  25.092  -31.032  35.981 0.0000000000
36819  26.033  -32.215  38.010 0.0000000000
128964  26.317  -32.395  39.499 0.0000000000
76611  51.313  10.035  10.229 0.0000000000
77637  51.825  9.748  10.362 0.0000000000
75700  52.601  8.683  10.652 0.0000000000
68459  42.626  -0.645  13.466 0.0000000000
68458  43.240  -0.305  13.807 0.0000000000
68450  42.943  -0.920  14.064 0.0000000000
68442  43.969  -0.894  15.152 0.0000000000
58629  39.036  -10.299  21.320 0.0000000000
58628  39.352  -10.233  21.878 0.0000000000
59581  38.808  -9.302  21.775 0.0000000000
133904  39.310  -9.701  22.463 0.0000000000
58605  41.624  -9.889  24.043 0.0000000000
49607  39.162  -19.140  30.716 0.0000000000
49618  38.894  -19.047  30.037 0.0000000000
49598  39.504  -19.348  31.328 0.0000000000
49597  40.269  -19.318  31.536 0.0000000000
49587  41.186  -19.271  31.841 0.0000000000
75738  49.341  7.280  7.306 0.0000000000
76641  51.859  8.553  7.731 0.0000000000
76625  51.886  8.845  8.896 0.0000000000
79503  55.756  11.183  1.744 0.0000000000
78653  55.520  10.312  2.129 0.0000000000
77718  55.021  9.884  2.878 0.0000000000
47604  30.545  -20.687  30.851 0.0000000000
47594  30.200  -21.758  31.073 0.0000000000
46613  30.385  -21.996  31.858 0.0000000000
46603  30.585  -22.218  32.591 0.0000000000
35845  22.565  -33.974  36.289 0.0000000000
34768  22.368  -34.433  37.583 0.0000000000
33798  22.037  -34.810  37.575 0.0000000000
32793  20.288  -36.040  38.680 0.0000000000
33788  21.044  -35.559  38.605 0.0000000000
74841  48.393  6.489  9.439 0.0000000000
73941  46.922  5.236  11.194 0.0000000000
73031  46.393  4.821  11.535 0.0000000000
141695  48.806  4.486  13.489 0.0000000000
73007  48.227  4.393  13.563 0.0000000000
72117  47.911  4.037  13.938 0.0000000000
72098  48.353  3.596  14.486 0.0000000000
64421  44.559  -4.357  17.512 0.0000000000
64406  45.372  -4.463  18.107 0.0000000000
63503  46.520  -5.237  19.258 0.0000000000
62554  49.331  -6.211  22.922 0.0000000000
122381  47.641  6.504  7.982 0.0000000000
122891  12.124  -36.385  37.041 0.0000000000
31871  12.557  -37.509  38.345 0.0000000000
64461  41.373  -4.292  14.726 0.0000000000
141927  41.379  -4.699  15.074 0.0000000000
63548  41.866  -5.251  15.885 0.0000000000
62607  41.449  -6.630  16.400 0.0000000000
61624  43.617  -7.638  19.560 0.0000000000
61618  43.930  -8.063  20.239 0.0000000000
60576  44.089  -8.757  21.001 0.0000000000
132266  34.307  -20.568  27.914 0.0000000000
48627  34.427  -20.261  27.116 0.0000000000
137497  35.028  -20.673  28.344 0.0000000000
48615  35.673  -20.620  28.711 0.0000000000
49621  36.890  -20.203  29.286 0.0000000000
48602  36.754  -20.537  29.906 0.0000000000
136256  37.016  -21.354  31.842 0.0000000000
48573  32.096  -20.498  32.677 0.0000000000
121668  32.242  -20.556  32.264 0.0000000000
48572  32.507  -20.724  33.146 0.0000000000
48564  32.839  -20.759  33.655 0.0000000000
47573  33.204  -20.867  34.127 0.0000000000
46561  35.656  -22.345  37.316 0.0000000000
117989  36.653  -22.645  35.897 0.0000000000
42809  26.858  -26.317  33.148 0.0000000000
40725  24.626  -28.525  32.404 0.0000000000
39714  24.475  -29.501  33.636 0.0000000000
39780  21.605  -29.461  28.490 0.0000000000
131266  19.425  -31.607  29.363 0.0000000000
38782  20.465  -31.388  29.980 0.0000000000
125130  21.051  -31.448  31.453 0.0000000000
38754  21.361  -31.473  32.046 0.0000000000
38744  21.142  -32.043  32.513 0.0000000000
135247  21.412  -32.694  33.322 0.0000000000
37802  20.990  -32.826  32.817 0.0000000000
145037  16.418  -33.937  33.436 0.0000000000
36849  16.672  -34.409  34.081 0.0000000000
51726  28.850  -17.350  25.048 0.0000000000
47675  28.449  -21.295  24.477 0.0000000000
48659  28.935  -20.528  24.939 0.0000000000
143415  28.958  -21.302  26.014 0.0000000000
45656  28.238  -23.283  28.825 0.0000000000
44681  27.047  -24.845  29.438 0.0000000000
144983  27.416  -24.493  29.810 0.0000000000
44675  27.540  -24.474  30.240 0.0000000000
44669  27.526  -24.833  30.447 0.0000000000
31852  15.583  -37.852  39.741 0.0000000000
31851  16.408  -37.917  39.827 0.0000000000
31846  16.825  -38.135  41.012 0.0000000000
77617  56.864  10.838  13.339 0.0000000000
76579  57.534  8.992  14.495 0.0000000000
75675  57.878  8.099  14.665 0.0000000000
74820  50.870  6.392  11.420 0.0000000000
74818  52.233  6.960  11.399 0.0000000000
73890  55.113  6.383  16.673 0.0000000000
71244  43.981  2.159  12.129 0.0000000000
70279  44.762  1.212  14.254 0.0000000000
70278  45.434  1.572  14.618 0.0000000000
70277  46.137  1.886  14.953 0.0000000000
71193  46.879  2.140  15.222 0.0000000000
70257  48.004  2.004  16.111 0.0000000000
70236  49.085  2.014  17.108 0.0000000000
144748  46.916  -2.637  18.562 0.0000000000
66382  47.350  -2.586  18.909 0.0000000000
67405  47.750  -1.769  18.985 0.0000000000
67413  48.486  -1.237  19.155 0.0000000000
60626  38.511  -8.738  17.636 0.0000000000
61596  39.238  -7.640  22.652 0.0000000000
61595  39.865  -7.207  22.732 0.0000000000
61594  40.732  -7.012  22.820 0.0000000000
61575  42.551  -7.294  23.262 0.0000000000
62544  41.929  -6.759  24.076 0.0000000000
144878  42.180  -6.630  24.584 0.0000000000
120915  42.726  -6.542  26.170 0.0000000000
51697  40.647  -17.610  27.437 0.0000000000
51708  40.390  -17.398  26.583 0.0000000000
52708  40.932  -16.748  26.058 0.0000000000
118162  41.356  -16.221  24.571 0.0000000000
141776  41.881  -15.971  24.922 0.0000000000
120055  42.438  -15.996  25.474 0.0000000000
136130  42.620  -15.354  25.723 0.0000000000
50645  42.572  -18.471  34.723 0.0000000000
50637  43.344  -18.083  35.131 0.0000000000
50644  43.141  -17.929  34.247 0.0000000000
51646  43.607  -17.417  32.851 0.0000000000
136322  44.616  -14.429  28.922 0.0000000000
119141  44.030  -14.448  28.429 0.0000000000
119166  44.312  -13.968  28.449 0.0000000000
118166  44.177  -12.645  27.463 0.0000000000
120778  43.829  -11.189  26.253 0.0000000000
120049  44.383  -11.671  27.012 0.0000000000
124924  45.025  -11.041  27.387 0.0000000000
58568  45.534  -10.283  27.702 0.0000000000
128986  50.430  8.588  4.412 0.0000000000
76680  51.123  8.387  4.415 0.0000000000
76695  53.222  9.075  3.906 0.0000000000
76665  55.005  8.392  5.067 0.0000000000
77676  54.338  9.708  7.710 0.0000000000
77675  55.375  9.726  7.758 0.0000000000
134750  56.253  9.536  7.954 0.0000000000
77673  57.831  10.082  7.924 0.0000000000
79508  57.709  11.318  0.032 0.0000000000
80450  58.386  12.092  -0.628 0.0000000000
79521  59.297  11.686  -0.769 0.0000000000
77714  59.207  10.296  2.824 0.0000000000
77704  60.553  11.174  3.385 0.0000000000
78648  61.135  11.083  3.770 0.0000000000
45627  29.459  -23.495  32.295 0.0000000000
44662  29.088  -24.660  32.167 0.0000000000
35847  19.230  -35.655  35.135 0.0000000000
34776  20.801  -35.658  35.839 0.0000000000
33813  19.958  -36.081  36.345 0.0000000000
32794  19.552  -36.245  37.848 0.0000000000
33801  18.069  -36.348  36.743 0.0000000000
32810  18.846  -36.385  37.196 0.0000000000
73054  45.170  4.871  9.700 0.0000000000
73045  45.431  4.729  10.571 0.0000000000
72146  45.349  3.995  11.827 0.0000000000
62572  46.643  -6.621  20.419 0.0000000000
62565  47.168  -6.787  20.891 0.0000000000
62564  47.539  -6.838  21.554 0.0000000000
61587  48.183  -7.322  23.002 0.0000000000
62543  48.969  -6.925  23.349 0.0000000000
32817  10.491  -36.605  36.698 0.0000000000
124978  9.017  -38.154  37.363 0.0000000000
30928  9.628  -38.344  37.930 0.0000000000
30018  10.202  -39.633  39.805 0.0000000000
48651  33.127  -19.907  25.918 0.0000000000
48628  33.551  -20.361  27.457 0.0000000000
48604  34.063  -21.509  29.385 0.0000000000
41763  24.714  -27.693  31.131 0.0000000000
124944  23.603  -29.007  30.867 0.0000000000
38784  18.747  -32.185  29.812 0.0000000000
38757  19.081  -32.798  30.861 0.0000000000
38758  17.841  -32.574  30.855 0.0000000000
45680  27.364  -23.301  25.643 0.0000000000
126586  26.914  -24.132  28.031 0.0000000000
44692  26.716  -24.639  28.666 0.0000000000
78599  55.562  11.040  9.347 0.0000000000
119407  56.249  11.068  9.647 0.0000000000
78600  54.895  10.705  9.867 0.0000000000
78586  54.858  10.695  10.644 0.0000000000
141190  54.995  10.476  11.331 0.0000000000
77636  53.119  10.193  10.060 0.0000000000
73911  51.516  5.252  13.601 0.0000000000
73910  52.279  5.682  13.674 0.0000000000
69386  43.337  0.768  12.804 0.0000000000
69365  43.825  0.063  14.198 0.0000000000
69363  45.091  0.858  14.931 0.0000000000
69351  45.479  0.479  15.520 0.0000000000
69330  46.495  0.397  16.499 0.0000000000
66359  49.672  -2.948  21.122 0.0000000000
60602  37.701  -8.860  19.794 0.0000000000
120997  38.403  -8.913  20.096 0.0000000000
60573  38.892  -8.021  22.754 0.0000000000
60556  39.320  -7.663  24.219 0.0000000000
61561  39.565  -7.288  24.695 0.0000000000
61546  40.369  -7.395  25.751 0.0000000000
50710  37.551  -18.696  26.854 0.0000000000
50720  38.138  -18.339  26.232 0.0000000000
123055  38.206  -18.476  27.083 0.0000000000
50698  38.648  -18.513  27.676 0.0000000000
50697  39.348  -18.286  27.601 0.0000000000
50668  39.627  -18.696  29.994 0.0000000000
120932  39.742  -18.353  29.059 0.0000000000
50696  40.032  -18.115  28.104 0.0000000000
51685  40.962  -17.800  28.299 0.0000000000
51684  41.741  -17.463  28.599 0.0000000000
75769  48.213  7.786  4.769 0.0000000000
75768  49.096  7.679  4.757 0.0000000000
75767  50.007  7.660  4.777 0.0000000000
128927  49.941  7.461  6.026 0.0000000000
75757  50.340  7.481  5.281 0.0000000000
135704  50.915  7.692  4.796 0.0000000000
75756  51.736  7.659  5.075 0.0000000000
75755  52.417  7.830  5.034 0.0000000000
76666  53.102  8.130  5.373 0.0000000000
145258  53.710  9.446  7.417 0.0000000000
78612  54.934  10.518  9.149 0.0000000000
80435  56.654  12.269  0.742 0.0000000000
78670  59.273  10.622  0.338 0.0000000000
77740  58.597  10.098  0.885 0.0000000000
137661  56.919  9.541  1.647 0.0000000000
77715  58.034  9.482  2.392 0.0000000000
144600  57.588  8.996  3.514 0.0000000000
49624  31.074  -19.443  29.012 0.0000000000
49612  31.359  -19.920  30.641 0.0000000000
48574  31.448  -20.504  32.054 0.0000000000
47565  32.026  -20.875  34.453 0.0000000000
46594  30.124  -23.036  32.819 0.0000000000
45614  30.736  -23.584  34.470 0.0000000000
46582  31.084  -22.625  34.156 0.0000000000
42899  23.733  -25.991  26.510 0.0000000000
36828  23.286  -33.075  36.703 0.0000000000
36820  24.135  -32.597  37.725 0.0000000000
36821  23.320  -32.980  37.528 0.0000000000
36811  23.470  -32.908  38.332 0.0000000000
35839  22.932  -33.675  37.537 0.0000000000
35831  23.160  -33.356  38.644 0.0000000000
35824  23.379  -33.637  39.522 0.0000000000
34751  23.782  -34.222  40.339 0.0000000000
75711  50.958  7.734  9.645 0.0000000000
74840  50.314  6.968  9.940 0.0000000000
74829  50.405  6.749  10.540 0.0000000000
130005  49.558  6.594  10.433 0.0000000000
125347  50.420  6.467  11.113 0.0000000000
73925  50.888  5.886  12.216 0.0000000000
134788  50.296  5.574  12.412 0.0000000000
73959  46.458  5.710  9.517 0.0000000000
73939  48.533  5.727  11.492 0.0000000000
73912  50.797  5.347  12.983 0.0000000000
139710  50.911  4.857  13.668 0.0000000000
72989  49.552  4.330  13.900 0.0000000000
72975  50.947  4.079  14.996 0.0000000000
72079  51.315  3.804  15.913 0.0000000000
65434  43.082  -2.655  15.575 0.0000000000
66431  43.658  -2.053  15.650 0.0000000000
66419  43.960  -2.437  16.216 0.0000000000
66406  44.943  -2.837  17.269 0.0000000000
66405  45.718  -2.909  17.821 0.0000000000
65394  45.690  -3.693  18.086 0.0000000000
65393  46.244  -3.420  18.330 0.0000000000
66383  46.893  -3.208  18.757 0.0000000000
131551  47.532  -3.290  19.289 0.0000000000
65372  48.114  -3.369  19.845 0.0000000000
63493  47.179  -6.154  20.349 0.0000000000
63492  47.797  -5.568  20.425 0.0000000000
64375  48.390  -4.924  20.557 0.0000000000
64374  48.887  -4.232  20.721 0.0000000000
65355  49.309  -3.545  20.899 0.0000000000
65333  49.816  -3.490  21.494 0.0000000000
56771  40.678  -12.137  22.886 0.0000000000
119779  40.202  -20.433  35.069 0.0000000000
141397  40.702  -19.993  34.477 0.0000000000
117985  41.011  -19.918  35.325 0.0000000000
75760  47.652  7.489  5.082 0.0000000000
74894  47.845  7.133  5.671 0.0000000000
75739  48.702  7.069  6.940 0.0000000000
81385  55.032  12.965  4.061 0.0000000000
34781  14.549  -35.283  35.848 0.0000000000
33817  14.872  -35.769  36.421 0.0000000000
33804  15.209  -36.296  36.893 0.0000000000
32813  14.845  -36.605  37.474 0.0000000000
32799  14.917  -37.034  38.021 0.0000000000
139348  14.444  -37.007  37.916 0.0000000000
31859  15.383  -37.513  39.041 0.0000000000
30907  15.135  -38.222  40.478 0.0000000000
31879  10.891  -37.217  37.381 0.0000000000
30914  13.264  -38.225  39.928 0.0000000000
30909  13.810  -38.341  40.372 0.0000000000
30902  14.717  -38.654  41.217 0.0000000000
138949  42.320  -1.979  14.322 0.0000000000
66444  42.626  -2.329  14.896 0.0000000000
133910  42.259  -3.834  15.484 0.0000000000
64436  43.198  -4.058  16.507 0.0000000000
63505  45.120  -6.136  18.815 0.0000000000
63550  40.744  -5.600  15.053 0.0000000000
142678  42.229  -6.180  17.015 0.0000000000
63523  42.527  -5.697  16.958 0.0000000000
63514  43.987  -6.129  17.987 0.0000000000
62579  45.565  -6.447  19.486 0.0000000000
125274  45.972  -6.832  20.235 0.0000000000
61603  45.741  -7.738  21.602 0.0000000000
60564  46.060  -8.657  23.039 0.0000000000
60552  46.014  -8.768  23.858 0.0000000000
60551  46.287  -8.450  24.649 0.0000000000
50732  36.448  -18.841  24.265 0.0000000000
142620  36.728  -19.009  25.847 0.0000000000
49659  34.861  -19.845  25.849 0.0000000000
48639  35.164  -20.036  26.738 0.0000000000
132710  35.503  -19.716  26.190 0.0000000000
120406  36.164  -19.416  26.146 0.0000000000
50711  36.867  -19.056  26.556 0.0000000000
49633  37.742  -19.238  28.515 0.0000000000
49620  37.321  -20.040  30.040 0.0000000000
122113  37.909  -19.640  30.100 0.0000000000
49608  38.453  -19.418  30.508 0.0000000000
119924  38.696  -19.638  31.443 0.0000000000
117998  38.750  -20.106  32.177 0.0000000000
49623  31.383  -19.600  29.313 0.0000000000
49610  31.828  -19.862  29.943 0.0000000000
48593  32.326  -20.680  30.237 0.0000000000
124060  32.370  -20.603  31.983 0.0000000000
120365  32.270  -20.660  31.289 0.0000000000
48579  33.626  -21.588  31.128 0.0000000000
47591  35.095  -21.954  31.520 0.0000000000
47554  33.104  -21.209  35.303 0.0000000000
47563  33.463  -21.169  34.830 0.0000000000
47553  34.083  -21.641  35.271 0.0000000000
47572  34.001  -21.444  34.174 0.0000000000
47571  34.516  -21.957  33.173 0.0000000000
120227  36.147  -21.849  31.486 0.0000000000
119538  36.884  -22.346  32.097 0.0000000000
120232  38.123  -22.803  33.096 0.0000000000
119351  37.247  -22.682  34.803 0.0000000000
117996  37.697  -22.830  33.873 0.0000000000
117999  38.960  -21.991  33.007 0.0000000000
136567  39.185  -21.769  33.769 0.0000000000
136596  39.730  -21.122  34.200 0.0000000000
42779  27.739  -26.078  35.401 0.0000000000
43753  27.024  -25.931  35.931 0.0000000000
43743  27.054  -25.623  36.731 0.0000000000
43736  25.970  -25.635  37.311 0.0000000000
42760  25.586  -26.311  38.082 0.0000000000
41676  25.245  -27.559  37.993 0.0000000000
41733  25.247  -27.778  32.787 0.0000000000
41694  25.400  -27.309  35.566 0.0000000000
40688  25.392  -28.682  37.639 0.0000000000
38722  25.097  -30.420  35.772 0.0000000000
39699  24.997  -30.081  35.278 0.0000000000
36834  24.051  -32.533  36.047 0.0000000000
42900  23.389  -26.649  27.031 0.0000000000
144251  23.553  -27.207  28.059 0.0000000000
40773  23.014  -28.289  28.777 0.0000000000
40757  23.365  -28.493  29.561 0.0000000000
39781  20.780  -29.824  28.146 0.0000000000
39767  21.368  -30.079  29.030 0.0000000000
39747  21.636  -30.246  29.821 0.0000000000
143618  21.800  -29.894  29.456 0.0000000000
129568  22.078  -30.042  30.190 0.0000000000
39746  22.604  -29.874  30.541 0.0000000000
39735  23.214  -29.755  31.258 0.0000000000
38741  23.415  -30.732  33.424 0.0000000000
37777  23.625  -32.255  35.163 0.0000000000
143946  23.264  -32.925  35.786 0.0000000000
36830  22.851  -33.691  36.237 0.0000000000
37780  21.677  -33.178  34.041 0.0000000000
121381  21.958  -33.532  34.873 0.0000000000
36836  22.382  -33.750  35.599 0.0000000000
35855  21.897  -33.892  35.337 0.0000000000
35856  21.356  -34.136  34.952 0.0000000000
35857  20.097  -35.342  34.506 0.0000000000
37804  19.141  -33.359  31.559 0.0000000000
37791  19.548  -33.957  32.310 0.0000000000
36847  19.830  -34.662  33.102 0.0000000000
36838  20.017  -35.058  33.954 0.0000000000
35848  18.143  -35.539  35.218 0.0000000000
35849  17.144  -35.403  35.309 0.0000000000
34791  15.514  -35.256  35.620 0.0000000000
34792  14.932  -34.987  35.511 0.0000000000
137603  13.890  -33.996  34.828 0.0000000000
34793  14.062  -34.586  35.341 0.0000000000
131645  13.817  -35.051  35.712 0.0000000000
34783  12.034  -35.053  35.811 0.0000000000
34795  11.742  -34.410  35.452 0.0000000000
33819  11.312  -35.440  36.050 0.0000000000
49686  30.781  -19.279  24.843 0.0000000000
49675  30.677  -19.399  25.721 0.0000000000
50734  30.066  -18.977  25.103 0.0000000000
50699  30.713  -19.579  27.126 0.0000000000
50688  30.741  -19.534  27.344 0.0000000000
50725  28.659  -17.895  24.994 0.0000000000
50714  29.126  -19.153  25.256 0.0000000000
49676  29.284  -19.616  25.412 0.0000000000
50701  29.799  -19.668  25.935 0.0000000000
49637  30.791  -19.406  27.963 0.0000000000
47618  29.728  -21.004  29.554 0.0000000000
46615  28.956  -23.270  30.980 0.0000000000
45647  28.182  -23.505  29.830 0.0000000000
45640  28.100  -23.642  30.660 0.0000000000
140457  27.984  -24.804  31.022 0.0000000000
141595  28.309  -25.364  31.482 0.0000000000
132429  24.981  -32.588  39.166 0.0000000000
36800  25.498  -32.614  40.139 0.0000000000
33792  16.018  -36.664  37.334 0.0000000000
32780  17.262  -37.233  38.251 0.0000000000
31850  17.390  -37.864  39.991 0.0000000000
31856  17.550  -37.390  39.029 0.0000000000
31849  18.279  -37.442  39.721 0.0000000000
123523  20.486  -36.526  41.605 0.0000000000
136362  56.487  10.920  10.623 0.0000000000
118362  57.442  11.187  11.084 0.0000000000
75701  51.359  9.040  11.027 0.0000000000
75694  52.686  7.771  11.051 0.0000000000
125631  53.456  7.758  11.767 0.0000000000
75676  55.911  8.683  14.631 0.0000000000
74796  53.122  6.279  14.021 0.0000000000
75677  55.133  7.795  14.810 0.0000000000
75671  57.392  8.183  15.539 0.0000000000
72131  45.701  3.641  12.502 0.0000000000
70314  43.326  1.687  11.787 0.0000000000
71233  44.872  2.266  13.212 0.0000000000
71243  44.611  2.594  12.514 0.0000000000
71242  45.314  2.924  12.828 0.0000000000
72119  46.606  3.561  13.509 0.0000000000
72099  47.598  3.448  14.357 0.0000000000
72082  48.809  3.160  15.125 0.0000000000
72068  49.962  3.170  16.171 0.0000000000
72059  51.136  3.230  17.422 0.0000000000
66430  44.236  -1.866  16.062 0.0000000000
67436  44.700  -1.326  16.195 0.0000000000
67425  45.924  -1.384  17.327 0.0000000000
129612  45.784  -0.865  16.901 0.0000000000
68424  45.340  -0.636  16.312 0.0000000000
68423  46.084  -0.282  16.713 0.0000000000
69319  46.796  -0.005  17.141 0.0000000000
67392  49.180  -2.111  20.197 0.0000000000
68356  49.794  -0.703  19.852 0.0000000000
68372  49.111  -0.668  19.218 0.0000000000
68388  48.440  -0.544  18.696 0.0000000000
69307  48.316  0.113  18.198 0.0000000000
139996  48.307  0.646  17.717 0.0000000000
70225  47.954  0.998  17.197 0.0000000000
70224  48.755  1.271  17.549 0.0000000000
70223  49.527  1.696  17.742 0.0000000000
71156  50.227  2.092  18.099 0.0000000000
71164  50.628  2.675  17.784 0.0000000000
136352  51.524  3.023  18.389 0.0000000000
60639  39.949  -8.097  17.032 0.0000000000
60611  41.140  -8.236  17.851 0.0000000000
61626  41.800  -8.354  19.142 0.0000000000
60580  39.702  -8.353  21.508 0.0000000000
60591  40.505  -8.710  20.574 0.0000000000
60589  42.628  -8.504  20.351 0.0000000000
60577  43.105  -8.855  21.067 0.0000000000
61593  42.735  -7.864  22.451 0.0000000000
61592  43.470  -7.894  22.657 0.0000000000
121639  44.134  -7.929  22.885 0.0000000000
61557  45.311  -8.230  24.314 0.0000000000
138218  38.266  -17.986  25.538 0.0000000000
51724  38.649  -17.526  25.181 0.0000000000
51741  39.126  -17.033  24.694 0.0000000000
54788  40.281  -14.080  22.533 0.0000000000
119713  41.195  -15.193  23.642 0.0000000000
129683  40.811  -13.757  23.138 0.0000000000
56759  40.956  -12.902  23.333 0.0000000000
132724  41.228  -12.043  23.783 0.0000000000
120153  40.766  -19.978  32.995 0.0000000000
131355  41.309  -19.570  32.744 0.0000000000
50660  41.844  -18.781  31.400 0.0000000000
50652  42.514  -18.619  33.543 0.0000000000
50653  42.052  -18.988  32.441 0.0000000000
50666  42.382  -17.980  30.306 0.0000000000
51683  42.438  -17.092  28.948 0.0000000000
52672  43.994  -16.859  32.655 0.0000000000
123585  44.578  -16.023  31.423 0.0000000000
52682  44.376  -16.559  32.091 0.0000000000
119781  43.908  -16.740  31.108 0.0000000000
51660  43.422  -16.929  30.195 0.0000000000
118144  43.076  -16.723  29.316 0.0000000000
118138  42.857  -16.493  28.491 0.0000000000
120439  43.126  -15.875  26.808 0.0000000000
119643  42.927  -15.227  26.445 0.0000000000
136144  42.631  -14.269  26.125 0.0000000000
135899  43.304  -13.769  27.270 0.0000000000
118168  42.969  -13.588  26.642 0.0000000000
119475  42.281  -13.579  25.566 0.0000000000
136367  42.003  -12.987  25.011 0.0000000000
56743  41.704  -12.482  24.450 0.0000000000
134523  41.295  -10.963  24.057 0.0000000000
59561  42.623  -9.687  24.424 0.0000000000
58593  43.904  -10.195  25.406 0.0000000000
58603  43.403  -9.762  24.866 0.0000000000
60553  42.099  -8.990  24.896 0.0000000000
60541  41.161  -8.354  25.961 0.0000000000
60530  41.329  -7.722  26.567 0.0000000000
119443  45.725  -12.056  29.342 0.0000000000
58535  45.789  -11.315  28.916 0.0000000000
58581  45.317  -9.481  27.343 0.0000000000
58551  45.993  -9.573  29.075 0.0000000000
122880  45.645  -9.535  28.261 0.0000000000
59531  44.624  -8.793  27.893 0.0000000000
60506  43.683  -8.513  28.069 0.0000000000
60508  42.524  -7.767  27.682 0.0000000000
61509  41.629  -7.117  26.971 0.0000000000
62496  41.912  -6.749  26.815 0.0000000000
137250  42.751  -6.689  27.295 0.0000000000
62495  43.641  -6.558  26.878 0.0000000000
62482  44.318  -6.706  28.234 0.0000000000
134110  44.380  -6.686  26.221 0.0000000000
79486  54.170  11.799  4.336 0.0000000000
79487  53.687  11.347  4.593 0.0000000000
139420  54.363  11.049  3.656 0.0000000000
76694  54.774  8.928  3.643 0.0000000000
77707  55.296  9.217  3.232 0.0000000000
76691  57.230  8.662  3.904 0.0000000000
76674  57.595  8.782  4.577 0.0000000000
121307  55.793  8.343  5.434 0.0000000000
76650  55.843  8.527  6.433 0.0000000000
76673  58.441  9.523  4.943 0.0000000000
78629  59.889  10.452  7.034 0.0000000000
30923  9.478  -38.854  38.575 0.0000000000
31857  16.795  -37.482  39.007 0.0000000000
31858  16.120  -37.543  39.095 0.0000000000
31869  14.251  -37.347  38.541 0.0000000000
32816  11.316  -36.648  37.088 0.0000000000
33802  17.134  -36.385  36.694 0.0000000000
33803  15.791  -36.358  36.875 0.0000000000
34777  19.628  -35.911  35.704 0.0000000000
35813  25.832  -33.897  41.137 0.0000000000
36799  26.646  -32.657  40.300 0.0000000000
37761  26.259  -31.761  37.548 0.0000000000
41649  26.701  -27.142  38.947 0.0000000000
41650  26.108  -27.396  39.236 0.0000000000
42750  25.849  -26.595  38.829 0.0000000000
42759  25.984  -25.994  38.287 0.0000000000
43744  26.219  -25.578  36.525 0.0000000000
43745  26.081  -25.539  36.630 0.0000000000
46548  35.586  -22.419  37.890 0.0000000000
46570  34.206  -21.953  36.031 0.0000000000
46580  34.507  -21.900  34.756 0.0000000000
47546  33.535  -21.729  35.998 0.0000000000
47548  32.554  -21.493  35.726 0.0000000000
47564  32.626  -20.821  34.683 0.0000000000
47603  34.711  -21.838  30.713 0.0000000000
48565  32.676  -20.688  33.786 0.0000000000
48566  32.421  -20.648  33.476 0.0000000000
48583  31.193  -20.231  31.237 0.0000000000
48592  32.996  -21.143  30.841 0.0000000000
50667  41.756  -18.478  30.599 0.0000000000
51661  42.965  -17.522  30.445 0.0000000000
57659  44.728  -10.705  26.654 0.0000000000
57672  42.540  -11.294  24.996 0.0000000000
58569  45.356  -10.184  26.945 0.0000000000
58592  44.548  -9.616  25.883 0.0000000000
60469  43.791  -7.650  29.089 0.0000000000
60478  44.007  -8.272  28.961 0.0000000000
60480  42.931  -7.599  28.205 0.0000000000
60507  42.904  -8.145  28.008 0.0000000000
60509  41.968  -7.681  27.202 0.0000000000
60531  40.702  -7.806  26.071 0.0000000000
60539  43.326  -8.879  25.933 0.0000000000
60543  39.608  -7.706  24.933 0.0000000000
60593  38.437  -9.072  20.368 0.0000000000
61477  44.011  -7.170  29.223 0.0000000000
61525  40.925  -7.294  26.280 0.0000000000
61547  39.844  -7.365  25.230 0.0000000000
61559  43.826  -7.077  24.266 0.0000000000
61576  41.357  -6.895  23.389 0.0000000000
61588  47.402  -7.610  22.725 0.0000000000
62484  42.263  -6.921  27.432 0.0000000000
62497  41.180  -6.870  26.302 0.0000000000
62516  40.814  -6.722  25.509 0.0000000000
62517  40.179  -6.914  25.447 0.0000000000
62535  40.244  -6.724  25.063 0.0000000000
62546  40.125  -6.751  24.498 0.0000000000
64390  46.560  -4.465  18.947 0.0000000000
66404  46.171  -2.057  17.820 0.0000000000
118003  36.220  -21.950  31.953 0.0000000000
118146  42.864  -16.247  27.512 0.0000000000
118151  43.091  -15.075  27.260 0.0000000000
118152  41.696  -16.555  26.281 0.0000000000
118160  43.431  -13.057  27.019 0.0000000000
119279  41.982  -15.272  25.041 0.0000000000
119427  43.282  -14.392  27.491 0.0000000000
119457  40.510  -20.209  33.595 0.0000000000
119705  37.714  -22.049  32.197 0.0000000000
119869  50.916  0.941  19.365 0.0000000000
120211  44.317  -15.833  29.855 0.0000000000
120614  42.314  -18.343  31.027 0.0000000000
120931  44.603  -6.635  27.074 0.0000000000
121646  43.416  -16.161  28.877 0.0000000000
124076  41.444  -8.724  19.932 0.0000000000
124703  35.821  -22.585  35.528 0.0000000000
125006  41.880  -8.213  26.690 0.0000000000
125632  39.234  -7.438  23.385 0.0000000000
125799  41.665  -9.365  24.372 0.0000000000
129996  45.793  -10.440  28.581 0.0000000000
131053  35.025  -22.181  36.713 0.0000000000
131963  16.406  -36.385  36.792 0.0000000000
136034  41.808  -13.888  24.857 0.0000000000
136044  44.291  -13.397  28.065 0.0000000000
136230  42.645  -13.356  26.120 0.0000000000
136416  43.663  -13.972  27.978 0.0000000000
138912  42.632  -8.530  26.621 0.0000000000
139318  13.118  -35.630  36.384 0.0000000000
139817  40.250  -20.501  34.163 0.0000000000
140684  20.870  -34.878  34.806 0.0000000000
141887  43.972  -6.606  27.561 0.0000000000
142287  33.988  -21.448  34.773 0.0000000000
142397  43.530  -2.558  15.924 0.0000000000
143647  45.060  -7.558  24.862 0.0000000000
143652  21.639  -34.193  35.353 0.0000000000
143766  46.452  -8.629  23.554 0.0000000000
143860  41.190  -18.302  29.708 0.0000000000
144091  25.319  -27.903  33.461 0.0000000000
