#!ascii label  , from subject sub-v2s8x29191_ses-1 vox2ras=TkReg
1290
3577  15.231  -81.408  -4.371 0.6999999881
3099  14.120  -82.176  -3.783 0.8000000119
116832  13.648  -81.476  -3.421 0.8000000119
3101  12.532  -82.461  -3.409 0.6999999881
3120  14.990  -82.797  -5.017 0.6000000238
129908  14.400  -82.655  -4.370 0.6000000238
2653  12.912  -83.063  -3.640 0.6000000238
3119  15.785  -82.561  -5.505 0.6000000238
4067  14.337  -80.704  -3.480 0.8000000119
113907  12.912  -81.246  -3.320 0.6999999881
113464  12.356  -81.168  -3.509 0.6999999881
3569  11.775  -81.510  -3.677 0.6999999881
3109  15.466  -82.034  -4.928 0.6000000238
3567  14.595  -81.428  -3.769 0.6999999881
3568  12.293  -81.852  -3.363 0.6999999881
2672  16.242  -82.975  -5.934 0.6000000238
2681  16.721  -82.927  -6.463 0.6000000238
131667  15.475  -84.118  -6.090 0.6000000238
1873  16.458  -85.474  -6.584 0.6000000238
118349  15.964  -84.679  -6.300 0.6000000238
4662  13.820  -79.305  -3.505 0.8000000119
5213  13.625  -78.572  -3.833 0.8000000119
4075  12.258  -79.956  -4.250 0.6999999881
4672  12.437  -79.200  -4.499 0.6999999881
4080  11.315  -80.345  -5.625 0.6999999881
128990  14.727  -80.097  -3.552 0.8000000119
113787  12.742  -80.385  -3.528 0.6999999881
4076  11.619  -80.516  -4.811 0.6999999881
4671  15.434  -79.936  -4.331 0.6999999881
4068  13.541  -80.614  -3.342 0.8000000119
4069  11.974  -80.767  -3.929 0.6999999881
4074  15.524  -80.731  -4.709 0.6999999881
129318  15.949  -81.757  -5.581 0.6999999881
3129  16.615  -82.265  -6.730 0.6000000238
3118  16.355  -82.309  -6.066 0.6000000238
2237  16.927  -84.481  -6.624 0.6000000238
2238  16.375  -83.719  -6.250 0.6000000238
1872  17.347  -85.198  -7.010 0.6000000238
1538  17.032  -86.803  -7.311 0.6999999881
126123  15.639  -86.723  -6.615 0.6000000238
1248  16.597  -87.907  -7.426 0.5000000000
1233  16.255  -87.223  -6.881 0.6000000238
115605  16.208  -88.709  -7.041 0.5000000000
5232  13.617  -77.791  -4.324 0.8999999762
5233  12.870  -78.352  -4.359 0.8000000119
4682  12.242  -78.723  -5.120 0.6999999881
130533  15.186  -78.584  -4.372 0.6999999881
5231  14.465  -78.202  -4.102 0.8999999762
4673  11.830  -79.644  -5.161 0.6999999881
4079  15.595  -80.060  -5.203 0.8000000119
4681  15.485  -79.268  -4.793 0.8000000119
4086  15.574  -80.074  -6.244 0.8000000119
3598  15.684  -81.054  -7.459 0.6999999881
124850  15.779  -80.917  -5.649 0.6999999881
3583  16.204  -81.626  -6.291 0.8000000119
3597  16.097  -81.654  -7.635 0.8000000119
3128  17.088  -82.916  -7.080 0.6999999881
2680  17.160  -83.604  -6.812 0.6999999881
2236  17.507  -84.318  -7.253 0.6000000238
132103  17.020  -85.977  -6.962 0.6999999881
130473  17.297  -87.522  -7.813 0.6999999881
5788  14.967  -77.694  -4.686 0.8999999762
5791  13.034  -77.520  -4.669 0.8000000119
131217  12.102  -78.368  -5.574 0.6999999881
117021  15.444  -78.446  -5.303 0.8000000119
4692  15.480  -79.034  -6.385 0.6999999881
4111  15.104  -80.595  -8.138 0.6999999881
4097  15.514  -80.345  -7.246 0.6000000238
3615  15.471  -81.386  -8.163 0.8000000119
3139  16.625  -82.294  -7.484 0.8000000119
3138  17.120  -83.024  -7.805 0.6999999881
2249  17.784  -84.292  -7.989 0.8000000119
2688  17.399  -83.616  -7.499 0.6999999881
2258  17.792  -84.406  -8.794 0.8000000119
1537  17.822  -86.781  -7.961 0.6999999881
1883  18.124  -85.879  -8.293 0.6999999881
1884  17.824  -85.057  -7.746 0.6999999881
8543  7.046  -73.975  -11.239 0.6000000238
8544  6.313  -73.299  -10.100 0.6000000238
115583  5.058  -72.851  -8.783 0.6000000238
8499  4.880  -72.645  -7.872 0.6999999881
116307  14.040  -76.680  -4.929 0.8999999762
5244  12.467  -77.848  -5.215 0.6999999881
4704  15.354  -79.068  -7.365 0.6000000238
4112  14.644  -79.979  -8.437 0.6000000238
4098  15.188  -79.815  -7.764 0.6000000238
3616  14.661  -81.219  -8.718 0.6999999881
3165  14.133  -82.313  -9.801 0.6999999881
3622  14.372  -81.781  -9.299 0.6999999881
7718  11.656  -74.344  -7.346 0.6999999881
7036  11.086  -75.586  -7.727 0.6999999881
3164  14.870  -82.516  -9.462 0.8000000119
3155  15.206  -81.935  -8.786 0.8000000119
8484  11.917  -73.671  -7.613 0.6000000238
7719  10.961  -74.705  -7.877 0.6000000238
7051  10.596  -75.338  -8.688 0.6999999881
3154  16.589  -82.617  -8.219 0.6999999881
7738  10.418  -74.319  -8.840 0.5000000000
2716  17.136  -83.901  -9.195 0.8000000119
2704  17.455  -83.697  -8.264 0.8000000119
7737  11.026  -73.926  -7.981 0.5000000000
130177  10.656  -73.680  -8.803 0.5000000000
1889  18.384  -85.777  -9.139 0.6999999881
8519  10.424  -73.440  -9.856 0.5000000000
9305  11.461  -72.632  -11.327 0.6000000238
9286  10.544  -73.121  -11.297 0.5000000000
7754  9.649  -73.959  -11.220 0.6000000238
7771  8.548  -74.759  -12.265 0.6999999881
7098  7.887  -75.071  -12.550 0.6999999881
8542  9.929  -73.251  -11.673 0.5000000000
8558  8.988  -73.912  -12.006 0.6000000238
7784  8.192  -74.566  -12.403 0.6000000238
9308  7.300  -73.271  -11.022 0.6000000238
9325  10.939  -72.661  -11.417 0.6000000238
9326  8.933  -73.437  -11.903 0.6000000238
9307  8.360  -72.784  -11.325 0.6000000238
10083  10.186  -72.289  -11.449 0.5000000000
9306  9.389  -72.546  -11.468 0.5000000000
10068  7.649  -72.249  -10.302 0.6000000238
129655  5.364  -72.550  -9.179 0.6000000238
10035  5.235  -71.854  -8.543 0.6999999881
9256  5.895  -71.628  -7.431 0.6000000238
9246  5.679  -72.499  -6.938 0.6999999881
10067  8.782  -71.936  -10.614 0.6000000238
10052  6.877  -71.579  -9.438 0.6000000238
10053  5.760  -71.693  -9.036 0.6999999881
10797  6.244  -70.722  -7.468 0.5000000000
5790  13.531  -77.050  -4.769 0.8999999762
5263  15.460  -78.271  -6.881 0.6000000238
5256  15.484  -78.134  -6.103 0.6999999881
5801  12.824  -76.893  -5.221 0.8000000119
5245  11.944  -78.052  -5.989 0.6999999881
5807  12.287  -76.665  -6.072 0.6999999881
6354  12.830  -76.034  -5.671 0.8000000119
125381  13.913  -81.020  -9.275 0.6999999881
7694  12.185  -74.906  -6.704 0.8000000119
7035  11.632  -75.676  -6.981 0.6000000238
8483  12.760  -73.674  -7.542 0.6999999881
8497  12.479  -73.232  -8.293 0.6000000238
2717  16.267  -83.549  -9.498 0.8000000119
2266  16.468  -84.356  -10.147 0.8000000119
9268  11.763  -72.811  -9.081 0.5000000000
2265  17.387  -84.698  -9.789 0.8000000119
8518  11.021  -73.151  -9.108 0.5000000000
9304  12.308  -72.480  -11.487 0.5000000000
9324  11.965  -72.308  -11.698 0.6000000238
10081  11.681  -72.189  -11.694 0.6000000238
10064  11.339  -71.489  -11.375 0.6000000238
10010  7.930  -71.367  -6.666 0.5000000000
10066  9.767  -71.706  -10.843 0.5000000000
10011  7.075  -71.501  -7.120 0.5000000000
9245  6.934  -72.135  -7.064 0.6000000238
10050  9.270  -71.092  -9.812 0.6000000238
10051  8.153  -71.459  -9.611 0.6999999881
10822  6.434  -70.863  -8.622 0.6999999881
10034  5.733  -71.089  -8.209 0.6999999881
10856  10.276  -70.939  -10.281 0.6000000238
10823  6.380  -70.098  -7.964 0.6000000238
10839  9.999  -70.463  -9.500 0.6999999881
10840  8.417  -70.643  -9.035 0.6000000238
116155  7.318  -70.021  -8.413 0.5000000000
5799  15.291  -77.361  -5.561 0.6999999881
6351  15.007  -76.505  -5.645 0.6999999881
6352  14.285  -76.101  -5.478 0.6999999881
6993  13.479  -75.620  -5.692 0.8000000119
7014  13.455  -75.027  -6.097 0.6999999881
7716  13.391  -74.055  -7.146 0.6999999881
7693  13.038  -74.549  -6.470 0.6999999881
10000  9.374  -71.860  -5.641 0.5000000000
10079  12.942  -71.693  -12.285 0.5000000000
10080  12.262  -71.992  -12.051 0.6000000238
9243  8.841  -72.158  -6.251 0.5000000000
10867  12.476  -70.999  -11.697 0.5000000000
10866  13.367  -70.812  -11.887 0.5000000000
10868  11.897  -71.457  -11.640 0.6000000238
10065  10.602  -71.561  -11.084 0.6000000238
10798  6.215  -70.255  -7.623 0.5000000000
10853  13.030  -70.339  -10.921 0.5000000000
132862  12.396  -70.475  -11.043 0.6000000238
10838  10.778  -70.389  -9.830 0.6000000238
114147  11.537  -70.299  -10.116 0.6000000238
6381  15.321  -76.530  -6.910 0.6999999881
6365  14.947  -75.855  -6.326 0.6999999881
6992  14.150  -75.296  -6.038 0.6999999881
10820  9.697  -70.085  -8.844 0.5000000000
127926  13.945  -70.403  -11.053 0.5000000000
119810  8.237  -69.179  -7.727 0.5000000000
113988  13.070  -70.394  -9.667 0.5000000000
114721  11.090  -70.236  -9.311 0.5000000000
126617  10.417  -70.250  -9.205 0.5000000000
10821  8.599  -69.812  -8.487 0.5000000000
11617  9.899  -69.784  -7.763 0.5000000000
113306  10.248  -69.778  -6.626 0.5000000000
10816  13.580  -70.467  -7.847 0.5000000000
10795  12.005  -70.438  -7.227 0.5000000000
11631  9.301  -69.682  -8.172 0.5000000000
114027  14.052  -70.588  -8.670 0.5000000000
10818  11.453  -70.327  -8.386 0.5000000000
10819  10.354  -70.089  -8.545 0.5000000000
113864  14.033  -70.477  -9.851 0.5000000000
114490  12.099  -70.332  -9.311 0.5000000000
10794  13.042  -70.366  -7.147 0.5000000000
8421  11.403  -73.059  -4.081 0.6000000238
135167  10.070  -73.980  -4.316 0.6000000238
9205  10.825  -72.683  -4.681 0.5000000000
8375  11.090  -73.725  -2.851 0.6999999881
8376  10.186  -74.038  -3.015 0.6000000238
8400  9.813  -74.249  -3.715 0.6000000238
8377  8.749  -73.856  -2.095 0.6999999881
125270  11.081  -73.704  -1.999 0.6000000238
113707  10.333  -73.798  -2.301 0.6999999881
121969  9.554  -73.817  -2.204 0.6999999881
122801  8.490  -74.447  -2.760 0.6999999881
8342  8.670  -73.109  -1.001 0.8000000119
8353  11.951  -73.603  -1.585 0.5000000000
8374  12.047  -73.433  -2.444 0.5000000000
8355  9.807  -73.532  -1.418 0.8000000119
9120  8.455  -72.681  0.711 0.6999999881
8338  12.410  -73.267  -1.162 0.5000000000
8373  12.483  -72.926  -2.259 0.5000000000
9132  8.345  -72.740  -0.231 0.6999999881
8341  9.264  -73.177  -0.502 0.6999999881
8354  10.991  -73.624  -1.130 0.6999999881
126873  7.810  -72.476  1.394 0.6999999881
9106  8.802  -72.903  1.534 0.6999999881
8339  11.904  -73.642  -0.733 0.6000000238
116666  9.920  -73.304  0.064 0.8000000119
12205  8.038  -68.821  5.179 0.6999999881
11437  7.638  -69.531  5.486 0.8000000119
131878  13.160  -72.679  1.579 0.4000000060
9086  7.414  -72.546  2.291 0.6999999881
9105  12.719  -73.256  1.505 0.5000000000
9085  8.216  -72.780  2.325 0.6999999881
120970  12.378  -73.435  0.731 0.6000000238
8313  11.492  -73.684  1.080 0.6000000238
9131  9.089  -72.975  0.296 0.6999999881
8327  10.703  -73.521  0.584 0.8000000119
8328  9.647  -73.221  0.955 0.8000000119
17692  6.210  -62.454  2.896 0.5000000000
18657  5.874  -61.451  1.504 0.5000000000
17701  5.067  -61.910  1.519 0.5000000000
13960  7.074  -66.104  2.768 0.5000000000
13941  8.289  -66.735  3.586 0.6000000238
14868  7.709  -65.364  2.875 0.6000000238
14869  6.179  -65.749  2.100 0.6000000238
14887  3.382  -65.115  0.561 0.6000000238
13063  7.326  -67.204  3.714 0.6999999881
13045  7.922  -67.697  4.062 0.6999999881
13046  7.031  -67.627  4.374 0.6999999881
8268  8.421  -73.314  4.588 0.6999999881
9035  8.381  -72.515  5.441 0.6999999881
122848  8.606  -70.965  5.587 0.8000000119
8311  12.653  -73.442  2.242 0.5000000000
130501  8.503  -73.108  3.053 0.6999999881
8312  12.130  -73.720  1.483 0.6000000238
8299  8.999  -73.187  2.544 0.8000000119
8314  10.548  -73.523  1.467 0.6999999881
8298  9.795  -73.432  2.780 0.8000000119
8315  9.693  -73.327  1.928 0.8000000119
18639  7.859  -61.994  3.319 0.5000000000
18656  6.745  -61.656  2.131 0.6000000238
18669  8.189  -61.412  2.293 0.5000000000
18670  7.255  -61.073  1.510 0.6000000238
17702  4.209  -62.182  0.826 0.6000000238
18673  4.853  -61.531  0.458 0.6000000238
17713  3.984  -62.865  0.045 0.5000000000
15768  7.947  -64.581  2.647 0.5000000000
15769  6.959  -64.959  2.374 0.5000000000
14847  8.980  -65.889  3.631 0.6000000238
15785  5.584  -64.660  1.049 0.6000000238
14879  5.424  -65.470  1.355 0.6999999881
16744  3.514  -63.768  0.235 0.6000000238
122879  8.944  -66.748  3.886 0.6000000238
126939  7.912  -67.208  3.659 0.6999999881
119106  6.816  -66.751  3.187 0.6999999881
13961  6.147  -66.362  2.513 0.6999999881
13979  5.403  -66.107  1.724 0.8000000119
15787  4.098  -65.154  0.355 0.6999999881
13044  8.661  -67.756  4.257 0.6999999881
12223  8.395  -68.266  4.564 0.6999999881
12204  8.870  -68.812  4.980 0.6999999881
11436  8.530  -69.466  5.362 0.8000000119
120887  9.445  -71.027  5.564 0.8000000119
10614  8.179  -70.214  5.549 0.8000000119
8295  12.389  -73.576  2.961 0.5000000000
8248  11.965  -73.091  4.992 0.6000000238
8267  9.316  -73.262  4.908 0.8000000119
9843  8.943  -71.851  5.605 0.8000000119
115443  11.352  -73.734  1.920 0.6000000238
8280  11.721  -73.668  3.404 0.6999999881
8282  9.266  -73.413  3.740 0.8000000119
8297  11.250  -73.711  2.699 0.6999999881
8281  10.561  -73.589  3.392 0.6999999881
116011  10.522  -73.575  2.359 0.8000000119
19611  8.886  -61.352  3.103 0.4000000060
18654  8.441  -61.724  2.978 0.5000000000
19625  8.023  -60.698  1.072 0.4000000060
18671  6.241  -60.819  0.805 0.5000000000
18685  4.922  -61.863  -0.261 0.5000000000
14867  8.492  -65.114  3.183 0.5000000000
16735  6.564  -63.752  1.014 0.6000000238
15794  5.421  -64.045  0.325 0.6000000238
16743  4.366  -63.648  -0.234 0.6000000238
135228  5.016  -64.548  0.393 0.6999999881
15795  4.534  -64.353  0.067 0.6999999881
13061  9.344  -67.261  4.276 0.6000000238
11435  9.323  -69.433  5.276 0.8000000119
9033  10.930  -72.678  5.345 0.6999999881
8266  10.217  -73.423  4.463 0.6999999881
9053  10.154  -72.884  5.329 0.8000000119
9842  9.816  -71.982  5.609 0.8000000119
8265  11.163  -73.513  4.265 0.6999999881
20575  9.516  -60.943  3.002 0.4000000060
20556  9.431  -59.839  3.406 0.4000000060
112310  9.078  -60.737  1.425 0.5000000000
19624  8.967  -61.235  2.482 0.4000000060
128716  8.421  -59.577  3.691 0.5000000000
18683  6.107  -60.608  0.158 0.5000000000
111778  6.294  -62.306  -0.422 0.5000000000
16749  5.666  -62.911  -0.422 0.5000000000
127477  7.996  -62.032  -0.579 0.5000000000
16742  5.035  -63.563  -0.259 0.6999999881
12222  9.296  -68.176  4.567 0.6000000238
10612  9.827  -70.150  5.436 0.8000000119
9841  11.455  -72.186  5.460 0.6000000238
123692  11.304  -71.332  5.532 0.6000000238
10611  11.161  -70.560  5.498 0.6999999881
12203  10.106  -69.307  5.256 0.6999999881
126781  10.678  -72.041  5.554 0.6999999881
22461  8.844  -57.560  3.291 0.3000000119
19636  9.672  -60.346  0.970 0.4000000060
19623  9.778  -60.786  2.194 0.3000000119
20574  10.182  -60.367  2.714 0.4000000060
21506  10.361  -59.389  3.023 0.4000000060
21492  9.407  -58.698  3.349 0.4000000060
115547  8.401  -60.197  0.194 0.4000000060
22471  9.683  -57.134  2.938 0.3000000119
19626  6.830  -60.404  0.279 0.4000000060
112114  7.844  -62.575  0.016 0.5000000000
19637  7.000  -60.309  0.029 0.4000000060
112219  8.240  -63.036  0.794 0.6000000238
112104  7.966  -60.218  -0.147 0.4000000060
127258  8.773  -62.291  -0.464 0.4000000060
112132  7.377  -61.197  -0.502 0.5000000000
127305  9.566  -68.808  5.005 0.6999999881
117996  10.412  -71.009  5.529 0.6999999881
21493  8.437  -58.473  3.537 0.4000000060
115843  9.813  -58.176  3.176 0.4000000060
112137  7.974  -60.538  -0.411 0.4000000060
111779  8.607  -61.752  -0.822 0.4000000060
127481  8.619  -60.668  -1.015 0.4000000060
20573  10.845  -60.084  2.393 0.3000000119
21505  11.259  -59.441  2.455 0.3000000119
125033  10.738  -58.309  2.847 0.3000000119
128741  10.582  -57.220  2.702 0.3000000119
19622  11.308  -59.929  1.903 0.3000000119
129835  8.984  -60.015  -0.220 0.3000000119
112049  9.088  -60.240  -1.293 0.3000000119
128462  9.135  -59.820  -0.916 0.3000000119
112175  9.666  -60.137  -1.774 0.3000000119
22485  11.652  -58.755  2.454 0.3000000119
22470  11.456  -57.818  2.582 0.3000000119
21519  11.921  -59.276  2.034 0.3000000119
112759  12.004  -57.424  2.376 0.3000000119
112154  9.953  -59.287  -1.199 0.3000000119
19663  10.156  -59.604  -2.096 0.3000000119
133669  12.946  -58.273  1.599 0.3000000119
21548  10.572  -58.740  -1.724 0.3000000119
7753  9.923  -74.334  -10.036 0.6000000238
7062  9.454  -74.901  -11.462 0.6999999881
18697  6.211  -61.206  -0.339 0.4000000060
112134  5.983  -63.289  0.026 0.6000000238
23383  11.133  -56.682  2.432 0.3000000119
3111  13.747  -82.885  -3.988 0.6999999881
3578  11.383  -81.270  -4.425 0.6999999881
3591  15.871  -80.908  -6.596 0.8000000119
1526  16.397  -86.387  -6.748 0.6000000238
122964  15.463  -79.680  -7.036 0.6000000238
5802  12.257  -77.368  -5.832 0.6999999881
2705  16.781  -83.221  -8.643 0.8000000119
2248  18.110  -85.033  -8.554 0.6999999881
2257  18.084  -85.160  -9.337 0.8000000119
10019  5.127  -71.728  -8.112 0.6999999881
124729  10.148  -73.907  -9.544 0.5000000000
9327  8.099  -73.557  -11.837 0.6000000238
8463  7.100  -72.621  -6.577 0.6000000238
6366  12.253  -75.809  -6.342 0.8000000119
8517  12.690  -72.850  -9.359 0.5000000000
9284  12.030  -72.518  -10.167 0.6000000238
10854  11.847  -70.673  -11.038 0.6000000238
363  18.736  -91.583  -5.606 0.4000000060
534  19.202  -91.183  -5.691 0.4000000060
121957  19.169  -91.111  -6.518 0.3000000119
368  18.712  -91.559  -6.045 0.4000000060
369  18.033  -91.974  -5.424 0.4000000060
364  18.108  -91.905  -4.821 0.4000000060
743  20.265  -89.992  -8.325 0.4000000060
733  20.383  -90.161  -7.740 0.5000000000
734  20.090  -90.538  -7.418 0.5000000000
122398  20.056  -90.366  -7.923 0.3000000119
537  19.627  -90.973  -6.574 0.4000000060
735  19.454  -90.373  -7.634 0.3000000119
538  19.315  -91.298  -6.166 0.3000000119
549  19.182  -90.767  -7.034 0.3000000119
124447  19.340  -89.760  -8.634 0.4000000060
755  19.875  -89.643  -9.232 0.4000000060
754  20.583  -89.571  -8.763 0.5000000000
756  18.745  -89.219  -9.823 0.3000000119
736  18.047  -89.970  -7.340 0.4000000060
744  18.198  -89.539  -8.277 0.3000000119
982  16.732  -89.084  -7.572 0.4000000060
724  16.916  -89.887  -6.894 0.4000000060
725  15.869  -89.323  -6.813 0.4000000060
766  19.465  -89.167  -10.093 0.4000000060
1021  19.071  -88.062  -11.553 0.4000000060
1016  18.665  -88.454  -10.759 0.4000000060
1285  18.180  -87.097  -12.505 0.5000000000
757  17.928  -89.112  -9.489 0.4000000060
124122  18.156  -87.640  -11.077 0.4000000060
981  17.287  -89.138  -8.258 0.4000000060
1267  17.701  -88.366  -10.114 0.4000000060
1247  17.178  -88.591  -8.294 0.4000000060
1234  15.463  -87.535  -6.751 0.6000000238
970  16.044  -87.938  -6.943 0.4000000060
1923  18.176  -86.779  -12.498 0.6000000238
1569  17.607  -86.798  -12.241 0.6000000238
1559  17.524  -86.939  -12.070 0.6000000238
133291  18.086  -86.921  -10.917 0.6000000238
1904  17.776  -86.273  -10.946 0.6999999881
1547  17.576  -87.674  -8.462 0.5000000000
1546  18.228  -86.877  -8.993 0.6000000238
1898  18.210  -85.765  -9.808 0.6999999881
2284  16.822  -85.177  -11.759 0.6999999881
1906  16.651  -85.302  -11.624 0.6999999881
1917  17.349  -86.213  -12.088 0.6000000238
1918  16.971  -85.812  -11.881 0.6999999881
2272  15.831  -84.694  -10.936 0.6999999881
2733  15.711  -84.023  -10.349 0.6999999881
2718  15.327  -83.295  -9.811 0.6999999881
1905  16.958  -85.709  -11.625 0.6999999881
2271  16.472  -85.192  -10.952 0.6999999881
1899  17.655  -85.495  -10.344 0.6999999881
2745  16.233  -84.052  -11.879 0.5000000000
2293  15.070  -84.110  -12.002 0.6000000238
2285  16.139  -84.875  -11.344 0.6999999881
2286  15.305  -84.367  -11.431 0.6000000238
2274  14.898  -84.170  -11.196 0.6999999881
2746  14.221  -83.736  -11.187 0.6999999881
2734  14.937  -83.833  -10.629 0.6999999881
3183  14.334  -83.074  -10.256 0.6000000238
2287  14.680  -84.042  -11.675 0.6000000238
2294  14.137  -83.866  -12.438 0.6000000238
2288  13.804  -83.823  -12.057 0.6000000238
4120  14.079  -80.169  -9.067 0.5000000000
3112  10.547  -82.558  -4.146 0.6000000238
3103  11.245  -82.563  -3.629 0.6000000238
2735  13.612  -83.085  -10.920 0.6000000238
3184  13.660  -82.400  -10.354 0.6000000238
123899  13.439  -81.101  -9.912 0.5000000000
4121  13.568  -80.351  -9.759 0.5000000000
124481  10.402  -81.763  -5.659 0.6000000238
3584  11.001  -81.100  -5.411 0.6000000238
3579  10.786  -81.808  -4.778 0.6000000238
2747  13.495  -83.421  -11.651 0.6000000238
3639  13.287  -81.635  -10.471 0.5000000000
3623  13.725  -81.711  -9.815 0.5000000000
4099  10.743  -80.386  -7.567 0.6000000238
4693  11.320  -79.487  -6.520 0.6000000238
4088  10.763  -80.634  -6.674 0.6000000238
3585  10.552  -81.200  -6.242 0.6000000238
4081  10.910  -80.699  -6.047 0.6000000238
4683  11.730  -78.934  -5.877 0.6000000238
119302  11.435  -79.745  -5.895 0.6000000238
5819  15.399  -77.413  -7.177 0.6000000238
129589  13.186  -82.439  -11.156 0.6000000238
4706  11.152  -79.424  -7.343 0.6000000238
116677  11.441  -77.736  -7.536 0.6000000238
5257  11.503  -78.504  -6.816 0.6000000238
133856  11.489  -77.022  -7.291 0.6000000238
6382  11.308  -76.372  -7.524 0.5000000000
5808  11.791  -77.404  -6.605 0.6000000238
6367  11.756  -76.488  -6.772 0.5000000000
3599  10.282  -81.243  -8.060 0.6999999881
5265  11.311  -78.594  -7.893 0.6000000238
123558  11.234  -77.045  -8.126 0.6000000238
6404  10.893  -76.246  -8.490 0.6000000238
5331  10.354  -78.294  -12.604 0.6000000238
4719  11.100  -79.521  -8.514 0.6000000238
118114  11.299  -78.582  -8.788 0.6000000238
112424  10.916  -76.983  -9.530 0.5000000000
118320  10.611  -77.272  -11.116 0.6000000238
5312  10.876  -78.107  -11.489 0.6000000238
129081  9.601  -77.858  -12.872 0.6000000238
5281  11.273  -78.933  -9.434 0.6000000238
5843  11.174  -78.068  -9.918 0.6000000238
6419  10.288  -76.571  -10.944 0.6000000238
6435  9.686  -76.874  -12.173 0.5000000000
5871  9.171  -77.367  -12.749 0.5000000000
7061  10.076  -75.052  -9.984 0.6000000238
6420  9.575  -75.947  -11.608 0.6000000238
6436  8.660  -76.662  -12.298 0.6000000238
7082  7.940  -75.906  -12.386 0.6999999881
6437  8.270  -76.799  -11.794 0.6999999881
6421  8.107  -76.319  -10.343 0.6999999881
7052  8.180  -75.879  -8.979 0.6999999881
7081  8.397  -75.641  -12.452 0.6000000238
7772  7.188  -74.460  -11.252 0.6999999881
116236  7.767  -75.986  -11.755 0.6999999881
7063  7.664  -75.443  -10.405 0.6999999881
7064  7.144  -74.479  -9.786 0.6000000238
7785  7.473  -74.640  -12.147 0.6000000238
4730  13.860  -79.455  -9.549 0.5000000000
4729  14.427  -79.336  -8.843 0.5000000000
5297  13.704  -78.679  -10.013 0.5000000000
5296  14.238  -78.630  -9.300 0.5000000000
5889  12.924  -77.136  -12.126 0.6000000238
5330  12.997  -78.100  -11.751 0.6000000238
131194  13.968  -77.919  -9.760 0.6000000238
5857  14.525  -77.795  -9.001 0.6000000238
115494  14.728  -76.921  -8.618 0.6000000238
131733  13.182  -76.907  -11.336 0.5000000000
5858  13.539  -77.190  -10.415 0.6000000238
6403  14.869  -76.061  -8.047 0.6000000238
7080  13.671  -75.671  -10.689 0.6000000238
7060  13.866  -75.693  -9.831 0.5000000000
6417  14.252  -76.114  -9.086 0.6000000238
126338  14.790  -75.397  -7.217 0.6000000238
7079  13.934  -74.902  -11.093 0.5000000000
7050  14.465  -75.258  -8.229 0.6000000238
8496  13.252  -73.645  -7.962 0.5000000000
130894  13.710  -73.570  -9.351 0.5000000000
7692  13.803  -74.707  -6.554 0.6000000238
7735  14.071  -74.460  -8.364 0.6000000238
121461  18.288  -86.429  -9.941 0.6999999881
5280  14.801  -78.500  -8.567 0.5000000000
112869  10.451  -75.997  -9.808 0.6000000238
7083  7.493  -75.279  -11.956 0.6999999881
5264  15.263  -78.351  -7.759 0.6000000238
7034  14.418  -75.116  -6.631 0.6000000238
124582  13.772  -74.012  -7.803 0.6000000238
540  19.685  -90.744  -6.977 0.3000000119
1006  17.850  -88.550  -10.141 0.3000000119
1022  18.387  -87.653  -11.682 0.5000000000
1281  17.894  -87.153  -12.203 0.6000000238
996  17.475  -88.846  -9.197 0.5000000000
1554  17.841  -87.672  -10.238 0.5000000000
1560  17.252  -86.293  -12.110 0.6000000238
2292  15.774  -84.502  -11.543 0.6999999881
5820  11.302  -77.821  -8.592 0.6000000238
7053  7.790  -75.213  -8.391 0.6000000238
7097  13.608  -75.642  -11.910 0.5000000000
115220  14.118  -77.083  -9.486 0.6000000238
6434  13.410  -76.347  -11.085 0.5000000000
6418  13.749  -76.372  -10.084 0.6000000238
121705  14.050  -75.138  -9.147 0.5000000000
7752  13.941  -74.211  -9.401 0.5000000000
81  15.331  -93.485  2.908 0.4000000060
91  16.540  -93.171  2.632 0.4000000060
126487  15.332  -93.237  2.515 0.5000000000
67  14.283  -93.326  4.989 0.5000000000
128218  12.849  -93.670  5.394 0.5000000000
11  11.777  -93.882  6.432 0.5000000000
73  13.888  -93.737  3.599 0.5000000000
185  16.944  -92.919  2.492 0.4000000060
314  17.248  -92.254  2.455 0.4000000060
315  16.258  -92.576  2.447 0.5000000000
126356  17.385  -89.951  -2.424 0.3000000119
700  17.055  -89.998  -1.420 0.3000000119
346  16.976  -91.632  -2.605 0.3000000119
358  17.429  -91.835  -3.819 0.3000000119
68  13.489  -93.377  5.931 0.5000000000
130802  12.712  -93.562  6.633 0.5000000000
72  15.300  -93.091  4.732 0.4000000060
71  15.813  -93.323  3.584 0.4000000060
132793  16.742  -93.272  2.825 0.3000000119
168  16.719  -93.187  3.388 0.3000000119
113905  15.928  -90.475  2.721 0.4000000060
184  17.989  -92.575  2.432 0.3000000119
124455  16.276  -91.507  2.725 0.5000000000
313  18.359  -92.309  2.142 0.3000000119
132070  17.485  -89.040  -2.704 0.3000000119
697  16.572  -89.324  -0.984 0.3000000119
530  17.495  -90.948  -3.276 0.3000000119
535  18.057  -90.687  -4.275 0.3000000119
120155  17.923  -91.513  -4.332 0.3000000119
66  14.870  -92.883  5.950 0.3000000119
61  14.207  -93.066  6.618 0.4000000060
169  16.205  -92.890  4.513 0.3000000119
183  18.801  -92.444  2.042 0.3000000119
662  17.462  -89.957  3.269 0.4000000060
663  16.442  -89.687  2.877 0.4000000060
480  17.770  -91.110  2.885 0.4000000060
312  19.118  -92.240  1.814 0.3000000119
1209  17.452  -87.476  -3.228 0.4000000060
937  17.409  -88.518  -1.944 0.4000000060
1199  17.135  -88.070  -1.463 0.4000000060
127029  16.714  -87.661  -1.193 0.4000000060
1200  15.810  -87.581  -1.259 0.4000000060
1486  15.511  -86.527  -1.210 0.5000000000
947  17.609  -88.754  -3.649 0.3000000119
710  17.644  -89.776  -3.505 0.3000000119
712  17.994  -89.472  -4.362 0.3000000119
126613  18.556  -91.398  -5.023 0.3000000119
715  19.661  -90.942  -6.289 0.3000000119
162  15.764  -92.663  6.034 0.3000000119
661  18.926  -89.495  2.865 0.3000000119
887  18.044  -89.213  3.238 0.3000000119
119483  17.047  -87.948  2.777 0.4000000060
897  16.212  -88.243  2.368 0.4000000060
182  19.432  -92.309  1.815 0.3000000119
125810  18.908  -90.572  2.438 0.3000000119
478  19.338  -91.539  1.640 0.3000000119
479  18.634  -91.525  2.200 0.3000000119
1799  14.217  -85.507  0.406 0.5000000000
1785  14.205  -85.819  0.841 0.5000000000
1864  18.064  -85.838  -4.878 0.3000000119
1509  17.679  -86.431  -4.379 0.3000000119
1502  17.424  -86.826  -3.596 0.3000000119
1198  17.407  -87.713  -2.178 0.4000000060
129881  16.334  -85.529  -1.017 0.5000000000
1830  14.839  -85.909  -1.027 0.5000000000
1216  17.602  -87.410  -4.230 0.3000000119
121462  17.144  -87.282  -1.600 0.4000000060
1189  16.509  -86.973  -1.233 0.4000000060
1485  16.411  -86.186  -1.164 0.5000000000
711  18.682  -90.447  -5.024 0.3000000119
716  19.414  -90.361  -5.705 0.3000000119
959  19.853  -90.345  -6.338 0.4000000060
895  18.512  -88.473  3.036 0.3000000119
1154  17.283  -87.186  2.669 0.4000000060
181  20.085  -92.146  1.642 0.3000000119
660  19.446  -90.303  1.863 0.3000000119
116347  19.424  -89.247  2.229 0.3000000119
1155  16.414  -87.446  2.354 0.4000000060
327  19.836  -92.009  1.386 0.3000000119
1162  15.186  -87.112  1.709 0.4000000060
135036  14.738  -85.811  1.302 0.5000000000
124453  15.398  -84.755  1.436 0.4000000060
1784  15.330  -85.450  1.610 0.5000000000
2226  18.698  -84.393  -5.162 0.3000000119
2170  14.797  -84.982  0.477 0.5000000000
2158  14.742  -85.179  1.052 0.5000000000
1853  17.654  -85.367  -4.222 0.3000000119
2192  15.773  -84.928  -0.526 0.4000000060
2169  15.505  -84.338  0.264 0.5000000000
1845  17.321  -86.077  -3.450 0.4000000060
1837  17.063  -85.773  -2.425 0.4000000060
133710  14.958  -84.938  -0.039 0.5000000000
1224  17.895  -87.089  -4.879 0.3000000119
1494  17.317  -86.805  -2.498 0.4000000060
1495  16.984  -86.477  -1.630 0.5000000000
960  18.642  -88.257  -5.532 0.3000000119
122726  19.758  -88.735  -6.485 0.3000000119
969  19.476  -89.283  -5.948 0.4000000060
968  20.140  -89.807  -6.659 0.4000000060
1530  12.364  -85.664  -7.552 0.5000000000
723  19.977  -90.587  -6.839 0.3000000119
336  20.972  -91.365  0.647 0.3000000119
488  20.001  -91.264  1.095 0.3000000119
1449  17.524  -86.418  2.630 0.3000000119
121334  20.444  -91.586  1.006 0.3000000119
116627  16.916  -85.641  2.479 0.3000000119
2156  15.866  -84.103  1.551 0.4000000060
2148  16.053  -84.898  2.076 0.3000000119
2671  19.033  -83.695  -5.303 0.3000000119
2614  15.756  -83.790  0.876 0.5000000000
2215  18.053  -84.459  -4.521 0.3000000119
2181  16.202  -84.113  -0.574 0.4000000060
117142  17.220  -85.274  -3.347 0.4000000060
2200  16.948  -84.785  -2.763 0.4000000060
131602  16.761  -85.135  -1.998 0.4000000060
2191  16.513  -84.895  -1.238 0.4000000060
1516  18.198  -86.513  -5.207 0.3000000119
1525  18.874  -86.736  -5.964 0.3000000119
1828  16.706  -85.718  -1.527 0.5000000000
1232  19.058  -87.946  -6.059 0.3000000119
1231  19.612  -87.629  -6.726 0.4000000060
1246  20.353  -89.056  -7.039 0.4000000060
1877  12.754  -85.305  -6.847 0.5000000000
1245  20.720  -89.382  -7.686 0.5000000000
1529  13.282  -85.805  -7.250 0.5000000000
487  20.707  -91.161  0.589 0.3000000119
3130  10.057  -81.813  -6.554 0.5000000000
2595  16.201  -83.383  1.410 0.3000000119
115715  16.373  -83.617  1.928 0.3000000119
3122  9.751  -82.460  -5.780 0.5000000000
3131  9.499  -82.401  -6.948 0.6000000238
3127  19.725  -82.705  -6.137 0.3000000119
2661  18.474  -83.764  -4.736 0.3000000119
2670  19.553  -83.637  -6.042 0.3000000119
2662  17.902  -83.740  -4.155 0.3000000119
2626  16.257  -83.269  -0.226 0.4000000060
2627  15.972  -83.694  0.183 0.4000000060
126665  11.486  -83.058  -3.467 0.5000000000
3156  9.305  -82.557  -9.111 0.5000000000
2207  17.411  -84.416  -3.665 0.3000000119
2201  16.688  -84.374  -2.045 0.3000000119
2646  16.640  -83.519  -1.893 0.3000000119
2654  12.061  -83.243  -3.435 0.5000000000
1871  19.093  -85.825  -6.023 0.3000000119
2664  13.301  -83.627  -4.409 0.5000000000
1536  19.818  -86.876  -7.220 0.3000000119
2229  12.833  -84.627  -5.578 0.5000000000
1865  13.126  -84.876  -6.353 0.6000000238
1256  20.839  -87.758  -8.392 0.4000000060
132041  20.939  -88.850  -8.117 0.5000000000
2240  13.917  -84.836  -6.404 0.5000000000
1255  21.260  -88.747  -8.663 0.4000000060
722  20.451  -90.043  -7.301 0.4000000060
1528  14.186  -86.065  -6.826 0.6000000238
1273  22.952  -87.684  -10.530 0.3000000119
128026  21.838  -88.390  -10.225 0.4000000060
994  21.072  -89.137  -8.694 0.4000000060
114862  20.610  -89.837  -7.768 0.3000000119
1527  15.059  -86.125  -6.557 0.6000000238
1277  22.977  -87.456  -11.205 0.3000000119
1274  22.309  -87.933  -10.732 0.5000000000
1019  21.267  -88.096  -11.066 0.4000000060
765  20.321  -89.274  -9.693 0.4000000060
116329  14.774  -86.898  -6.714 0.6000000238
114270  22.312  -86.264  -12.013 0.3000000119
1568  22.132  -87.024  -11.893 0.5000000000
1020  20.168  -88.246  -11.401 0.4000000060
1920  21.441  -86.523  -12.210 0.4000000060
1282  20.855  -87.128  -12.328 0.5000000000
1279  19.412  -87.706  -12.177 0.4000000060
1283  19.697  -87.283  -12.479 0.5000000000
3140  9.423  -82.474  -8.021 0.6000000238
3116  19.274  -82.926  -5.479 0.3000000119
115222  18.741  -83.061  -4.862 0.3000000119
117828  18.284  -83.216  -4.387 0.3000000119
3600  9.893  -81.867  -7.536 0.6000000238
3618  9.833  -81.976  -8.587 0.6000000238
3137  20.006  -83.174  -6.786 0.3000000119
3108  17.867  -83.044  -3.858 0.3000000119
115230  17.376  -82.946  -3.171 0.3000000119
3625  9.689  -81.978  -9.607 0.6000000238
2687  20.274  -83.554  -7.345 0.3000000119
2645  16.987  -83.771  -2.823 0.3000000119
3640  9.360  -81.805  -10.406 0.6000000238
1524  19.436  -86.333  -6.579 0.3000000119
118769  9.518  -81.149  -11.032 0.6000000238
135026  9.011  -81.570  -10.862 0.6000000238
3641  9.050  -81.053  -11.327 0.6000000238
113296  8.595  -81.027  -11.187 0.5000000000
129333  21.631  -87.672  -9.184 0.4000000060
1005  21.549  -88.618  -9.465 0.4000000060
1914  21.263  -85.717  -11.985 0.4000000060
1921  20.472  -86.453  -12.388 0.5000000000
3596  20.701  -81.824  -7.302 0.3000000119
123679  19.873  -81.984  -6.171 0.3000000119
112321  19.490  -82.102  -5.619 0.3000000119
3117  18.965  -82.236  -4.972 0.3000000119
3107  18.374  -82.435  -4.245 0.3000000119
3098  17.813  -82.313  -3.489 0.3000000119
3092  17.361  -82.148  -2.761 0.3000000119
3592  10.365  -81.199  -7.089 0.5000000000
3126  20.176  -82.309  -6.741 0.3000000119
4113  10.668  -80.584  -8.696 0.5000000000
3136  20.559  -82.808  -7.505 0.3000000119
3093  16.918  -82.805  -2.377 0.3000000119
3617  10.219  -81.374  -9.170 0.6000000238
3153  21.139  -83.084  -8.220 0.3000000119
3624  9.993  -81.358  -10.282 0.6000000238
1545  20.780  -86.491  -8.634 0.3000000119
4138  9.613  -80.541  -11.812 0.6000000238
4732  8.029  -79.656  -9.624 0.6000000238
4122  10.598  -80.753  -9.896 0.6000000238
125116  10.978  -80.102  -9.403 0.5000000000
4731  11.039  -80.056  -10.557 0.6000000238
4137  10.311  -80.592  -11.308 0.6000000238
4155  9.573  -80.093  -12.364 0.6000000238
4747  8.477  -80.152  -10.968 0.6000000238
5298  8.335  -79.271  -9.758 0.6000000238
4765  9.077  -79.737  -12.157 0.6000000238
4720  8.091  -79.089  -8.907 0.5000000000
121264  11.198  -79.059  -10.717 0.5000000000
4746  10.907  -79.816  -11.925 0.5000000000
5313  8.702  -79.159  -11.205 0.6000000238
5822  7.633  -77.308  -7.081 0.5000000000
7038  7.714  -75.598  -7.124 0.6000000238
6384  8.026  -76.409  -6.984 0.6000000238
5809  7.247  -76.517  -6.638 0.5000000000
7016  7.242  -75.741  -6.589 0.6000000238
6368  6.545  -75.710  -6.300 0.6000000238
126853  10.967  -78.894  -12.058 0.5000000000
5872  8.669  -77.973  -11.908 0.5000000000
5859  8.517  -77.678  -10.971 0.5000000000
120369  8.590  -78.570  -10.408 0.6000000238
117128  8.484  -77.217  -9.826 0.6000000238
5844  8.457  -77.340  -8.261 0.5000000000
5266  8.112  -77.926  -7.747 0.5000000000
6405  8.435  -76.549  -8.713 0.6000000238
7037  8.288  -76.021  -7.794 0.6000000238
7017  6.235  -74.814  -6.124 0.5000000000
9088  5.550  -72.069  2.027 0.5000000000
5332  9.605  -78.530  -12.895 0.5000000000
133061  8.453  -77.347  -11.941 0.6000000238
9071  4.540  -72.667  3.565 0.5000000000
9055  4.073  -72.726  4.629 0.6000000238
134581  5.175  -72.938  3.713 0.6000000238
9070  5.434  -72.579  2.962 0.6000000238
9089  4.749  -72.187  2.490 0.5000000000
116162  5.731  -71.618  1.219 0.5000000000
7676  5.154  -73.562  -5.026 0.5000000000
6994  5.295  -73.665  -5.345 0.5000000000
133561  7.900  -70.900  5.591 0.6000000238
123454  7.334  -70.410  5.590 0.6999999881
9845  7.298  -71.340  5.609 0.6000000238
122654  6.493  -70.855  5.621 0.6999999881
125085  5.732  -71.441  5.654 0.6000000238
9847  5.010  -72.177  5.613 0.6000000238
9037  6.531  -72.604  5.430 0.6000000238
9846  5.927  -72.230  5.546 0.6000000238
9844  8.099  -71.662  5.593 0.6000000238
8252  7.099  -73.032  5.251 0.6000000238
9038  5.732  -72.825  5.309 0.6000000238
115809  4.157  -72.505  5.420 0.6000000238
8269  7.567  -73.317  4.656 0.6000000238
8253  6.418  -73.068  5.218 0.6000000238
134900  5.391  -73.130  5.080 0.5000000000
9039  4.911  -72.871  5.214 0.6000000238
8270  6.789  -73.300  4.675 0.6000000238
8286  5.696  -73.105  3.824 0.6000000238
9068  7.015  -72.718  3.067 0.6000000238
8285  6.475  -73.194  3.877 0.6000000238
9087  6.661  -72.416  2.306 0.6000000238
9108  6.245  -72.077  1.680 0.5000000000
9928  5.527  -71.662  -0.053 0.5000000000
9135  6.018  -72.272  -0.492 0.5000000000
9145  5.731  -73.019  -0.913 0.5000000000
8358  6.362  -73.747  -1.439 0.5000000000
10615  5.614  -70.446  5.685 0.6000000238
11439  5.436  -69.482  5.684 0.6999999881
8284  7.892  -73.341  4.012 0.5000000000
9107  6.954  -72.238  1.544 0.6000000238
9900  7.149  -72.191  0.861 0.6000000238
9921  6.427  -71.876  0.829 0.5000000000
9920  6.922  -72.165  0.194 0.6000000238
9144  6.625  -72.797  -0.997 0.5000000000
8357  7.267  -73.426  -1.454 0.6000000238
13043  10.853  -67.601  4.698 0.4000000060
12225  6.657  -68.139  5.016 0.6999999881
118925  5.222  -67.216  4.652 0.5000000000
13030  4.786  -67.516  5.300 0.5000000000
12202  10.993  -69.134  5.342 0.6000000238
12221  10.303  -68.425  4.918 0.5000000000
13029  5.430  -67.729  5.118 0.6000000238
12208  5.210  -68.456  5.548 0.5000000000
11433  11.538  -69.879  5.478 0.5000000000
12224  7.565  -68.224  4.739 0.6000000238
12226  5.901  -68.088  5.199 0.8000000119
12206  7.119  -68.817  5.344 0.6999999881
12207  6.122  -68.750  5.433 0.8000000119
10616  4.905  -70.231  5.921 0.6999999881
9121  7.682  -72.426  0.422 0.6000000238
9143  7.367  -72.744  -0.954 0.6000000238
13048  4.828  -66.756  4.084 0.5000000000
126565  10.018  -67.692  4.554 0.5000000000
13064  6.551  -67.107  3.850 0.6999999881
129952  4.589  -66.956  4.711 0.5000000000
12219  12.358  -68.248  5.110 0.4000000060
12220  11.390  -68.297  5.122 0.4000000060
11432  12.523  -69.959  5.459 0.4000000060
10609  12.640  -70.816  5.488 0.5000000000
9052  12.567  -72.918  4.895 0.4000000060
13943  5.133  -66.581  3.233 0.5000000000
13921  3.998  -66.693  4.283 0.5000000000
13920  10.318  -66.931  4.424 0.3000000119
13940  9.720  -66.398  4.042 0.3000000119
13065  5.685  -66.929  3.986 0.6000000238
10608  13.272  -70.529  5.371 0.4000000060
9859  13.681  -71.935  4.960 0.4000000060
8279  12.593  -73.424  3.695 0.4000000060
13962  5.344  -66.395  2.319 0.6000000238
13942  6.023  -66.683  3.147 0.6000000238
9051  13.267  -72.669  4.635 0.4000000060
13963  4.414  -66.342  2.438 0.5000000000
13944  4.166  -66.513  3.406 0.5000000000
14844  11.990  -65.573  3.421 0.3000000119
13939  10.677  -66.140  4.136 0.3000000119
14846  10.054  -65.559  3.698 0.3000000119
14866  9.452  -64.915  3.307 0.4000000060
9066  13.727  -72.793  3.426 0.3000000119
8294  13.099  -73.244  3.060 0.4000000060
9084  13.667  -72.738  2.629 0.4000000060
13980  4.614  -66.125  1.542 0.6000000238
13964  3.333  -66.213  2.637 0.4000000060
15767  8.900  -64.367  2.753 0.4000000060
14843  12.891  -65.767  3.136 0.3000000119
14863  12.366  -65.177  2.611 0.3000000119
14881  3.915  -65.698  0.875 0.5000000000
15783  8.283  -63.845  2.212 0.4000000060
15784  7.316  -64.086  2.015 0.4000000060
112074  7.175  -63.086  0.417 0.5000000000
16733  8.566  -63.422  1.577 0.4000000060
16734  7.698  -63.499  1.430 0.4000000060
18694  11.014  -61.488  -0.692 0.3000000119
18695  9.997  -61.458  -1.140 0.3000000119
17721  10.429  -62.014  -0.424 0.3000000119
18696  9.139  -61.677  -1.036 0.3000000119
18704  9.931  -60.720  -1.698 0.3000000119
20557  8.857  -60.709  3.507 0.4000000060
19645  11.398  -60.735  -1.325 0.3000000119
3086  16.652  -82.642  -1.476 0.3000000119
8356  8.127  -73.251  -1.384 0.6000000238
10610  11.909  -70.674  5.522 0.5000000000
128584  8.728  -62.731  0.252 0.3000000119
742  20.673  -89.762  -8.110 0.3000000119
134336  20.985  -89.170  -9.281 0.4000000060
4764  9.663  -79.453  -12.760 0.5000000000
113472  14.863  -93.494  3.639 0.5000000000
938  17.121  -88.923  -1.309 0.4000000060
124098  16.855  -90.767  3.114 0.4000000060
664  15.582  -89.500  2.327 0.4000000060
118420  17.484  -88.225  -2.926 0.4000000060
929  16.594  -88.366  -1.090 0.4000000060
54  14.189  -92.904  7.738 0.3000000119
128323  19.163  -92.445  2.101 0.3000000119
474  18.326  -90.238  3.077 0.3000000119
896  16.958  -88.858  2.990 0.4000000060
123154  16.078  -88.937  2.446 0.4000000060
120298  17.526  -88.009  -3.740 0.3000000119
951  17.805  -88.375  -4.402 0.4000000060
134643  17.676  -88.395  3.073 0.4000000060
1156  15.612  -87.709  1.968 0.4000000060
1829  15.704  -85.736  -0.874 0.5000000000
1866  12.403  -85.067  -6.091 0.5000000000
950  18.521  -89.107  -5.140 0.4000000060
671  19.811  -89.639  1.508 0.3000000119
1450  16.649  -86.611  2.400 0.4000000060
1451  15.846  -86.901  2.036 0.4000000060
1457  15.264  -86.337  1.684 0.5000000000
2157  15.244  -84.452  0.987 0.5000000000
1863  18.580  -85.824  -5.487 0.3000000119
1223  18.390  -87.357  -5.468 0.3000000119
1876  13.589  -85.355  -6.746 0.6000000238
1773  15.995  -85.982  2.090 0.4000000060
118740  16.514  -84.097  -1.356 0.3000000119
2216  13.243  -84.196  -5.196 0.5000000000
115569  20.363  -88.043  -7.588 0.4000000060
2586  16.671  -82.937  1.973 0.3000000119
2638  16.477  -83.400  -1.029 0.3000000119
1004  22.383  -88.128  -9.971 0.4000000060
1266  21.659  -88.450  -9.346 0.4000000060
995  20.842  -89.395  -8.148 0.4000000060
119470  23.883  -86.611  -11.433 0.3000000119
116820  22.468  -87.933  -9.840 0.3000000119
3566  18.197  -81.589  -3.661 0.3000000119
124360  17.742  -81.653  -3.083 0.3000000119
131579  21.833  -83.431  -8.611 0.3000000119
5282  8.454  -78.356  -8.999 0.5000000000
6383  8.376  -76.682  -7.740 0.6000000238
11438  6.526  -69.724  5.576 0.6999999881
13047  6.082  -67.530  4.641 0.6000000238
13938  11.609  -66.086  4.080 0.3000000119
14845  11.053  -65.452  3.633 0.3000000119
2673  15.510  -83.391  -5.706 0.5000000000
2674  14.681  -83.485  -5.409 0.5000000000
2744  16.897  -83.893  -11.747 0.6000000238
6453  8.655  -77.345  -12.383 0.4000000060
7695  6.758  -74.848  -6.580 0.5000000000
7740  5.940  -73.593  -9.084 0.5000000000
7739  7.024  -74.404  -8.411 0.5000000000
7720  7.135  -74.694  -7.415 0.5000000000
118204  6.097  -73.886  -6.924 0.5000000000
128877  6.509  -73.679  -10.256 0.5000000000
8498  5.239  -73.184  -8.194 0.5000000000
7721  6.149  -73.852  -7.836 0.5000000000
7696  5.794  -73.401  -5.997 0.5000000000
8485  5.320  -73.066  -7.176 0.6000000238
7675  5.387  -73.414  -5.207 0.5000000000
7599  7.004  -74.373  -1.991 0.5000000000
131977  5.459  -72.854  -6.699 0.6000000238
7639  6.054  -74.809  -3.521 0.5000000000
7618  6.663  -74.853  -2.710 0.5000000000
8464  5.970  -73.030  -6.329 0.6000000238
8426  5.374  -73.389  -5.021 0.6000000238
7659  5.166  -74.015  -4.615 0.5000000000
9257  5.046  -72.097  -7.623 0.6000000238
8444  5.777  -73.416  -5.423 0.6000000238
7638  7.012  -74.709  -3.611 0.6000000238
8443  6.882  -73.197  -5.928 0.6000000238
124456  7.573  -74.643  -2.718 0.5000000000
8425  6.299  -73.429  -5.106 0.6000000238
7658  6.026  -73.976  -4.484 0.6000000238
128514  4.459  -71.670  5.964 0.5000000000
8378  7.890  -74.054  -1.997 0.6000000238
118315  7.805  -73.745  -5.363 0.6000000238
7657  7.308  -74.186  -4.510 0.6000000238
7637  8.185  -74.593  -3.746 0.6000000238
128803  8.372  -74.248  -4.705 0.6000000238
15782  9.318  -63.678  2.056 0.3000000119
19594  8.343  -61.414  3.473 0.3000000119
1922  19.297  -86.533  -12.506 0.4000000060
1916  18.560  -85.878  -12.232 0.5000000000
2283  17.939  -84.662  -11.706 0.4000000060
130157  15.814  -86.056  -6.507 0.4000000060
2675  13.956  -83.909  -5.471 0.4000000060
2239  14.854  -84.699  -6.297 0.4000000060
119223  14.176  -84.394  -6.057 0.4000000060
1875  14.489  -85.416  -6.569 0.4000000060
1874  15.423  -85.424  -6.445 0.4000000060
121387  15.969  -83.288  -13.516 0.4000000060
2754  15.272  -83.547  -12.956 0.4000000060
2663  14.199  -83.240  -4.796 0.4000000060
3205  16.649  -83.047  -12.757 0.4000000060
2753  15.865  -83.685  -12.271 0.4000000060
2295  13.223  -83.913  -13.040 0.4000000060
2755  13.041  -83.679  -12.618 0.5000000000
8442  8.377  -73.171  -6.119 0.5000000000
9244  8.101  -72.305  -6.690 0.5000000000
8424  8.933  -73.869  -5.303 0.5000000000
9227  8.931  -72.753  -6.157 0.5000000000
9226  9.512  -72.619  -5.692 0.5000000000
7636  9.253  -74.301  -4.387 0.5000000000
8440  10.181  -73.043  -5.253 0.5000000000
11440  4.791  -69.308  5.965 0.4000000060
8423  9.788  -73.720  -4.957 0.5000000000
131513  9.047  -74.485  -3.515 0.5000000000
113843  16.323  -84.834  -11.580 0.5000000000
2752  16.773  -83.400  -12.064 0.4000000060
2296  14.574  -83.717  -12.986 0.4000000060
18  12.185  -93.894  5.393 0.4000000060
19  11.467  -94.155  5.152 0.4000000060
177  8.836  -93.193  3.703 0.4000000060
123688  13.343  -93.678  4.607 0.4000000060
69  12.566  -93.955  4.453 0.4000000060
131744  9.958  -93.520  3.752 0.4000000060
28  11.415  -94.215  3.902 0.4000000060
319  11.366  -92.132  2.792 0.4000000060
176  10.769  -93.428  3.406 0.4000000060
74  13.001  -93.968  3.593 0.5000000000
83  13.409  -93.873  2.856 0.4000000060
27  12.215  -94.199  3.587 0.4000000060
84  11.538  -93.697  2.981 0.4000000060
82  14.344  -93.674  2.859 0.5000000000
93  14.713  -93.411  2.577 0.5000000000
94  13.649  -93.595  2.442 0.5000000000
35  12.710  -94.133  3.120 0.4000000060
36  12.057  -94.152  3.096 0.4000000060
134342  14.050  -93.462  2.354 0.4000000060
41  13.136  -93.827  2.673 0.4000000060
491  12.682  -91.196  1.685 0.4000000060
197  12.413  -93.028  1.871 0.4000000060
190  12.024  -93.105  2.134 0.4000000060
127975  11.304  -93.914  3.382 0.4000000060
191  11.494  -92.986  2.832 0.4000000060
318  13.761  -92.606  1.853 0.5000000000
188  13.401  -93.388  2.091 0.4000000060
119163  12.782  -93.520  2.243 0.4000000060
43  11.886  -93.647  2.628 0.4000000060
329  13.233  -91.839  1.660 0.5000000000
120161  12.958  -92.940  1.693 0.4000000060
189  12.026  -93.239  1.878 0.4000000060
673  13.364  -89.673  1.392 0.3000000119
129877  12.611  -89.178  1.151 0.3000000119
906  13.278  -88.802  1.074 0.4000000060
905  14.575  -88.655  1.574 0.4000000060
672  14.036  -89.169  1.431 0.4000000060
1184  12.249  -87.124  -0.941 0.3000000119
116817  12.331  -87.931  0.123 0.4000000060
915  13.088  -87.889  0.629 0.4000000060
121792  13.942  -88.317  1.205 0.4000000060
1174  12.577  -87.135  -0.075 0.4000000060
1163  13.860  -87.348  0.992 0.4000000060
904  14.720  -87.794  1.532 0.3000000119
490  13.338  -90.702  1.583 0.3000000119
898  15.352  -88.593  1.972 0.3000000119
665  14.788  -89.360  1.840 0.4000000060
1470  12.729  -86.640  -0.573 0.4000000060
1173  13.216  -86.951  0.466 0.4000000060
1459  13.715  -86.415  0.662 0.4000000060
1458  14.483  -86.632  1.283 0.4000000060
489  14.158  -90.174  1.747 0.4000000060
1488  13.499  -86.513  -1.519 0.4000000060
1489  12.768  -86.715  -1.353 0.4000000060
1831  14.009  -85.824  -0.823 0.4000000060
1800  13.689  -85.766  -0.154 0.4000000060
1469  13.162  -86.297  0.016 0.4000000060
328  13.940  -91.342  1.854 0.4000000060
125593  14.602  -90.980  2.187 0.4000000060
481  15.055  -90.252  2.233 0.4000000060
1487  14.355  -86.462  -1.471 0.4000000060
1190  14.754  -87.100  -1.755 0.4000000060
1817  14.338  -85.358  -0.110 0.4000000060
1786  13.742  -85.898  0.344 0.4000000060
316  15.410  -92.803  2.352 0.4000000060
186  16.085  -93.093  2.505 0.4000000060
187  14.490  -93.205  2.242 0.4000000060
120783  15.417  -91.463  2.493 0.4000000060
317  14.598  -92.021  2.197 0.4000000060
2748  12.891  -83.072  -12.104 0.4000000060
1480  13.222  -86.201  -0.733 0.4000000060
42  12.328  -93.732  2.500 0.4000000060
80  16.203  -93.358  2.906 0.4000000060
85  10.777  -93.869  3.661 0.4000000060
92  15.738  -93.284  2.673 0.5000000000
95  12.169  -93.356  2.209 0.4000000060
96  12.007  -93.453  2.339 0.4000000060
100  12.525  -93.303  2.008 0.4000000060
325  21.342  -91.417  1.087 0.3000000119
326  20.481  -91.669  1.169 0.3000000119
330  12.677  -92.198  1.746 0.4000000060
961  18.033  -87.882  -4.986 0.4000000060
971  15.508  -88.409  -6.840 0.4000000060
1007  17.573  -88.675  -9.752 0.5000000000
1014  20.910  -88.718  -10.259 0.4000000060
1015  19.754  -88.740  -10.693 0.4000000060
1257  17.513  -88.396  -9.486 0.4000000060
1278  21.717  -87.536  -11.599 0.5000000000
1280  18.499  -87.467  -12.249 0.4000000060
1284  18.836  -87.285  -12.485 0.5000000000
1567  23.149  -86.826  -11.606 0.3000000119
1570  19.838  -86.936  -12.614 0.5000000000
1571  18.929  -87.032  -12.644 0.4000000060
1816  14.875  -85.400  -0.531 0.5000000000
2147  16.388  -84.132  2.125 0.3000000119
2227  14.750  -84.000  -5.899 0.4000000060
2228  13.524  -84.463  -5.914 0.6000000238
2273  15.331  -84.431  -10.992 0.6000000238
2652  17.486  -83.583  -3.554 0.3000000119
2655  11.345  -83.647  -3.551 0.5000000000
2703  20.633  -83.634  -7.973 0.3000000119
3100  13.290  -82.310  -3.506 0.6000000238
3102  11.887  -82.542  -3.379 0.6999999881
3110  14.840  -82.115  -4.319 0.6000000238
3121  10.246  -82.259  -5.017 0.6000000238
3163  15.933  -82.697  -8.954 0.6999999881
3570  11.194  -81.958  -3.927 0.6000000238
3588  20.275  -81.401  -6.507 0.3000000119
3590  16.328  -81.594  -6.986 0.8000000119
3614  16.058  -82.047  -8.218 0.8000000119
4066  15.100  -80.573  -3.856 0.6999999881
4087  11.130  -80.195  -6.280 0.6000000238
4139  9.156  -80.477  -11.737 0.6000000238
4154  10.135  -80.079  -12.459 0.5000000000
4660  15.097  -79.707  -3.777 0.8000000119
4661  14.568  -79.480  -3.571 0.8000000119
4663  12.942  -79.295  -3.728 0.6999999881
4694  11.015  -80.052  -6.868 0.6000000238
4705  15.023  -79.184  -8.169 0.6000000238
4745  13.414  -79.468  -10.493 0.5000000000
4763  10.393  -79.255  -12.775 0.6000000238
5211  14.932  -78.974  -3.809 0.6999999881
5212  14.330  -78.865  -3.687 0.8000000119
5311  13.368  -78.491  -10.815 0.5000000000
5333  9.035  -78.721  -12.478 0.5000000000
5789  14.229  -77.323  -4.581 0.8999999762
5800  14.663  -76.868  -5.048 0.6999999881
5818  15.454  -77.582  -6.394 0.6999999881
5821  8.243  -77.146  -7.465 0.5000000000
5842  15.183  -76.752  -7.709 0.6000000238
5869  13.208  -77.619  -11.091 0.6000000238
5870  10.127  -77.517  -12.377 0.6000000238
5890  8.968  -77.888  -12.772 0.4000000060
6353  13.481  -76.364  -5.243 0.8999999762
6364  15.329  -76.806  -6.273 0.6999999881
7015  12.833  -75.256  -6.073 0.8000000119
7617  9.339  -74.282  -2.901 0.6999999881
7715  14.186  -74.589  -7.326 0.6000000238
7717  12.505  -74.087  -7.019 0.6999999881
7736  13.696  -73.819  -8.585 0.5000000000
8249  10.905  -73.225  4.979 0.6999999881
8250  8.647  -73.057  5.203 0.6999999881
8251  7.918  -73.040  5.232 0.6000000238
8254  5.919  -73.259  4.766 0.6000000238
8263  12.811  -73.162  4.334 0.4000000060
8264  12.065  -73.388  4.378 0.6000000238
8278  13.317  -73.048  3.920 0.4000000060
8283  8.378  -73.311  3.717 0.6999999881
8296  11.943  -73.797  2.433 0.6000000238
8325  12.379  -73.352  -0.269 0.5000000000
8326  11.828  -73.696  0.244 0.6000000238
8340  10.902  -73.561  -0.277 0.6999999881
8352  12.394  -73.231  -1.838 0.5000000000
8397  12.283  -73.030  -2.818 0.5000000000
8399  10.747  -73.754  -3.766 0.6000000238
8422  10.576  -73.434  -4.573 0.5000000000
8441  9.383  -73.261  -5.659 0.5000000000
8465  5.145  -72.633  -7.178 0.6000000238
8520  5.644  -73.152  -9.531 0.6000000238
8557  9.960  -73.051  -11.749 0.5000000000
8559  8.305  -74.122  -12.260 0.6000000238
8560  7.596  -74.113  -12.047 0.6000000238
9030  12.896  -72.229  5.256 0.4000000060
9031  12.113  -72.511  5.278 0.6000000238
9032  11.478  -72.886  5.202 0.6999999881
9034  9.225  -72.676  5.404 0.8000000119
9036  7.414  -72.360  5.498 0.6000000238
9054  5.086  -73.108  4.489 0.5000000000
9067  7.824  -72.904  3.158 0.5000000000
9069  6.248  -72.682  3.029 0.6000000238
9133  7.472  -72.499  -0.358 0.6000000238
9134  6.748  -72.367  -0.459 0.6000000238
9142  7.953  -72.790  -0.832 0.6999999881
9204  11.432  -72.244  -4.029 0.5000000000
9269  4.890  -72.268  -8.353 0.6999999881
9285  11.145  -72.815  -10.111 0.5000000000
9287  6.414  -72.453  -9.859 0.6000000238
9839  13.149  -71.382  5.378 0.4000000060
9840  12.228  -71.592  5.488 0.5000000000
9848  4.047  -72.133  5.928 0.6000000238
9927  6.206  -71.949  0.067 0.5000000000
10018  5.650  -71.251  -7.887 0.6999999881
10082  10.881  -72.319  -11.515 0.6000000238
10597  4.374  -71.027  6.244 0.5000000000
10613  9.000  -70.192  5.479 0.8000000119
10796  10.863  -70.180  -7.515 0.5000000000
10817  12.598  -70.557  -7.978 0.5000000000
10837  12.300  -70.312  -10.406 0.6000000238
10852  15.011  -70.556  -10.226 0.5000000000
10855  11.068  -70.801  -10.622 0.6000000238
11434  10.665  -69.990  5.436 0.6999999881
11602  6.332  -69.527  -7.073 0.5000000000
11632  7.648  -69.349  -7.955 0.5000000000
11634  6.433  -69.584  -7.361 0.5000000000
12201  11.969  -69.061  5.412 0.5000000000
13062  8.484  -67.290  3.910 0.6000000238
14848  8.017  -65.994  3.262 0.6000000238
14870  3.668  -66.001  1.683 0.5000000000
14880  4.681  -65.693  1.002 0.6999999881
15770  6.130  -65.030  1.750 0.6000000238
15786  4.811  -65.019  0.632 0.6999999881
16750  4.978  -63.188  -0.516 0.6000000238
17712  4.667  -62.806  -0.424 0.6000000238
17722  9.659  -62.146  -0.515 0.3000000119
17723  5.762  -62.210  -0.489 0.5000000000
17724  5.232  -62.530  -0.527 0.5000000000
18655  7.739  -61.874  2.710 0.6000000238
18672  5.540  -61.053  0.598 0.5000000000
18684  5.441  -61.076  0.063 0.5000000000
18698  5.442  -61.679  -0.354 0.5000000000
18705  9.267  -60.866  -1.463 0.3000000119
19610  10.584  -60.453  1.988 0.3000000119
20623  9.711  -59.658  -1.537 0.3000000119
111780  8.890  -60.729  -1.329 0.3000000119
112048  8.590  -60.115  -0.412 0.4000000060
112057  8.642  -60.250  -0.665 0.4000000060
112174  9.700  -59.757  -0.196 0.3000000119
112190  7.100  -62.115  -0.459 0.5000000000
114694  15.089  -77.625  -8.183 0.6000000238
116933  15.637  -81.380  -5.034 0.6000000238
117134  14.106  -80.003  -3.353 0.8000000119
117821  15.532  -79.397  -5.599 0.8000000119
118895  15.675  -84.616  -11.264 0.6999999881
119372  20.519  -87.700  -12.001 0.5000000000
119871  12.912  -81.860  -3.321 0.6999999881
120268  11.476  -75.025  -7.257 0.6999999881
121060  6.446  -64.426  1.574 0.6000000238
121525  11.935  -94.189  4.413 0.4000000060
121620  5.001  -71.132  5.783 0.5000000000
121634  11.193  -79.532  -9.647 0.5000000000
122170  7.472  -60.173  0.082 0.4000000060
122667  11.672  -82.085  -3.506 0.6999999881
123126  9.260  -70.351  -9.130 0.5000000000
123361  8.950  -73.478  -1.600 0.6999999881
123411  14.424  -80.612  -8.746 0.6999999881
124286  10.821  -83.146  -3.644 0.6000000238
124943  6.039  -72.349  2.371 0.5000000000
125312  10.123  -73.435  -0.650 0.8000000119
125609  3.777  -64.492  0.114 0.6000000238
125726  13.570  -78.005  -10.401 0.6000000238
126292  7.566  -66.714  3.365 0.6999999881
126456  7.264  -73.241  3.895 0.6000000238
126535  6.564  -71.840  5.604 0.6000000238
127459  6.660  -62.670  -0.149 0.6000000238
127486  8.177  -61.270  -0.761 0.4000000060
129382  11.425  -73.355  -8.356 0.5000000000
129620  7.865  -74.587  -12.442 0.6999999881
130002  7.195  -62.259  3.153 0.5000000000
130483  4.443  -62.164  0.075 0.5000000000
130486  13.416  -79.891  -3.411 0.6999999881
130768  11.513  -73.270  4.791 0.6000000238
130871  15.283  -79.270  -4.128 0.8000000119
131511  7.488  -70.946  -8.997 0.6999999881
131531  8.760  -61.187  -1.179 0.4000000060
132017  17.604  -85.944  -7.485 0.6999999881
132540  6.313  -70.163  -7.193 0.5000000000
133422  13.172  -72.997  2.024 0.4000000060
133466  7.331  -74.930  -10.942 0.6999999881
133544  13.144  -73.140  2.467 0.5000000000
133735  8.988  -72.918  0.868 0.6999999881
133763  12.027  -73.725  0.843 0.6000000238
134092  13.118  -70.559  -8.614 0.5000000000
134253  15.163  -76.047  -7.207 0.6000000238
134587  17.343  -89.250  -1.820 0.3000000119
135243  19.868  -90.407  1.299 0.3000000119
135452  5.959  -64.197  0.968 0.6000000238
135455  13.285  -83.031  -11.371 0.6000000238
