#!ascii label  , from subject sub-v2s8x29237_ses-1 vox2ras=TkReg
972
40525  -14.803  -53.955  52.329 0.0000000000
48587  -34.233  -46.691  43.477 0.0000000000
131081  -28.913  -40.847  41.533 0.0000000000
48525  -27.409  -45.696  46.674 0.0000000000
64154  -40.091  -30.604  32.842 0.0000000000
58233  -34.141  -36.073  34.352 0.0000000000
47423  -34.292  -46.442  48.839 0.0000000000
118841  -30.968  -47.406  45.012 0.0000000000
65936  -46.622  -28.629  37.202 0.0000000000
68623  -50.408  -25.642  36.382 0.0000000000
119089  -52.776  -25.403  32.640 0.0000000000
119947  -33.065  -37.086  43.136 0.0000000000
57121  -30.507  -37.448  38.127 0.0000000000
57102  -36.192  -36.871  39.204 0.0000000000
58190  -40.085  -36.824  35.992 0.0000000000
48546  -20.544  -45.665  45.263 0.0000000000
118579  -12.507  -55.448  55.622 0.0000000000
50645  -31.514  -44.247  43.176 0.0000000000
135266  -31.313  -39.258  47.120 0.0000000000
49612  -23.659  -45.635  42.266 0.0000000000
47524  -27.868  -47.440  41.998 0.0000000000
118177  -51.379  -27.461  25.533 0.0000000000
67828  -55.577  -26.427  29.624 0.0000000000
60326  -37.587  -34.352  33.272 0.0000000000
62164  -44.172  -32.854  35.436 0.0000000000
133588  -15.302  -53.132  48.424 0.0000000000
39398  -6.474  -55.203  54.571 0.0000000000
67737  -48.475  -26.631  37.414 0.0000000000
57063  -34.703  -36.669  41.155 0.0000000000
47505  -19.151  -46.798  43.488 0.0000000000
39427  -14.087  -55.051  54.012 0.0000000000
49642  -32.959  -45.531  40.948 0.0000000000
49594  -33.347  -45.320  43.060 0.0000000000
49572  -25.538  -45.395  44.418 0.0000000000
49615  -26.238  -45.791  42.773 0.0000000000
48568  -28.068  -46.134  44.185 0.0000000000
119765  -32.885  -47.947  43.999 0.0000000000
119731  -30.839  -47.677  43.287 0.0000000000
47551  -32.334  -47.886  41.581 0.0000000000
48500  -26.230  -46.245  47.505 0.0000000000
49557  -24.582  -45.467  45.347 0.0000000000
67819  -46.220  -26.636  29.461 0.0000000000
66886  -49.531  -27.114  26.837 0.0000000000
68661  -54.563  -25.501  31.259 0.0000000000
58206  -31.806  -36.826  35.872 0.0000000000
59326  -35.658  -35.567  34.050 0.0000000000
60304  -41.867  -35.059  35.340 0.0000000000
119193  -16.545  -48.657  46.189 0.0000000000
45400  -16.357  -49.594  48.305 0.0000000000
43594  -16.381  -51.247  49.372 0.0000000000
42674  -15.556  -52.476  46.623 0.0000000000
39447  -7.756  -55.848  52.553 0.0000000000
48554  -34.564  -46.441  45.309 0.0000000000
50614  -34.364  -45.323  45.587 0.0000000000
50581  -34.354  -44.817  48.277 0.0000000000
47418  -29.636  -47.371  49.097 0.0000000000
48527  -29.694  -46.201  46.449 0.0000000000
47420  -31.604  -47.749  48.055 0.0000000000
119438  -32.860  -47.987  46.641 0.0000000000
65062  -43.431  -29.520  34.813 0.0000000000
65957  -45.030  -27.642  34.773 0.0000000000
67763  -46.829  -26.292  34.153 0.0000000000
67786  -49.235  -25.737  32.319 0.0000000000
67807  -50.378  -26.264  30.629 0.0000000000
68644  -51.818  -25.480  34.669 0.0000000000
57031  -30.570  -37.669  42.479 0.0000000000
137840  -29.523  -38.353  40.120 0.0000000000
57078  -31.566  -36.843  40.044 0.0000000000
134261  -33.482  -36.500  38.325 0.0000000000
58167  -34.820  -36.497  37.157 0.0000000000
124496  -36.819  -36.193  35.469 0.0000000000
57141  -37.503  -37.145  37.218 0.0000000000
48545  -18.932  -46.012  46.109 0.0000000000
47488  -17.591  -47.654  44.661 0.0000000000
66916  -56.699  -27.131  25.380 0.0000000000
40427  -9.787  -55.097  57.890 0.0000000000
49640  -30.863  -45.067  40.944 0.0000000000
52567  -29.958  -42.455  42.716 0.0000000000
140275  -32.709  -43.519  45.677 0.0000000000
53451  -31.384  -42.023  45.322 0.0000000000
54338  -30.209  -39.850  44.329 0.0000000000
57002  -31.889  -37.771  45.170 0.0000000000
48586  -29.168  -46.811  43.797 0.0000000000
48520  -22.590  -45.937  46.958 0.0000000000
49588  -22.456  -45.613  43.434 0.0000000000
126363  -51.964  -26.528  29.186 0.0000000000
67851  -53.387  -26.633  27.650 0.0000000000
66903  -55.287  -26.937  26.552 0.0000000000
67842  -57.291  -26.334  28.412 0.0000000000
40566  -12.363  -54.786  49.412 0.0000000000
40522  -11.650  -54.698  51.247 0.0000000000
140755  -38.900  -32.642  32.652 0.0000000000
59329  -38.538  -35.304  34.588 0.0000000000
60318  -40.523  -34.123  34.882 0.0000000000
63165  -41.955  -31.384  34.882 0.0000000000
64108  -45.200  -30.971  35.758 0.0000000000
129429  -14.965  -53.736  50.573 0.0000000000
39424  -10.722  -55.083  53.221 0.0000000000
39377  -9.209  -55.384  55.796 0.0000000000
40425  -7.209  -53.663  56.974 0.0000000000
39453  -14.817  -54.672  53.791 0.0000000000
47530  -33.796  -46.915  41.917 0.0000000000
138181  -33.790  -46.202  41.082 0.0000000000
49595  -34.114  -45.849  43.270 0.0000000000
49543  -26.979  -45.357  45.953 0.0000000000
49573  -26.498  -45.562  44.195 0.0000000000
48549  -27.919  -45.573  45.825 0.0000000000
138983  -33.617  -47.528  43.508 0.0000000000
47509  -32.890  -47.688  43.133 0.0000000000
47510  -33.799  -47.142  42.759 0.0000000000
47552  -33.280  -47.383  41.323 0.0000000000
47437  -27.989  -46.686  48.237 0.0000000000
47416  -27.179  -47.184  48.975 0.0000000000
132137  -26.969  -46.047  47.320 0.0000000000
49542  -26.074  -45.430  46.098 0.0000000000
123348  -48.865  -27.084  27.289 0.0000000000
129609  -28.840  -42.068  40.996 0.0000000000
126706  -28.579  -40.922  40.309 0.0000000000
58208  -33.238  -36.413  35.284 0.0000000000
57171  -32.891  -37.001  33.918 0.0000000000
120257  -34.758  -35.848  33.937 0.0000000000
44512  -16.234  -50.052  45.877 0.0000000000
45414  -16.350  -49.136  46.897 0.0000000000
118899  -16.148  -50.022  46.796 0.0000000000
43613  -16.204  -50.402  47.801 0.0000000000
42698  -15.681  -52.313  45.858 0.0000000000
48504  -34.367  -46.297  47.356 0.0000000000
48530  -34.576  -45.765  46.696 0.0000000000
49519  -34.488  -45.667  48.447 0.0000000000
142322  -30.310  -47.676  49.341 0.0000000000
47419  -30.629  -47.413  48.572 0.0000000000
135878  -31.860  -47.777  49.004 0.0000000000
137828  -34.119  -46.785  49.114 0.0000000000
46342  -33.076  -47.890  47.886 0.0000000000
137359  -33.879  -46.961  47.558 0.0000000000
47443  -34.054  -47.018  46.717 0.0000000000
65048  -45.001  -29.146  35.669 0.0000000000
65947  -44.553  -28.822  35.168 0.0000000000
65943  -46.218  -28.239  36.552 0.0000000000
68614  -49.783  -25.859  37.143 0.0000000000
67744  -47.663  -26.621  35.946 0.0000000000
119820  -48.952  -26.004  34.769 0.0000000000
67775  -48.299  -25.889  33.497 0.0000000000
67766  -49.708  -25.805  34.396 0.0000000000
67777  -50.631  -25.632  33.216 0.0000000000
68632  -51.433  -25.462  35.398 0.0000000000
126385  -32.027  -37.049  43.027 0.0000000000
57044  -30.924  -37.243  41.641 0.0000000000
57045  -31.888  -36.785  41.580 0.0000000000
58131  -35.011  -36.575  40.262 0.0000000000
142635  -33.886  -36.520  39.730 0.0000000000
126208  -34.985  -36.583  38.846 0.0000000000
124634  -34.155  -36.464  37.735 0.0000000000
140247  -35.882  -36.740  37.983 0.0000000000
58169  -36.547  -36.917  37.485 0.0000000000
57123  -37.260  -37.241  38.088 0.0000000000
124757  -21.167  -45.686  46.191 0.0000000000
48518  -20.872  -45.788  46.902 0.0000000000
135188  -19.712  -45.758  45.703 0.0000000000
47489  -18.093  -47.345  44.201 0.0000000000
66905  -57.195  -26.826  25.912 0.0000000000
67875  -57.755  -26.600  25.822 0.0000000000
39360  -11.727  -55.344  56.652 0.0000000000
49616  -32.332  -45.207  41.918 0.0000000000
49641  -31.946  -45.278  41.034 0.0000000000
50680  -31.246  -44.861  41.788 0.0000000000
50679  -30.251  -44.340  41.558 0.0000000000
51659  -30.885  -43.601  43.014 0.0000000000
51594  -33.935  -44.432  47.176 0.0000000000
122323  -33.497  -44.121  46.221 0.0000000000
52528  -32.914  -43.070  47.151 0.0000000000
54322  -31.398  -40.292  47.943 0.0000000000
53444  -31.625  -41.410  46.934 0.0000000000
139935  -30.896  -40.504  46.091 0.0000000000
138264  -30.821  -40.991  45.265 0.0000000000
54334  -30.630  -39.933  45.644 0.0000000000
56081  -30.616  -38.499  44.573 0.0000000000
128811  -31.735  -38.424  46.412 0.0000000000
48602  -27.474  -46.647  42.462 0.0000000000
48552  -30.565  -46.872  45.517 0.0000000000
48570  -29.640  -46.735  44.567 0.0000000000
47490  -30.357  -47.142  44.516 0.0000000000
46415  -30.056  -48.194  41.810 0.0000000000
121524  -23.994  -46.302  47.100 0.0000000000
118992  -24.142  -45.342  43.884 0.0000000000
130084  -23.135  -45.470  44.760 0.0000000000
122318  -23.082  -45.552  42.853 0.0000000000
48599  -21.927  -46.198  42.219 0.0000000000
67797  -51.432  -25.962  31.413 0.0000000000
128537  -51.053  -26.458  29.216 0.0000000000
67809  -52.121  -26.279  30.755 0.0000000000
68664  -55.211  -25.744  30.603 0.0000000000
67839  -53.598  -26.672  28.980 0.0000000000
67840  -54.288  -26.735  28.677 0.0000000000
66888  -53.855  -26.738  26.932 0.0000000000
66880  -54.906  -26.780  28.143 0.0000000000
67854  -56.244  -26.748  27.758 0.0000000000
67829  -56.314  -26.311  29.428 0.0000000000
56161  -29.855  -37.931  38.556 0.0000000000
55235  -28.797  -39.260  38.307 0.0000000000
60362  -37.996  -33.774  31.526 0.0000000000
61216  -38.091  -33.686  32.979 0.0000000000
58188  -38.459  -36.841  36.197 0.0000000000
58236  -37.289  -35.882  34.971 0.0000000000
58214  -39.620  -36.296  35.489 0.0000000000
125160  -43.129  -34.046  35.362 0.0000000000
60319  -41.400  -34.144  35.169 0.0000000000
61208  -41.759  -33.435  35.184 0.0000000000
62179  -41.385  -32.656  34.924 0.0000000000
61193  -42.594  -32.611  35.291 0.0000000000
63154  -43.677  -31.117  35.353 0.0000000000
62165  -44.794  -32.264  35.502 0.0000000000
43602  -16.104  -51.788  48.648 0.0000000000
43581  -15.873  -52.451  50.225 0.0000000000
42609  -15.666  -53.048  50.573 0.0000000000
41620  -15.292  -53.252  49.154 0.0000000000
41595  -13.974  -53.966  48.913 0.0000000000
41619  -14.700  -53.567  48.478 0.0000000000
40521  -10.772  -54.999  51.130 0.0000000000
39450  -11.519  -54.860  52.618 0.0000000000
131060  -9.701  -55.335  51.712 0.0000000000
39421  -7.210  -55.752  53.289 0.0000000000
125245  -8.543  -55.374  53.625 0.0000000000
39376  -8.219  -55.116  55.137 0.0000000000
40447  -8.546  -54.918  56.743 0.0000000000
39375  -7.097  -54.703  55.274 0.0000000000
46324  -32.664  -47.841  50.338 0.0000000000
65933  -48.214  -28.211  38.814 0.0000000000
66809  -47.796  -27.809  38.193 0.0000000000
66811  -49.038  -27.097  39.030 0.0000000000
125261  -33.542  -36.758  41.994 0.0000000000
48581  -20.367  -46.307  43.147 0.0000000000
48565  -19.373  -46.309  44.161 0.0000000000
39380  -15.203  -54.905  55.704 0.0000000000
39402  -13.339  -55.293  55.057 0.0000000000
48630  -33.551  -46.477  40.768 0.0000000000
49643  -33.519  -45.761  41.410 0.0000000000
50668  -32.274  -44.942  42.986 0.0000000000
118278  -32.570  -38.438  47.328 0.0000000000
49590  -24.859  -45.374  43.479 0.0000000000
49614  -25.384  -45.600  42.675 0.0000000000
49591  -25.845  -45.498  43.470 0.0000000000
48583  -27.057  -46.036  42.955 0.0000000000
48584  -27.913  -46.408  43.267 0.0000000000
118732  -31.897  -47.905  44.511 0.0000000000
118574  -30.941  -47.583  44.159 0.0000000000
47508  -31.854  -47.839  43.635 0.0000000000
47528  -31.801  -47.816  42.595 0.0000000000
46445  -32.550  -48.097  40.630 0.0000000000
48499  -25.338  -46.508  47.587 0.0000000000
48522  -24.839  -46.112  46.948 0.0000000000
48523  -25.723  -45.871  46.875 0.0000000000
122229  -25.076  -45.404  44.890 0.0000000000
67801  -44.971  -26.482  30.740 0.0000000000
66898  -50.918  -27.075  26.242 0.0000000000
69468  -54.496  -24.431  34.228 0.0000000000
68660  -53.178  -25.564  31.886 0.0000000000
57140  -31.142  -37.099  36.360 0.0000000000
58263  -35.192  -36.050  32.444 0.0000000000
59342  -36.331  -35.140  33.418 0.0000000000
58217  -42.197  -36.500  35.824 0.0000000000
58216  -41.298  -36.383  35.696 0.0000000000
59316  -43.473  -35.614  35.561 0.0000000000
126345  -17.267  -47.173  47.041 0.0000000000
47408  -16.664  -47.856  48.340 0.0000000000
46319  -16.425  -48.515  49.634 0.0000000000
44493  -16.409  -50.367  48.724 0.0000000000
43603  -16.322  -50.989  48.564 0.0000000000
42649  -15.500  -52.763  47.924 0.0000000000
41646  -15.015  -53.308  47.713 0.0000000000
120131  -15.352  -52.974  47.108 0.0000000000
48572  -34.496  -46.542  44.447 0.0000000000
49575  -34.444  -45.946  44.092 0.0000000000
49560  -34.586  -45.832  45.782 0.0000000000
50593  -34.349  -44.908  47.466 0.0000000000
48502  -28.520  -46.221  47.378 0.0000000000
48526  -28.961  -45.998  46.724 0.0000000000
48503  -29.402  -46.312  47.277 0.0000000000
47454  -30.342  -46.541  47.093 0.0000000000
47474  -31.158  -47.289  45.881 0.0000000000
46332  -32.437  -47.978  48.157 0.0000000000
47441  -32.273  -47.977  46.928 0.0000000000
47457  -32.419  -48.078  46.434 0.0000000000
47491  -32.941  -48.150  44.863 0.0000000000
136115  -33.909  -47.593  44.303 0.0000000000
126492  -28.811  -47.010  48.718 0.0000000000
65060  -41.594  -29.982  34.252 0.0000000000
65083  -40.564  -29.883  32.724 0.0000000000
142219  -42.562  -28.671  33.760 0.0000000000
65965  -43.101  -28.219  33.681 0.0000000000
66855  -44.014  -26.988  32.630 0.0000000000
66826  -47.174  -27.160  36.622 0.0000000000
66843  -46.123  -26.750  34.772 0.0000000000
67782  -45.225  -26.366  32.512 0.0000000000
67792  -46.310  -26.058  31.562 0.0000000000
137719  -47.587  -26.036  30.936 0.0000000000
126364  -48.730  -26.276  29.945 0.0000000000
67835  -49.313  -26.417  29.306 0.0000000000
67806  -49.770  -26.140  31.020 0.0000000000
118428  -50.786  -25.699  32.204 0.0000000000
118786  -52.244  -25.402  33.944 0.0000000000
69447  -52.472  -24.866  36.187 0.0000000000
119603  -54.024  -24.493  34.875 0.0000000000
55213  -29.537  -39.077  42.067 0.0000000000
55222  -28.908  -39.613  40.852 0.0000000000
56134  -29.826  -38.116  40.923 0.0000000000
142810  -30.018  -37.783  40.316 0.0000000000
131894  -31.125  -37.081  39.393 0.0000000000
126419  -33.128  -36.624  40.637 0.0000000000
57079  -32.478  -36.627  39.935 0.0000000000
58148  -31.915  -36.743  38.274 0.0000000000
58165  -32.159  -36.621  37.394 0.0000000000
136562  -33.355  -36.394  36.521 0.0000000000
119873  -34.725  -36.201  35.965 0.0000000000
58210  -35.295  -36.071  35.623 0.0000000000
58211  -36.256  -36.382  36.049 0.0000000000
58187  -37.679  -36.880  36.446 0.0000000000
57143  -38.967  -37.093  36.587 0.0000000000
57126  -39.946  -37.478  37.284 0.0000000000
57145  -40.594  -37.191  36.569 0.0000000000
48517  -18.826  -45.820  47.047 0.0000000000
48544  -18.935  -46.279  45.092 0.0000000000
47453  -18.231  -46.645  45.751 0.0000000000
47452  -17.727  -46.893  46.366 0.0000000000
46364  -16.932  -47.935  45.838 0.0000000000
51664  -29.537  -43.506  41.449 0.0000000000
53466  -29.579  -41.719  42.503 0.0000000000
137001  -34.038  -45.551  44.049 0.0000000000
51635  -33.079  -44.321  44.977 0.0000000000
50625  -32.599  -44.108  44.412 0.0000000000
141052  -31.944  -42.703  45.353 0.0000000000
52563  -31.076  -42.700  44.087 0.0000000000
53462  -30.428  -42.015  43.878 0.0000000000
53456  -30.018  -41.156  43.716 0.0000000000
54345  -29.730  -40.261  43.286 0.0000000000
55208  -29.945  -39.375  43.628 0.0000000000
57011  -30.916  -37.874  44.125 0.0000000000
57022  -32.346  -37.261  43.751 0.0000000000
56994  -33.099  -37.860  46.106 0.0000000000
57014  -33.588  -37.511  44.630 0.0000000000
128859  -28.390  -45.922  44.989 0.0000000000
48569  -28.812  -46.415  44.386 0.0000000000
48585  -28.659  -46.837  43.142 0.0000000000
141403  -30.063  -47.479  43.014 0.0000000000
47506  -29.383  -47.185  43.084 0.0000000000
48519  -21.756  -45.856  47.142 0.0000000000
48548  -22.008  -45.722  46.225 0.0000000000
49556  -23.493  -45.554  45.631 0.0000000000
49555  -22.473  -45.563  45.344 0.0000000000
49554  -21.891  -45.600  44.674 0.0000000000
119775  -21.120  -46.266  42.706 0.0000000000
135587  -49.664  -26.507  28.688 0.0000000000
123041  -50.935  -26.521  27.766 0.0000000000
67849  -51.674  -26.530  27.581 0.0000000000
67810  -53.080  -26.351  30.506 0.0000000000
120876  -53.069  -26.602  28.369 0.0000000000
66899  -51.928  -26.847  26.127 0.0000000000
66900  -52.747  -27.027  25.714 0.0000000000
66914  -54.120  -27.259  25.312 0.0000000000
66926  -54.707  -27.630  24.576 0.0000000000
118969  -55.928  -27.069  25.915 0.0000000000
67868  -56.810  -26.748  27.191 0.0000000000
40547  -13.430  -54.312  50.722 0.0000000000
40524  -13.877  -54.355  51.820 0.0000000000
40546  -12.502  -54.546  50.306 0.0000000000
54370  -28.487  -40.405  39.040 0.0000000000
134100  -39.484  -31.741  33.054 0.0000000000
137594  -36.484  -35.746  34.823 0.0000000000
59327  -36.747  -35.423  34.251 0.0000000000
60315  -38.026  -34.790  33.948 0.0000000000
59313  -40.072  -35.733  35.228 0.0000000000
60317  -39.706  -34.308  34.582 0.0000000000
60327  -38.248  -34.185  33.581 0.0000000000
61205  -39.279  -33.115  33.767 0.0000000000
62177  -39.750  -32.415  33.978 0.0000000000
137724  -40.669  -31.129  34.262 0.0000000000
64120  -42.166  -30.554  34.741 0.0000000000
64107  -44.433  -30.560  35.497 0.0000000000
132664  -46.104  -30.000  36.666 0.0000000000
41542  -16.184  -53.669  52.978 0.0000000000
42601  -15.871  -53.173  51.477 0.0000000000
41555  -15.260  -53.667  51.670 0.0000000000
40568  -13.987  -54.046  49.965 0.0000000000
40587  -12.654  -54.910  48.511 0.0000000000
39451  -12.645  -55.071  52.952 0.0000000000
39425  -11.929  -55.193  53.556 0.0000000000
39401  -11.437  -55.542  55.003 0.0000000000
122418  -9.622  -55.282  53.412 0.0000000000
121912  -10.472  -55.450  54.317 0.0000000000
135554  -11.342  -55.517  55.893 0.0000000000
39358  -9.530  -55.279  56.806 0.0000000000
40426  -8.929  -54.644  57.845 0.0000000000
132770  -5.456  -54.534  55.074 0.0000000000
40445  -6.441  -53.380  56.212 0.0000000000
40504  -15.189  -54.138  53.302 0.0000000000
48604  -34.082  -46.462  42.490 0.0000000000
48501  -27.672  -46.153  47.410 0.0000000000
48524  -26.581  -45.717  46.763 0.0000000000
66879  -48.559  -26.840  27.902 0.0000000000
53469  -29.131  -41.633  41.722 0.0000000000
53472  -28.575  -41.751  40.142 0.0000000000
53473  -28.734  -41.283  40.945 0.0000000000
58232  -33.373  -36.461  34.488 0.0000000000
58248  -33.573  -36.608  33.652 0.0000000000
58249  -34.253  -36.250  33.403 0.0000000000
125040  -16.210  -50.754  45.359 0.0000000000
43623  -16.048  -50.791  46.215 0.0000000000
48483  -34.377  -46.116  48.286 0.0000000000
48470  -34.533  -46.021  49.017 0.0000000000
121145  -31.134  -48.056  49.885 0.0000000000
46331  -31.166  -47.699  49.026 0.0000000000
136793  -31.945  -48.048  50.034 0.0000000000
47422  -34.095  -46.722  48.344 0.0000000000
118911  -30.360  -48.110  49.924 0.0000000000
65040  -46.064  -29.070  36.691 0.0000000000
65942  -45.600  -28.666  36.085 0.0000000000
67746  -49.437  -26.001  36.390 0.0000000000
68630  -49.928  -25.831  35.642 0.0000000000
140070  -49.588  -25.884  35.067 0.0000000000
67752  -50.273  -25.727  34.910 0.0000000000
121304  -51.102  -25.449  36.010 0.0000000000
57032  -31.543  -37.092  42.324 0.0000000000
57033  -32.703  -36.859  42.308 0.0000000000
58141  -35.380  -36.630  39.424 0.0000000000
58151  -35.659  -36.736  38.647 0.0000000000
119429  -35.076  -36.569  38.049 0.0000000000
58152  -36.419  -36.987  38.383 0.0000000000
126860  -20.414  -45.613  46.151 0.0000000000
67869  -57.476  -26.605  26.625 0.0000000000
67870  -58.274  -26.288  26.359 0.0000000000
39361  -13.096  -55.287  56.521 0.0000000000
39346  -11.929  -55.161  57.525 0.0000000000
50667  -31.586  -44.718  42.527 0.0000000000
50666  -30.892  -44.224  42.463 0.0000000000
51601  -33.457  -43.889  46.820 0.0000000000
126677  -33.151  -43.145  47.978 0.0000000000
55179  -31.304  -39.767  47.480 0.0000000000
142836  -31.201  -40.210  47.274 0.0000000000
54332  -30.965  -39.749  46.607 0.0000000000
55193  -30.794  -39.106  45.829 0.0000000000
55194  -31.224  -38.885  46.507 0.0000000000
49638  -24.215  -45.898  41.777 0.0000000000
48571  -30.265  -46.898  45.013 0.0000000000
49589  -23.927  -45.357  43.102 0.0000000000
49611  -22.838  -45.900  42.079 0.0000000000
66911  -51.753  -27.777  25.003 0.0000000000
142196  -52.275  -25.571  32.474 0.0000000000
130825  -52.116  -25.901  31.509 0.0000000000
68656  -52.477  -25.657  31.990 0.0000000000
140040  -55.404  -26.162  30.074 0.0000000000
127561  -54.836  -26.384  29.959 0.0000000000
67841  -55.061  -26.731  29.080 0.0000000000
137020  -55.837  -26.665  29.065 0.0000000000
67853  -55.680  -26.749  28.395 0.0000000000
56170  -29.876  -37.933  37.570 0.0000000000
56160  -29.264  -38.525  37.988 0.0000000000
60325  -36.851  -34.607  33.011 0.0000000000
60345  -36.869  -34.626  32.304 0.0000000000
60346  -37.437  -34.174  32.618 0.0000000000
58189  -39.261  -36.814  36.049 0.0000000000
58213  -38.731  -36.419  35.566 0.0000000000
61194  -43.973  -33.830  35.411 0.0000000000
60305  -42.276  -34.173  35.308 0.0000000000
135668  -43.284  -33.152  35.387 0.0000000000
132669  -42.038  -32.865  35.212 0.0000000000
126590  -44.099  -31.959  35.437 0.0000000000
42634  -15.728  -52.644  48.766 0.0000000000
43593  -16.052  -52.132  49.490 0.0000000000
42621  -15.657  -52.859  49.703 0.0000000000
125268  -10.504  -54.963  52.010 0.0000000000
39399  -7.529  -55.350  53.999 0.0000000000
57036  -35.388  -37.237  42.532 0.0000000000
118777  -14.732  -54.844  54.523 0.0000000000
39404  -15.266  -54.645  55.004 0.0000000000
39403  -14.422  -55.035  55.289 0.0000000000
138322  -13.828  -55.142  54.569 0.0000000000
49618  -33.867  -45.864  42.263 0.0000000000
49617  -33.113  -45.385  42.340 0.0000000000
49574  -27.389  -45.610  44.877 0.0000000000
49592  -26.592  -45.723  43.420 0.0000000000
49593  -27.283  -45.911  43.814 0.0000000000
47529  -33.075  -47.548  42.226 0.0000000000
47550  -31.112  -48.073  41.686 0.0000000000
47436  -26.880  -46.603  48.112 0.0000000000
47415  -26.192  -47.297  48.960 0.0000000000
47435  -25.786  -46.877  48.260 0.0000000000
49558  -25.490  -45.403  45.398 0.0000000000
67818  -45.472  -26.588  29.907 0.0000000000
58181  -31.779  -36.750  36.655 0.0000000000
58250  -34.925  -35.846  33.217 0.0000000000
59357  -35.604  -35.425  32.979 0.0000000000
121159  -42.803  -36.744  36.182 0.0000000000
60307  -44.716  -34.514  35.511 0.0000000000
46351  -16.797  -47.863  46.614 0.0000000000
47431  -16.717  -47.804  47.440 0.0000000000
132073  -16.527  -48.420  46.965 0.0000000000
45407  -16.278  -49.594  47.503 0.0000000000
46339  -16.408  -48.710  47.741 0.0000000000
129764  -16.433  -48.678  48.763 0.0000000000
45395  -16.353  -49.559  49.287 0.0000000000
43612  -15.967  -51.427  47.721 0.0000000000
141552  -15.825  -52.197  48.077 0.0000000000
138202  -15.669  -52.254  47.352 0.0000000000
50594  -34.451  -45.179  47.731 0.0000000000
49526  -34.515  -45.298  47.049 0.0000000000
124866  -28.888  -46.619  47.931 0.0000000000
47438  -29.835  -46.874  48.077 0.0000000000
47439  -30.994  -47.156  47.659 0.0000000000
47455  -31.195  -47.069  46.754 0.0000000000
47440  -31.796  -47.698  47.226 0.0000000000
139216  -33.115  -47.647  50.626 0.0000000000
133430  -32.580  -47.767  49.272 0.0000000000
46341  -32.621  -47.986  47.361 0.0000000000
135634  -32.838  -48.091  45.862 0.0000000000
47459  -34.305  -47.219  45.752 0.0000000000
119254  -33.810  -47.852  45.293 0.0000000000
48553  -34.300  -47.161  44.997 0.0000000000
65061  -42.492  -29.704  34.526 0.0000000000
65078  -42.004  -29.128  33.857 0.0000000000
65954  -42.948  -28.924  34.245 0.0000000000
65956  -44.432  -28.195  34.650 0.0000000000
65955  -43.643  -28.476  34.335 0.0000000000
66840  -43.931  -27.774  33.976 0.0000000000
66849  -43.572  -27.517  33.237 0.0000000000
66841  -44.686  -27.389  34.196 0.0000000000
66818  -48.127  -27.167  37.903 0.0000000000
66817  -47.532  -27.405  37.429 0.0000000000
67736  -47.846  -26.819  36.919 0.0000000000
67764  -47.558  -26.295  34.691 0.0000000000
67750  -46.964  -26.618  35.202 0.0000000000
67773  -45.530  -26.397  33.159 0.0000000000
67774  -46.370  -26.178  33.234 0.0000000000
67783  -45.909  -26.160  32.449 0.0000000000
120460  -46.778  -25.998  32.408 0.0000000000
67785  -48.360  -25.801  32.498 0.0000000000
67784  -47.545  -25.887  32.275 0.0000000000
67794  -48.011  -25.910  31.618 0.0000000000
67805  -47.843  -26.206  30.163 0.0000000000
119306  -48.390  -26.092  30.818 0.0000000000
139141  -49.125  -26.170  30.691 0.0000000000
67795  -48.972  -25.930  31.531 0.0000000000
68650  -51.396  -25.594  33.816 0.0000000000
67778  -51.339  -25.602  32.898 0.0000000000
69456  -53.550  -24.535  35.616 0.0000000000
129798  -29.866  -38.451  42.273 0.0000000000
56121  -29.656  -38.574  41.569 0.0000000000
56122  -30.153  -37.866  41.651 0.0000000000
57060  -31.227  -36.952  40.838 0.0000000000
57059  -30.430  -37.515  40.904 0.0000000000
57077  -30.639  -37.307  40.006 0.0000000000
57062  -33.789  -36.667  41.322 0.0000000000
58139  -33.711  -36.535  39.156 0.0000000000
57080  -33.340  -36.547  39.821 0.0000000000
58138  -32.786  -36.610  38.977 0.0000000000
58137  -31.839  -36.817  39.216 0.0000000000
58149  -32.705  -36.549  38.075 0.0000000000
119190  -34.004  -36.380  36.871 0.0000000000
58183  -33.907  -36.271  35.928 0.0000000000
58184  -34.575  -36.342  36.486 0.0000000000
58185  -35.380  -36.399  36.494 0.0000000000
58186  -36.891  -36.806  36.664 0.0000000000
57142  -38.331  -37.190  36.897 0.0000000000
122702  -40.181  -37.631  38.052 0.0000000000
57127  -40.758  -37.464  37.432 0.0000000000
57146  -41.429  -37.255  36.832 0.0000000000
120444  -19.843  -45.598  46.781 0.0000000000
48564  -18.651  -46.801  44.185 0.0000000000
47473  -18.120  -46.986  44.889 0.0000000000
47472  -17.533  -47.346  45.568 0.0000000000
142497  -17.231  -47.438  46.283 0.0000000000
124286  -17.143  -47.980  45.137 0.0000000000
40415  -9.355  -54.408  58.348 0.0000000000
49662  -31.360  -45.978  39.481 0.0000000000
50694  -29.951  -44.820  40.580 0.0000000000
51665  -30.208  -43.362  42.402 0.0000000000
131458  -29.532  -42.520  41.967 0.0000000000
50627  -34.248  -45.446  44.683 0.0000000000
51615  -33.216  -44.065  45.612 0.0000000000
51634  -32.421  -43.465  45.095 0.0000000000
53443  -31.385  -41.390  46.093 0.0000000000
52548  -31.964  -42.276  45.867 0.0000000000
52559  -31.540  -42.718  44.796 0.0000000000
53457  -30.820  -41.873  44.571 0.0000000000
134064  -30.469  -40.195  44.896 0.0000000000
54339  -30.366  -40.870  44.399 0.0000000000
133501  -30.002  -40.320  43.877 0.0000000000
54352  -29.619  -41.026  42.976 0.0000000000
56082  -31.149  -38.038  44.893 0.0000000000
57012  -31.670  -37.590  44.356 0.0000000000
57021  -31.461  -37.461  43.592 0.0000000000
57013  -32.593  -37.466  44.519 0.0000000000
56039  -33.102  -38.390  47.786 0.0000000000
56055  -32.425  -38.242  46.663 0.0000000000
56056  -33.340  -38.148  46.981 0.0000000000
48600  -25.807  -46.029  42.130 0.0000000000
49639  -25.008  -45.864  41.973 0.0000000000
48550  -28.892  -45.946  45.839 0.0000000000
133750  -28.529  -46.518  43.758 0.0000000000
49540  -24.248  -45.741  46.322 0.0000000000
49570  -22.507  -45.546  44.329 0.0000000000
49569  -21.791  -45.687  43.904 0.0000000000
49587  -21.755  -45.849  43.049 0.0000000000
67822  -49.733  -26.313  30.131 0.0000000000
67823  -50.146  -26.433  29.293 0.0000000000
67824  -51.601  -26.448  29.960 0.0000000000
67837  -51.404  -26.491  28.438 0.0000000000
118833  -53.956  -25.334  31.890 0.0000000000
67798  -53.695  -25.860  31.085 0.0000000000
119474  -53.714  -26.680  28.332 0.0000000000
67850  -52.570  -26.559  27.623 0.0000000000
67867  -52.882  -26.669  26.692 0.0000000000
66889  -54.695  -26.799  27.208 0.0000000000
66901  -53.550  -26.925  25.978 0.0000000000
66902  -54.422  -26.941  26.246 0.0000000000
66915  -55.022  -27.169  25.547 0.0000000000
66891  -56.097  -26.913  26.883 0.0000000000
128275  -56.860  -26.591  27.930 0.0000000000
67855  -57.429  -26.452  27.580 0.0000000000
117976  -13.038  -54.327  49.882 0.0000000000
55227  -28.961  -39.120  40.017 0.0000000000
54360  -28.618  -40.133  39.983 0.0000000000
132250  -28.712  -39.554  39.149 0.0000000000
61231  -38.468  -33.147  32.457 0.0000000000
62209  -38.817  -32.668  32.005 0.0000000000
62194  -39.256  -32.388  33.259 0.0000000000
58235  -35.918  -35.896  35.156 0.0000000000
58237  -38.184  -35.961  35.022 0.0000000000
59328  -37.662  -35.400  34.428 0.0000000000
121374  -41.810  -35.930  35.493 0.0000000000
59314  -40.989  -35.621  35.352 0.0000000000
59330  -40.288  -34.968  35.018 0.0000000000
60316  -38.848  -34.466  34.202 0.0000000000
140449  -39.303  -33.791  34.129 0.0000000000
60328  -38.739  -33.713  33.619 0.0000000000
61206  -39.946  -33.320  34.438 0.0000000000
62180  -41.930  -32.188  35.061 0.0000000000
62178  -40.520  -32.375  34.476 0.0000000000
142424  -40.596  -31.688  34.358 0.0000000000
62195  -40.128  -31.615  34.012 0.0000000000
64119  -41.350  -30.819  34.491 0.0000000000
63155  -44.606  -31.446  35.533 0.0000000000
125180  -45.022  -30.046  35.774 0.0000000000
64095  -45.674  -30.491  36.180 0.0000000000
41597  -15.298  -53.374  50.115 0.0000000000
120990  -15.487  -53.450  51.067 0.0000000000
40588  -13.371  -54.412  48.315 0.0000000000
40523  -12.698  -54.556  51.312 0.0000000000
40502  -13.298  -54.780  52.378 0.0000000000
40501  -12.169  -54.709  52.071 0.0000000000
120839  -12.410  -55.431  54.545 0.0000000000
141651  -11.409  -55.427  54.157 0.0000000000
39448  -8.358  -55.741  52.239 0.0000000000
39423  -8.880  -55.425  52.671 0.0000000000
39400  -9.378  -55.434  54.582 0.0000000000
39378  -10.280  -55.539  55.577 0.0000000000
39359  -10.578  -55.405  56.783 0.0000000000
40446  -7.584  -54.459  56.445 0.0000000000
119632  -8.060  -54.033  57.565 0.0000000000
142446  -5.609  -54.045  55.449 0.0000000000
40466  -6.181  -54.264  55.600 0.0000000000
48621  -33.955  -46.329  41.656 0.0000000000
49559  -26.344  -45.387  45.187 0.0000000000
47417  -28.003  -47.239  49.048 0.0000000000
67820  -47.092  -26.465  29.576 0.0000000000
67847  -49.456  -26.683  27.848 0.0000000000
52571  -28.702  -42.697  40.393 0.0000000000
58207  -32.551  -36.642  35.548 0.0000000000
57160  -31.981  -37.072  35.048 0.0000000000
58231  -32.699  -36.793  34.740 0.0000000000
57170  -32.264  -37.384  34.300 0.0000000000
119845  -16.320  -49.426  46.261 0.0000000000
44499  -15.981  -50.831  47.029 0.0000000000
138462  -15.802  -51.638  46.625 0.0000000000
48529  -34.523  -46.365  46.233 0.0000000000
49527  -34.477  -45.614  47.673 0.0000000000
50582  -34.494  -45.222  48.350 0.0000000000
46333  -33.185  -47.655  48.648 0.0000000000
47400  -33.814  -47.206  48.940 0.0000000000
47421  -33.594  -47.359  48.121 0.0000000000
47442  -33.369  -47.588  47.203 0.0000000000
47458  -33.694  -47.795  46.171 0.0000000000
65047  -44.308  -29.605  35.298 0.0000000000
65063  -43.993  -28.932  34.788 0.0000000000
65948  -45.127  -28.252  35.355 0.0000000000
66824  -45.844  -27.852  35.870 0.0000000000
67738  -49.258  -26.274  37.733 0.0000000000
67745  -48.528  -26.382  36.464 0.0000000000
67751  -48.177  -26.260  35.218 0.0000000000
120461  -47.651  -26.085  33.972 0.0000000000
118570  -47.389  -25.953  33.165 0.0000000000
67765  -48.263  -26.064  34.347 0.0000000000
118364  -49.032  -25.868  33.940 0.0000000000
67776  -49.102  -25.727  33.085 0.0000000000
118244  -49.907  -25.677  32.698 0.0000000000
117878  -49.822  -25.717  33.579 0.0000000000
68643  -51.048  -25.612  34.736 0.0000000000
68633  -52.132  -25.244  35.401 0.0000000000
138660  -31.237  -37.367  42.947 0.0000000000
58130  -34.039  -36.557  40.372 0.0000000000
58140  -34.472  -36.537  39.499 0.0000000000
58150  -34.313  -36.524  38.605 0.0000000000
58168  -35.661  -36.634  37.330 0.0000000000
48495  -21.329  -45.822  47.715 0.0000000000
47504  -18.472  -47.425  43.470 0.0000000000
46377  -17.195  -48.482  44.411 0.0000000000
66917  -57.374  -26.916  25.417 0.0000000000
66918  -57.917  -26.798  25.120 0.0000000000
39345  -10.780  -55.210  57.753 0.0000000000
49663  -32.512  -45.882  40.288 0.0000000000
51652  -30.542  -42.777  43.306 0.0000000000
50604  -33.848  -44.446  46.541 0.0000000000
50613  -33.905  -44.650  45.937 0.0000000000
51614  -32.910  -43.504  46.237 0.0000000000
53432  -31.831  -41.547  47.730 0.0000000000
53431  -31.408  -40.808  47.512 0.0000000000
119534  -31.189  -40.637  46.757 0.0000000000
55200  -30.496  -39.308  44.988 0.0000000000
55204  -30.225  -39.040  44.280 0.0000000000
141320  -30.831  -38.631  45.239 0.0000000000
56068  -31.341  -38.375  45.740 0.0000000000
56995  -34.098  -37.938  46.227 0.0000000000
48601  -26.637  -46.330  42.290 0.0000000000
48551  -29.823  -46.462  45.495 0.0000000000
47527  -30.575  -47.809  42.454 0.0000000000
122953  -23.232  -46.367  47.402 0.0000000000
118736  -23.895  -45.422  44.646 0.0000000000
49571  -23.305  -45.438  43.851 0.0000000000
133729  -22.393  -45.778  42.681 0.0000000000
125314  -50.684  -26.382  29.986 0.0000000000
67808  -51.151  -26.276  30.681 0.0000000000
67825  -52.527  -26.529  29.907 0.0000000000
131289  -53.931  -26.362  30.216 0.0000000000
67827  -54.198  -26.635  29.462 0.0000000000
67852  -54.152  -26.737  27.848 0.0000000000
66890  -55.496  -26.825  27.499 0.0000000000
135509  -56.490  -26.575  28.626 0.0000000000
39497  -12.139  -55.333  48.899 0.0000000000
56146  -29.250  -38.622  39.087 0.0000000000
55244  -28.862  -39.188  37.431 0.0000000000
133060  -37.429  -34.169  31.917 0.0000000000
61242  -37.920  -33.658  32.228 0.0000000000
62193  -38.754  -33.066  33.118 0.0000000000
58212  -37.761  -36.450  35.668 0.0000000000
59311  -39.030  -35.897  35.069 0.0000000000
119904  -42.869  -34.924  35.385 0.0000000000
61207  -40.898  -33.329  34.866 0.0000000000
140017  -42.491  -31.903  35.180 0.0000000000
63166  -42.747  -31.235  35.132 0.0000000000
62181  -43.288  -32.123  35.344 0.0000000000
63156  -45.352  -31.813  35.694 0.0000000000
43582  -16.117  -51.743  50.371 0.0000000000
41596  -14.744  -53.668  49.525 0.0000000000
41618  -13.985  -54.016  48.125 0.0000000000
40500  -11.304  -54.768  51.829 0.0000000000
39422  -7.984  -55.546  52.887 0.0000000000
131593  -6.829  -54.107  56.222 0.0000000000
47382  -33.978  -46.960  50.188 0.0000000000
65932  -47.669  -28.655  38.359 0.0000000000
65937  -47.201  -28.198  37.722 0.0000000000
66810  -48.409  -27.460  38.594 0.0000000000
67729  -48.734  -26.803  38.258 0.0000000000
68615  -50.602  -25.573  37.311 0.0000000000
68616  -51.383  -25.322  37.526 0.0000000000
68624  -51.197  -25.370  36.696 0.0000000000
57034  -33.777  -36.945  42.649 0.0000000000
57047  -34.467  -36.858  42.093 0.0000000000
57064  -35.594  -36.704  40.923 0.0000000000
57081  -35.913  -36.648  40.082 0.0000000000
57103  -36.994  -37.169  38.959 0.0000000000
48566  -20.244  -45.957  44.086 0.0000000000
122335  -19.748  -46.406  43.513 0.0000000000
118354  -13.619  -55.310  55.744 0.0000000000
48620  -33.432  -45.988  40.715 0.0000000000
141340  -32.070  -44.488  43.460 0.0000000000
118127  -31.803  -38.706  47.139 0.0000000000
49613  -24.508  -45.540  42.507 0.0000000000
48603  -28.161  -46.896  42.625 0.0000000000
47475  -31.882  -47.943  45.384 0.0000000000
48498  -24.486  -46.811  47.642 0.0000000000
49541  -25.180  -45.569  46.194 0.0000000000
120583  -24.690  -45.382  44.438 0.0000000000
66863  -44.217  -26.799  30.609 0.0000000000
68652  -53.392  -25.033  33.241 0.0000000000
68657  -53.463  -25.254  32.464 0.0000000000
69471  -54.246  -24.685  33.437 0.0000000000
68653  -54.082  -24.967  32.650 0.0000000000
140170  -56.428  -25.452  30.401 0.0000000000
57139  -30.603  -37.407  37.106 0.0000000000
57159  -30.430  -37.648  36.040 0.0000000000
140033  -40.791  -36.776  35.955 0.0000000000
58215  -40.491  -36.311  35.587 0.0000000000
59315  -42.582  -35.785  35.518 0.0000000000
60306  -43.768  -34.747  35.440 0.0000000000
61195  -44.670  -33.605  35.472 0.0000000000
127445  -45.050  -33.011  35.510 0.0000000000
44487  -16.409  -50.530  49.402 0.0000000000
142336  -16.502  -50.808  49.001 0.0000000000
41668  -14.825  -53.767  46.819 0.0000000000
39420  -6.456  -55.758  54.008 0.0000000000
49576  -34.555  -45.872  44.915 0.0000000000
127770  -34.509  -45.444  46.303 0.0000000000
50605  -34.320  -44.964  46.567 0.0000000000
135455  -34.630  -45.004  49.648 0.0000000000
122154  -28.238  -45.816  46.650 0.0000000000
48528  -30.507  -46.621  46.218 0.0000000000
46340  -31.907  -47.888  48.212 0.0000000000
137511  -32.136  -48.012  47.610 0.0000000000
47456  -31.902  -47.898  46.333 0.0000000000
47398  -28.584  -47.650  49.657 0.0000000000
65076  -40.536  -30.235  33.390 0.0000000000
65077  -41.093  -29.626  33.483 0.0000000000
65963  -41.522  -28.948  33.160 0.0000000000
65968  -42.212  -28.065  32.306 0.0000000000
66816  -46.828  -27.820  37.019 0.0000000000
66825  -46.516  -27.517  36.287 0.0000000000
66831  -45.592  -27.409  35.158 0.0000000000
66833  -46.887  -26.978  35.948 0.0000000000
66832  -46.282  -27.138  35.571 0.0000000000
66842  -45.388  -27.021  34.439 0.0000000000
66851  -45.090  -26.791  33.713 0.0000000000
67772  -44.782  -26.636  32.977 0.0000000000
67781  -44.623  -26.553  32.198 0.0000000000
67791  -45.312  -26.281  31.685 0.0000000000
67802  -45.802  -26.242  30.836 0.0000000000
140546  -46.357  -26.120  30.897 0.0000000000
119307  -46.850  -26.050  30.949 0.0000000000
67803  -46.440  -26.309  30.279 0.0000000000
67804  -47.181  -26.204  30.383 0.0000000000
67821  -47.995  -26.420  29.348 0.0000000000
141656  -48.650  -26.451  29.161 0.0000000000
118429  -49.869  -25.815  31.826 0.0000000000
67796  -50.566  -26.043  31.287 0.0000000000
67787  -51.787  -25.692  32.216 0.0000000000
68655  -52.070  -25.524  33.063 0.0000000000
68651  -52.670  -25.283  33.381 0.0000000000
119169  -51.712  -25.256  36.092 0.0000000000
68646  -53.246  -24.807  34.776 0.0000000000
117822  -52.950  -25.059  34.015 0.0000000000
69467  -53.705  -24.712  34.087 0.0000000000
142672  -54.679  -24.243  34.914 0.0000000000
54351  -29.353  -39.807  42.161 0.0000000000
54356  -29.017  -40.114  41.586 0.0000000000
55219  -29.288  -39.305  41.541 0.0000000000
122597  -29.343  -38.806  40.859 0.0000000000
56147  -29.921  -37.857  39.528 0.0000000000
57100  -30.520  -37.448  39.048 0.0000000000
57046  -32.894  -36.712  41.453 0.0000000000
57061  -32.194  -36.675  40.770 0.0000000000
57101  -31.164  -37.080  38.660 0.0000000000
57122  -31.183  -37.040  37.844 0.0000000000
58164  -31.400  -36.920  37.180 0.0000000000
58182  -32.552  -36.518  36.469 0.0000000000
58166  -33.201  -36.431  37.355 0.0000000000
121225  -33.112  -36.404  35.951 0.0000000000
120482  -33.814  -36.182  35.065 0.0000000000
58209  -34.464  -36.042  35.271 0.0000000000
132127  -36.169  -36.638  36.806 0.0000000000
121635  -37.093  -36.601  36.050 0.0000000000
57104  -37.860  -37.381  38.776 0.0000000000
57124  -38.318  -37.412  37.846 0.0000000000
121006  -39.362  -37.586  37.982 0.0000000000
57125  -39.105  -37.356  37.194 0.0000000000
57144  -39.671  -37.170  36.600 0.0000000000
58191  -41.421  -36.907  36.161 0.0000000000
58192  -42.149  -37.002  36.437 0.0000000000
131210  -19.735  -45.931  44.864 0.0000000000
126344  -18.302  -46.356  46.460 0.0000000000
46363  -16.801  -48.612  45.303 0.0000000000
45422  -16.485  -49.338  45.569 0.0000000000
67876  -58.443  -26.404  25.578 0.0000000000
50678  -29.529  -44.195  40.871 0.0000000000
51674  -28.949  -43.638  40.536 0.0000000000
126754  -29.052  -42.802  41.169 0.0000000000
139416  -29.155  -42.237  41.512 0.0000000000
129896  -29.259  -40.773  42.217 0.0000000000
50647  -33.577  -45.269  43.718 0.0000000000
119806  -33.804  -44.800  45.191 0.0000000000
50626  -33.469  -44.893  44.414 0.0000000000
50646  -32.743  -44.716  43.745 0.0000000000
120096  -31.985  -44.046  43.832 0.0000000000
52536  -32.437  -42.655  46.402 0.0000000000
52549  -32.401  -43.014  45.759 0.0000000000
51633  -31.809  -43.401  44.322 0.0000000000
51653  -31.304  -43.435  43.638 0.0000000000
140427  -30.389  -41.508  44.155 0.0000000000
53461  -29.975  -41.883  43.226 0.0000000000
55214  -29.662  -39.372  42.742 0.0000000000
123733  -30.075  -38.456  43.058 0.0000000000
56093  -30.340  -38.442  43.841 0.0000000000
57020  -30.706  -37.797  43.358 0.0000000000
56069  -32.178  -37.997  45.926 0.0000000000
57003  -32.847  -37.667  45.289 0.0000000000
57023  -33.331  -37.258  43.901 0.0000000000
119311  -34.020  -37.157  43.368 0.0000000000
133598  -29.098  -46.306  45.029 0.0000000000
47507  -30.026  -47.226  43.793 0.0000000000
47525  -28.753  -47.411  42.402 0.0000000000
48547  -21.520  -45.610  45.391 0.0000000000
48521  -23.380  -45.892  46.611 0.0000000000
135861  -22.778  -45.688  46.187 0.0000000000
48567  -21.163  -45.708  44.451 0.0000000000
48582  -21.061  -45.968  43.544 0.0000000000
137424  -48.970  -26.565  28.581 0.0000000000
67836  -50.425  -26.504  28.388 0.0000000000
67848  -50.240  -26.674  27.395 0.0000000000
67864  -50.904  -26.656  27.029 0.0000000000
67865  -51.492  -26.683  26.775 0.0000000000
119365  -52.772  -25.945  31.278 0.0000000000
67826  -53.383  -26.586  29.732 0.0000000000
67838  -52.822  -26.597  29.120 0.0000000000
123501  -52.264  -26.533  28.403 0.0000000000
67866  -52.106  -26.593  26.958 0.0000000000
66912  -52.130  -27.352  25.351 0.0000000000
134272  -52.707  -27.429  25.102 0.0000000000
66913  -53.314  -27.325  25.192 0.0000000000
119076  -55.694  -27.406  24.801 0.0000000000
66904  -56.702  -26.898  26.321 0.0000000000
67856  -58.136  -26.218  27.211 0.0000000000
40548  -14.464  -54.021  51.183 0.0000000000
123267  -11.924  -54.690  50.647 0.0000000000
40565  -11.735  -54.967  49.968 0.0000000000
40545  -11.212  -55.054  50.513 0.0000000000
54361  -28.726  -40.465  40.901 0.0000000000
125724  -28.487  -41.007  39.587 0.0000000000
56178  -29.911  -38.033  36.619 0.0000000000
63178  -39.818  -31.283  33.335 0.0000000000
58234  -35.011  -35.848  34.727 0.0000000000
59343  -37.190  -34.966  33.705 0.0000000000
59312  -39.433  -35.228  34.836 0.0000000000
59331  -41.023  -34.776  35.183 0.0000000000
142624  -39.687  -31.877  33.539 0.0000000000
64138  -40.288  -30.833  33.708 0.0000000000
64139  -40.848  -30.384  34.019 0.0000000000
64121  -43.021  -30.372  35.013 0.0000000000
64106  -43.754  -30.229  35.233 0.0000000000
65039  -45.544  -29.549  36.198 0.0000000000
64089  -46.586  -29.560  37.193 0.0000000000
141001  -45.413  -32.487  35.645 0.0000000000
40526  -15.555  -53.702  52.717 0.0000000000
41556  -15.809  -53.445  52.030 0.0000000000
40567  -13.157  -54.330  49.130 0.0000000000
41645  -14.371  -53.891  47.554 0.0000000000
40503  -14.326  -54.491  52.861 0.0000000000
39452  -13.760  -55.005  53.305 0.0000000000
39426  -13.106  -55.269  53.903 0.0000000000
141917  -13.158  -55.314  54.522 0.0000000000
39449  -9.075  -55.533  51.920 0.0000000000
118230  -9.749  -55.177  52.481 0.0000000000
39397  -5.625  -55.427  54.586 0.0000000000
50575  -34.601  -45.378  49.010 0.0000000000
63164  -41.173  -31.726  34.647 0.0000000000
66850  -44.341  -27.154  33.471 0.0000000000
67724  -49.813  -26.817  39.320 0.0000000000
67762  -45.863  -26.494  33.941 0.0000000000
67790  -44.475  -26.602  31.400 0.0000000000
67793  -47.184  -25.957  31.639 0.0000000000
67812  -55.979  -25.891  30.136 0.0000000000
68625  -51.911  -25.070  36.893 0.0000000000
68631  -50.717  -25.609  35.506 0.0000000000
68645  -52.529  -25.180  34.697 0.0000000000
68649  -50.504  -25.689  34.116 0.0000000000
69475  -54.732  -24.667  32.861 0.0000000000
119392  -48.989  -26.104  35.630 0.0000000000
129243  -49.069  -26.194  37.037 0.0000000000
134911  -42.523  -33.391  35.321 0.0000000000
138946  -43.502  -28.946  34.555 0.0000000000
139771  -39.552  -35.822  35.146 0.0000000000
139892  -29.486  -40.250  42.693 0.0000000000
140132  -47.974  -27.000  37.429 0.0000000000
141788  -31.661  -36.816  37.681 0.0000000000
141890  -48.338  -26.349  35.821 0.0000000000
142061  -47.574  -26.452  35.264 0.0000000000
