#!ascii label  , from subject sub-v2s8x29237_ses-1 vox2ras=TkReg
868
73260  8.997  -8.630  -22.930 0.2500000000
124692  10.473  -8.925  -24.222 0.2500000000
72320  10.629  -9.489  -24.183 0.7500000000
75084  6.905  -5.816  -22.314 0.2500000000
75094  7.547  -6.574  -22.892 0.1250000000
139031  8.019  -6.027  -24.413 0.3750000000
124807  8.023  -7.303  -23.043 0.2500000000
73279  10.765  -8.224  -24.655 0.7500000000
73280  9.443  -8.570  -24.462 0.3750000000
72319  11.628  -9.640  -25.041 0.8750000000
72338  12.027  -9.629  -25.444 0.8750000000
144888  8.327  -6.899  -24.304 0.3750000000
75092  9.128  -7.106  -24.825 0.3750000000
74197  10.564  -7.526  -24.703 0.7500000000
73313  12.211  -7.916  -25.739 1.0000000000
74210  11.361  -7.408  -25.375 1.0000000000
73296  12.264  -8.886  -25.605 1.0000000000
72353  12.919  -8.946  -25.700 1.0000000000
76019  7.330  -5.489  -23.384 0.2500000000
75093  8.494  -6.375  -24.902 0.7500000000
75107  10.463  -5.886  -25.383 0.8750000000
75106  10.928  -6.696  -25.380 0.8750000000
74221  12.671  -7.249  -26.204 1.0000000000
74222  11.977  -7.060  -26.055 1.0000000000
75105  11.425  -6.866  -25.654 1.0000000000
73312  13.320  -7.977  -25.936 1.0000000000
121583  12.674  -8.206  -25.796 1.0000000000
75985  6.402  -5.018  -21.968 0.1250000000
76018  8.592  -5.228  -24.438 0.6250000000
76028  10.632  -5.309  -25.606 1.0000000000
76029  10.038  -5.063  -25.354 0.8750000000
122522  11.038  -6.089  -25.643 1.0000000000
75116  14.057  -6.400  -26.235 1.0000000000
124433  12.867  -6.445  -26.585 1.0000000000
75119  11.674  -6.235  -26.199 1.0000000000
74219  14.025  -7.391  -26.008 1.0000000000
74220  13.330  -6.915  -26.364 1.0000000000
126309  15.658  -7.334  -25.615 1.0000000000
74218  14.867  -7.785  -25.710 1.0000000000
80461  8.676  -0.360  -24.897 0.2500000000
76008  6.254  -4.926  -22.321 0.2500000000
76020  6.928  -4.440  -23.358 0.3750000000
76921  8.058  -4.799  -24.202 0.5000000000
76933  9.756  -4.352  -25.339 1.0000000000
76041  11.335  -5.438  -26.112 1.0000000000
75117  13.258  -6.051  -26.655 1.0000000000
76039  13.099  -5.237  -26.748 1.0000000000
76037  14.606  -5.473  -25.975 1.0000000000
75104  16.119  -6.538  -25.564 1.0000000000
138498  16.059  -5.243  -25.447 1.0000000000
76026  16.661  -5.847  -25.696 1.0000000000
79639  8.936  -0.595  -25.510 0.5000000000
79640  8.535  -0.772  -24.828 0.3750000000
78765  8.110  -1.554  -24.446 0.3750000000
77861  8.509  -2.713  -24.848 0.5000000000
77860  9.920  -3.137  -25.632 0.5000000000
140549  10.031  -3.792  -25.613 0.8750000000
137394  10.705  -3.928  -26.108 1.0000000000
77872  11.229  -3.264  -26.596 1.0000000000
76044  12.594  -4.878  -26.744 1.0000000000
76945  11.436  -4.095  -26.558 1.0000000000
128297  14.012  -4.277  -26.478 1.0000000000
76944  13.469  -4.717  -26.647 1.0000000000
77857  17.039  -3.966  -25.682 1.0000000000
76931  15.431  -4.793  -25.606 1.0000000000
76025  17.484  -5.619  -26.263 0.8750000000
79657  9.586  -1.027  -26.052 0.5000000000
78764  8.762  -1.633  -25.267 0.5000000000
78781  10.676  -2.214  -26.382 0.6250000000
78780  11.053  -2.555  -26.585 0.6250000000
77873  10.472  -2.991  -26.096 0.7500000000
77880  11.837  -3.430  -27.051 1.0000000000
78776  16.336  -2.342  -25.617 1.0000000000
78777  15.246  -2.210  -25.784 1.0000000000
77870  13.916  -3.507  -26.588 1.0000000000
77878  12.861  -3.645  -26.958 1.0000000000
78762  15.531  -3.058  -25.577 1.0000000000
77869  14.804  -3.880  -25.942 1.0000000000
78775  17.410  -3.097  -25.988 0.8750000000
78761  16.429  -3.228  -25.531 1.0000000000
77868  17.622  -4.287  -26.425 0.8750000000
78794  11.216  -1.964  -26.844 0.8750000000
79671  13.424  -1.289  -27.341 1.0000000000
79672  13.067  -2.005  -27.429 1.0000000000
79653  15.798  -1.648  -25.754 1.0000000000
125278  15.030  -1.453  -26.154 1.0000000000
77879  12.375  -3.493  -27.093 1.0000000000
80488  16.707  -0.638  -26.289 1.0000000000
134604  17.871  -2.368  -26.676 1.0000000000
125481  17.190  -2.091  -26.077 1.0000000000
79650  18.177  -1.386  -26.853 1.0000000000
79656  11.034  -1.795  -26.648 0.5000000000
79675  11.365  -1.345  -27.212 0.8750000000
79674  11.821  -1.214  -27.606 1.0000000000
81462  13.728  0.265  -27.447 1.0000000000
131869  12.945  -1.279  -27.582 1.0000000000
80510  13.180  -0.468  -27.623 1.0000000000
82450  16.916  1.703  -26.508 1.0000000000
81448  16.369  0.870  -26.351 1.0000000000
81446  17.913  0.687  -26.835 1.0000000000
131780  17.283  1.020  -26.564 1.0000000000
132109  16.308  0.081  -26.315 1.0000000000
80486  18.391  -0.587  -26.964 1.0000000000
81447  17.214  0.197  -26.494 1.0000000000
80508  18.687  -0.536  -27.939 0.8750000000
84446  12.722  2.990  -28.457 1.0000000000
83499  11.279  1.965  -28.374 0.3750000000
82465  13.301  0.915  -27.808 1.0000000000
82451  15.968  1.722  -26.349 1.0000000000
84447  12.132  3.298  -28.725 0.8750000000
85344  12.687  3.910  -28.889 1.0000000000
84433  13.210  2.678  -28.041 1.0000000000
85334  13.298  3.694  -28.428 1.0000000000
83485  13.873  2.440  -27.512 1.0000000000
83466  16.527  2.502  -26.502 1.0000000000
124395  16.134  3.291  -26.576 1.0000000000
125520  17.691  3.103  -27.169 1.0000000000
85345  11.811  4.133  -29.088 0.7500000000
85333  14.136  4.187  -27.861 1.0000000000
85331  16.174  4.698  -27.181 1.0000000000
84431  14.729  3.727  -27.281 1.0000000000
85319  15.687  3.994  -26.868 1.0000000000
139883  13.102  4.372  -29.066 1.0000000000
86186  14.412  5.042  -28.050 1.0000000000
85332  15.170  4.684  -27.426 1.0000000000
140392  11.535  8.792  -28.331 0.1250000000
133093  11.896  9.447  -28.578 0.1250000000
88613  11.576  8.242  -29.115 0.2500000000
89426  11.236  8.774  -29.182 0.1250000000
89434  11.139  8.862  -30.472 0.3750000000
89427  10.505  9.468  -29.461 0.2500000000
89445  10.878  9.682  -31.075 0.5000000000
90250  10.635  10.168  -31.612 0.3750000000
90236  10.042  10.023  -29.877 0.2500000000
89446  10.165  10.164  -31.071 0.2500000000
90242  9.874  10.494  -30.516 0.2500000000
90243  9.256  10.883  -31.022 0.2500000000
90251  9.965  10.513  -31.718 0.2500000000
90264  9.825  10.833  -32.676 0.2500000000
90263  10.733  10.415  -32.562 0.3750000000
90275  10.245  10.619  -33.833 0.3750000000
91103  9.305  10.994  -33.697 0.2500000000
74198  8.940  -7.911  -24.156 0.2500000000
75082  7.944  -7.137  -22.402 0.1250000000
73310  15.055  -8.619  -25.742 1.0000000000
132018  11.569  -1.808  -27.309 0.8750000000
80490  14.911  -0.588  -26.430 1.0000000000
72294  9.721  -9.448  -22.500 0.1250000000
71400  11.205  -10.430  -24.388 0.6250000000
145035  12.029  -10.441  -25.153 0.7500000000
75083  7.414  -6.415  -22.226 0.1250000000
71416  12.710  -10.388  -25.551 1.0000000000
142439  8.737  -8.192  -22.635 0.1250000000
71435  13.281  -9.833  -25.672 1.0000000000
130214  14.439  -9.002  -25.776 1.0000000000
145598  15.666  -8.144  -25.678 1.0000000000
76908  5.614  -3.845  -22.338 0.3750000000
79601  7.201  -1.334  -23.418 0.2500000000
77849  7.397  -2.407  -24.010 0.2500000000
78774  17.960  -3.667  -27.106 0.8750000000
77867  17.690  -5.181  -28.091 0.8750000000
78790  18.410  -2.299  -27.527 0.8750000000
82475  10.605  1.693  -27.780 0.1250000000
82474  11.205  1.381  -28.190 0.1250000000
80494  10.742  -0.350  -26.276 0.3750000000
80528  12.301  0.083  -28.051 0.6250000000
81461  18.399  0.170  -27.258 1.0000000000
79670  18.618  -1.336  -27.588 0.8750000000
83498  12.116  2.365  -28.618 0.5000000000
125951  12.075  1.351  -28.579 0.8750000000
83465  17.363  2.468  -26.760 1.0000000000
84445  17.982  3.569  -27.869 1.0000000000
84416  16.615  4.024  -26.834 1.0000000000
86199  12.516  4.772  -29.595 0.8750000000
86210  13.795  5.860  -29.344 1.0000000000
86197  14.712  5.801  -28.467 1.0000000000
86185  15.900  5.343  -27.623 1.0000000000
137665  12.167  9.260  -27.998 0.1250000000
87824  10.756  8.230  -27.979 0.1250000000
87856  12.162  7.473  -31.314 0.6250000000
88626  11.787  8.189  -30.172 0.6250000000
89458  12.393  9.717  -32.247 0.5000000000
89418  11.514  8.817  -28.470 0.2500000000
90262  11.785  10.195  -32.803 0.5000000000
90235  10.472  9.768  -29.373 0.2500000000
90274  11.203  10.422  -33.448 0.5000000000
91085  8.914  11.458  -31.013 0.1250000000
91096  9.119  11.320  -32.643 0.2500000000
132693  9.002  11.354  -34.435 0.2500000000
91112  10.440  10.889  -35.173 0.3750000000
91113  9.079  11.748  -35.459 0.2500000000
91091  8.931  11.275  -31.503 0.1250000000
123025  9.440  -9.130  -22.875 0.1250000000
72309  9.827  -9.274  -23.475 0.3750000000
123038  10.245  -9.970  -23.643 0.5000000000
74180  8.385  -8.003  -23.111 0.1250000000
71399  11.796  -10.167  -25.034 0.7500000000
73297  11.788  -9.009  -25.353 0.8750000000
71417  12.250  -10.160  -25.427 1.0000000000
72337  12.519  -9.682  -25.575 1.0000000000
133877  11.882  -8.398  -25.526 1.0000000000
72352  13.683  -8.951  -25.744 1.0000000000
73311  14.191  -8.278  -25.819 1.0000000000
75115  15.070  -6.397  -25.717 1.0000000000
75118  12.347  -6.358  -26.484 1.0000000000
122942  12.065  -5.423  -26.611 1.0000000000
137761  14.663  -7.037  -25.792 1.0000000000
133158  6.526  -3.173  -23.350 0.3750000000
76922  7.982  -3.748  -24.412 0.5000000000
76934  9.659  -3.754  -25.399 0.8750000000
76932  10.282  -4.567  -25.595 1.0000000000
138951  11.603  -4.810  -26.476 1.0000000000
76027  15.622  -5.696  -25.556 1.0000000000
76038  13.692  -5.485  -26.522 1.0000000000
76040  12.718  -5.742  -26.709 1.0000000000
127870  14.042  -4.920  -26.396 1.0000000000
76943  14.549  -4.663  -26.067 1.0000000000
76929  17.457  -4.740  -26.024 1.0000000000
78782  10.191  -2.540  -25.938 0.6250000000
78792  12.146  -2.731  -27.399 1.0000000000
77871  13.353  -3.955  -26.757 1.0000000000
76951  12.085  -4.329  -26.822 1.0000000000
77858  15.913  -3.922  -25.417 1.0000000000
76942  17.723  -5.436  -26.937 0.8750000000
78793  11.598  -2.549  -27.133 1.0000000000
78791  12.767  -2.799  -27.300 1.0000000000
79651  17.434  -1.410  -26.395 1.0000000000
78778  13.734  -2.748  -26.790 1.0000000000
136411  14.329  -2.085  -26.340 1.0000000000
144737  18.162  -2.899  -27.251 0.8750000000
80509  13.919  -0.550  -27.110 1.0000000000
79673  12.458  -1.852  -27.545 1.0000000000
79654  14.133  -1.313  -26.647 1.0000000000
134674  15.795  -0.983  -26.082 1.0000000000
78779  13.234  -2.589  -27.215 1.0000000000
80489  15.808  -0.342  -26.252 1.0000000000
131136  18.012  -0.018  -26.766 1.0000000000
80487  17.703  -0.637  -26.588 1.0000000000
80512  11.921  -0.397  -27.910 0.6250000000
80511  12.482  -0.723  -27.739 1.0000000000
81463  13.078  0.266  -27.801 1.0000000000
81450  14.445  0.061  -26.837 1.0000000000
143096  13.875  0.873  -27.443 1.0000000000
122134  15.040  1.678  -26.673 1.0000000000
130890  14.536  0.822  -26.930 1.0000000000
82449  17.786  1.624  -26.925 1.0000000000
133097  15.478  1.078  -26.461 1.0000000000
83497  12.680  2.025  -28.372 1.0000000000
82464  14.061  1.538  -27.354 1.0000000000
81473  12.676  0.587  -28.114 1.0000000000
83486  13.259  1.770  -27.902 1.0000000000
83467  15.585  2.472  -26.530 1.0000000000
84432  13.870  3.289  -27.669 1.0000000000
84418  14.432  3.007  -27.221 1.0000000000
83468  14.666  2.391  -26.955 1.0000000000
84415  17.028  3.273  -26.705 1.0000000000
143845  13.955  5.260  -28.739 1.0000000000
141993  15.191  5.407  -27.858 1.0000000000
86198  13.291  5.001  -29.343 1.0000000000
88601  11.003  9.014  -27.466 0.1250000000
137014  10.113  9.710  -30.043 0.2500000000
121708  11.502  7.927  -29.061 0.3750000000
90249  11.377  9.875  -32.003 0.5000000000
89444  11.825  9.277  -31.639 0.7500000000
133628  9.649  11.111  -34.723 0.2500000000
71387  9.795  -9.780  -23.054 0.2500000000
71362  9.963  -10.002  -22.089 0.1250000000
71373  9.965  -10.233  -22.544 0.1250000000
143661  10.687  -10.723  -23.746 0.6250000000
80513  11.445  -0.283  -27.615 0.6250000000
80527  12.741  -0.012  -27.851 0.8750000000
80529  11.706  0.214  -28.078 0.7500000000
81475  11.494  0.843  -28.229 0.7500000000
81474  12.165  0.661  -28.371 0.8750000000
132378  12.402  0.935  -28.387 1.0000000000
82473  12.737  1.241  -28.265 1.0000000000
86211  12.784  5.509  -30.057 1.0000000000
143155  14.632  6.389  -29.023 1.0000000000
86196  15.667  5.933  -28.134 1.0000000000
87831  10.889  7.188  -28.776 0.3750000000
88625  12.279  8.181  -31.149 0.7500000000
87843  11.896  7.544  -30.228 0.5000000000
88638  12.458  8.788  -31.523 0.7500000000
91125  9.755  11.498  -36.008 0.2500000000
67607  14.363  -14.248  -24.716 0.7500000000
67605  16.043  -14.505  -25.094 0.7500000000
67608  13.510  -13.979  -24.404 0.7500000000
67609  12.841  -13.864  -23.928 0.7500000000
68579  15.662  -13.646  -25.445 0.7500000000
68562  13.994  -13.623  -24.896 0.7500000000
68563  13.439  -13.182  -24.881 0.7500000000
132364  16.126  -13.146  -25.692 0.7500000000
127547  14.896  -13.049  -25.457 0.7500000000
68581  14.134  -13.029  -25.254 0.7500000000
70442  12.260  -11.532  -24.822 0.7500000000
70443  11.653  -10.819  -24.662 0.6250000000
69492  13.484  -12.417  -25.302 0.7500000000
70454  13.467  -11.644  -25.530 0.8750000000
69493  12.913  -11.870  -25.298 0.8750000000
130087  16.269  -12.460  -25.984 0.7500000000
69490  15.530  -12.752  -25.739 0.7500000000
70453  14.837  -11.420  -25.849 0.7500000000
71415  13.415  -10.814  -25.665 0.8750000000
70470  16.421  -11.656  -26.279 0.7500000000
70471  15.630  -11.224  -26.172 0.7500000000
70472  14.978  -10.816  -25.940 0.8750000000
122630  16.167  -9.899  -26.209 0.7500000000
71433  15.503  -10.408  -26.089 0.8750000000
72350  15.182  -9.528  -25.900 0.8750000000
121112  17.132  -8.968  -26.921 0.8750000000
72336  16.120  -8.955  -25.926 0.8750000000
74208  16.502  -8.153  -26.050 0.8750000000
127748  16.775  -7.404  -26.083 0.8750000000
75113  18.828  -7.493  -27.949 0.3750000000
75114  18.321  -7.337  -27.901 0.6250000000
74207  17.670  -7.457  -26.957 0.7500000000
76042  19.247  -6.647  -28.530 0.5000000000
76035  18.663  -6.863  -28.410 0.5000000000
76036  17.908  -6.576  -27.807 0.7500000000
76952  20.040  -5.153  -29.047 0.1250000000
76949  19.581  -5.865  -28.762 0.3750000000
121042  18.605  -6.169  -28.984 0.6250000000
76941  17.925  -6.182  -28.586 0.6250000000
127746  20.725  -3.520  -28.614 0.1250000000
77876  20.429  -4.299  -28.504 0.1250000000
76956  19.573  -4.677  -29.980 0.1250000000
77883  20.188  -4.295  -30.238 0.1250000000
77882  18.430  -4.177  -29.243 0.6250000000
78801  18.922  -3.274  -29.682 0.6250000000
78797  18.610  -2.920  -28.694 0.7500000000
78796  20.828  -3.693  -29.859 0.1250000000
78802  21.581  -3.135  -31.028 0.1250000000
78804  19.838  -2.746  -30.704 0.1250000000
79687  19.167  -2.500  -30.128 0.5000000000
79688  18.905  -2.257  -29.216 0.6250000000
141606  18.761  -2.014  -28.276 0.7500000000
78798  21.517  -3.163  -30.598 0.1250000000
133433  19.305  -1.690  -30.322 0.5000000000
80541  19.368  -0.898  -30.446 0.5000000000
80525  19.055  -0.754  -29.958 0.6250000000
79684  18.907  -1.361  -28.596 0.7500000000
86200  11.146  5.458  -29.672 0.5000000000
85358  11.689  5.091  -29.854 0.7500000000
81471  18.903  0.096  -29.528 0.6250000000
138883  18.845  0.799  -29.120 0.6250000000
82463  18.300  1.018  -27.560 0.8750000000
129017  19.124  0.701  -30.420 0.5000000000
127733  18.785  0.726  -29.915 0.6250000000
82472  18.795  1.432  -29.377 0.6250000000
131155  18.631  1.291  -28.475 0.7500000000
86212  12.144  5.485  -30.206 0.7500000000
121131  18.234  1.887  -27.791 0.8750000000
85342  17.696  4.383  -27.989 0.8750000000
85330  17.007  4.602  -27.407 0.8750000000
83496  18.577  2.196  -28.737 0.7500000000
85341  18.224  3.953  -28.753 0.8750000000
85357  17.961  4.910  -28.927 0.8750000000
86194  17.363  5.700  -28.771 0.8750000000
82495  19.461  1.545  -30.708 0.3750000000
82482  18.899  1.413  -30.117 0.5000000000
83507  19.141  2.066  -30.275 0.5000000000
120921  18.730  2.737  -29.341 0.6250000000
83516  20.029  2.116  -31.261 0.2500000000
83517  19.473  2.478  -30.754 0.3750000000
84457  19.047  2.832  -30.106 0.5000000000
87065  11.751  5.910  -30.281 0.6250000000
87064  12.290  6.105  -30.541 0.7500000000
87063  13.127  6.290  -30.246 0.8750000000
87049  16.235  6.388  -28.629 0.7500000000
87060  17.290  6.216  -29.233 0.8750000000
84458  18.676  3.425  -29.486 0.6250000000
85356  18.520  4.230  -29.653 0.7500000000
83527  19.841  2.996  -31.420 0.3750000000
84463  19.404  3.294  -30.815 0.5000000000
86220  18.436  5.232  -30.676 0.7500000000
87051  10.978  6.135  -29.473 0.6250000000
134121  14.151  6.698  -29.662 0.8750000000
131004  15.121  6.959  -29.268 0.8750000000
87841  14.723  7.434  -29.835 0.7500000000
87062  15.951  6.948  -29.109 0.8750000000
87072  17.428  6.500  -29.936 0.7500000000
85367  18.789  4.485  -30.517 0.5000000000
85385  19.279  4.496  -32.866 0.2500000000
85376  19.282  4.185  -31.955 0.5000000000
85366  19.220  4.027  -31.071 0.5000000000
84472  20.308  3.294  -32.283 0.2500000000
130694  11.624  6.806  -29.962 0.5000000000
87075  12.165  6.762  -30.830 0.5000000000
87855  12.191  7.495  -31.015 0.6250000000
87854  13.211  7.723  -30.697 0.7500000000
87853  14.284  7.911  -30.377 0.7500000000
88623  13.883  8.403  -30.861 0.7500000000
88635  15.285  8.829  -31.248 0.7500000000
88634  16.049  8.614  -31.439 0.7500000000
88621  15.763  8.354  -30.749 0.7500000000
89442  14.818  9.346  -31.710 0.7500000000
127439  16.444  8.012  -31.060 0.7500000000
87865  17.111  7.415  -31.667 0.7500000000
140473  16.641  8.081  -31.914 0.7500000000
87082  18.047  5.870  -32.402 0.5000000000
87093  17.764  6.279  -32.817 0.3750000000
87864  17.659  6.608  -32.025 0.6250000000
86237  18.401  5.232  -32.847 0.3750000000
87092  18.019  5.656  -33.325 0.3750000000
88624  12.964  8.304  -31.085 0.6250000000
88636  14.412  8.896  -31.223 0.7500000000
89441  15.624  9.129  -31.884 0.7500000000
88646  16.258  8.651  -32.282 0.7500000000
87871  16.830  7.873  -32.912 0.6250000000
87102  17.645  6.283  -33.617 0.3750000000
87880  17.207  7.053  -33.834 0.3750000000
85390  19.336  4.651  -33.842 0.1250000000
141720  18.562  5.239  -34.996 0.1250000000
87101  18.016  5.626  -34.337 0.2500000000
88637  13.553  8.848  -31.341 0.6250000000
89443  13.971  9.351  -31.684 0.7500000000
89454  15.854  9.145  -32.579 0.7500000000
87881  16.679  7.862  -34.071 0.3750000000
88654  16.289  8.666  -33.199 0.3750000000
126247  17.554  6.242  -34.730 0.2500000000
142475  17.005  7.610  -32.310 0.6250000000
86250  19.307  5.623  -37.108 0.1250000000
87110  18.450  5.620  -36.799 0.1250000000
86245  20.306  5.256  -36.047 0.1250000000
124601  13.019  9.305  -31.783 0.6250000000
89457  13.426  9.728  -32.259 0.6250000000
90259  14.604  9.999  -33.000 0.3750000000
89456  14.325  9.735  -32.281 0.3750000000
89468  15.403  9.620  -33.940 0.3750000000
88668  16.025  8.091  -36.179 0.2500000000
89467  15.694  9.332  -33.238 0.3750000000
87111  17.981  6.020  -37.444 0.1250000000
136006  16.981  6.919  -34.996 0.3750000000
87891  20.009  6.629  -37.007 0.1250000000
87107  17.524  6.102  -36.169 0.1250000000
90273  12.077  10.397  -33.697 0.3750000000
90260  13.801  10.125  -32.938 0.3750000000
90283  14.180  10.440  -34.525 0.3750000000
90271  14.155  10.266  -33.585 0.3750000000
135319  15.166  9.808  -35.495 0.3750000000
90282  15.036  10.059  -34.597 0.3750000000
90270  14.793  10.101  -33.762 0.3750000000
139941  15.933  8.559  -35.258 0.3750000000
89475  15.552  9.310  -34.861 0.3750000000
88678  17.570  7.931  -38.749 0.1250000000
142725  16.877  6.817  -36.050 0.1250000000
87894  16.481  7.210  -36.597 0.2500000000
88671  18.831  7.117  -37.923 0.1250000000
90284  13.203  10.822  -35.179 0.2500000000
90292  13.865  10.727  -35.817 0.2500000000
90272  13.250  10.485  -33.901 0.3750000000
89481  15.149  9.461  -36.547 0.1250000000
133948  14.619  10.317  -35.241 0.3750000000
88674  15.568  8.450  -36.935 0.1250000000
134600  15.597  8.958  -35.847 0.2500000000
144120  16.774  8.591  -39.393 0.1250000000
90285  12.187  10.578  -34.788 0.3750000000
90296  14.562  10.070  -37.334 0.1250000000
90297  13.948  10.836  -36.946 0.1250000000
131603  13.922  10.853  -38.128 0.1250000000
89495  17.078  8.551  -39.231 0.1250000000
89494  15.130  9.490  -39.314 0.1250000000
91141  12.677  12.133  -38.391 0.1250000000
90306  14.649  10.287  -39.294 0.1250000000
91140  13.442  11.802  -38.625 0.1250000000
90304  16.335  10.367  -39.757 0.1250000000
90301  16.489  10.183  -39.482 0.1250000000
71434  14.650  -10.243  -25.871 0.8750000000
73309  17.611  -8.278  -27.117 0.6250000000
84444  18.421  3.112  -28.664 0.8750000000
84464  18.975  3.708  -30.285 0.5000000000
84473  19.668  3.608  -31.907 0.3750000000
87074  12.595  6.831  -30.668 0.8750000000
87842  13.639  7.156  -30.262 0.8750000000
87840  15.663  7.459  -29.645 0.7500000000
139748  16.825  7.462  -30.754 0.7500000000
87073  16.840  7.126  -30.079 0.7500000000
85377  18.897  4.743  -31.389 0.5000000000
86228  18.429  5.468  -31.717 0.5000000000
85386  18.875  4.862  -32.330 0.5000000000
88676  16.363  7.562  -38.293 0.1250000000
90291  14.623  10.290  -36.142 0.2500000000
129292  14.092  10.839  -38.947 0.1250000000
89498  16.083  9.826  -39.795 0.1250000000
76954  18.972  -4.892  -29.651 0.5000000000
77877  17.924  -4.754  -28.661 0.6250000000
81497  19.632  -0.145  -30.708 0.3750000000
81485  19.006  -0.028  -30.183 0.3750000000
82494  20.230  1.356  -31.265 0.2500000000
86209  17.858  5.676  -29.703 0.7500000000
136805  15.731  8.031  -37.910 0.1250000000
83526  20.561  2.500  -31.944 0.1250000000
66690  14.807  -15.525  -24.348 0.7500000000
67596  13.155  -14.569  -23.741 0.7500000000
67597  12.547  -14.188  -23.394 0.7500000000
66688  16.017  -15.298  -24.664 0.7500000000
122641  14.937  -14.946  -24.627 0.7500000000
143923  16.472  -14.189  -24.816 0.7500000000
69462  11.928  -12.251  -24.049 0.6250000000
69476  12.746  -12.576  -24.733 0.7500000000
69489  16.790  -12.926  -25.396 0.6250000000
137313  17.289  -11.117  -26.515 0.6250000000
122127  17.030  -10.280  -26.820 0.6250000000
73308  17.958  -8.995  -27.514 0.5000000000
74217  18.804  -8.230  -27.653 0.3750000000
122795  18.388  -8.474  -27.573 0.5000000000
75112  19.339  -7.226  -27.626 0.1250000000
76940  19.830  -5.765  -27.759 0.1250000000
77866  20.234  -4.822  -27.931 0.1250000000
78789  20.914  -2.574  -27.717 0.1250000000
79682  22.041  -2.268  -29.571 0.1250000000
79686  22.237  -2.763  -31.143 0.1250000000
85346  10.967  4.791  -29.114 0.3750000000
79689  22.257  -2.660  -31.244 0.1250000000
79690  20.963  -2.477  -31.025 0.1250000000
81496  20.727  -0.333  -31.181 0.1250000000
122606  19.958  0.656  -30.993 0.2500000000
123823  21.012  3.648  -33.437 0.1250000000
85389  21.584  4.370  -34.566 0.1250000000
86247  20.818  5.712  -36.392 0.1250000000
87109  20.564  6.153  -36.603 0.1250000000
87892  19.382  7.196  -37.220 0.1250000000
88659  19.736  7.479  -35.967 0.1250000000
89491  17.566  8.558  -38.643 0.1250000000
140833  17.262  9.830  -36.777 0.1250000000
90230  11.889  10.116  -28.858 0.1250000000
135875  11.385  11.373  -36.634 0.2500000000
91123  11.886  11.597  -37.293 0.1250000000
91142  11.574  12.641  -38.084 0.1250000000
91147  14.316  11.445  -39.270 0.1250000000
120919  12.851  12.475  -38.351 0.1250000000
90309  15.115  10.775  -39.660 0.1250000000
91139  16.753  11.185  -38.816 0.1250000000
91149  15.826  11.162  -40.011 0.1250000000
75103  16.943  -6.741  -26.052 0.7500000000
81472  18.708  0.342  -28.389 0.7500000000
144086  11.553  3.530  -28.694 0.3750000000
86184  16.575  5.128  -27.657 0.8750000000
70455  12.296  -10.716  -25.253 0.7500000000
122097  12.808  -11.154  -25.456 0.8750000000
72351  14.169  -9.641  -25.762 0.8750000000
75102  17.588  -6.630  -26.642 0.7500000000
127281  18.165  -3.485  -28.168 0.6250000000
83483  18.143  2.726  -27.884 0.8750000000
87050  15.415  6.448  -28.707 0.8750000000
86195  16.579  5.734  -28.184 0.8750000000
90286  11.203  10.508  -34.433 0.3750000000
91124  10.590  11.446  -36.451 0.1250000000
91111  11.310  10.823  -35.583 0.2500000000
66691  14.036  -14.943  -24.183 0.7500000000
67619  15.309  -14.366  -25.033 0.7500000000
67595  16.388  -14.809  -24.469 0.7500000000
68578  16.305  -13.718  -25.328 0.7500000000
144281  12.488  -13.734  -23.615 0.7500000000
68551  12.394  -13.193  -23.893 0.7500000000
68580  14.707  -13.651  -25.153 0.7500000000
69491  14.490  -12.217  -25.623 0.7500000000
121801  11.485  -11.510  -24.139 0.6250000000
145287  14.055  -11.392  -25.687 0.8750000000
70452  15.583  -12.008  -26.059 0.7500000000
140737  14.271  -10.839  -25.785 0.8750000000
71432  16.365  -10.816  -26.430 0.7500000000
142675  16.782  -9.558  -26.688 0.7500000000
138668  17.527  -9.632  -27.141 0.6250000000
120616  18.465  -7.962  -27.622 0.6250000000
76955  19.888  -4.980  -29.667 0.2500000000
76953  19.330  -5.485  -29.353 0.3750000000
124551  18.371  -5.321  -29.256 0.6250000000
78788  21.338  -2.870  -29.009 0.1250000000
77881  20.323  -4.442  -29.407 0.1250000000
77885  19.104  -4.127  -29.922 0.5000000000
77886  20.044  -3.630  -30.669 0.1250000000
78799  20.807  -3.517  -30.601 0.1250000000
78800  19.437  -3.446  -30.333 0.5000000000
78803  20.673  -3.198  -30.838 0.1250000000
134362  19.840  -1.782  -30.714 0.1250000000
79683  19.053  -1.526  -29.666 0.6250000000
80548  20.328  -1.169  -30.876 0.1250000000
80526  18.988  -0.605  -29.009 0.6250000000
82483  18.873  2.113  -29.681 0.6250000000
86208  18.339  4.907  -29.901 0.7500000000
86221  17.983  6.002  -30.751 0.7500000000
126375  19.528  3.634  -31.441 0.3750000000
87839  16.291  7.246  -29.617 0.7500000000
87083  17.931  6.150  -31.573 0.6250000000
87850  17.450  6.813  -30.928 0.7500000000
85384  20.214  4.279  -33.661 0.1250000000
84476  19.884  3.979  -32.614 0.2500000000
87870  17.386  7.049  -32.740 0.6250000000
85391  18.755  4.843  -33.156 0.1250000000
86242  18.532  5.118  -33.917 0.3750000000
89455  15.199  9.610  -32.491 0.3750000000
86246  19.320  4.906  -35.047 0.1250000000
87106  18.142  5.616  -35.541 0.1250000000
86249  19.133  5.395  -36.101 0.1250000000
87889  16.446  7.753  -35.311 0.3750000000
88661  16.036  8.767  -34.230 0.3750000000
87113  18.951  5.916  -37.605 0.1250000000
87895  19.292  6.548  -37.575 0.1250000000
86248  20.110  5.637  -36.826 0.1250000000
90261  12.824  10.150  -32.938 0.3750000000
87114  18.539  6.505  -37.977 0.1250000000
87896  17.610  6.561  -38.065 0.1250000000
87893  17.101  6.420  -37.115 0.1250000000
88675  18.079  7.208  -38.245 0.1250000000
87897  17.278  7.269  -38.598 0.1250000000
88679  16.848  7.994  -39.160 0.1250000000
131969  16.750  6.964  -37.747 0.1250000000
88673  16.071  7.634  -37.281 0.1250000000
126856  18.800  7.683  -37.370 0.1250000000
88672  18.286  7.923  -38.108 0.1250000000
91122  12.907  11.217  -36.480 0.2500000000
91110  12.191  11.017  -35.977 0.2500000000
91121  13.301  11.189  -36.949 0.2500000000
89488  15.147  8.830  -37.993 0.1250000000
89497  15.868  9.212  -39.586 0.1250000000
88677  15.847  8.134  -38.792 0.1250000000
89496  16.546  9.220  -39.557 0.1250000000
91132  13.241  11.471  -37.908 0.1250000000
90302  14.591  9.794  -38.731 0.1250000000
89492  16.932  9.194  -39.108 0.1250000000
89493  15.392  8.858  -39.099 0.1250000000
91954  12.096  12.551  -38.266 0.1250000000
91133  12.454  11.796  -37.883 0.1250000000
65796  15.235  -16.145  -24.241 0.7500000000
67606  15.673  -14.945  -24.795 0.7500000000
65795  15.932  -16.032  -24.371 0.7500000000
66678  13.463  -15.433  -23.519 0.7500000000
66677  14.326  -15.883  -23.948 0.7500000000
72335  17.853  -10.375  -26.885 0.6250000000
72349  18.535  -9.645  -27.055 0.5000000000
80547  21.666  -1.693  -31.324 0.1250000000
80546  22.795  -1.881  -31.483 0.1250000000
85393  20.673  4.763  -34.969 0.1250000000
89486  17.891  8.960  -37.522 0.1250000000
89487  17.129  9.599  -37.898 0.1250000000
66664  12.967  -15.893  -22.838 0.7500000000
67582  12.046  -14.257  -22.754 0.5000000000
65785  15.667  -16.787  -23.866 0.6250000000
65784  16.277  -16.321  -23.769 0.6250000000
67594  17.302  -14.208  -23.260 0.3750000000
66675  16.807  -14.894  -23.624 0.6250000000
68550  17.417  -13.426  -23.779 0.2500000000
73307  18.769  -8.835  -27.405 0.3750000000
87052  10.294  6.486  -28.304 0.2500000000
144492  17.336  -12.451  -25.142 0.5000000000
70451  17.849  -11.408  -25.787 0.5000000000
71414  18.062  -10.856  -26.286 0.3750000000
130693  17.286  -14.992  -22.755 0.5000000000
64831  15.771  -17.435  -23.402 0.6250000000
66665  12.312  -15.529  -22.305 0.3750000000
65787  13.797  -16.344  -23.348 0.6250000000
66655  17.624  -15.561  -22.017 0.3750000000
65774  16.681  -16.406  -22.952 0.5000000000
64830  16.225  -17.069  -23.346 0.6250000000
124776  11.373  -13.443  -22.444 0.2500000000
67571  17.836  -14.749  -22.133 0.3750000000
69461  17.735  -12.593  -23.892 0.2500000000
121429  17.663  -13.612  -22.983 0.2500000000
70426  10.790  -11.099  -23.664 0.3750000000
127671  17.623  -12.362  -24.552 0.2500000000
71413  18.443  -10.822  -25.471 0.2500000000
144933  19.123  -9.706  -26.085 0.2500000000
73295  19.271  -9.089  -26.510 0.2500000000
78723  7.164  -1.264  -22.627 0.1250000000
80495  9.701  -0.559  -25.694 0.2500000000
74216  19.235  -7.828  -27.319 0.2500000000
120662  11.096  0.419  -27.511 0.2500000000
84448  11.189  2.851  -28.434 0.2500000000
79623  8.049  -0.677  -24.010 0.1250000000
77825  5.453  -2.569  -22.391 0.2500000000
69488  17.142  -12.059  -25.913 0.5000000000
66679  12.634  -14.969  -23.007 0.5000000000
66676  16.314  -15.583  -24.162 0.6250000000
140620  16.881  -14.176  -24.074 0.5000000000
68561  16.883  -13.560  -24.664 0.5000000000
73306  19.283  -8.414  -26.907 0.2500000000
68542  12.083  -13.628  -23.233 0.3750000000
65786  14.712  -16.696  -23.758 0.6250000000
68552  11.604  -12.825  -23.269 0.3750000000
133940  18.603  -10.302  -26.216 0.2500000000
66663  16.738  -15.656  -23.284 0.5000000000
67581  17.731  -14.168  -22.547 0.2500000000
68541  17.940  -12.929  -23.113 0.2500000000
68560  17.334  -12.892  -24.556 0.3750000000
69475  17.731  -11.969  -25.114 0.3750000000
129092  17.078  -15.783  -22.625 0.5000000000
135763  12.041  -14.877  -22.402 0.3750000000
64832  15.112  -17.413  -23.474 0.6250000000
65773  17.145  -16.367  -22.219 0.3750000000
70441  18.225  -11.413  -24.845 0.2500000000
126869  19.052  -10.059  -25.103 0.2500000000
77800  6.056  -1.976  -21.646 0.1250000000
141649  14.538  -18.561  -22.578 0.5000000000
64820  17.244  -16.959  -21.728 0.2500000000
128089  16.450  -18.046  -22.299 0.3750000000
64822  16.082  -17.854  -22.960 0.5000000000
63822  14.710  -17.996  -22.981 0.5000000000
63810  14.079  -18.837  -22.048 0.3750000000
63823  13.868  -17.947  -22.427 0.5000000000
64823  14.139  -17.233  -23.070 0.5000000000
65775  13.309  -16.720  -22.639 0.3750000000
62762  13.440  -19.510  -20.546 0.1250000000
62775  13.636  -19.176  -21.313 0.3750000000
65776  12.583  -16.338  -22.134 0.2500000000
60638  14.402  -21.448  -20.475 0.1250000000
61718  13.859  -19.833  -21.160 0.2500000000
62773  14.992  -19.937  -22.113 0.3750000000
64812  17.025  -17.773  -21.539 0.2500000000
139702  16.018  -19.266  -21.975 0.3750000000
62785  15.359  -19.295  -22.315 0.5000000000
120250  13.875  -20.740  -19.774 0.1250000000
62774  14.383  -19.697  -21.762 0.3750000000
63798  13.084  -18.740  -20.635 0.1250000000
64813  12.598  -17.445  -21.135 0.1250000000
82493  21.117  0.685  -31.477 0.1250000000
64821  16.672  -17.212  -22.455 0.3750000000
63829  15.456  -17.949  -23.115 0.5000000000
66656  12.069  -15.902  -21.641 0.2500000000
66666  11.785  -15.175  -21.857 0.2500000000
62786  14.784  -19.226  -22.380 0.5000000000
63821  15.204  -18.595  -22.737 0.5000000000
63820  15.922  -18.607  -22.488 0.3750000000
63809  16.565  -18.669  -21.727 0.3750000000
63811  13.268  -18.226  -21.483 0.2500000000
64824  12.990  -17.242  -21.961 0.1250000000
143730  13.563  -17.297  -22.532 0.5000000000
61701  13.816  -20.212  -20.578 0.1250000000
62752  13.412  -19.901  -19.718 0.1250000000
123597  13.011  -19.062  -19.701 0.1250000000
65767  12.337  -16.659  -21.439 0.1250000000
61700  14.217  -20.799  -20.731 0.1250000000
129646  14.778  -20.373  -21.691 0.3750000000
62761  16.614  -19.629  -21.137 0.2500000000
60652  14.751  -21.170  -21.308 0.2500000000
61715  15.959  -20.590  -21.421 0.2500000000
69452  10.938  -12.472  -22.601 0.2500000000
63808  17.121  -18.616  -21.020 0.2500000000
61717  14.299  -20.370  -21.270 0.1250000000
62772  15.617  -19.907  -21.812 0.2500000000
61716  15.194  -20.578  -21.679 0.2500000000
60651  15.463  -21.308  -21.380 0.1250000000
69453  10.493  -12.258  -22.222 0.1250000000
125646  10.767  3.779  -28.421 0.1250000000
134836  10.022  4.595  -28.243 0.1250000000
138384  9.873  5.279  -28.200 0.1250000000
124176  9.736  5.846  -27.806 0.1250000000
86178  8.666  4.600  -26.489 0.1250000000
86187  9.476  5.049  -27.460 0.1250000000
87041  9.622  6.732  -27.098 0.1250000000
87034  9.076  6.695  -26.041 0.1250000000
84449  10.025  2.832  -27.712 0.1250000000
68543  10.776  -12.863  -21.954 0.1250000000
81454  10.857  0.861  -27.432 0.1250000000
85347  9.746  3.663  -27.735 0.1250000000
84434  9.148  3.236  -26.754 0.1250000000
85322  8.137  4.062  -25.620 0.1250000000
86163  8.324  5.344  -25.557 0.1250000000
87027  8.758  6.302  -25.579 0.1250000000
133238  9.717  7.617  -26.516 0.1250000000
83500  10.502  2.221  -27.976 0.1250000000
71386  10.516  -10.903  -23.417 0.1250000000
122456  10.463  -11.287  -23.043 0.1250000000
69463  11.120  -11.960  -23.419 0.1250000000
86201  10.382  5.506  -28.828 0.1250000000
68531  11.170  -13.646  -21.713 0.1250000000
70427  10.602  -11.730  -22.802 0.1250000000
69441  10.720  -12.484  -22.057 0.1250000000
85335  9.241  4.117  -27.226 0.1250000000
86177  8.991  5.751  -26.545 0.1250000000
86171  8.213  5.003  -25.705 0.1250000000
86170  8.485  5.856  -25.658 0.1250000000
138339  8.138  4.053  -25.574 0.1250000000
87800  9.678  7.076  -24.257 0.1250000000
66654  18.160  -15.688  -21.250 0.1250000000
143327  18.612  -14.561  -21.352 0.1250000000
67570  18.410  -14.112  -21.807 0.1250000000
68540  18.174  -13.428  -22.466 0.1250000000
69460  18.228  -12.123  -23.383 0.1250000000
70424  18.443  -11.385  -23.857 0.1250000000
71398  18.675  -10.737  -24.422 0.1250000000
72307  19.316  -9.324  -23.408 0.1250000000
72308  19.035  -10.009  -23.929 0.1250000000
73276  19.341  -8.506  -24.482 0.1250000000
74196  19.397  -7.672  -24.661 0.1250000000
73294  19.429  -8.419  -25.631 0.1250000000
74206  19.447  -7.694  -25.969 0.1250000000
130292  17.319  -19.318  -20.639 0.1250000000
63797  17.755  -18.563  -20.550 0.1250000000
132154  17.516  -17.927  -20.869 0.1250000000
64810  18.342  -16.963  -20.624 0.1250000000
67562  18.741  -15.052  -20.934 0.1250000000
66651  18.599  -15.831  -20.779 0.1250000000
144718  18.931  -13.697  -21.516 0.1250000000
69440  19.308  -12.569  -21.735 0.1250000000
70413  18.803  -11.452  -22.862 0.1250000000
71385  18.884  -10.703  -23.481 0.1250000000
71384  19.215  -10.024  -23.066 0.1250000000
74176  19.550  -7.908  -23.552 0.1250000000
75101  19.412  -6.917  -26.198 0.1250000000
137414  19.506  -5.979  -25.167 0.1250000000
75091  19.438  -6.796  -24.890 0.1250000000
65766  17.666  -16.344  -21.491 0.1250000000
126784  18.226  -14.956  -21.575 0.1250000000
69451  18.621  -12.511  -22.486 0.1250000000
64811  17.675  -17.121  -20.997 0.1250000000
142424  17.077  -19.678  -20.699 0.1250000000
68530  18.808  -13.263  -21.869 0.1250000000
69450  19.236  -11.909  -22.170 0.1250000000
72318  19.237  -9.284  -24.280 0.1250000000
73259  19.365  -8.715  -23.717 0.1250000000
73277  19.333  -9.192  -25.340 0.1250000000
75074  19.656  -6.955  -23.841 0.1250000000
62751  18.075  -19.349  -20.128 0.1250000000
63796  18.442  -18.530  -20.218 0.1250000000
68520  19.734  -13.688  -20.697 0.1250000000
65765  18.173  -16.382  -20.874 0.1250000000
66689  15.523  -15.525  -24.541 0.7500000000
68564  12.962  -13.392  -24.429 0.7500000000
70425  17.980  -11.959  -24.234 0.2500000000
73278  11.577  -8.997  -25.137 0.8750000000
73298  11.617  -8.325  -25.336 1.0000000000
74209  11.709  -7.672  -25.576 1.0000000000
75120  19.126  -7.109  -28.262 0.3750000000
76034  19.548  -6.569  -27.697 0.1250000000
76043  12.978  -4.427  -26.809 1.0000000000
76930  16.602  -4.826  -25.565 1.0000000000
76946  10.990  -4.707  -26.067 1.0000000000
76950  12.581  -4.132  -26.840 1.0000000000
77859  14.566  -2.906  -26.126 1.0000000000
77884  19.660  -4.093  -30.320 0.5000000000
78703  6.222  -1.530  -22.441 0.2500000000
78704  5.387  -2.307  -21.622 0.2500000000
78749  6.304  -2.035  -23.113 0.2500000000
79600  7.367  -1.041  -23.104 0.1250000000
79652  16.554  -1.469  -26.019 1.0000000000
79655  13.574  -2.027  -27.016 1.0000000000
81449  15.404  0.295  -26.441 1.0000000000
81464  11.142  0.537  -27.655 0.1250000000
83484  17.851  2.384  -27.259 1.0000000000
84417  15.195  3.172  -26.811 1.0000000000
84430  17.403  3.883  -27.212 1.0000000000
85343  13.654  4.578  -28.623 1.0000000000
86183  17.253  5.118  -28.116 0.8750000000
87048  16.875  6.201  -28.768 0.8750000000
87061  16.714  6.705  -29.287 0.7500000000
87112  19.810  6.069  -37.284 0.1250000000
87851  16.214  7.765  -30.211 0.7500000000
87852  15.310  7.963  -30.204 0.7500000000
88622  14.857  8.431  -30.736 0.7500000000
88680  16.282  8.602  -39.396 0.1250000000
89419  10.919  9.316  -28.945 0.2500000000
90252  9.333  10.873  -31.685 0.2500000000
90305  15.416  9.885  -39.613 0.1250000000
90307  16.101  10.562  -39.928 0.1250000000
90308  15.704  10.368  -39.835 0.1250000000
91097  8.762  11.844  -32.110 0.1250000000
91134  11.721  12.324  -38.068 0.1250000000
91148  16.380  11.338  -40.022 0.1250000000
91961  16.296  12.075  -40.278 0.1250000000
124676  17.946  -5.679  -28.917 0.6250000000
132404  11.893  -2.061  -27.505 1.0000000000
133493  15.168  9.808  -33.234 0.3750000000
134246  13.257  -3.206  -26.988 1.0000000000
137688  9.595  10.576  -31.104 0.2500000000
144010  19.508  -5.086  -29.641 0.1250000000
144607  13.915  -10.286  -25.727 0.8750000000
145348  15.686  -18.263  -22.851 0.5000000000
