#!ascii label  , from subject sub-v2s8x29199_ses-1 vox2ras=TkReg
1419
30486  25.963  -44.727  -26.059 0.8999999762
29546  25.703  -45.634  -26.242 0.8000000119
29545  26.264  -45.140  -26.859 0.8000000119
28643  26.415  -46.077  -27.865 0.6999999881
29532  25.218  -45.198  -25.628 0.8999999762
30485  26.587  -44.143  -26.881 1.0000000000
124776  26.626  -44.741  -27.485 0.8999999762
29566  26.500  -45.425  -27.625 0.8000000119
125926  26.918  -45.041  -29.008 0.8000000119
112109  26.823  -44.861  -28.186 0.8999999762
123154  26.778  -45.879  -29.092 0.8000000119
29593  26.933  -45.335  -29.962 0.6999999881
28676  26.598  -46.868  -30.028 0.6999999881
30472  24.507  -44.804  -25.232 0.8000000119
30471  25.321  -44.261  -25.327 0.8999999762
126484  24.957  -43.633  -24.793 0.8999999762
31392  24.349  -44.034  -24.887 0.8999999762
30474  22.924  -43.838  -25.641 0.8999999762
31402  26.193  -43.805  -25.870 0.8999999762
31401  26.746  -43.169  -26.607 1.0000000000
30504  26.926  -44.098  -27.905 0.8999999762
119968  27.344  -42.569  -28.257 1.0000000000
31437  27.229  -43.390  -28.543 0.8999999762
30515  27.089  -44.206  -28.792 0.8999999762
30531  27.121  -44.360  -29.694 0.8000000119
29600  26.805  -45.193  -31.022 0.6999999881
31376  25.857  -42.797  -24.869 0.8999999762
31378  24.178  -43.152  -24.604 0.8999999762
31393  23.477  -43.616  -25.003 0.8999999762
31391  25.695  -43.428  -25.138 0.8999999762
31390  26.410  -42.836  -25.629 0.8999999762
120166  27.195  -42.473  -27.285 1.0000000000
31449  27.255  -43.521  -29.469 0.8000000119
31469  26.986  -43.784  -31.138 0.8000000119
31477  26.617  -43.486  -32.039 0.8000000119
30559  26.319  -44.434  -32.243 0.8000000119
31478  25.555  -43.849  -32.740 0.8000000119
31394  22.907  -43.141  -25.582 0.8999999762
32250  22.573  -42.406  -25.956 0.8999999762
32233  25.476  -42.336  -24.471 0.8999999762
32236  22.840  -41.827  -25.283 0.8999999762
33170  22.275  -41.853  -26.152 0.8000000119
32264  22.087  -42.193  -26.754 0.8000000119
32232  26.307  -42.136  -24.873 0.8999999762
33155  22.117  -41.343  -25.771 0.6999999881
32265  21.433  -42.107  -26.998 0.6999999881
33172  21.002  -41.642  -26.433 0.6999999881
32266  20.771  -42.198  -26.780 0.6999999881
128958  27.245  -41.368  -26.307 1.0000000000
32251  20.172  -42.019  -25.895 0.6000000238
32263  26.958  -42.422  -26.443 1.0000000000
124849  27.431  -41.949  -28.842 1.0000000000
32302  27.361  -42.623  -29.281 0.8999999762
33182  27.440  -41.612  -28.006 1.0000000000
33203  27.364  -41.754  -29.604 0.8999999762
111455  27.289  -42.227  -30.069 0.8000000119
32313  27.249  -42.892  -30.182 0.8000000119
118085  27.019  -43.050  -31.094 0.8000000119
124211  26.478  -42.340  -31.848 0.8000000119
32329  25.581  -42.882  -32.590 0.8000000119
33220  25.878  -41.436  -32.003 0.8000000119
33225  24.794  -41.497  -32.530 0.8000000119
32234  24.646  -42.384  -24.387 0.8999999762
32249  23.220  -42.792  -24.995 0.8999999762
33138  24.272  -41.631  -24.217 0.8999999762
32235  23.732  -42.229  -24.571 0.8999999762
33171  21.734  -41.681  -26.432 0.6999999881
128636  26.807  -41.505  -25.197 0.8999999762
33156  21.292  -41.185  -25.834 0.6000000238
33154  27.191  -41.131  -25.809 1.0000000000
33158  19.388  -41.668  -25.477 0.5000000000
33169  27.300  -41.653  -26.855 1.0000000000
34098  18.668  -40.944  -25.217 0.5000000000
34124  27.461  -40.938  -27.446 1.0000000000
34137  27.442  -40.459  -28.328 1.0000000000
33192  27.436  -41.159  -29.033 1.0000000000
116494  27.063  -42.254  -30.836 0.8000000119
34161  26.777  -40.130  -30.197 0.8999999762
34174  26.724  -40.820  -30.714 0.8000000119
33219  26.628  -41.511  -31.242 0.8000000119
34175  26.074  -40.746  -31.449 0.8000000119
34162  26.182  -40.054  -30.937 0.8999999762
34183  25.185  -40.722  -32.103 0.8000000119
34184  23.766  -40.821  -32.653 0.8000000119
35099  23.207  -39.960  -32.554 0.8000000119
33139  23.377  -41.355  -24.584 0.8999999762
33137  25.127  -41.740  -24.128 0.8999999762
34094  22.561  -40.979  -25.076 0.6999999881
34095  21.732  -40.685  -25.332 0.8000000119
108960  26.376  -41.371  -24.499 0.8999999762
34074  25.734  -41.084  -23.845 0.8999999762
129732  21.422  -40.131  -24.932 0.6999999881
34096  20.720  -40.552  -25.167 0.6000000238
34097  19.660  -40.838  -25.056 0.6000000238
34079  20.791  -39.758  -24.705 0.6999999881
34080  19.884  -40.050  -24.664 0.6000000238
34081  18.947  -40.180  -24.812 0.5000000000
34112  27.513  -39.945  -26.679 1.0000000000
34123  27.485  -40.140  -27.413 1.0000000000
34136  27.369  -39.609  -28.058 1.0000000000
34151  27.231  -40.260  -29.371 0.8999999762
35042  27.429  -39.079  -27.289 1.0000000000
35057  27.184  -39.532  -28.854 0.8999999762
35067  26.733  -39.427  -29.661 0.8999999762
35068  26.165  -39.365  -30.401 0.8999999762
35081  25.517  -39.368  -31.093 0.8999999762
35090  24.863  -39.496  -31.600 0.8999999762
36027  26.091  -38.658  -29.859 0.8999999762
36039  25.452  -38.663  -30.588 0.8999999762
35091  23.966  -39.314  -32.032 0.8999999762
36040  24.709  -38.090  -30.840 0.8999999762
34075  24.768  -41.065  -23.730 0.8999999762
34077  23.038  -40.503  -24.524 0.8999999762
34076  23.865  -40.860  -24.008 0.8999999762
34078  22.202  -40.233  -24.833 0.8000000119
34065  25.188  -40.364  -23.382 0.8999999762
111884  27.011  -40.874  -25.007 0.8999999762
34073  26.593  -40.611  -24.142 0.8999999762
35002  21.711  -39.482  -24.548 0.6999999881
35003  20.143  -39.265  -24.401 0.6999999881
34093  27.386  -40.274  -25.794 1.0000000000
35004  19.257  -39.393  -24.547 0.5000000000
35005  18.348  -39.410  -24.841 0.5000000000
35029  27.518  -39.373  -26.217 1.0000000000
35980  27.467  -38.504  -26.457 1.0000000000
35998  27.048  -38.125  -27.851 1.0000000000
35997  27.320  -38.134  -27.143 1.0000000000
36924  27.361  -37.678  -26.623 1.0000000000
35043  27.111  -38.847  -28.322 0.8999999762
36011  25.997  -38.008  -29.285 0.8999999762
36967  25.551  -37.355  -29.391 0.8999999762
37883  24.354  -36.786  -33.431 0.6999999881
116155  23.627  -36.757  -33.529 0.8000000119
37001  22.622  -37.172  -33.465 0.8000000119
37885  22.712  -36.247  -33.456 0.8000000119
34064  26.030  -40.187  -23.505 0.8999999762
34986  24.689  -39.656  -23.085 1.0000000000
34066  24.299  -40.288  -23.508 1.0000000000
113834  23.102  -39.353  -23.929 1.0000000000
35001  22.674  -39.716  -24.369 0.6999999881
35017  27.180  -40.091  -24.749 0.8999999762
117031  20.942  -39.128  -24.439 0.6999999881
35016  27.428  -39.573  -25.414 1.0000000000
34999  26.784  -39.683  -23.817 0.8999999762
35956  17.900  -38.646  -25.037 0.4000000060
35963  27.505  -38.824  -25.573 1.0000000000
36941  27.018  -37.355  -27.376 1.0000000000
36955  26.484  -37.367  -28.132 1.0000000000
37832  26.473  -36.681  -27.734 1.0000000000
36986  21.646  -36.877  -32.556 0.8999999762
111138  25.777  -37.071  -32.605 0.6000000238
112143  25.090  -36.624  -32.865 0.6000000238
37876  24.536  -36.174  -33.189 0.8000000119
37002  21.465  -37.686  -33.454 0.8999999762
36994  21.017  -37.452  -33.202 0.8999999762
34984  26.164  -39.475  -23.262 0.8999999762
34985  25.500  -39.597  -23.092 0.8999999762
34988  22.427  -38.897  -24.032 0.8000000119
35953  20.551  -38.569  -24.142 0.6999999881
35939  20.183  -37.880  -23.838 0.6000000238
35964  18.174  -37.979  -24.865 0.4000000060
35950  27.478  -38.266  -24.790 1.0000000000
34998  27.339  -39.232  -24.674 0.8999999762
126216  27.518  -37.540  -25.313 1.0000000000
120209  27.495  -37.985  -25.818 1.0000000000
112805  27.430  -37.142  -26.044 1.0000000000
37810  27.215  -36.473  -26.505 1.0000000000
38667  26.882  -35.937  -26.890 1.0000000000
39602  26.522  -35.377  -27.236 1.0000000000
112135  22.964  -37.026  -31.607 0.8999999762
37869  22.620  -36.239  -31.755 0.8999999762
123799  21.396  -35.821  -33.398 0.8999999762
37877  21.000  -36.625  -33.401 0.8999999762
37868  27.270  -36.177  -31.648 0.6000000238
36983  26.502  -36.688  -32.065 0.6000000238
38710  25.791  -36.260  -32.351 0.6000000238
38711  25.082  -35.817  -32.666 0.8000000119
37884  23.889  -36.107  -33.512 0.8000000119
37886  21.529  -35.942  -33.471 0.8999999762
34971  24.328  -39.065  -22.833 0.8999999762
34987  23.807  -39.431  -23.368 0.8999999762
111582  23.158  -38.867  -23.622 0.6999999881
35922  24.430  -38.506  -22.418 0.8999999762
34972  23.638  -38.565  -22.965 0.8999999762
35952  21.457  -38.679  -24.152 0.6000000238
111209  26.552  -38.994  -23.345 1.0000000000
126874  26.754  -38.150  -23.195 1.0000000000
35935  25.916  -38.805  -22.807 1.0000000000
35938  21.078  -37.967  -23.788 0.6000000238
113007  19.575  -37.721  -24.070 0.5000000000
35934  27.356  -38.020  -23.915 1.0000000000
35951  27.139  -38.767  -23.881 1.0000000000
36880  27.268  -37.359  -23.519 1.0000000000
36898  27.513  -37.340  -24.505 1.0000000000
113270  27.510  -36.957  -25.309 1.0000000000
37793  27.425  -36.387  -25.764 1.0000000000
38666  27.240  -35.774  -26.273 1.0000000000
118869  26.962  -35.335  -26.700 1.0000000000
39603  26.081  -34.751  -27.571 1.0000000000
111199  25.689  -35.917  -28.289 1.0000000000
38684  25.402  -35.043  -28.342 1.0000000000
37844  25.276  -35.869  -28.811 1.0000000000
38685  24.901  -35.347  -29.061 1.0000000000
38690  24.406  -35.137  -29.681 0.8999999762
37854  24.761  -36.040  -29.549 0.8999999762
37862  23.538  -36.382  -30.940 0.8999999762
37870  21.547  -35.982  -32.684 0.8999999762
38718  22.094  -35.309  -33.334 0.8999999762
39622  28.236  -34.742  -31.653 0.6000000238
38700  27.128  -35.267  -31.539 0.6000000238
38701  26.494  -35.814  -31.839 0.6000000238
38712  24.290  -35.480  -33.304 0.8000000119
38717  23.232  -35.410  -33.431 0.8000000119
35921  25.263  -38.250  -22.320 0.8999999762
36867  23.166  -37.716  -22.723 0.6999999881
35937  21.980  -38.136  -23.686 0.6000000238
116221  21.686  -37.327  -23.351 0.6000000238
35920  26.088  -37.798  -22.511 0.8999999762
37767  21.126  -36.629  -23.271 0.6000000238
111393  20.426  -36.670  -23.523 0.5000000000
117044  27.511  -36.750  -23.945 1.0000000000
37766  27.267  -36.565  -23.222 0.8999999762
37777  27.532  -36.358  -24.798 1.0000000000
38651  27.452  -35.602  -25.487 1.0000000000
39594  27.269  -34.872  -26.127 1.0000000000
39582  26.917  -33.944  -26.412 1.0000000000
39595  26.703  -34.676  -26.893 1.0000000000
111007  25.611  -34.082  -27.916 1.0000000000
39607  24.744  -34.623  -29.016 1.0000000000
39614  24.221  -34.275  -29.712 1.0000000000
38691  23.628  -34.787  -30.480 0.8999999762
38703  23.263  -35.598  -31.132 0.8999999762
128833  22.472  -35.519  -31.934 0.8999999762
39636  22.364  -34.405  -32.840 0.8999999762
114853  28.102  -34.020  -31.589 0.6000000238
39623  27.663  -34.633  -31.492 0.6000000238
110021  26.422  -35.097  -31.723 0.6000000238
40515  25.883  -33.856  -31.712 0.6999999881
40521  25.002  -33.510  -32.261 0.6999999881
39634  23.813  -34.661  -33.373 0.6999999881
39640  22.928  -34.718  -33.323 0.8000000119
39641  22.395  -34.567  -33.114 0.8999999762
40520  28.991  -33.452  -32.792 0.6000000238
40522  23.941  -33.283  -32.784 0.6999999881
39635  23.157  -33.958  -33.197 0.8000000119
110294  23.027  -33.067  -32.806 0.8999999762
36868  22.488  -37.091  -22.800 0.6999999881
37755  21.859  -36.573  -22.841 0.6000000238
36864  25.454  -37.435  -21.981 0.8999999762
36865  24.534  -37.767  -21.912 0.8000000119
36866  23.753  -37.560  -21.937 0.6999999881
36863  26.777  -37.182  -22.822 0.8999999762
112954  26.166  -36.876  -22.227 0.8000000119
37750  26.805  -36.255  -22.584 0.8000000119
38621  27.549  -35.223  -23.682 0.8999999762
37749  27.334  -35.734  -23.057 0.8000000119
38634  27.556  -35.430  -24.569 1.0000000000
107916  27.491  -34.776  -25.183 1.0000000000
39581  27.348  -34.029  -25.607 1.0000000000
40488  26.234  -33.816  -27.189 1.0000000000
40489  25.691  -33.247  -27.669 1.0000000000
116490  25.087  -34.185  -28.480 1.0000000000
130215  24.588  -33.702  -29.022 1.0000000000
39619  23.154  -34.038  -31.189 0.8999999762
39626  22.851  -34.828  -31.555 0.8999999762
41355  22.305  -32.517  -32.149 0.8999999762
39624  26.746  -34.388  -31.513 0.6000000238
119564  25.690  -33.015  -31.755 0.6999999881
41363  22.569  -32.829  -32.448 0.8999999762
41359  28.740  -32.485  -32.514 0.6000000238
40513  28.418  -33.332  -31.928 0.6000000238
117931  24.682  -32.768  -32.316 0.6999999881
124629  23.582  -32.611  -32.647 0.6999999881
37753  23.248  -36.878  -21.960 0.6999999881
37754  22.487  -36.486  -22.373 0.6000000238
37734  25.403  -36.037  -21.390 0.8000000119
36846  24.166  -37.050  -21.508 0.8000000119
37737  22.847  -35.980  -21.785 0.6999999881
38611  26.144  -35.907  -21.880 0.6999999881
37751  25.516  -36.658  -21.682 0.8000000119
109504  26.902  -35.218  -22.436 0.6999999881
39545  27.319  -34.430  -22.779 0.6999999881
111729  27.642  -33.774  -24.058 0.8000000119
115998  27.571  -32.973  -24.224 0.8000000119
112507  27.524  -34.103  -24.840 0.8000000119
41296  27.364  -32.430  -24.788 0.8000000119
41297  27.128  -32.616  -25.474 0.8999999762
40464  27.076  -33.222  -25.908 0.8999999762
40479  26.526  -33.094  -26.613 1.0000000000
41318  25.757  -32.578  -27.438 1.0000000000
41331  24.764  -32.816  -28.717 1.0000000000
120988  24.414  -32.154  -29.198 1.0000000000
41330  25.345  -32.550  -28.068 1.0000000000
40495  25.193  -33.438  -28.293 1.0000000000
40503  24.103  -33.557  -29.756 1.0000000000
119489  23.670  -33.049  -30.231 1.0000000000
40504  23.638  -33.823  -30.355 0.8999999762
115721  23.183  -32.544  -30.811 0.8999999762
130327  22.739  -33.575  -31.617 0.8999999762
40510  22.429  -33.125  -31.913 0.8999999762
41352  28.170  -32.486  -31.694 0.6000000238
40514  27.791  -33.254  -31.484 0.6000000238
117970  26.754  -33.327  -31.430 0.6000000238
40516  22.557  -33.368  -32.399 0.8999999762
128944  22.739  -32.524  -32.599 0.8999999762
42176  24.944  -31.424  -32.188 0.6999999881
41361  24.276  -32.039  -32.438 0.6999999881
41362  23.118  -31.944  -32.643 0.8999999762
42178  22.717  -31.175  -32.651 0.8999999762
38602  24.753  -35.717  -20.978 0.6999999881
37736  23.859  -36.113  -21.157 0.6000000238
38603  23.163  -35.229  -21.152 0.6000000238
38612  22.048  -35.924  -22.331 0.6000000238
38600  26.280  -34.879  -21.702 0.6999999881
39531  24.139  -35.039  -20.673 0.6000000238
40426  27.273  -33.619  -22.613 0.6999999881
110468  27.543  -33.882  -23.235 0.6999999881
42103  27.403  -31.627  -24.593 0.8000000119
42109  27.018  -31.811  -25.498 0.8000000119
42116  26.837  -31.028  -25.928 0.8000000119
41307  26.724  -32.414  -26.115 0.8000000119
41308  26.101  -32.256  -26.826 1.0000000000
120561  26.510  -31.629  -26.306 0.8000000119
42137  25.253  -31.653  -28.212 1.0000000000
123296  24.887  -32.130  -28.565 1.0000000000
120115  24.246  -32.916  -29.498 1.0000000000
42138  24.698  -31.505  -28.837 1.0000000000
41342  23.789  -32.202  -30.146 1.0000000000
43016  23.170  -30.676  -30.565 1.0000000000
41349  22.841  -31.875  -30.976 1.0000000000
41350  22.408  -32.375  -31.653 0.8999999762
41353  27.336  -32.455  -31.434 0.6000000238
123500  22.058  -31.921  -32.058 0.8999999762
42162  28.420  -31.696  -31.994 0.6000000238
42163  27.807  -31.693  -31.560 0.6000000238
41354  26.335  -32.355  -31.531 0.6999999881
42166  21.923  -31.300  -32.134 0.8999999762
42165  25.918  -31.519  -31.673 0.6999999881
43047  24.625  -30.647  -32.417 0.6999999881
39533  22.579  -34.452  -21.302 0.5000000000
108704  24.985  -35.022  -20.793 0.6000000238
39513  24.081  -34.219  -20.548 0.5000000000
39529  26.284  -33.956  -21.465 0.6999999881
39530  25.665  -34.543  -21.068 0.6999999881
40427  26.823  -33.357  -21.892 0.6999999881
41258  27.217  -32.639  -22.446 0.6999999881
42092  27.525  -31.434  -23.603 0.6999999881
42972  27.482  -30.791  -24.409 0.6999999881
42978  27.220  -31.009  -25.196 0.8000000119
42984  26.970  -30.349  -26.549 0.8000000119
42117  26.451  -30.991  -26.537 0.8000000119
43001  26.098  -30.337  -28.239 0.8999999762
42993  25.706  -31.080  -27.750 1.0000000000
42127  26.409  -30.560  -27.314 0.8000000119
43002  25.199  -30.838  -28.607 1.0000000000
43003  24.563  -30.980  -29.255 1.0000000000
42148  24.221  -31.499  -29.706 1.0000000000
43023  22.521  -30.156  -31.069 1.0000000000
42155  22.573  -31.084  -31.058 0.8999999762
121100  22.160  -31.569  -31.697 0.8999999762
117922  21.985  -30.800  -31.712 0.8999999762
42167  21.756  -30.579  -32.186 0.8999999762
43030  28.156  -30.964  -31.732 0.6000000238
42164  26.888  -31.609  -31.475 0.6000000238
43033  25.475  -30.859  -31.956 0.6999999881
43048  23.512  -30.488  -32.699 0.8000000119
118611  22.409  -30.388  -32.713 0.8999999762
43046  28.590  -30.247  -32.028 0.6000000238
112057  25.447  -30.116  -32.143 0.6999999881
43986  23.142  -29.719  -32.838 0.8000000119
43049  21.852  -30.240  -32.425 0.8999999762
43985  24.389  -29.728  -32.635 0.6999999881
43987  22.219  -29.619  -32.718 0.8999999762
39512  24.892  -34.245  -20.615 0.5000000000
40401  23.707  -33.625  -20.571 0.5000000000
41241  26.262  -33.001  -21.171 0.6999999881
41230  24.369  -33.023  -20.480 0.5000000000
115291  27.334  -31.656  -22.614 0.6999999881
41259  26.775  -32.598  -21.695 0.6999999881
112033  27.445  -30.907  -22.862 0.6999999881
43898  27.660  -29.849  -24.379 0.6999999881
117271  27.254  -30.394  -25.679 0.8000000119
43915  27.521  -29.783  -26.128 0.8000000119
42992  27.085  -29.975  -27.330 0.8000000119
43924  26.863  -29.869  -28.016 0.8000000119
43936  25.856  -30.062  -29.021 0.8999999762
43014  24.940  -30.335  -29.420 1.0000000000
43950  24.590  -29.839  -30.023 1.0000000000
43022  23.505  -29.976  -30.401 1.0000000000
43934  27.253  -29.385  -28.507 0.8000000119
43935  26.659  -29.700  -28.745 0.8000000119
43959  25.072  -29.109  -30.183 0.8999999762
43960  24.041  -29.181  -30.401 1.0000000000
112924  24.533  -28.428  -30.551 0.8999999762
43961  23.008  -29.244  -30.762 1.0000000000
44868  22.022  -28.369  -31.825 1.0000000000
43975  21.825  -29.497  -32.302 0.8999999762
43032  26.389  -30.704  -31.643 0.6999999881
112658  21.872  -29.111  -31.977 0.8999999762
117359  27.833  -30.235  -31.582 0.6000000238
121823  27.076  -30.224  -31.574 0.6000000238
44885  22.076  -28.521  -32.701 0.8999999762
43974  26.336  -29.637  -31.829 0.6999999881
120046  25.409  -29.219  -32.377 0.6999999881
44883  24.621  -28.779  -32.755 0.6999999881
113376  23.792  -29.110  -32.890 0.6999999881
44899  22.676  -28.104  -33.188 0.8000000119
44898  23.776  -28.350  -33.190 0.6999999881
44900  21.935  -27.725  -33.067 0.8000000119
45779  21.493  -27.060  -33.055 0.8999999762
120611  23.286  -27.670  -33.381 0.6999999881
40412  25.675  -33.684  -20.855 0.6000000238
113043  25.118  -32.461  -20.502 0.5000000000
42062  26.711  -31.354  -21.228 0.6999999881
120931  26.480  -32.089  -21.200 0.5000000000
42947  27.467  -30.162  -22.690 0.6999999881
43886  27.660  -29.584  -23.385 0.6999999881
43873  27.532  -29.351  -22.484 0.6999999881
44795  28.003  -28.957  -23.969 0.6999999881
123750  27.476  -30.376  -25.008 0.6999999881
44802  28.061  -29.116  -24.898 0.6999999881
43907  27.658  -29.782  -25.300 0.6999999881
43906  28.057  -29.190  -25.786 0.8000000119
115264  27.465  -29.748  -26.926 0.8000000119
44811  28.382  -28.569  -26.357 0.8000000119
127393  28.074  -28.684  -28.118 0.8000000119
111513  28.387  -28.112  -27.937 0.8000000119
44845  27.791  -28.414  -29.216 0.8000000119
125608  26.669  -28.892  -29.581 0.8000000119
44855  25.483  -28.353  -30.351 0.8999999762
126096  24.035  -27.870  -30.864 0.8999999762
110223  23.558  -28.485  -30.764 1.0000000000
45732  27.706  -27.775  -29.745 0.8000000119
45741  26.884  -27.729  -30.170 0.8000000119
44856  22.697  -28.482  -31.252 1.0000000000
45743  23.200  -27.790  -31.187 1.0000000000
44865  27.488  -28.806  -31.757 0.6000000238
43984  26.103  -28.848  -32.162 0.6999999881
44882  25.502  -28.271  -32.548 0.6999999881
45755  21.553  -27.290  -32.524 0.8999999762
45754  21.695  -27.425  -32.099 1.0000000000
45769  24.652  -28.087  -32.953 0.6999999881
45777  24.146  -27.603  -33.333 0.8000000119
45778  22.283  -27.194  -33.307 0.8000000119
44779  27.816  -28.740  -23.032 0.6999999881
44794  28.360  -28.343  -24.539 0.6999999881
122908  28.612  -27.877  -25.061 0.6999999881
45690  28.677  -27.724  -25.913 0.6999999881
45699  28.589  -27.937  -27.021 0.8000000119
44822  28.241  -28.683  -27.350 0.8000000119
45720  28.419  -27.573  -28.560 0.8000000119
46548  28.589  -26.646  -28.418 0.8000000119
46557  28.178  -27.004  -29.807 0.8000000119
119579  25.932  -27.555  -30.493 0.8999999762
45742  24.918  -27.599  -30.766 0.8999999762
127501  26.568  -27.088  -30.472 0.8000000119
128571  25.433  -27.145  -30.771 0.8999999762
45753  23.893  -27.110  -31.247 0.8999999762
44866  26.755  -28.979  -31.833 0.6000000238
46570  24.983  -26.800  -31.078 0.8999999762
46581  24.199  -26.187  -31.459 0.8999999762
127953  22.704  -27.112  -31.540 1.0000000000
46583  21.740  -26.699  -32.055 0.8999999762
45768  25.058  -27.477  -32.948 0.6999999881
47447  21.751  -25.800  -32.385 0.8999999762
113183  23.299  -26.958  -33.506 0.8000000119
46604  21.389  -26.524  -33.139 0.8999999762
47453  21.107  -25.905  -33.030 0.8000000119
44778  28.255  -27.999  -23.533 0.6999999881
116222  28.815  -27.207  -25.096 0.6999999881
46519  28.821  -26.972  -26.696 0.6999999881
46504  28.909  -26.933  -25.803 0.6999999881
45740  27.371  -27.082  -30.256 0.8000000119
46569  25.902  -26.696  -30.803 0.8000000119
46568  26.833  -26.448  -30.642 0.8000000119
47438  26.308  -25.908  -31.079 0.8000000119
46580  25.344  -26.045  -31.250 0.8000000119
48335  25.334  -24.674  -31.838 0.8999999762
47446  23.195  -25.430  -31.978 0.8999999762
46582  22.771  -26.362  -31.705 0.8999999762
44881  26.671  -28.214  -32.180 0.6000000238
45776  24.456  -26.838  -33.375 0.6999999881
47452  21.269  -25.412  -32.973 0.8000000119
47463  22.441  -25.388  -33.644 0.6999999881
47464  21.502  -25.004  -33.292 0.8000000119
115451  28.538  -27.159  -23.580 0.6999999881
46487  29.060  -26.437  -25.241 0.6999999881
47370  29.294  -25.693  -25.557 0.6999999881
46567  27.717  -26.302  -30.366 0.8000000119
47437  27.191  -25.669  -30.857 0.8000000119
48334  26.418  -24.623  -31.606 0.8000000119
47445  24.708  -25.383  -31.618 0.8999999762
48336  24.147  -24.738  -32.061 0.8999999762
45767  26.029  -27.413  -32.663 0.6000000238
46590  25.457  -26.740  -33.104 0.6999999881
46601  24.834  -26.019  -33.474 0.6999999881
48337  23.001  -24.701  -32.365 0.8999999762
48366  23.251  -23.879  -34.334 0.6999999881
48367  21.987  -23.603  -34.076 0.8000000119
49172  21.936  -23.857  -33.428 0.8000000119
48356  22.413  -24.467  -33.881 0.6999999881
48357  21.768  -23.947  -33.687 0.8000000119
48345  21.655  -24.555  -33.221 0.8000000119
121070  28.848  -26.618  -24.234 0.6999999881
47350  29.184  -25.770  -24.650 0.6000000238
46589  26.391  -26.614  -32.924 0.6000000238
49162  25.986  -23.896  -32.195 0.8000000119
48342  24.759  -24.104  -32.320 0.8999999762
48343  23.478  -24.137  -32.477 0.8999999762
120711  25.822  -26.057  -33.292 0.6000000238
47462  23.702  -25.322  -33.749 0.8000000119
49171  22.700  -23.612  -32.921 0.8999999762
49976  21.884  -22.724  -33.969 0.8000000119
126120  22.123  -22.119  -34.017 0.8000000119
128497  25.457  -25.678  -33.481 0.6999999881
48354  25.457  -24.625  -33.990 0.5000000000
121391  24.995  -25.274  -33.674 0.6000000238
48365  24.785  -23.968  -34.376 0.6000000238
48355  24.122  -24.617  -34.018 0.6999999881
49178  23.378  -23.010  -33.203 0.8000000119
49187  24.121  -23.263  -34.607 0.6000000238
49986  23.068  -21.975  -34.858 0.6000000238
49982  22.076  -22.248  -34.118 0.6999999881
50852  22.568  -21.357  -34.495 0.8000000119
49179  22.227  -23.196  -33.544 0.8000000119
49987  22.542  -21.511  -34.636 0.6000000238
49170  25.160  -23.493  -32.555 0.8000000119
49973  24.872  -22.035  -33.326 0.8000000119
49974  23.746  -22.297  -33.452 0.8999999762
121675  25.471  -23.245  -34.676 0.6000000238
50851  22.812  -21.525  -33.935 0.8000000119
119979  24.007  -21.666  -33.590 0.8000000119
110909  22.362  -20.667  -34.915 0.6000000238
49963  25.820  -22.316  -33.026 0.8000000119
50849  24.726  -21.311  -33.567 0.8000000119
49979  24.811  -22.598  -34.928 0.6000000238
49985  24.088  -21.981  -35.161 0.6000000238
50850  23.765  -21.145  -33.805 0.8000000119
119909  23.341  -20.806  -35.377 0.6000000238
50855  23.117  -20.645  -34.189 0.6999999881
51815  24.229  -20.622  -33.847 0.8000000119
52692  22.254  -18.633  -35.096 0.6000000238
52684  22.730  -18.952  -34.618 0.6000000238
52683  23.991  -19.072  -34.254 0.6999999881
114484  23.874  -20.219  -35.513 0.6000000238
52691  23.232  -19.287  -35.541 0.6000000238
51805  27.161  -20.798  -32.773 0.8000000119
49972  25.698  -21.529  -33.316 0.8000000119
49984  25.370  -21.919  -35.296 0.6000000238
51813  26.331  -20.845  -33.290 0.8000000119
50860  25.900  -21.165  -35.516 0.5000000000
51820  24.762  -19.974  -33.892 0.8000000119
51814  25.349  -20.759  -33.583 0.8000000119
114485  25.162  -20.299  -35.562 0.6000000238
50861  24.478  -21.161  -35.443 0.6000000238
53603  24.546  -18.168  -34.372 0.6000000238
51826  26.371  -20.331  -35.577 0.5000000000
52690  24.288  -19.181  -35.573 0.6000000238
53606  22.360  -17.698  -34.978 0.6000000238
123314  24.996  -18.581  -35.618 0.6000000238
117775  23.111  -18.393  -35.425 0.6000000238
55300  22.850  -16.982  -35.258 0.6000000238
54490  23.559  -16.606  -35.244 0.6000000238
119637  26.822  -19.958  -33.240 0.8000000119
120501  25.852  -20.081  -33.574 0.8000000119
51804  27.601  -19.958  -32.540 0.8000000119
52669  27.401  -19.214  -32.877 0.6999999881
52676  26.711  -19.025  -33.461 0.6999999881
52689  25.666  -19.465  -35.630 0.6000000238
53602  25.411  -17.672  -34.323 0.6000000238
53592  25.829  -18.675  -33.903 0.6999999881
53610  24.952  -17.638  -35.729 0.5000000000
118528  24.213  -17.064  -34.691 0.6000000238
54500  24.819  -16.547  -36.063 0.5000000000
54502  23.279  -16.962  -35.464 0.6000000238
114008  23.548  -16.717  -35.516 0.6000000238
53580  27.854  -18.589  -32.620 0.6999999881
53590  27.266  -18.448  -33.258 0.6000000238
53591  26.448  -18.143  -33.799 0.6000000238
54479  26.041  -17.108  -34.268 0.6000000238
54478  27.078  -17.588  -33.631 0.6000000238
55309  24.919  -15.560  -36.337 0.5000000000
55310  24.175  -14.879  -36.087 0.6000000238
56097  24.267  -14.925  -35.802 0.6000000238
54489  24.544  -16.440  -34.851 0.6000000238
55283  26.840  -16.636  -34.071 0.6000000238
55314  24.779  -14.678  -36.367 0.6000000238
56105  24.605  -14.339  -36.104 0.6000000238
55313  25.977  -15.397  -36.497 0.5000000000
56114  25.834  -14.441  -36.647 0.4000000060
56821  25.881  -13.249  -37.032 0.5000000000
54464  27.779  -17.861  -32.948 0.6000000238
56096  25.409  -14.859  -35.360 0.6000000238
55297  26.703  -15.671  -34.424 0.6000000238
54477  27.737  -17.045  -33.342 0.6000000238
56808  25.493  -14.024  -35.796 0.6000000238
56807  26.904  -14.155  -35.238 0.6000000238
56115  24.927  -14.121  -36.311 0.5000000000
56813  25.244  -13.815  -36.443 0.6000000238
57595  25.831  -13.472  -36.872 0.5000000000
57599  26.453  -12.727  -37.015 0.4000000060
55282  27.678  -16.215  -33.645 0.5000000000
55281  28.307  -16.588  -33.154 0.5000000000
54463  28.428  -17.290  -32.687 0.5000000000
56095  26.685  -14.809  -34.770 0.6000000238
56078  27.703  -15.422  -33.971 0.5000000000
56812  25.872  -13.455  -36.277 0.6000000238
57594  26.421  -12.795  -36.784 0.5000000000
58451  27.144  -12.458  -36.900 0.4000000060
55267  28.861  -16.463  -32.674 0.4000000060
56094  27.744  -14.710  -34.307 0.5000000000
57589  27.137  -13.446  -35.702 0.4000000060
56806  27.886  -14.077  -34.657 0.6000000238
110128  28.469  -15.014  -33.630 0.4000000060
57593  27.616  -12.836  -36.043 0.4000000060
56796  29.075  -14.356  -33.459 0.4000000060
57588  28.106  -13.545  -35.023 0.4000000060
56797  28.406  -14.436  -33.978 0.4000000060
57579  28.611  -13.859  -34.184 0.4000000060
56057  30.321  -15.585  -32.017 0.4000000060
56058  29.706  -15.401  -32.531 0.4000000060
58447  29.426  -12.382  -35.041 0.4000000060
57587  28.778  -13.102  -34.851 0.4000000060
58435  29.498  -12.869  -34.190 0.4000000060
57578  29.271  -13.505  -33.800 0.4000000060
112639  30.209  -14.921  -32.349 0.4000000060
56786  30.466  -14.119  -32.440 0.4000000060
56787  29.726  -14.628  -32.807 0.4000000060
58434  30.074  -12.138  -34.221 0.3000000119
57577  29.921  -12.985  -33.528 0.4000000060
57565  29.821  -13.810  -33.131 0.4000000060
56785  31.252  -14.099  -31.781 0.4000000060
120321  22.608  -37.969  -33.533 0.8000000119
36055  21.163  -37.742  -33.198 0.8999999762
36054  21.303  -38.466  -33.267 0.8999999762
35100  21.675  -39.209  -33.319 0.8999999762
36010  26.531  -38.077  -28.587 0.8999999762
37843  25.941  -36.625  -28.366 1.0000000000
37833  26.088  -36.165  -27.914 1.0000000000
36045  24.644  -38.795  -31.357 0.8999999762
36975  25.364  -37.855  -30.031 0.8999999762
36968  24.996  -36.971  -29.776 0.8999999762
130102  25.576  -36.249  -28.617 1.0000000000
36046  23.357  -38.544  -31.981 0.8999999762
36976  24.541  -37.353  -30.505 0.8999999762
37853  25.445  -36.627  -29.056 1.0000000000
37861  24.328  -36.570  -30.312 0.8999999762
56077  28.530  -15.842  -33.282 0.4000000060
56059  29.180  -15.826  -32.742 0.4000000060
55266  29.669  -16.272  -32.237 0.4000000060
31423  27.046  -43.310  -27.575 1.0000000000
30542  27.023  -44.445  -30.607 0.8000000119
30473  23.645  -44.406  -25.137 0.8999999762
31461  27.172  -43.668  -30.355 0.8000000119
33136  25.808  -41.762  -24.335 0.8999999762
33210  27.113  -41.580  -30.417 0.8000000119
116076  25.445  -40.050  -31.557 0.8999999762
34176  24.506  -40.026  -32.096 0.8000000119
35092  22.630  -39.266  -32.578 0.8000000119
36026  26.643  -38.744  -29.112 0.8999999762
36984  23.750  -37.720  -31.372 0.8999999762
35000  23.464  -40.037  -23.942 1.0000000000
35955  18.670  -38.679  -24.595 0.4000000060
35954  19.599  -38.515  -24.252 0.4000000060
36956  25.974  -37.344  -28.807 0.8999999762
36061  23.274  -38.556  -33.792 0.6999999881
127998  22.381  -35.670  -33.436 0.8000000119
34970  25.043  -39.030  -22.649 0.8999999762
36985  22.025  -37.876  -32.465 0.8999999762
36995  20.999  -36.986  -33.399 0.8999999762
35936  22.808  -38.282  -23.442 0.6999999881
111544  18.926  -37.895  -24.436 0.4000000060
38713  21.298  -35.904  -33.391 0.8999999762
38719  21.850  -35.258  -33.218 0.8999999762
38702  25.781  -35.417  -32.143 0.6999999881
123788  25.237  -34.181  -32.250 0.6999999881
115039  23.852  -38.088  -22.290 0.8000000119
38696  24.006  -35.750  -30.310 0.8999999762
36977  23.833  -37.007  -30.881 0.8999999762
38704  22.054  -35.092  -32.715 0.8999999762
37756  21.338  -35.936  -22.860 0.5000000000
108408  27.521  -36.011  -23.832 1.0000000000
39627  22.553  -34.138  -32.050 0.8999999762
39570  27.598  -34.632  -24.324 0.8999999762
41360  25.340  -32.188  -31.930 0.6999999881
108396  22.273  -31.908  -32.349 0.8999999762
42177  23.859  -31.284  -32.583 0.8000000119
38604  22.326  -35.236  -21.779 0.6000000238
38601  25.590  -35.365  -21.285 0.8000000119
39546  26.845  -34.250  -22.135 0.6999999881
40440  27.554  -33.067  -23.376 0.6999999881
41285  27.582  -32.299  -23.958 0.6999999881
124660  25.653  -31.889  -27.507 1.0000000000
42179  22.021  -30.946  -32.419 0.8999999762
39532  23.393  -34.376  -20.743 0.6000000238
41272  27.508  -32.231  -23.194 0.6999999881
127004  26.041  -31.381  -26.965 0.8999999762
116922  22.802  -33.513  -20.906 0.5000000000
42960  27.541  -30.453  -23.577 0.6999999881
43034  21.803  -29.982  -31.887 0.8999999762
41228  25.912  -32.292  -20.778 0.6000000238
42052  24.750  -31.537  -20.461 0.5000000000
42061  27.149  -30.797  -21.843 0.6999999881
44846  25.964  -29.008  -29.851 0.8999999762
44833  28.171  -28.282  -28.678 0.8000000119
45733  27.168  -28.411  -29.652 0.8000000119
46591  21.222  -26.114  -32.807 0.8999999762
42051  25.520  -31.760  -20.588 0.5000000000
108530  26.927  -29.898  -21.268 0.6999999881
44801  28.402  -28.484  -25.418 0.6999999881
45710  28.588  -27.310  -27.702 0.8000000119
44854  26.368  -28.342  -30.072 0.8999999762
46602  23.475  -26.133  -33.622 0.8000000119
46603  21.996  -26.139  -33.433 0.8000000119
45677  28.603  -27.546  -24.337 0.6999999881
115974  28.551  -25.745  -29.495 0.8000000119
47451  21.869  -24.954  -32.639 0.8999999762
49981  22.409  -22.396  -34.422 0.6999999881
49964  24.782  -22.854  -32.995 0.8999999762
51822  22.412  -19.882  -34.667 0.6999999881
121408  22.182  -19.548  -35.126 0.6000000238
118540  21.787  -19.795  -34.872 0.6000000238
51821  23.461  -19.878  -34.246 0.8000000119
119044  23.160  -18.059  -34.650 0.6000000238
52677  26.159  -19.445  -33.602 0.6999999881
53611  23.765  -17.689  -35.605 0.6000000238
55298  25.199  -15.719  -34.904 0.6000000238
118718  23.888  -15.751  -36.054 0.6000000238
56076  29.131  -15.185  -33.062 0.4000000060
56773  30.796  -14.855  -31.889 0.4000000060
36053  21.923  -38.729  -32.715 0.8999999762
22572  23.710  -53.772  -27.941 0.4000000060
110162  21.971  -53.309  -27.630 0.4000000060
23384  21.275  -52.954  -27.629 0.4000000060
22571  24.126  -53.033  -27.705 0.4000000060
114743  23.036  -52.353  -27.283 0.4000000060
129205  21.270  -52.277  -27.640 0.4000000060
24235  24.986  -51.098  -27.718 0.3000000119
24237  23.526  -51.810  -27.060 0.4000000060
24253  25.178  -51.258  -28.542 0.4000000060
25159  25.491  -50.519  -29.125 0.4000000060
26847  25.963  -49.020  -29.922 0.4000000060
26857  25.958  -48.813  -30.827 0.4000000060
24238  22.606  -51.588  -27.125 0.5000000000
24239  21.616  -51.686  -27.537 0.4000000060
25128  24.651  -50.774  -27.081 0.4000000060
24225  24.072  -51.201  -26.834 0.4000000060
25144  25.450  -50.446  -28.221 0.5000000000
112015  25.898  -49.116  -28.914 0.4000000060
26856  26.180  -48.211  -30.205 0.5000000000
27778  26.286  -47.316  -31.208 0.5000000000
28702  26.385  -46.656  -31.364 0.6000000238
27779  26.000  -47.714  -31.798 0.5000000000
27787  25.685  -47.360  -32.753 0.6000000238
28713  25.519  -46.359  -32.957 0.4000000060
25116  23.161  -50.172  -26.512 0.5000000000
25130  21.813  -50.907  -27.391 0.5000000000
25131  21.197  -51.077  -27.854 0.5000000000
25145  21.170  -50.250  -28.044 0.5000000000
25114  24.273  -50.331  -26.641 0.6000000238
25115  23.741  -50.518  -26.574 0.6000000238
25990  25.216  -49.421  -27.158 0.5000000000
26801  25.166  -48.635  -26.743 0.6000000238
26005  25.651  -49.543  -27.982 0.5000000000
26833  26.034  -48.397  -28.635 0.5000000000
26846  26.140  -48.337  -29.348 0.4000000060
27756  26.392  -47.574  -29.636 0.6000000238
120897  26.494  -46.906  -30.725 0.6000000238
29611  26.444  -45.832  -31.652 0.6000000238
29620  26.130  -45.266  -32.308 0.6000000238
30560  25.451  -44.768  -32.869 0.6000000238
28712  26.078  -46.539  -32.157 0.6000000238
29621  25.419  -45.574  -32.964 0.6000000238
30569  24.348  -45.188  -33.561 0.6000000238
25976  23.092  -49.340  -26.241 0.5000000000
25992  22.485  -49.708  -26.642 0.5000000000
26006  21.377  -49.306  -27.826 0.5000000000
25974  24.526  -49.396  -26.467 0.6000000238
25975  23.770  -49.791  -26.333 0.6000000238
26819  25.617  -48.706  -27.512 0.6000000238
109734  25.110  -47.979  -26.417 0.6000000238
27729  25.976  -48.068  -27.988 0.5000000000
109007  25.666  -47.818  -27.083 0.6000000238
27743  26.264  -47.699  -28.751 0.6000000238
107933  26.733  -46.210  -29.740 0.6000000238
30548  26.781  -44.375  -31.493 0.6000000238
31479  24.384  -43.374  -33.261 0.6000000238
110678  23.148  -43.002  -33.738 0.6999999881
25977  22.413  -48.885  -26.435 0.6000000238
26007  20.824  -49.381  -28.614 0.5000000000
26802  24.572  -48.444  -26.101 0.6000000238
26803  23.794  -48.872  -25.896 0.6000000238
26804  22.913  -48.533  -25.982 0.6000000238
26835  21.037  -48.518  -28.390 0.5000000000
27745  20.821  -47.776  -29.010 0.5000000000
26786  24.692  -47.662  -25.929 0.6000000238
128498  26.542  -46.264  -28.450 0.6000000238
32330  24.278  -42.373  -33.049 0.6999999881
26805  22.337  -48.181  -26.288 0.6000000238
26834  21.476  -48.415  -27.579 0.6000000238
26788  23.370  -48.147  -25.719 0.6000000238
27714  21.986  -47.518  -26.515 0.6000000238
27730  21.567  -47.555  -27.295 0.6000000238
27744  21.194  -47.526  -28.265 0.6000000238
27757  20.929  -46.964  -29.022 0.6000000238
27699  23.447  -47.481  -25.600 0.6000000238
27758  20.490  -46.890  -29.666 0.5000000000
27713  25.303  -47.307  -26.400 0.6000000238
28677  20.812  -46.018  -29.435 0.6000000238
32341  22.704  -42.194  -33.756 0.6999999881
27700  22.634  -47.674  -25.885 0.6000000238
28626  21.690  -46.583  -27.003 0.6000000238
28610  23.556  -46.719  -25.496 0.6000000238
28611  22.829  -46.970  -25.689 0.6000000238
28625  22.208  -46.787  -26.153 0.6000000238
125368  21.431  -46.827  -27.872 0.6000000238
28662  21.181  -46.416  -28.669 0.6000000238
27698  24.215  -47.236  -25.587 0.6000000238
29583  21.075  -45.154  -29.135 0.6000000238
28624  24.876  -46.885  -25.869 0.6000000238
29567  26.088  -46.116  -27.067 0.6000000238
33227  22.485  -41.351  -33.511 0.6999999881
28609  24.360  -46.437  -25.533 0.6000000238
29548  22.110  -45.824  -26.520 0.6999999881
117306  21.797  -45.511  -27.465 0.6999999881
28608  25.059  -46.065  -25.777 0.6000000238
34186  21.605  -39.930  -33.884 0.6999999881
109908  22.710  -46.132  -25.715 0.6999999881
29533  24.481  -45.622  -25.437 0.6999999881
29534  23.678  -45.949  -25.408 0.6999999881
29547  22.449  -45.140  -26.027 0.6999999881
29568  22.075  -44.490  -27.405 0.6999999881
28645  21.501  -45.866  -28.130 0.6000000238
109041  21.545  -44.687  -28.408 0.6999999881
30506  21.463  -43.747  -28.313 0.6000000238
116981  23.760  -45.183  -25.284 0.6999999881
116537  22.962  -44.692  -25.557 0.6999999881
30487  22.494  -44.041  -26.468 0.6999999881
30517  20.349  -43.756  -29.003 0.5000000000
30505  22.012  -43.375  -27.572 0.6999999881
31404  21.738  -42.653  -27.382 0.6000000238
31424  21.335  -43.088  -28.027 0.6000000238
48333  27.394  -24.725  -31.146 0.6999999881
46535  28.734  -26.550  -27.515 0.6999999881
46556  28.500  -26.410  -29.313 0.6999999881
46566  28.330  -26.086  -29.954 0.6999999881
46534  28.998  -26.035  -26.932 0.6000000238
47436  28.026  -25.377  -30.465 0.6999999881
108788  27.051  -23.866  -31.701 0.6999999881
49169  26.777  -23.143  -32.243 0.6999999881
47386  29.277  -25.468  -26.384 0.6000000238
47413  29.003  -25.051  -28.076 0.6000000238
47414  28.726  -25.675  -28.763 0.6999999881
48328  28.394  -24.784  -30.220 0.6999999881
48266  29.457  -25.043  -25.857 0.6000000238
50842  26.633  -21.676  -32.877 0.6999999881
47399  29.182  -25.213  -27.213 0.6000000238
48313  29.270  -24.348  -28.392 0.6000000238
49146  29.041  -23.790  -29.552 0.6999999881
48329  28.065  -24.496  -30.675 0.6999999881
49161  27.527  -23.000  -31.727 0.6999999881
49962  27.251  -22.396  -32.232 0.6999999881
50841  27.441  -21.565  -32.314 0.6999999881
48288  29.531  -24.578  -26.577 0.6000000238
49136  29.624  -23.702  -28.017 0.5000000000
49145  29.433  -23.719  -28.841 0.6000000238
49944  29.063  -22.309  -30.396 0.5000000000
119712  28.574  -22.208  -31.031 0.6999999881
51792  28.557  -20.562  -31.589 0.6999999881
51793  27.868  -20.667  -32.177 0.6999999881
115315  30.533  -10.361  -36.961 0.3000000119
110772  29.803  -10.871  -37.179 0.3000000119
57592  28.477  -12.296  -36.252 0.3000000119
115214  22.183  -54.021  -27.825 0.4000000060
22573  21.264  -53.731  -27.700 0.3000000119
22574  20.479  -53.360  -27.661 0.4000000060
23385  20.609  -52.553  -27.761 0.4000000060
24266  24.901  -51.959  -29.095 0.4000000060
24265  25.240  -51.217  -29.574 0.4000000060
25171  25.522  -50.527  -30.045 0.4000000060
113536  25.459  -50.589  -30.799 0.4000000060
26868  26.156  -48.005  -31.030 0.5000000000
24255  20.203  -51.434  -28.412 0.4000000060
29627  24.471  -46.013  -33.683 0.5000000000
112280  20.487  -50.129  -28.834 0.5000000000
114090  23.094  -43.919  -33.920 0.6000000238
26848  20.645  -48.611  -29.125 0.5000000000
26849  20.111  -48.553  -29.705 0.5000000000
115966  20.474  -47.922  -29.532 0.5000000000
28679  19.682  -46.185  -30.263 0.4000000060
29594  20.519  -45.119  -29.708 0.5000000000
30532  20.385  -44.508  -29.533 0.5000000000
35111  21.562  -39.674  -33.862 0.8000000119
36062  21.853  -38.759  -33.669 0.6999999881
30518  19.943  -43.959  -28.874 0.5000000000
30507  20.492  -43.701  -28.374 0.6000000238
42936  27.318  -29.878  -21.947 0.6000000238
117493  29.477  -25.050  -25.058 0.6000000238
49104  29.883  -23.750  -26.184 0.5000000000
49917  29.973  -23.058  -27.619 0.5000000000
49932  30.189  -22.128  -28.647 0.5000000000
49939  29.531  -22.389  -29.742 0.5000000000
51783  29.626  -20.760  -30.524 0.5000000000
51784  29.079  -20.877  -31.115 0.5000000000
52657  28.557  -19.208  -31.808 0.5000000000
60317  31.178  -9.848  -37.516 0.3000000119
59416  29.515  -11.698  -36.090 0.3000000119
28623  25.498  -46.505  -26.343 0.6000000238
28644  25.802  -46.959  -26.920 0.6000000238
27728  26.211  -46.984  -27.875 0.6000000238
31403  22.432  -42.986  -26.627 0.8000000119
33226  23.641  -41.641  -33.084 0.6999999881
126457  22.037  -39.739  -33.226 0.6999999881
109479  25.909  -23.044  -32.617 0.6999999881
52668  28.038  -19.255  -32.329 0.6000000238
35101  21.653  -39.233  -33.546 0.8000000119
35110  22.524  -39.447  -34.088 0.6999999881
47427  28.722  -25.114  -29.315 0.6999999881
23382  23.672  -52.522  -27.394 0.4000000060
115680  24.506  -51.481  -27.336 0.4000000060
24254  24.713  -52.186  -27.904 0.3000000119
25127  25.158  -50.233  -27.499 0.5000000000
26045  25.689  -49.322  -31.554 0.3000000119
28720  24.729  -46.882  -33.747 0.4000000060
25147  19.954  -50.865  -28.962 0.5000000000
49153  27.915  -23.696  -31.105 0.6999999881
129138  27.011  -22.035  -32.532 0.6999999881
48300  29.406  -24.426  -27.563 0.6000000238
48323  29.041  -24.422  -29.119 0.6999999881
49940  29.000  -23.078  -29.980 0.6999999881
49122  29.753  -23.761  -27.127 0.6000000238
49933  29.826  -22.949  -28.527 0.5000000000
113574  29.478  -23.082  -29.319 0.6000000238
49160  28.521  -23.006  -30.674 0.6999999881
126642  27.940  -22.084  -31.676 0.6999999881
50830  28.091  -21.258  -31.831 0.6999999881
49121  30.115  -23.066  -26.725 0.5000000000
120844  30.185  -22.454  -28.001 0.5000000000
117651  29.841  -22.467  -29.152 0.5000000000
50829  28.582  -21.420  -31.357 0.5000000000
115426  28.730  -19.776  -31.556 0.5000000000
51803  28.251  -19.898  -32.012 0.6999999881
49103  30.164  -22.985  -25.756 0.5000000000
49938  30.086  -21.681  -29.403 0.5000000000
51777  30.097  -21.024  -29.912 0.5000000000
52648  29.670  -19.285  -30.829 0.5000000000
127530  21.666  -40.441  -34.034 0.6000000238
35122  21.954  -40.327  -34.185 0.6000000238
128087  25.084  -38.829  -33.658 0.5000000000
35121  23.303  -40.053  -34.366 0.6000000238
36051  26.299  -38.290  -32.776 0.5000000000
36052  25.457  -38.264  -33.302 0.5000000000
36060  24.493  -38.296  -33.737 0.6000000238
32267  19.776  -42.661  -26.118 0.5000000000
37000  23.823  -37.556  -33.675 0.6000000238
36044  27.321  -38.113  -32.183 0.5000000000
36993  25.801  -37.743  -32.853 0.5000000000
118934  28.075  -37.553  -31.775 0.5000000000
130126  19.542  -42.219  -25.748 0.4000000060
32252  18.881  -42.433  -25.755 0.4000000060
33159  18.362  -41.688  -25.599 0.4000000060
36992  26.485  -37.527  -32.356 0.5000000000
113723  28.728  -36.176  -31.975 0.5000000000
36982  27.323  -37.128  -31.826 0.5000000000
38709  28.703  -35.242  -32.020 0.5000000000
37867  28.027  -36.641  -31.611 0.5000000000
35018  17.950  -40.093  -25.238 0.4000000060
37768  20.611  -36.008  -23.358 0.4000000060
37769  19.794  -36.300  -23.793 0.4000000060
36899  19.209  -37.037  -24.251 0.3000000119
41231  23.471  -32.842  -20.589 0.4000000060
41243  22.644  -32.433  -20.877 0.4000000060
38613  21.574  -35.240  -22.353 0.4000000060
38614  20.830  -35.157  -23.013 0.4000000060
42063  23.005  -31.529  -20.698 0.4000000060
39547  21.173  -34.519  -22.393 0.4000000060
40428  20.772  -33.839  -22.457 0.4000000060
39548  20.658  -34.405  -22.871 0.4000000060
38623  20.071  -35.397  -23.595 0.4000000060
38635  19.478  -35.522  -24.136 0.4000000060
118771  22.206  -33.028  -21.244 0.4000000060
39534  21.839  -34.525  -21.824 0.4000000060
42053  23.859  -31.528  -20.503 0.4000000060
41244  21.896  -32.346  -21.341 0.4000000060
117349  21.616  -33.091  -21.586 0.4000000060
41245  21.201  -32.377  -21.697 0.4000000060
40415  20.929  -33.141  -21.988 0.4000000060
38622  20.203  -34.582  -23.374 0.4000000060
41246  20.492  -32.431  -22.158 0.4000000060
40430  19.852  -33.304  -23.123 0.4000000060
42050  26.163  -31.396  -20.769 0.4000000060
42940  23.487  -30.787  -20.560 0.4000000060
42941  22.616  -30.741  -20.840 0.4000000060
42064  22.222  -31.554  -21.092 0.4000000060
42937  26.623  -30.648  -20.938 0.5000000000
120247  26.024  -30.600  -20.639 0.4000000060
42929  25.468  -31.025  -20.525 0.4000000060
42939  24.139  -30.080  -20.432 0.4000000060
111635  22.343  -29.998  -21.083 0.4000000060
42942  21.782  -30.653  -21.352 0.4000000060
42065  21.505  -31.597  -21.480 0.4000000060
42066  20.785  -31.657  -21.820 0.4000000060
111282  20.478  -30.932  -22.046 0.4000000060
42079  20.093  -31.681  -22.383 0.4000000060
43865  27.256  -29.188  -21.679 0.5000000000
43867  25.676  -29.203  -20.529 0.5000000000
42938  25.307  -30.087  -20.450 0.4000000060
43868  24.670  -29.184  -20.403 0.4000000060
43869  23.694  -29.140  -20.568 0.4000000060
113140  23.105  -29.950  -20.663 0.4000000060
42943  21.087  -30.995  -21.642 0.4000000060
43866  26.584  -29.013  -20.983 0.5000000000
108772  25.150  -28.591  -20.472 0.4000000060
44764  23.241  -28.412  -21.271 0.4000000060
108744  22.675  -29.184  -21.229 0.4000000060
44762  26.334  -27.976  -21.067 0.4000000060
44763  25.292  -27.928  -20.635 0.4000000060
111552  24.268  -28.246  -20.634 0.4000000060
46452  26.055  -26.590  -21.384 0.4000000060
46467  25.744  -25.784  -21.622 0.4000000060
46453  24.932  -26.432  -21.432 0.4000000060
46454  23.936  -26.811  -21.678 0.4000000060
127053  24.191  -26.176  -22.078 0.4000000060
45664  27.839  -27.943  -22.614 0.5000000000
45659  27.585  -27.169  -22.144 0.5000000000
46466  26.558  -26.117  -21.619 0.4000000060
46468  24.805  -25.609  -22.042 0.4000000060
47324  23.943  -25.596  -22.771 0.3000000119
45647  26.432  -27.259  -21.344 0.5000000000
45648  25.604  -27.202  -21.034 0.4000000060
45649  24.554  -27.316  -21.037 0.4000000060
45650  23.619  -27.631  -21.437 0.4000000060
45660  23.155  -27.151  -22.124 0.4000000060
126334  28.000  -26.547  -22.511 0.5000000000
46465  27.370  -26.122  -21.962 0.5000000000
47323  25.581  -24.946  -22.182 0.4000000060
46473  28.522  -26.374  -23.139 0.5000000000
47322  26.570  -25.391  -21.796 0.4000000060
48227  26.629  -24.650  -22.198 0.4000000060
47336  24.998  -24.465  -22.971 0.4000000060
116307  24.679  -25.069  -22.661 0.3000000119
47337  24.212  -24.865  -23.428 0.3000000119
47338  23.428  -25.348  -23.798 0.3000000119
127949  28.545  -25.520  -23.003 0.5000000000
47335  28.885  -25.699  -23.729 0.4000000060
47334  29.253  -24.966  -24.145 0.5000000000
48226  27.453  -24.540  -22.399 0.3000000119
48242  25.898  -24.178  -22.673 0.4000000060
48243  24.588  -24.128  -23.877 0.3000000119
48244  23.744  -24.635  -24.300 0.3000000119
47320  28.183  -24.862  -22.668 0.3000000119
119051  28.795  -24.866  -23.351 0.4000000060
118597  29.657  -24.393  -25.596 0.4000000060
48241  26.899  -23.961  -22.542 0.3000000119
115071  25.312  -23.919  -23.318 0.3000000119
48251  23.336  -24.330  -25.065 0.3000000119
48268  22.583  -24.573  -25.384 0.3000000119
48240  27.858  -24.000  -22.603 0.3000000119
48250  24.039  -23.929  -24.708 0.3000000119
109547  23.623  -23.638  -25.325 0.3000000119
48267  23.000  -23.775  -25.678 0.3000000119
48239  28.600  -24.083  -23.010 0.3000000119
48238  29.229  -24.032  -23.707 0.3000000119
49069  29.673  -23.386  -24.261 0.3000000119
49084  29.856  -23.605  -25.202 0.4000000060
49897  30.452  -22.344  -26.263 0.4000000060
50812  30.562  -21.691  -27.888 0.4000000060
50821  29.629  -21.615  -30.155 0.4000000060
49087  22.139  -23.900  -25.835 0.3000000119
49060  28.242  -23.346  -22.870 0.3000000119
49061  27.307  -23.283  -22.798 0.3000000119
49059  28.903  -23.390  -23.331 0.3000000119
49864  29.700  -22.442  -23.958 0.3000000119
116086  30.449  -22.239  -25.278 0.3000000119
50766  30.753  -21.604  -25.735 0.3000000119
50794  30.722  -21.663  -26.774 0.4000000060
50816  30.501  -21.423  -28.742 0.4000000060
51776  30.575  -20.738  -29.264 0.4000000060
115989  29.822  -19.944  -30.528 0.4000000060
49058  29.359  -23.207  -23.717 0.3000000119
51721  31.078  -20.917  -26.190 0.3000000119
51720  31.330  -20.185  -26.648 0.3000000119
51767  30.853  -20.839  -28.298 0.4000000060
52618  31.053  -20.030  -28.680 0.4000000060
51782  30.248  -20.280  -30.017 0.4000000060
53553  30.675  -18.577  -30.132 0.4000000060
53554  30.088  -18.601  -30.646 0.4000000060
53566  28.934  -18.554  -31.650 0.4000000060
53579  28.418  -18.622  -32.163 0.5000000000
51703  31.221  -20.129  -25.628 0.3000000119
51742  31.237  -20.163  -27.715 0.3000000119
52617  31.428  -19.404  -28.090 0.4000000060
52636  31.245  -19.157  -28.992 0.4000000060
53538  31.162  -18.521  -29.548 0.4000000060
115564  30.843  -19.087  -29.692 0.4000000060
54433  30.565  -17.833  -30.549 0.4000000060
54448  29.453  -17.800  -31.557 0.3000000119
54449  28.762  -17.921  -32.087 0.3000000119
118424  28.271  -18.087  -32.490 0.4000000060
55250  29.741  -16.992  -31.682 0.3000000119
54462  29.154  -17.112  -32.167 0.3000000119
53495  31.692  -18.710  -26.552 0.3000000119
53510  31.722  -18.754  -27.523 0.3000000119
53522  31.594  -18.762  -28.331 0.3000000119
53537  31.591  -18.372  -28.889 0.3000000119
54415  31.481  -17.855  -29.437 0.3000000119
54414  31.937  -17.131  -29.225 0.3000000119
55232  30.825  -16.939  -30.774 0.3000000119
54447  30.168  -17.351  -31.188 0.3000000119
55249  30.427  -16.415  -31.505 0.3000000119
55248  31.115  -16.206  -31.005 0.3000000119
53476  31.395  -18.503  -25.616 0.3000000119
54391  31.951  -18.072  -26.980 0.3000000119
54405  31.913  -18.057  -28.017 0.3000000119
54404  32.216  -17.233  -28.227 0.3000000119
55216  31.754  -16.695  -29.807 0.3000000119
55231  31.460  -16.489  -30.391 0.3000000119
56043  31.013  -15.590  -31.436 0.3000000119
56026  31.706  -15.586  -30.689 0.3000000119
56772  31.535  -14.831  -31.297 0.3000000119
44761  27.106  -28.386  -21.541 0.5000000000
110241  27.464  -27.928  -21.967 0.5000000000
34194  21.774  -40.928  -34.152 0.6000000238
33246  22.422  -41.714  -34.338 0.5000000000
34204  22.665  -40.936  -34.460 0.5000000000
35120  24.514  -39.895  -34.221 0.5000000000
34203  24.289  -40.723  -34.436 0.5000000000
122844  27.694  -38.816  -32.355 0.5000000000
35107  26.300  -39.761  -33.440 0.5000000000
35108  25.257  -39.468  -33.785 0.5000000000
32282  21.146  -42.557  -27.520 0.6000000238
31405  20.481  -42.858  -27.027 0.5000000000
31406  19.585  -43.379  -26.518 0.5000000000
121894  19.026  -43.097  -26.080 0.5000000000
31407  18.769  -43.715  -26.329 0.5000000000
32268  18.319  -43.095  -26.125 0.4000000060
32253  17.979  -42.376  -25.951 0.4000000060
34099  17.741  -40.937  -25.613 0.4000000060
129930  17.463  -39.675  -25.559 0.4000000060
36900  18.431  -37.277  -24.793 0.3000000119
37778  19.136  -36.136  -24.489 0.4000000060
40441  19.372  -33.028  -23.523 0.4000000060
111974  19.645  -34.797  -23.890 0.4000000060
41260  19.764  -32.531  -22.849 0.4000000060
43874  22.115  -28.844  -21.807 0.4000000060
42949  19.751  -30.866  -22.744 0.4000000060
43870  21.780  -29.593  -21.618 0.4000000060
42948  21.030  -30.187  -21.864 0.4000000060
44765  22.578  -28.483  -21.697 0.4000000060
43876  20.702  -29.497  -22.467 0.4000000060
46469  23.488  -26.409  -22.459 0.4000000060
46474  23.111  -26.031  -23.282 0.4000000060
45651  22.834  -27.873  -21.876 0.4000000060
46470  22.754  -26.693  -22.810 0.4000000060
47351  22.909  -25.135  -24.713 0.3000000119
47352  22.299  -25.630  -24.676 0.3000000119
36991  28.653  -37.826  -32.055 0.5000000000
41273  19.209  -32.309  -23.432 0.4000000060
42080  19.426  -31.704  -23.054 0.4000000060
43875  21.465  -28.906  -22.239 0.4000000060
35006  17.655  -39.275  -25.315 0.4000000060
36999  25.016  -37.474  -33.271 0.5000000000
118886  24.187  -32.244  -20.466 0.4000000060
42930  24.780  -30.738  -20.440 0.4000000060
45663  28.211  -27.214  -22.865 0.5000000000
49916  30.357  -22.398  -27.237 0.4000000060
52656  29.114  -19.238  -31.363 0.4000000060
52647  30.321  -19.370  -30.211 0.4000000060
35109  24.103  -39.168  -34.141 0.6000000238
36059  25.908  -38.938  -33.314 0.5000000000
35098  26.897  -39.025  -32.773 0.5000000000
40429  20.318  -33.192  -22.592 0.4000000060
39549  20.269  -33.870  -23.049 0.4000000060
39558  19.661  -33.913  -23.630 0.4000000060
114709  26.271  -29.890  -20.715 0.5000000000
130010  20.383  -30.278  -22.418 0.4000000060
111025  25.848  -28.532  -20.657 0.4000000060
45646  27.030  -27.597  -21.589 0.5000000000
46451  26.906  -26.803  -21.612 0.5000000000
46464  28.068  -25.777  -22.536 0.5000000000
47321  27.435  -25.213  -22.199 0.4000000060
48249  29.560  -24.252  -24.638 0.4000000060
49879  30.069  -22.795  -24.781 0.3000000119
51743  31.014  -20.933  -27.287 0.4000000060
49847  29.175  -22.815  -23.525 0.3000000119
52637  30.738  -19.782  -29.490 0.4000000060
54432  31.311  -17.304  -30.060 0.3000000119
54434  29.945  -18.033  -31.018 0.4000000060
52585  31.484  -19.395  -26.063 0.3000000119
52599  31.568  -19.459  -27.080 0.3000000119
108643  31.703  -18.034  -26.213 0.3000000119
54390  32.172  -17.354  -27.267 0.3000000119
28678  20.201  -45.531  -30.039 0.4000000060
29595  19.919  -44.596  -29.961 0.4000000060
128879  19.084  -44.759  -30.118 0.4000000060
29584  19.589  -44.508  -29.367 0.3000000119
30533  19.959  -44.124  -29.505 0.4000000060
30570  23.158  -44.782  -34.199 0.5000000000
29569  19.574  -44.889  -27.978 0.3000000119
31490  22.754  -43.321  -34.281 0.5000000000
31491  22.548  -42.684  -34.129 0.5000000000
30571  22.867  -44.273  -34.646 0.5000000000
31425  20.859  -43.122  -27.983 0.5000000000
31426  20.201  -43.597  -27.320 0.4000000060
32342  22.297  -42.165  -34.100 0.5000000000
31500  22.959  -43.369  -34.596 0.5000000000
128563  23.100  -43.355  -34.749 0.3000000119
33234  22.051  -41.613  -34.056 0.5000000000
32343  22.495  -42.287  -34.281 0.4000000060
117393  24.181  -42.417  -34.664 0.3000000119
115104  23.535  -41.665  -34.577 0.3000000119
33245  24.920  -41.573  -34.479 0.3000000119
34192  26.261  -40.659  -33.765 0.3000000119
34202  25.455  -40.934  -34.207 0.3000000119
34191  27.096  -40.324  -33.331 0.4000000060
34193  25.385  -40.232  -33.982 0.4000000060
33160  17.529  -41.663  -25.994 0.3000000119
121034  19.331  -34.954  -24.502 0.3000000119
39571  19.306  -34.317  -24.382 0.3000000119
115839  19.143  -33.520  -24.237 0.3000000119
40452  18.800  -32.620  -24.099 0.3000000119
109459  19.164  -31.102  -23.331 0.3000000119
43877  19.916  -29.956  -22.957 0.3000000119
42961  19.254  -30.381  -23.372 0.3000000119
43889  18.663  -29.959  -23.843 0.3000000119
44770  22.107  -28.170  -22.222 0.3000000119
124807  21.856  -27.590  -22.718 0.3000000119
44772  20.769  -28.645  -22.772 0.3000000119
43887  20.084  -29.103  -23.088 0.3000000119
45665  22.056  -26.978  -23.079 0.3000000119
124557  21.308  -27.388  -23.262 0.3000000119
44780  20.823  -28.006  -23.082 0.3000000119
44781  20.234  -28.333  -23.306 0.3000000119
46476  21.667  -26.652  -23.793 0.3000000119
46477  20.933  -26.920  -24.019 0.3000000119
45666  20.502  -27.607  -23.572 0.3000000119
46475  22.386  -26.366  -23.574 0.3000000119
46489  21.343  -26.301  -24.491 0.3000000119
44771  21.387  -28.104  -22.687 0.3000000119
30488  19.409  -44.125  -26.764 0.3000000119
31408  17.957  -43.878  -26.274 0.3000000119
24256  19.588  -51.670  -28.629 0.4000000060
24257  18.917  -51.983  -28.901 0.4000000060
24267  19.260  -51.296  -29.306 0.4000000060
24279  18.283  -51.239  -30.419 0.4000000060
25173  18.546  -50.269  -30.771 0.3000000119
25160  19.913  -50.081  -29.470 0.4000000060
25172  19.329  -50.119  -30.096 0.4000000060
26023  19.698  -49.285  -29.902 0.4000000060
26877  25.764  -48.142  -32.332 0.3000000119
26022  20.324  -49.368  -29.319 0.4000000060
126380  18.576  -48.364  -31.361 0.3000000119
27766  19.236  -46.891  -30.596 0.3000000119
26858  19.507  -48.254  -30.303 0.4000000060
28691  18.048  -45.499  -31.188 0.3000000119
26870  18.238  -47.214  -31.841 0.3000000119
27759  19.937  -47.526  -30.024 0.4000000060
27767  18.462  -46.212  -31.334 0.3000000119
28690  18.874  -45.549  -30.666 0.3000000119
24268  18.609  -51.616  -29.659 0.4000000060
25162  18.956  -50.904  -30.007 0.4000000060
29597  18.964  -44.861  -29.901 0.3000000119
23399  20.058  -52.124  -28.121 0.3000000119
120756  17.897  -45.328  -30.996 0.3000000119
23383  22.126  -52.514  -27.475 0.4000000060
24226  23.316  -51.017  -26.742 0.5000000000
24236  24.163  -52.073  -27.333 0.4000000060
24240  20.787  -51.701  -27.946 0.5000000000
24269  17.944  -51.955  -30.007 0.4000000060
25129  22.556  -50.608  -26.848 0.5000000000
25146  20.638  -50.892  -28.352 0.4000000060
25161  19.493  -50.672  -29.593 0.4000000060
25991  24.788  -50.054  -26.929 0.6000000238
25993  21.888  -49.133  -27.002 0.6000000238
26021  25.678  -49.889  -28.757 0.4000000060
26031  25.770  -49.822  -29.577 0.4000000060
26787  24.064  -48.024  -25.650 0.6000000238
26820  21.900  -48.294  -26.794 0.6000000238
26859  18.897  -47.723  -30.964 0.3000000119
26869  25.872  -48.472  -31.639 0.3000000119
27765  26.377  -47.486  -30.465 0.6000000238
27786  26.109  -47.112  -31.857 0.5000000000
28661  26.572  -46.796  -29.069 0.8000000119
28688  26.682  -46.157  -30.628 0.6999999881
28689  19.339  -44.933  -30.221 0.3000000119
29596  19.446  -44.564  -29.938 0.4000000060
29601  18.695  -45.179  -30.390 0.3000000119
30508  19.900  -44.250  -27.642 0.3000000119
30516  20.795  -44.046  -29.045 0.5000000000
31377  25.147  -43.010  -24.591 0.8999999762
31438  20.875  -43.508  -28.578 0.6000000238
31489  24.338  -44.324  -33.424 0.6000000238
32323  25.492  -42.079  -32.425 0.8000000119
32354  23.115  -42.634  -34.611 0.3000000119
33157  20.387  -41.336  -25.575 0.6000000238
33233  21.978  -41.733  -34.156 0.6000000238
34113  27.406  -40.787  -26.623 1.0000000000
34185  22.376  -40.456  -33.377 0.6999999881
34205  21.767  -41.039  -34.269 0.6000000238
35106  27.174  -39.707  -33.008 0.4000000060
36050  28.164  -38.341  -32.069 0.5000000000
36063  21.668  -38.599  -33.467 0.8000000119
36881  22.446  -37.681  -23.270 0.6999999881
36882  20.723  -37.276  -23.568 0.6000000238
36883  19.930  -37.170  -23.735 0.5000000000
36925  27.224  -37.031  -26.771 1.0000000000
37735  24.744  -36.469  -21.295 0.8000000119
37752  24.885  -37.119  -21.585 0.8000000119
37779  18.623  -36.612  -24.800 0.3000000119
37811  26.912  -36.578  -27.142 1.0000000000
37878  21.094  -36.333  -33.460 0.8999999762
38678  26.467  -36.045  -27.451 1.0000000000
38679  26.026  -35.547  -27.799 1.0000000000
38699  28.006  -35.556  -31.536 0.6000000238
39557  27.560  -34.496  -23.491 0.8000000119
39625  25.844  -34.642  -31.888 0.6999999881
39633  24.950  -34.895  -32.607 0.6999999881
40400  24.409  -33.705  -20.505 0.5000000000
40413  22.076  -33.752  -21.462 0.4000000060
40414  21.388  -33.831  -21.898 0.4000000060
40463  27.409  -33.293  -24.983 0.8000000119
40480  26.059  -32.994  -27.151 1.0000000000
40509  23.086  -33.206  -31.131 0.8999999762
40523  22.649  -33.728  -32.781 0.8999999762
41229  25.080  -33.353  -20.542 0.5000000000
41242  25.663  -32.968  -20.717 0.6000000238
42078  26.946  -31.860  -21.825 0.6999999881
42149  23.460  -31.384  -30.411 1.0000000000
42931  24.215  -30.939  -20.456 0.4000000060
43015  24.134  -30.732  -30.068 1.0000000000
43031  27.405  -30.917  -31.544 0.6000000238
43035  21.689  -30.127  -32.225 0.8999999762
43914  27.953  -29.251  -26.739 0.8000000119
43948  27.195  -29.088  -29.137 0.8000000119
43949  25.517  -29.649  -29.620 0.8999999762
43962  22.291  -29.248  -31.456 1.0000000000
43973  27.285  -29.542  -31.646 0.6000000238
44769  27.545  -28.583  -22.189 0.5000000000
44823  27.620  -29.326  -27.746 0.8000000119
44834  27.729  -28.881  -28.624 0.8000000119
44844  28.194  -27.744  -29.243 0.8000000119
44867  22.279  -27.646  -31.648 1.0000000000
44869  21.784  -28.207  -32.299 0.8999999762
44884  22.902  -28.931  -32.986 0.8000000119
45661  22.459  -27.408  -22.471 0.3000000119
45770  21.606  -27.593  -32.772 0.8999999762
46518  29.102  -26.270  -26.102 0.6999999881
46592  21.425  -26.731  -32.590 0.8999999762
46600  26.664  -25.917  -33.299 0.6000000238
46605  21.178  -26.467  -32.928 0.8999999762
47400  28.798  -25.834  -27.810 0.6999999881
47426  28.932  -24.910  -28.746 0.6999999881
47435  28.486  -25.327  -29.904 0.6999999881
47443  26.665  -25.258  -31.279 0.8000000119
47444  25.815  -25.307  -31.437 0.8000000119
47461  26.018  -25.334  -33.590 0.6000000238
48324  28.695  -24.578  -29.739 0.6999999881
48344  22.176  -24.228  -32.793 0.8999999762
48368  21.814  -23.003  -34.065 0.8000000119
49152  28.525  -23.914  -30.294 0.6999999881
49180  21.764  -23.403  -33.949 0.8000000119
49188  22.672  -23.140  -34.445 0.6999999881
49952  28.142  -22.821  -31.279 0.6999999881
49975  22.488  -22.477  -33.706 0.8000000119
49980  23.520  -22.575  -34.759 0.6000000238
50822  29.115  -21.527  -30.783 0.5000000000
50856  22.578  -20.699  -34.509 0.6999999881
50862  23.244  -21.412  -35.200 0.6000000238
51791  29.264  -20.069  -31.104 0.5000000000
51823  22.250  -20.292  -34.890 0.6000000238
51827  22.705  -20.178  -35.319 0.6000000238
51828  22.092  -20.045  -35.014 0.6000000238
52678  25.264  -19.276  -33.923 0.8000000119
52685  22.151  -18.901  -34.992 0.6000000238
52686  22.068  -19.421  -35.011 0.6000000238
53565  29.539  -18.587  -31.196 0.4000000060
53604  23.285  -17.166  -34.832 0.6000000238
53605  22.496  -17.335  -35.032 0.6000000238
53612  22.724  -17.460  -35.233 0.6000000238
54416  31.043  -18.027  -29.982 0.3000000119
54491  22.871  -17.019  -35.238 0.6000000238
54492  22.551  -17.120  -35.070 0.6000000238
54501  23.793  -16.623  -35.852 0.6000000238
55299  23.930  -15.692  -35.705 0.6000000238
55315  24.540  -14.588  -36.252 0.6000000238
56822  25.419  -13.723  -36.589 0.5000000000
58455  26.846  -12.550  -37.178 0.4000000060
108737  28.433  -27.121  -29.129 0.8000000119
109550  26.388  -29.441  -29.315 0.8999999762
110360  31.957  -14.087  -31.173 0.3000000119
110593  26.566  -45.018  -31.744 0.6000000238
110670  24.085  -23.529  -32.700 0.8999999762
111614  28.668  -34.282  -32.175 0.6000000238
111728  27.453  -33.916  -31.446 0.6000000238
112466  31.871  -17.751  -28.793 0.3000000119
112605  26.673  -45.590  -28.368 0.8000000119
113259  24.320  -34.029  -32.932 0.6999999881
113502  22.491  -20.775  -35.090 0.6000000238
113774  28.671  -31.007  -32.293 0.6000000238
117191  27.212  -40.942  -29.922 0.8999999762
117262  25.730  -49.784  -30.619 0.4000000060
117429  25.646  -48.866  -32.394 0.3000000119
117776  26.930  -41.886  -25.873 1.0000000000
117824  21.292  -36.677  -33.494 0.8999999762
117835  25.860  -48.788  -28.175 0.5000000000
118160  21.879  -50.015  -27.256 0.5000000000
119991  22.394  -18.061  -34.900 0.6000000238
120387  25.984  -45.918  -32.393 0.6000000238
120768  23.428  -32.109  -20.576 0.4000000060
121035  26.599  -22.451  -32.604 0.6999999881
123700  21.376  -26.974  -32.794 0.8999999762
123837  25.860  -18.658  -35.690 0.6000000238
125502  27.417  -35.034  -23.021 0.8000000119
126133  22.482  -42.658  -34.033 0.5000000000
126451  23.047  -53.283  -27.604 0.4000000060
126684  23.076  -45.446  -25.509 0.6999999881
127443  21.741  -23.480  -33.983 0.8000000119
128786  24.204  -38.263  -31.382 0.8999999762
130317  21.254  -29.526  -22.047 0.4000000060
