#!ascii label  , from subject sub-v2s8x29224_ses-1 vox2ras=TkReg
272
19108  32.696  -57.663  -7.441 0.0000000000
113564  30.353  -62.051  -12.565 0.0000000000
14074  36.982  -62.739  -6.696 0.0000000000
15229  36.089  -61.490  -12.165 0.0000000000
10563  32.977  -67.137  -10.254 0.0000000000
11426  35.336  -65.619  -8.025 0.0000000000
13145  32.786  -63.821  -7.401 0.0000000000
15217  32.566  -61.267  -11.900 0.0000000000
19164  33.490  -57.752  -13.011 0.0000000000
16164  34.492  -60.515  -6.439 0.0000000000
14110  33.336  -62.444  -9.343 0.0000000000
13200  34.333  -64.147  -11.745 0.0000000000
12346  32.908  -64.790  -13.405 0.0000000000
124982  30.864  -67.436  -12.642 0.0000000000
19993  32.662  -55.909  -5.219 0.0000000000
18130  35.143  -57.525  -4.297 0.0000000000
16148  38.554  -59.680  -4.273 0.0000000000
19176  36.827  -57.505  -13.451 0.0000000000
13136  34.018  -63.745  -6.464 0.0000000000
15218  31.779  -61.331  -11.730 0.0000000000
17249  31.645  -59.519  -11.128 0.0000000000
120629  35.676  -61.706  -6.594 0.0000000000
14092  34.717  -62.665  -7.900 0.0000000000
114247  34.466  -66.134  -9.058 0.0000000000
129050  34.240  -65.348  -9.961 0.0000000000
12325  33.830  -65.424  -11.518 0.0000000000
131642  34.002  -64.582  -12.733 0.0000000000
11489  33.127  -66.133  -12.330 0.0000000000
10597  30.904  -66.804  -13.656 0.0000000000
17128  36.288  -58.323  -3.620 0.0000000000
116919  37.329  -58.502  -4.063 0.0000000000
16137  38.694  -59.759  -3.540 0.0000000000
16212  35.990  -60.930  -11.451 0.0000000000
16226  36.856  -60.105  -12.073 0.0000000000
20081  32.423  -56.829  -12.890 0.0000000000
125090  33.527  -56.630  -13.587 0.0000000000
12260  36.851  -64.164  -5.790 0.0000000000
13143  36.106  -64.519  -7.403 0.0000000000
12267  35.686  -64.868  -6.896 0.0000000000
12276  34.370  -65.280  -7.627 0.0000000000
12285  33.096  -65.360  -8.427 0.0000000000
16238  34.886  -61.289  -12.612 0.0000000000
17265  35.173  -59.473  -12.680 0.0000000000
17267  33.196  -59.369  -11.999 0.0000000000
19149  32.279  -58.035  -12.010 0.0000000000
112665  28.857  -61.622  -12.820 0.0000000000
17189  32.427  -59.010  -7.725 0.0000000000
16195  33.526  -60.908  -10.041 0.0000000000
15200  34.186  -61.899  -10.814 0.0000000000
13153  35.108  -64.393  -8.439 0.0000000000
13185  33.879  -63.539  -10.870 0.0000000000
14161  35.276  -62.790  -12.190 0.0000000000
14176  34.547  -63.129  -12.797 0.0000000000
14177  33.099  -62.825  -12.725 0.0000000000
14191  31.550  -63.313  -13.322 0.0000000000
10578  31.781  -67.299  -11.493 0.0000000000
11500  32.037  -65.833  -13.406 0.0000000000
133312  31.575  -64.587  -13.937 0.0000000000
13227  30.144  -63.397  -14.322 0.0000000000
20931  32.873  -55.320  -7.449 0.0000000000
19101  32.871  -56.756  -6.742 0.0000000000
19088  33.695  -56.733  -5.151 0.0000000000
130853  33.265  -58.323  -6.086 0.0000000000
17164  34.899  -58.895  -5.339 0.0000000000
16155  36.081  -60.343  -5.497 0.0000000000
16153  37.658  -61.099  -5.384 0.0000000000
14033  39.676  -61.713  -3.946 0.0000000000
129718  38.450  -63.005  -4.772 0.0000000000
18249  35.800  -58.141  -13.644 0.0000000000
19100  33.248  -56.592  -7.418 0.0000000000
20022  33.889  -56.301  -8.192 0.0000000000
19107  33.318  -57.425  -8.086 0.0000000000
15234  31.177  -61.869  -12.214 0.0000000000
16231  30.642  -60.621  -11.341 0.0000000000
14075  36.155  -62.528  -6.938 0.0000000000
15143  35.240  -62.178  -7.178 0.0000000000
128711  35.734  -62.960  -7.418 0.0000000000
11449  34.012  -66.555  -9.664 0.0000000000
10543  33.578  -66.971  -10.108 0.0000000000
11478  33.534  -66.193  -11.477 0.0000000000
10577  33.289  -67.018  -10.693 0.0000000000
9686  29.726  -67.351  -14.291 0.0000000000
17127  37.217  -58.571  -3.762 0.0000000000
16227  36.589  -60.830  -11.962 0.0000000000
16211  36.950  -60.035  -11.748 0.0000000000
16236  36.363  -60.781  -12.237 0.0000000000
21007  32.896  -55.414  -13.735 0.0000000000
12266  36.332  -64.393  -6.401 0.0000000000
13134  35.664  -64.252  -6.209 0.0000000000
13137  33.082  -63.303  -6.631 0.0000000000
13144  33.716  -64.303  -7.165 0.0000000000
12277  33.408  -64.871  -7.786 0.0000000000
13155  32.473  -64.305  -8.096 0.0000000000
15216  33.703  -61.294  -12.377 0.0000000000
16228  33.678  -60.353  -12.209 0.0000000000
16229  32.775  -60.630  -11.768 0.0000000000
18219  32.273  -58.970  -11.458 0.0000000000
19150  31.500  -57.626  -11.679 0.0000000000
20062  31.225  -56.796  -12.096 0.0000000000
16165  33.567  -60.047  -6.837 0.0000000000
16172  32.503  -59.639  -8.140 0.0000000000
16171  32.958  -60.345  -7.698 0.0000000000
14130  33.504  -62.639  -10.323 0.0000000000
12282  35.647  -65.047  -7.942 0.0000000000
132479  35.702  -64.518  -7.847 0.0000000000
12283  35.066  -65.349  -8.547 0.0000000000
12296  33.933  -64.421  -10.480 0.0000000000
14150  34.560  -62.890  -11.492 0.0000000000
14162  34.955  -63.484  -11.982 0.0000000000
14175  35.223  -62.543  -12.448 0.0000000000
13199  34.774  -63.430  -12.356 0.0000000000
12345  33.348  -64.220  -13.243 0.0000000000
128878  33.835  -63.680  -13.070 0.0000000000
13209  32.667  -63.509  -13.104 0.0000000000
14178  31.889  -62.689  -12.660 0.0000000000
13225  32.203  -64.163  -13.556 0.0000000000
12333  28.277  -64.918  -12.206 0.0000000000
10589  30.386  -67.248  -12.547 0.0000000000
11480  29.674  -65.632  -11.880 0.0000000000
11491  30.300  -66.646  -11.963 0.0000000000
10579  30.994  -67.405  -12.081 0.0000000000
10588  31.512  -67.394  -12.308 0.0000000000
9672  31.131  -67.399  -12.944 0.0000000000
12363  30.564  -65.261  -14.538 0.0000000000
12348  31.336  -65.563  -13.956 0.0000000000
114174  30.944  -64.513  -14.305 0.0000000000
13226  30.638  -63.781  -14.273 0.0000000000
13243  30.168  -64.226  -14.692 0.0000000000
20923  32.540  -55.360  -6.619 0.0000000000
20004  32.712  -55.886  -5.993 0.0000000000
20013  32.978  -55.859  -6.959 0.0000000000
19058  35.074  -57.400  -4.088 0.0000000000
19059  34.356  -57.243  -4.309 0.0000000000
19087  34.448  -57.252  -4.592 0.0000000000
18144  33.981  -57.541  -5.354 0.0000000000
18143  34.770  -57.826  -4.968 0.0000000000
17165  34.007  -58.642  -5.659 0.0000000000
17161  37.729  -59.342  -4.452 0.0000000000
17162  36.737  -59.295  -4.703 0.0000000000
129497  37.098  -60.311  -5.064 0.0000000000
16154  36.744  -61.191  -5.757 0.0000000000
16152  38.584  -60.772  -4.846 0.0000000000
116084  38.645  -63.170  -2.015 0.0000000000
14034  39.169  -62.428  -3.552 0.0000000000
121288  39.048  -62.476  -4.402 0.0000000000
18238  33.883  -58.699  -12.665 0.0000000000
18237  35.047  -58.643  -13.135 0.0000000000
18250  34.568  -58.014  -13.406 0.0000000000
20092  34.547  -56.640  -14.104 0.0000000000
15123  34.807  -61.356  -6.812 0.0000000000
16170  33.878  -60.901  -7.194 0.0000000000
15144  34.243  -61.713  -7.560 0.0000000000
14109  33.982  -62.762  -8.617 0.0000000000
11437  34.860  -65.851  -8.532 0.0000000000
12295  34.614  -65.722  -9.155 0.0000000000
11448  34.338  -66.068  -9.830 0.0000000000
12312  33.976  -65.217  -10.930 0.0000000000
12324  34.173  -64.522  -12.258 0.0000000000
11488  33.770  -65.217  -12.303 0.0000000000
11499  32.833  -65.592  -13.210 0.0000000000
129678  30.726  -67.390  -13.115 0.0000000000
9677  30.291  -67.224  -13.627 0.0000000000
10611  30.282  -66.817  -14.220 0.0000000000
18129  35.835  -57.661  -4.033 0.0000000000
17148  36.441  -58.201  -4.210 0.0000000000
18115  36.675  -58.117  -3.999 0.0000000000
18114  37.495  -58.551  -3.976 0.0000000000
17125  38.705  -59.501  -3.957 0.0000000000
17247  37.084  -59.176  -11.729 0.0000000000
18235  36.701  -58.244  -12.633 0.0000000000
19180  33.075  -57.042  -13.223 0.0000000000
19179  34.047  -57.248  -13.566 0.0000000000
20093  33.585  -56.023  -13.849 0.0000000000
13133  37.166  -63.627  -6.609 0.0000000000
14090  36.510  -63.548  -7.172 0.0000000000
13142  36.667  -64.218  -6.873 0.0000000000
12273  36.288  -64.645  -6.920 0.0000000000
12275  35.190  -65.365  -7.589 0.0000000000
12268  34.692  -64.716  -7.013 0.0000000000
11427  34.821  -65.832  -8.054 0.0000000000
12284  34.064  -65.735  -8.189 0.0000000000
11439  33.832  -66.245  -8.888 0.0000000000
16237  35.806  -61.214  -12.498 0.0000000000
113745  35.875  -60.456  -12.547 0.0000000000
112509  34.972  -60.428  -12.555 0.0000000000
17266  34.135  -59.649  -12.431 0.0000000000
18239  32.886  -58.641  -12.119 0.0000000000
17248  32.519  -59.882  -11.540 0.0000000000
111397  33.001  -58.107  -12.498 0.0000000000
19166  31.958  -57.172  -12.380 0.0000000000
20082  31.796  -56.288  -12.776 0.0000000000
15235  29.654  -61.855  -12.649 0.0000000000
18165  32.509  -58.430  -7.612 0.0000000000
18174  32.581  -58.292  -8.032 0.0000000000
117380  32.459  -58.972  -8.198 0.0000000000
15199  35.397  -61.601  -11.460 0.0000000000
15214  36.117  -61.635  -11.974 0.0000000000
13154  33.982  -63.455  -9.142 0.0000000000
13166  34.272  -64.625  -9.458 0.0000000000
13167  33.545  -63.444  -9.968 0.0000000000
15215  35.523  -62.241  -11.854 0.0000000000
14160  35.677  -62.074  -12.175 0.0000000000
15230  35.564  -61.882  -12.459 0.0000000000
15231  34.888  -62.185  -12.727 0.0000000000
15232  33.537  -62.133  -12.547 0.0000000000
13208  34.202  -64.084  -12.863 0.0000000000
15233  32.289  -61.973  -12.234 0.0000000000
14179  30.882  -62.605  -12.915 0.0000000000
12298  31.829  -65.245  -9.453 0.0000000000
11481  29.030  -65.218  -12.069 0.0000000000
11469  32.186  -66.929  -10.613 0.0000000000
10564  32.630  -67.241  -10.978 0.0000000000
10587  32.373  -67.185  -11.788 0.0000000000
11490  32.294  -66.605  -12.718 0.0000000000
10596  31.618  -66.666  -13.244 0.0000000000
12347  32.172  -65.054  -13.658 0.0000000000
113195  31.249  -63.862  -13.929 0.0000000000
14192  30.610  -63.125  -13.767 0.0000000000
14180  30.053  -62.462  -13.176 0.0000000000
14193  29.775  -62.757  -13.973 0.0000000000
21856  32.466  -54.842  -7.965 0.0000000000
20932  32.342  -54.838  -7.140 0.0000000000
20012  33.478  -55.760  -7.764 0.0000000000
19060  33.849  -57.181  -4.212 0.0000000000
19974  33.200  -56.227  -5.140 0.0000000000
19093  32.907  -56.615  -6.022 0.0000000000
18154  33.013  -57.512  -6.098 0.0000000000
18155  32.608  -57.658  -6.900 0.0000000000
17178  32.596  -58.532  -6.955 0.0000000000
17177  33.305  -59.169  -6.455 0.0000000000
17176  34.179  -59.620  -6.016 0.0000000000
17163  35.778  -59.144  -4.997 0.0000000000
16156  35.100  -59.963  -5.722 0.0000000000
16163  35.358  -60.892  -6.187 0.0000000000
16162  36.038  -61.252  -6.075 0.0000000000
15122  36.509  -61.909  -6.420 0.0000000000
15121  37.339  -61.964  -6.098 0.0000000000
15088  39.165  -61.387  -4.816 0.0000000000
15103  38.288  -61.905  -5.605 0.0000000000
14073  37.657  -62.798  -6.251 0.0000000000
17264  36.285  -59.694  -12.505 0.0000000000
18236  35.918  -58.783  -13.046 0.0000000000
18248  36.516  -58.113  -13.385 0.0000000000
19178  35.486  -57.449  -14.109 0.0000000000
9679  29.105  -67.812  -14.451 0.0000000000
11438  34.479  -65.980  -8.533 0.0000000000
11450  33.340  -66.718  -9.636 0.0000000000
11468  33.902  -66.359  -10.575 0.0000000000
11517  30.670  -66.103  -14.252 0.0000000000
12265  36.958  -64.207  -6.348 0.0000000000
12274  35.725  -65.073  -7.490 0.0000000000
12332  33.662  -64.950  -13.007 0.0000000000
13117  38.766  -62.487  -5.158 0.0000000000
13127  35.203  -63.601  -5.668 0.0000000000
13132  37.633  -63.651  -6.050 0.0000000000
14045  39.367  -61.806  -4.569 0.0000000000
14056  38.111  -62.872  -5.775 0.0000000000
15240  29.285  -62.183  -13.400 0.0000000000
17126  38.082  -58.901  -3.911 0.0000000000
17147  38.046  -58.916  -3.923 0.0000000000
17149  35.524  -58.063  -4.553 0.0000000000
17188  32.747  -59.479  -7.335 0.0000000000
17246  36.982  -58.641  -12.023 0.0000000000
17263  36.849  -59.129  -12.260 0.0000000000
17277  36.419  -58.754  -12.745 0.0000000000
19165  32.677  -57.476  -12.666 0.0000000000
20094  32.697  -56.260  -13.378 0.0000000000
115885  31.727  -58.354  -11.388 0.0000000000
118716  36.625  -60.130  -11.378 0.0000000000
126021  31.130  -61.123  -11.629 0.0000000000
132497  37.955  -60.236  -4.799 0.0000000000
132562  33.009  -66.943  -11.401 0.0000000000
