#!ascii label  , from subject sub-v2s8x29219_ses-1 vox2ras=TkReg
1399
110798  -40.495  -24.160  7.698 0.0000000000
63130  -54.990  -12.236  4.025 0.0000000000
58801  -46.359  -17.176  5.708 0.0000000000
36787  -10.566  -40.590  24.575 0.0000000000
52286  -33.000  -23.840  13.198 0.0000000000
35932  -27.777  -41.633  20.501 0.0000000000
40590  -32.148  -36.588  21.223 0.0000000000
47580  -34.932  -29.658  18.520 0.0000000000
50271  -34.461  -25.478  18.581 0.0000000000
35955  -19.400  -41.069  18.702 0.0000000000
35898  -24.558  -41.149  22.879 0.0000000000
37791  -23.776  -39.684  17.152 0.0000000000
42464  -28.284  -34.363  17.726 0.0000000000
43459  -32.057  -33.244  17.851 0.0000000000
110965  -41.124  -24.779  14.037 0.0000000000
109748  -45.051  -23.343  12.041 0.0000000000
62161  -49.192  -13.163  5.779 0.0000000000
55036  -43.682  -21.775  6.185 0.0000000000
65956  -52.203  -10.259  -1.330 0.0000000000
33894  -7.281  -43.279  25.805 0.0000000000
52194  -37.825  -24.966  16.920 0.0000000000
51306  -36.577  -25.694  10.404 0.0000000000
40618  -25.425  -35.590  18.045 0.0000000000
39658  -27.947  -37.675  22.801 0.0000000000
55965  -49.691  -20.771  11.254 0.0000000000
69662  -58.996  -5.095  -5.356 0.0000000000
47610  -33.853  -29.853  16.315 0.0000000000
48611  -34.245  -28.152  15.687 0.0000000000
36868  -21.599  -40.535  18.297 0.0000000000
43490  -30.447  -33.354  15.648 0.0000000000
44495  -32.178  -31.795  15.648 0.0000000000
45499  -33.440  -31.440  18.328 0.0000000000
52312  -40.782  -24.477  11.414 0.0000000000
116281  -43.253  -24.131  13.103 0.0000000000
53242  -42.390  -23.812  10.222 0.0000000000
114731  -52.218  -13.455  4.791 0.0000000000
62120  -53.000  -12.939  8.862 0.0000000000
64974  -56.253  -10.132  2.871 0.0000000000
110665  -8.988  -40.378  22.176 0.0000000000
34856  -8.969  -41.840  25.791 0.0000000000
52214  -33.535  -24.275  16.042 0.0000000000
52157  -34.931  -24.339  18.318 0.0000000000
51217  -35.596  -24.673  15.081 0.0000000000
51233  -37.587  -25.486  14.233 0.0000000000
116021  -35.257  -25.231  12.107 0.0000000000
35900  -26.568  -41.739  22.389 0.0000000000
34877  -28.380  -42.471  25.354 0.0000000000
34911  -29.489  -42.414  22.837 0.0000000000
34927  -29.297  -42.009  21.072 0.0000000000
41549  -24.385  -35.342  15.474 0.0000000000
43469  -24.543  -32.828  17.023 0.0000000000
41499  -30.591  -35.771  19.487 0.0000000000
41481  -27.942  -35.529  21.043 0.0000000000
40551  -29.745  -36.766  23.310 0.0000000000
37723  -30.617  -39.022  24.126 0.0000000000
36827  -15.262  -40.769  21.266 0.0000000000
34871  -17.455  -42.404  24.308 0.0000000000
34845  -17.866  -42.329  27.273 0.0000000000
56954  -45.248  -19.219  5.784 0.0000000000
55016  -46.418  -21.383  8.552 0.0000000000
56913  -48.409  -19.337  8.641 0.0000000000
70639  -60.669  -4.309  -6.328 0.0000000000
35815  -10.976  -40.586  27.824 0.0000000000
47525  -36.425  -29.254  21.497 0.0000000000
50255  -35.962  -26.792  21.136 0.0000000000
48562  -35.580  -28.258  18.457 0.0000000000
50295  -33.898  -26.353  16.614 0.0000000000
34917  -20.153  -42.076  21.395 0.0000000000
34893  -22.144  -41.931  23.906 0.0000000000
109735  -21.845  -41.518  21.247 0.0000000000
36840  -24.375  -40.613  20.164 0.0000000000
36856  -25.956  -40.897  18.958 0.0000000000
43471  -26.269  -32.906  16.440 0.0000000000
43488  -28.731  -33.725  15.437 0.0000000000
42466  -30.199  -34.517  17.513 0.0000000000
125098  -32.512  -34.656  20.022 0.0000000000
44435  -33.377  -32.670  20.934 0.0000000000
46546  -34.715  -30.930  20.932 0.0000000000
36850  -17.328  -40.776  19.044 0.0000000000
129428  -41.607  -24.377  17.379 0.0000000000
52148  -46.167  -23.831  20.015 0.0000000000
52200  -43.294  -24.461  16.271 0.0000000000
109881  -44.945  -24.359  14.865 0.0000000000
61318  -47.523  -14.365  6.393 0.0000000000
58758  -50.099  -17.028  8.895 0.0000000000
61287  -50.221  -13.897  9.492 0.0000000000
30009  -2.796  -47.259  30.956 0.0000000000
128136  -42.178  -23.332  6.611 0.0000000000
56082  -43.057  -19.521  3.788 0.0000000000
61333  -44.624  -14.876  4.206 0.0000000000
127646  -46.355  -13.895  3.716 0.0000000000
62203  -48.666  -13.688  2.181 0.0000000000
117809  -51.554  -12.608  2.151 0.0000000000
64116  -53.330  -11.329  1.064 0.0000000000
64132  -50.105  -11.376  -0.644 0.0000000000
34804  -8.714  -42.404  29.034 0.0000000000
32846  -6.840  -44.029  29.550 0.0000000000
31904  -4.329  -45.718  30.595 0.0000000000
53149  -40.993  -23.597  23.115 0.0000000000
51163  -35.889  -24.488  21.022 0.0000000000
112277  -38.158  -24.482  20.074 0.0000000000
52160  -39.495  -24.453  18.457 0.0000000000
52196  -39.775  -24.966  16.135 0.0000000000
51264  -39.026  -25.226  12.178 0.0000000000
52340  -38.815  -24.805  9.125 0.0000000000
35850  -25.872  -41.286  26.300 0.0000000000
38740  -25.270  -38.439  16.648 0.0000000000
37773  -26.951  -39.328  18.972 0.0000000000
42443  -25.890  -34.117  19.048 0.0000000000
40585  -26.738  -35.950  20.416 0.0000000000
37763  -28.377  -39.702  20.549 0.0000000000
37765  -29.826  -39.971  20.908 0.0000000000
37731  -10.550  -39.830  22.056 0.0000000000
36824  -12.996  -39.798  22.176 0.0000000000
36790  -13.202  -40.511  24.511 0.0000000000
54115  -44.958  -22.949  8.863 0.0000000000
54099  -47.482  -22.431  11.503 0.0000000000
53213  -49.358  -22.908  15.193 0.0000000000
56884  -51.594  -19.551  11.767 0.0000000000
65945  -54.977  -10.043  -0.014 0.0000000000
66843  -56.901  -8.172  -0.415 0.0000000000
67754  -59.131  -6.332  -1.548 0.0000000000
68656  -57.321  -6.716  -4.032 0.0000000000
69624  -61.066  -5.629  -2.396 0.0000000000
46600  -32.722  -30.516  14.839 0.0000000000
46601  -33.390  -29.476  14.644 0.0000000000
47627  -32.698  -30.007  13.995 0.0000000000
44511  -31.266  -32.195  14.695 0.0000000000
45529  -32.418  -31.247  15.319 0.0000000000
45518  -33.069  -31.191  16.802 0.0000000000
115337  -40.144  -24.412  9.087 0.0000000000
52328  -41.348  -24.165  10.132 0.0000000000
52355  -41.267  -24.041  8.711 0.0000000000
109017  -53.452  -12.834  4.179 0.0000000000
118593  -54.037  -13.572  6.170 0.0000000000
63120  -55.316  -12.495  4.892 0.0000000000
64078  -56.352  -11.314  4.633 0.0000000000
64964  -55.890  -10.853  3.235 0.0000000000
36796  -10.275  -40.506  23.690 0.0000000000
35874  -8.570  -41.294  23.824 0.0000000000
35859  -9.893  -40.879  24.834 0.0000000000
111117  -33.275  -23.848  15.209 0.0000000000
52215  -34.708  -24.253  15.994 0.0000000000
52265  -34.139  -23.899  14.523 0.0000000000
130491  -35.736  -25.069  13.757 0.0000000000
51245  -34.529  -24.589  12.959 0.0000000000
34861  -20.794  -42.083  26.333 0.0000000000
35916  -27.588  -41.963  21.215 0.0000000000
34910  -28.440  -42.192  23.028 0.0000000000
34920  -28.375  -42.208  21.984 0.0000000000
34921  -29.258  -42.288  21.823 0.0000000000
35933  -28.520  -41.595  20.664 0.0000000000
40589  -31.672  -36.359  20.641 0.0000000000
40587  -29.594  -36.080  21.421 0.0000000000
40573  -31.417  -36.712  21.543 0.0000000000
39643  -30.287  -37.348  24.153 0.0000000000
34890  -19.098  -42.545  23.648 0.0000000000
126708  -18.771  -42.549  24.458 0.0000000000
109604  -19.382  -42.472  26.311 0.0000000000
53152  -44.200  -22.908  23.194 0.0000000000
57849  -46.096  -18.083  5.893 0.0000000000
56939  -46.290  -19.268  6.755 0.0000000000
57825  -47.689  -18.328  7.396 0.0000000000
47542  -35.879  -29.620  20.178 0.0000000000
47562  -36.202  -28.835  19.823 0.0000000000
47581  -35.461  -28.943  18.423 0.0000000000
112459  -34.416  -27.499  16.425 0.0000000000
49505  -33.490  -26.450  15.185 0.0000000000
111656  -32.768  -25.101  15.638 0.0000000000
35924  -19.545  -41.637  20.192 0.0000000000
35911  -20.860  -41.741  20.975 0.0000000000
35926  -21.369  -41.377  20.254 0.0000000000
36885  -23.220  -39.975  17.860 0.0000000000
36838  -23.021  -40.597  19.682 0.0000000000
36870  -23.558  -40.197  18.575 0.0000000000
117965  -25.276  -40.848  19.579 0.0000000000
36887  -25.171  -40.123  17.792 0.0000000000
43507  -27.546  -33.350  14.540 0.0000000000
43475  -31.259  -33.363  16.640 0.0000000000
43457  -30.637  -33.956  16.896 0.0000000000
43445  -31.713  -34.026  18.060 0.0000000000
42448  -31.416  -34.762  18.388 0.0000000000
112560  -32.406  -33.926  19.126 0.0000000000
43418  -32.668  -33.833  19.853 0.0000000000
43432  -32.661  -33.224  19.192 0.0000000000
46567  -34.284  -30.369  18.633 0.0000000000
45491  -34.159  -30.901  19.441 0.0000000000
46556  -34.808  -30.633  20.057 0.0000000000
46547  -35.432  -30.313  20.560 0.0000000000
36851  -18.317  -40.862  18.648 0.0000000000
52219  -41.384  -24.679  15.777 0.0000000000
52199  -42.523  -24.470  16.491 0.0000000000
109589  -42.051  -24.602  15.294 0.0000000000
52292  -44.009  -23.852  13.046 0.0000000000
52245  -44.272  -24.264  14.393 0.0000000000
53209  -45.242  -23.748  13.625 0.0000000000
53199  -46.725  -23.876  14.647 0.0000000000
129047  -46.285  -23.364  13.179 0.0000000000
61328  -47.812  -13.783  6.188 0.0000000000
61309  -48.317  -14.142  7.479 0.0000000000
62134  -48.807  -12.613  7.742 0.0000000000
119068  -54.632  -12.535  9.342 0.0000000000
127252  -45.014  -14.358  3.657 0.0000000000
61358  -45.436  -14.318  2.502 0.0000000000
62223  -47.914  -13.906  1.732 0.0000000000
62240  -49.152  -13.360  1.029 0.0000000000
63149  -50.036  -13.201  1.973 0.0000000000
63161  -50.101  -12.418  0.607 0.0000000000
64113  -50.787  -11.881  0.344 0.0000000000
34868  -7.528  -42.511  24.591 0.0000000000
32872  -6.305  -44.417  26.837 0.0000000000
35796  -11.054  -40.614  30.566 0.0000000000
35804  -9.748  -41.509  28.052 0.0000000000
35788  -9.780  -41.317  31.225 0.0000000000
33829  -7.291  -43.120  31.538 0.0000000000
32840  -6.210  -44.189  32.203 0.0000000000
32842  -5.654  -44.780  30.344 0.0000000000
31897  -5.680  -44.928  32.430 0.0000000000
31895  -4.732  -45.934  32.034 0.0000000000
49449  -35.535  -26.796  19.730 0.0000000000
50254  -35.751  -25.708  21.250 0.0000000000
51172  -34.929  -24.792  19.862 0.0000000000
109251  -36.858  -24.779  17.108 0.0000000000
122980  -36.746  -24.441  19.015 0.0000000000
52158  -37.550  -24.635  18.358 0.0000000000
52143  -38.827  -24.448  19.167 0.0000000000
52178  -39.087  -24.717  17.711 0.0000000000
123525  -39.455  -24.841  16.981 0.0000000000
52195  -38.796  -25.091  16.474 0.0000000000
115521  -36.911  -25.539  12.053 0.0000000000
111827  -38.108  -25.505  13.012 0.0000000000
51284  -37.579  -25.505  11.623 0.0000000000
51308  -38.929  -25.067  10.906 0.0000000000
51307  -37.812  -25.383  10.221 0.0000000000
35864  -24.009  -41.338  24.129 0.0000000000
35849  -24.363  -41.175  25.739 0.0000000000
35866  -25.515  -41.215  24.703 0.0000000000
41539  -24.985  -35.461  17.131 0.0000000000
40625  -24.945  -36.633  16.410 0.0000000000
109721  -25.350  -36.619  17.220 0.0000000000
38730  -26.071  -38.418  17.831 0.0000000000
39693  -25.924  -37.478  18.138 0.0000000000
43472  -27.062  -33.408  16.590 0.0000000000
118875  -26.236  -33.113  17.189 0.0000000000
42463  -27.268  -33.950  18.153 0.0000000000
41464  -27.915  -35.890  21.805 0.0000000000
130212  -27.019  -35.380  20.403 0.0000000000
118360  -27.442  -37.013  21.788 0.0000000000
38699  -27.359  -38.413  21.055 0.0000000000
38700  -27.894  -38.742  21.295 0.0000000000
37764  -28.994  -40.027  20.688 0.0000000000
38686  -28.924  -38.418  22.638 0.0000000000
125673  -33.525  -33.063  22.731 0.0000000000
36826  -14.483  -40.410  21.475 0.0000000000
35875  -14.493  -40.999  23.507 0.0000000000
36799  -13.129  -40.326  23.579 0.0000000000
34816  -18.341  -41.802  29.337 0.0000000000
54144  -43.402  -22.532  6.512 0.0000000000
53278  -43.253  -23.307  7.709 0.0000000000
124405  -44.410  -22.487  7.479 0.0000000000
55007  -48.094  -21.012  9.832 0.0000000000
54118  -46.995  -21.983  9.955 0.0000000000
54987  -48.666  -21.668  11.319 0.0000000000
54079  -48.161  -22.645  13.118 0.0000000000
54979  -49.604  -21.808  12.706 0.0000000000
59602  -51.370  -16.680  9.792 0.0000000000
126487  -51.174  -18.041  10.197 0.0000000000
57793  -52.255  -18.090  11.152 0.0000000000
64990  -52.776  -10.583  -0.032 0.0000000000
108036  -53.906  -10.539  0.256 0.0000000000
108660  -53.203  -10.138  -0.798 0.0000000000
66851  -54.998  -8.782  -1.620 0.0000000000
109699  -55.647  -8.375  -1.943 0.0000000000
67741  -57.265  -7.541  -1.764 0.0000000000
67752  -56.878  -7.358  -2.713 0.0000000000
69671  -56.882  -5.215  -6.046 0.0000000000
69660  -55.422  -5.852  -5.290 0.0000000000
68672  -57.697  -6.207  -4.595 0.0000000000
68658  -58.795  -5.814  -3.390 0.0000000000
69652  -60.466  -4.768  -4.123 0.0000000000
70617  -61.018  -4.511  -4.696 0.0000000000
69672  -61.158  -4.893  -6.629 0.0000000000
46581  -34.027  -30.097  17.187 0.0000000000
47611  -34.495  -29.307  16.922 0.0000000000
47618  -34.241  -28.971  16.036 0.0000000000
48622  -33.895  -28.557  14.922 0.0000000000
36867  -20.796  -40.673  18.171 0.0000000000
44510  -30.533  -32.581  14.418 0.0000000000
44494  -31.627  -32.376  15.572 0.0000000000
116006  -32.211  -32.476  16.867 0.0000000000
44455  -32.876  -31.950  17.986 0.0000000000
45509  -32.652  -31.846  17.047 0.0000000000
46580  -33.560  -30.665  16.987 0.0000000000
115572  -40.960  -24.607  13.128 0.0000000000
52268  -41.676  -24.594  13.486 0.0000000000
52313  -41.464  -24.303  11.665 0.0000000000
129713  -42.914  -23.849  11.830 0.0000000000
53244  -44.102  -23.503  10.886 0.0000000000
62162  -50.292  -13.459  5.405 0.0000000000
62147  -50.257  -12.941  7.087 0.0000000000
62149  -52.260  -13.629  6.835 0.0000000000
62138  -54.588  -13.510  7.861 0.0000000000
65916  -57.352  -8.490  2.142 0.0000000000
35857  -7.963  -41.939  24.272 0.0000000000
34855  -8.298  -42.263  25.537 0.0000000000
51194  -33.850  -25.010  17.456 0.0000000000
51185  -34.508  -24.713  18.556 0.0000000000
124800  -34.252  -24.567  17.155 0.0000000000
52192  -34.998  -24.334  16.654 0.0000000000
51218  -36.084  -24.686  15.853 0.0000000000
51219  -37.252  -25.264  15.408 0.0000000000
51231  -36.113  -25.151  14.295 0.0000000000
51261  -36.682  -25.512  12.769 0.0000000000
51282  -35.779  -25.614  11.332 0.0000000000
127315  -25.833  -41.448  22.680 0.0000000000
35867  -26.534  -41.424  24.655 0.0000000000
34909  -27.390  -41.935  23.169 0.0000000000
34894  -29.660  -42.626  24.013 0.0000000000
33943  -30.477  -43.979  21.689 0.0000000000
42475  -24.424  -33.520  16.934 0.0000000000
42476  -24.727  -34.096  17.564 0.0000000000
41516  -28.814  -35.092  19.040 0.0000000000
42431  -27.738  -34.726  19.684 0.0000000000
41482  -28.946  -35.673  20.783 0.0000000000
41465  -28.493  -35.878  21.848 0.0000000000
40549  -28.276  -36.862  23.077 0.0000000000
38677  -28.948  -38.160  23.772 0.0000000000
40537  -29.408  -37.281  24.087 0.0000000000
36837  -16.305  -40.813  20.221 0.0000000000
35906  -16.570  -41.489  21.582 0.0000000000
34870  -16.744  -42.194  24.661 0.0000000000
34857  -16.774  -42.220  25.534 0.0000000000
34858  -17.577  -42.474  25.959 0.0000000000
56041  -44.655  -20.677  6.306 0.0000000000
112220  -45.402  -21.541  7.676 0.0000000000
126593  -46.296  -20.381  7.610 0.0000000000
56016  -47.220  -20.315  8.367 0.0000000000
55999  -49.083  -20.044  9.908 0.0000000000
65962  -50.950  -9.109  -2.119 0.0000000000
108671  -52.969  -9.890  -1.349 0.0000000000
66860  -52.464  -8.920  -2.490 0.0000000000
70637  -57.658  -4.671  -6.293 0.0000000000
119163  -60.122  -4.537  -5.614 0.0000000000
71565  -57.602  -3.864  -6.814 0.0000000000
71577  -58.184  -3.103  -7.205 0.0000000000
36772  -12.324  -40.466  26.603 0.0000000000
36778  -11.011  -40.584  26.072 0.0000000000
49438  -36.633  -27.863  22.103 0.0000000000
48528  -36.550  -28.484  21.263 0.0000000000
48551  -36.125  -27.945  19.679 0.0000000000
50283  -34.778  -26.652  18.015 0.0000000000
49468  -34.923  -27.909  17.038 0.0000000000
109061  -34.465  -26.793  17.216 0.0000000000
110361  -33.866  -25.725  17.223 0.0000000000
51202  -33.556  -25.275  16.813 0.0000000000
52213  -32.810  -24.308  15.531 0.0000000000
34891  -19.884  -42.512  23.169 0.0000000000
34875  -21.169  -42.236  24.322 0.0000000000
34907  -21.122  -42.150  22.580 0.0000000000
35896  -22.561  -41.584  22.511 0.0000000000
35897  -23.510  -41.248  22.449 0.0000000000
35946  -22.308  -40.938  19.887 0.0000000000
35927  -23.184  -40.874  20.727 0.0000000000
35913  -24.429  -40.888  21.944 0.0000000000
35914  -25.179  -40.991  21.429 0.0000000000
114980  -26.058  -41.454  20.819 0.0000000000
36857  -26.753  -40.965  19.113 0.0000000000
43487  -27.120  -33.304  15.503 0.0000000000
42478  -28.806  -34.244  16.871 0.0000000000
43489  -29.690  -33.589  15.499 0.0000000000
42479  -29.742  -34.209  16.824 0.0000000000
42465  -29.256  -34.530  17.532 0.0000000000
42447  -30.627  -34.957  18.189 0.0000000000
41500  -31.504  -35.629  19.517 0.0000000000
41484  -32.326  -35.906  20.658 0.0000000000
41467  -33.018  -35.429  22.180 0.0000000000
42418  -32.776  -34.305  20.735 0.0000000000
43409  -33.096  -33.514  21.391 0.0000000000
121543  -33.761  -32.441  22.563 0.0000000000
44446  -33.382  -32.150  19.500 0.0000000000
45470  -33.838  -31.786  20.755 0.0000000000
44423  -34.229  -31.707  22.433 0.0000000000
46515  -35.458  -30.541  22.536 0.0000000000
35922  -17.662  -41.462  20.541 0.0000000000
116005  -42.394  -23.592  19.443 0.0000000000
52164  -43.839  -23.765  18.887 0.0000000000
116964  -44.044  -24.236  17.956 0.0000000000
112681  -45.632  -24.746  17.167 0.0000000000
52244  -43.541  -24.381  14.671 0.0000000000
52221  -44.231  -24.417  15.288 0.0000000000
59643  -47.295  -16.261  6.377 0.0000000000
58787  -48.277  -16.749  7.316 0.0000000000
59629  -48.834  -16.074  7.760 0.0000000000
60464  -50.610  -15.332  9.319 0.0000000000
125998  -52.079  -15.629  10.346 0.0000000000
110601  -50.978  -12.511  9.586 0.0000000000
61266  -52.042  -13.643  11.146 0.0000000000
52393  -39.874  -24.157  5.800 0.0000000000
53276  -41.192  -23.871  7.512 0.0000000000
53300  -40.611  -23.740  5.355 0.0000000000
54152  -41.743  -22.808  5.157 0.0000000000
55047  -42.596  -21.691  5.109 0.0000000000
56055  -43.615  -20.603  5.284 0.0000000000
56953  -43.960  -19.859  5.015 0.0000000000
126060  -44.522  -18.483  4.661 0.0000000000
58815  -45.110  -17.225  4.694 0.0000000000
59667  -45.122  -16.245  4.700 0.0000000000
61325  -45.686  -14.857  5.118 0.0000000000
61335  -46.324  -13.968  4.579 0.0000000000
126906  -47.741  -13.692  4.457 0.0000000000
62200  -46.339  -14.284  1.820 0.0000000000
62202  -47.919  -13.828  2.647 0.0000000000
62174  -49.163  -13.668  4.073 0.0000000000
120411  -50.090  -13.511  3.824 0.0000000000
63126  -51.814  -12.991  3.474 0.0000000000
63142  -53.078  -12.194  2.906 0.0000000000
64098  -54.300  -11.466  2.603 0.0000000000
64105  -52.651  -11.692  1.404 0.0000000000
64114  -51.554  -11.396  0.273 0.0000000000
65006  -50.734  -10.815  -0.872 0.0000000000
65018  -50.651  -10.152  -1.386 0.0000000000
123243  -10.180  -40.977  26.799 0.0000000000
34842  -9.026  -41.967  26.685 0.0000000000
33879  -8.026  -43.022  26.995 0.0000000000
120336  -8.592  -42.090  31.408 0.0000000000
33839  -8.104  -42.850  29.494 0.0000000000
32861  -7.039  -43.959  27.932 0.0000000000
32850  -6.040  -44.739  28.164 0.0000000000
127807  -5.135  -45.373  28.897 0.0000000000
30958  -3.943  -46.213  28.821 0.0000000000
30948  -3.779  -46.229  31.153 0.0000000000
53161  -42.201  -23.041  22.935 0.0000000000
52103  -36.847  -24.518  21.958 0.0000000000
52140  -34.950  -24.378  19.261 0.0000000000
52128  -36.010  -24.197  20.586 0.0000000000
52119  -38.934  -24.147  21.743 0.0000000000
110232  -39.863  -24.132  20.173 0.0000000000
52133  -41.490  -23.564  20.307 0.0000000000
52180  -41.146  -24.279  17.918 0.0000000000
113541  -40.197  -24.729  16.833 0.0000000000
52218  -40.551  -24.870  15.498 0.0000000000
51234  -38.262  -25.408  14.470 0.0000000000
51235  -38.954  -25.294  14.029 0.0000000000
52267  -40.320  -24.836  13.719 0.0000000000
128345  -39.669  -24.933  12.210 0.0000000000
110180  -39.642  -24.720  10.526 0.0000000000
116213  -39.496  -24.562  8.851 0.0000000000
52310  -32.876  -24.258  12.205 0.0000000000
51281  -34.896  -25.408  11.310 0.0000000000
51305  -35.445  -25.760  10.590 0.0000000000
50362  -35.954  -25.896  9.958 0.0000000000
50375  -36.277  -25.892  9.208 0.0000000000
112758  -37.459  -25.257  8.604 0.0000000000
128729  -38.417  -24.724  7.626 0.0000000000
116187  -38.799  -24.605  7.229 0.0000000000
35852  -27.488  -41.892  25.651 0.0000000000
37828  -23.641  -38.913  15.897 0.0000000000
38755  -24.471  -38.132  15.658 0.0000000000
37809  -25.118  -39.189  16.771 0.0000000000
37794  -25.960  -40.121  17.898 0.0000000000
37782  -26.561  -39.838  18.283 0.0000000000
36858  -27.443  -40.820  19.376 0.0000000000
43470  -25.307  -32.777  17.170 0.0000000000
43454  -24.989  -33.179  17.828 0.0000000000
41514  -25.584  -34.621  18.795 0.0000000000
42430  -27.117  -34.471  19.598 0.0000000000
41480  -26.649  -35.128  20.014 0.0000000000
40609  -25.807  -35.625  18.871 0.0000000000
38710  -26.571  -38.121  19.433 0.0000000000
37774  -27.471  -39.867  19.435 0.0000000000
35949  -28.018  -41.207  20.039 0.0000000000
117337  -28.675  -41.209  20.439 0.0000000000
35934  -29.941  -41.176  20.679 0.0000000000
36823  -9.669  -39.984  21.826 0.0000000000
36809  -10.965  -40.101  23.061 0.0000000000
37760  -13.526  -39.480  20.789 0.0000000000
112341  -11.830  -38.995  21.054 0.0000000000
37733  -12.271  -39.690  22.467 0.0000000000
36810  -11.906  -39.876  23.029 0.0000000000
36789  -12.335  -40.295  24.304 0.0000000000
36773  -13.186  -40.556  26.160 0.0000000000
34828  -17.101  -41.982  27.709 0.0000000000
53266  -42.614  -23.574  8.445 0.0000000000
109918  -43.751  -23.400  9.194 0.0000000000
115614  -44.649  -23.280  10.511 0.0000000000
54128  -46.074  -22.017  8.895 0.0000000000
54107  -45.785  -22.733  10.119 0.0000000000
53233  -46.038  -22.966  11.875 0.0000000000
53222  -47.292  -22.887  12.889 0.0000000000
57815  -49.621  -17.989  8.711 0.0000000000
56905  -50.124  -19.082  9.996 0.0000000000
55966  -50.363  -20.489  11.654 0.0000000000
64972  -54.784  -10.905  2.187 0.0000000000
64983  -55.429  -10.085  1.425 0.0000000000
66818  -56.540  -8.631  1.306 0.0000000000
65958  -54.316  -9.242  -1.410 0.0000000000
65946  -56.109  -9.051  -0.128 0.0000000000
66833  -57.681  -7.501  0.528 0.0000000000
66844  -57.918  -7.136  -0.013 0.0000000000
67743  -60.011  -6.056  -0.464 0.0000000000
118583  -55.955  -7.406  -3.985 0.0000000000
67764  -57.430  -6.777  -3.029 0.0000000000
68649  -59.637  -5.986  -2.012 0.0000000000
70629  -61.827  -4.988  -5.385 0.0000000000
45544  -32.198  -31.192  14.671 0.0000000000
52353  -39.908  -24.389  8.307 0.0000000000
52342  -40.869  -24.239  9.289 0.0000000000
52354  -40.629  -24.226  8.534 0.0000000000
63129  -54.121  -12.367  3.742 0.0000000000
63119  -54.417  -12.796  4.597 0.0000000000
63121  -56.111  -11.854  5.094 0.0000000000
64077  -55.721  -11.776  4.356 0.0000000000
64086  -56.182  -11.081  3.994 0.0000000000
64085  -55.435  -11.540  3.605 0.0000000000
36786  -9.881  -40.763  24.246 0.0000000000
125014  -33.184  -23.660  14.560 0.0000000000
52264  -33.727  -23.789  13.859 0.0000000000
51246  -34.910  -24.529  13.716 0.0000000000
112208  -20.855  -42.245  25.208 0.0000000000
34926  -28.415  -41.983  21.182 0.0000000000
39659  -32.155  -37.068  22.273 0.0000000000
34860  -19.974  -42.432  25.533 0.0000000000
57836  -46.532  -18.486  6.488 0.0000000000
57837  -47.242  -17.920  6.762 0.0000000000
47561  -35.625  -29.454  19.256 0.0000000000
113922  -33.526  -27.049  14.201 0.0000000000
49506  -33.910  -27.575  14.956 0.0000000000
35925  -20.383  -41.538  20.081 0.0000000000
35943  -19.877  -41.372  19.435 0.0000000000
36886  -24.182  -39.963  17.861 0.0000000000
36871  -24.600  -40.371  18.574 0.0000000000
44464  -31.857  -33.010  17.119 0.0000000000
43458  -31.412  -33.669  17.362 0.0000000000
43446  -32.274  -33.588  18.551 0.0000000000
122260  -32.608  -32.704  18.467 0.0000000000
47560  -34.878  -30.205  19.286 0.0000000000
46557  -35.384  -30.087  19.851 0.0000000000
35942  -18.945  -41.347  19.518 0.0000000000
52243  -41.267  -24.783  14.927 0.0000000000
109593  -42.065  -24.540  15.985 0.0000000000
53220  -44.328  -23.606  12.416 0.0000000000
53208  -44.789  -23.585  12.952 0.0000000000
125209  -45.710  -23.383  12.846 0.0000000000
62145  -48.424  -13.331  6.511 0.0000000000
61320  -48.441  -13.281  7.325 0.0000000000
62146  -48.935  -12.788  6.839 0.0000000000
62081  -54.409  -11.982  10.652 0.0000000000
61357  -44.433  -14.405  2.904 0.0000000000
63160  -49.302  -12.904  0.509 0.0000000000
63176  -49.473  -12.420  -0.152 0.0000000000
33908  -7.087  -43.070  24.998 0.0000000000
33893  -6.615  -43.691  25.436 0.0000000000
33877  -6.775  -43.865  26.293 0.0000000000
35795  -10.203  -40.988  30.246 0.0000000000
35789  -10.568  -40.913  31.357 0.0000000000
31891  -5.921  -45.539  32.921 0.0000000000
50259  -34.823  -25.579  19.453 0.0000000000
128364  -34.613  -24.853  19.172 0.0000000000
52176  -37.214  -24.733  17.685 0.0000000000
52159  -38.500  -24.611  18.406 0.0000000000
52177  -38.152  -24.793  17.700 0.0000000000
127040  -38.684  -24.905  17.146 0.0000000000
51283  -36.625  -25.621  11.274 0.0000000000
114824  -38.132  -25.373  10.862 0.0000000000
117241  -37.294  -25.554  10.734 0.0000000000
35880  -24.692  -41.256  23.865 0.0000000000
35865  -24.614  -41.186  24.777 0.0000000000
40619  -25.701  -36.640  18.051 0.0000000000
42477  -27.802  -33.945  16.977 0.0000000000
39640  -27.790  -37.000  22.608 0.0000000000
40569  -27.660  -36.375  21.833 0.0000000000
38684  -27.612  -37.815  21.903 0.0000000000
38685  -28.168  -38.206  22.274 0.0000000000
44410  -33.786  -32.806  23.355 0.0000000000
35861  -15.385  -41.495  24.721 0.0000000000
54145  -44.117  -22.204  6.795 0.0000000000
54998  -49.061  -21.088  10.880 0.0000000000
54997  -48.382  -21.370  10.564 0.0000000000
125907  -48.931  -21.843  12.058 0.0000000000
54988  -49.328  -21.388  11.658 0.0000000000
59568  -52.731  -16.703  11.102 0.0000000000
58734  -52.253  -17.350  10.718 0.0000000000
65943  -52.499  -10.493  -0.702 0.0000000000
65928  -52.964  -10.343  -0.549 0.0000000000
108583  -52.705  -10.258  -1.086 0.0000000000
125615  -55.424  -8.182  -2.943 0.0000000000
66864  -56.286  -7.884  -2.343 0.0000000000
67751  -56.053  -7.725  -3.324 0.0000000000
69661  -57.858  -5.231  -5.707 0.0000000000
68686  -57.092  -5.848  -5.315 0.0000000000
69650  -58.221  -5.671  -5.030 0.0000000000
68673  -58.547  -5.766  -4.238 0.0000000000
69651  -59.265  -5.271  -4.590 0.0000000000
130202  -60.015  -4.798  -4.893 0.0000000000
47617  -33.857  -29.275  15.464 0.0000000000
118609  -33.502  -28.619  14.105 0.0000000000
45542  -30.929  -32.007  13.877 0.0000000000
44476  -31.739  -32.759  16.388 0.0000000000
44477  -32.218  -32.141  16.260 0.0000000000
46579  -33.243  -30.677  16.227 0.0000000000
52288  -40.888  -24.522  12.234 0.0000000000
52329  -41.889  -24.059  10.994 0.0000000000
53229  -42.681  -23.786  11.145 0.0000000000
53230  -43.464  -23.658  11.405 0.0000000000
53243  -43.304  -23.599  10.571 0.0000000000
62163  -51.265  -13.604  5.124 0.0000000000
110469  -51.899  -13.605  5.883 0.0000000000
110024  -52.721  -13.665  6.066 0.0000000000
62152  -55.139  -13.315  7.184 0.0000000000
111888  -54.855  -13.077  8.503 0.0000000000
62139  -55.402  -13.012  8.093 0.0000000000
65905  -56.877  -9.566  3.214 0.0000000000
65906  -57.663  -8.736  3.181 0.0000000000
115225  -56.679  -9.387  2.530 0.0000000000
35858  -9.296  -41.095  24.475 0.0000000000
35841  -8.644  -41.713  24.887 0.0000000000
34869  -8.020  -42.208  24.943 0.0000000000
51216  -33.697  -24.758  16.748 0.0000000000
124208  -34.126  -24.427  16.585 0.0000000000
52240  -34.428  -24.085  15.266 0.0000000000
51232  -36.550  -25.190  14.911 0.0000000000
51260  -35.707  -25.241  12.979 0.0000000000
115736  -36.184  -25.507  12.074 0.0000000000
109073  -26.447  -41.618  23.384 0.0000000000
34922  -29.826  -42.629  21.476 0.0000000000
33954  -30.250  -43.125  20.940 0.0000000000
42460  -24.716  -33.347  17.617 0.0000000000
41517  -30.071  -35.423  18.822 0.0000000000
41498  -29.480  -35.599  19.715 0.0000000000
40572  -30.281  -36.532  22.062 0.0000000000
40571  -29.159  -36.319  22.491 0.0000000000
41448  -28.432  -36.400  22.546 0.0000000000
40550  -28.877  -36.781  23.317 0.0000000000
39642  -28.758  -37.337  23.733 0.0000000000
39627  -31.001  -37.939  24.732 0.0000000000
35921  -16.832  -41.288  20.769 0.0000000000
35920  -16.037  -41.055  21.022 0.0000000000
34888  -17.579  -42.339  23.451 0.0000000000
122939  -17.327  -42.395  25.060 0.0000000000
34872  -18.116  -42.532  25.029 0.0000000000
34846  -20.083  -42.235  26.901 0.0000000000
56937  -44.940  -19.945  6.053 0.0000000000
56042  -45.358  -20.357  6.633 0.0000000000
56924  -45.967  -19.986  7.025 0.0000000000
56927  -47.891  -18.995  7.929 0.0000000000
56926  -47.229  -19.648  7.862 0.0000000000
124747  -47.775  -19.790  8.486 0.0000000000
124692  -48.451  -20.322  9.540 0.0000000000
55998  -48.761  -19.641  9.292 0.0000000000
65963  -51.644  -9.053  -2.261 0.0000000000
70636  -56.708  -4.471  -6.533 0.0000000000
36745  -12.960  -40.453  31.574 0.0000000000
114333  -36.592  -28.715  22.024 0.0000000000
48550  -35.874  -28.559  19.055 0.0000000000
118542  -35.686  -27.661  18.956 0.0000000000
111413  -35.102  -26.637  18.812 0.0000000000
49460  -35.338  -27.544  18.225 0.0000000000
48596  -34.586  -28.448  16.508 0.0000000000
48579  -34.915  -28.644  17.150 0.0000000000
49490  -33.969  -27.037  15.775 0.0000000000
50305  -33.415  -25.779  16.104 0.0000000000
112110  -20.568  -42.386  23.002 0.0000000000
35895  -21.848  -41.744  22.149 0.0000000000
109754  -22.683  -41.389  21.825 0.0000000000
35945  -21.662  -40.985  19.398 0.0000000000
36852  -21.879  -40.668  18.840 0.0000000000
36839  -23.530  -40.609  20.179 0.0000000000
128440  -22.899  -40.813  20.214 0.0000000000
35928  -23.835  -40.640  20.754 0.0000000000
35912  -23.563  -40.925  21.439 0.0000000000
35929  -24.449  -40.715  21.070 0.0000000000
115286  -25.224  -40.681  18.918 0.0000000000
35947  -26.280  -41.291  19.750 0.0000000000
116223  -27.909  -33.618  15.149 0.0000000000
43473  -27.843  -33.766  15.929 0.0000000000
123528  -28.483  -33.997  16.239 0.0000000000
43510  -30.126  -33.167  14.919 0.0000000000
43509  -29.292  -33.382  14.738 0.0000000000
109091  -30.099  -33.803  16.188 0.0000000000
42446  -29.636  -34.922  18.180 0.0000000000
42432  -31.829  -35.092  19.054 0.0000000000
41501  -32.169  -35.309  19.852 0.0000000000
118689  -31.856  -35.888  20.088 0.0000000000
120383  -32.538  -35.141  20.439 0.0000000000
42402  -32.748  -35.306  21.169 0.0000000000
43419  -32.957  -33.391  20.589 0.0000000000
117737  -33.434  -32.884  21.957 0.0000000000
44456  -33.182  -32.070  18.762 0.0000000000
45490  -33.629  -31.532  19.097 0.0000000000
45482  -34.225  -31.192  20.320 0.0000000000
45481  -33.771  -31.610  19.882 0.0000000000
128584  -34.237  -31.348  20.848 0.0000000000
45471  -34.229  -31.479  21.425 0.0000000000
46533  -34.740  -31.010  21.923 0.0000000000
47524  -35.971  -29.789  21.022 0.0000000000
47504  -35.975  -29.900  21.923 0.0000000000
34916  -19.343  -42.233  21.785 0.0000000000
115926  -42.047  -24.139  18.009 0.0000000000
52163  -42.708  -23.793  18.807 0.0000000000
110507  -43.182  -24.417  17.127 0.0000000000
110506  -44.229  -24.569  16.913 0.0000000000
52182  -45.375  -24.526  18.038 0.0000000000
52269  -42.501  -24.415  13.383 0.0000000000
110504  -42.944  -24.435  14.122 0.0000000000
110789  -45.060  -24.497  15.598 0.0000000000
52201  -44.759  -24.552  16.185 0.0000000000
52222  -45.744  -24.456  15.482 0.0000000000
52248  -47.682  -24.373  15.999 0.0000000000
121977  -47.389  -15.225  6.471 0.0000000000
59644  -48.012  -15.904  6.985 0.0000000000
60492  -48.377  -15.136  7.433 0.0000000000
61299  -49.116  -14.009  8.573 0.0000000000
60478  -49.838  -14.699  8.948 0.0000000000
112805  -51.426  -15.765  9.797 0.0000000000
127932  -50.988  -14.718  9.727 0.0000000000
109540  -51.571  -13.018  7.935 0.0000000000
62118  -50.740  -12.626  8.872 0.0000000000
62119  -51.734  -12.576  9.090 0.0000000000
62079  -52.109  -12.683  11.188 0.0000000000
30946  -2.265  -47.291  30.368 0.0000000000
30017  -1.636  -47.643  29.627 0.0000000000
30007  -1.792  -47.857  29.931 0.0000000000
126307  -41.379  -22.764  4.510 0.0000000000
131272  -42.285  -22.322  5.302 0.0000000000
54165  -41.909  -22.128  4.564 0.0000000000
56069  -42.646  -20.680  4.236 0.0000000000
56070  -43.240  -20.178  4.428 0.0000000000
57860  -43.964  -18.600  4.167 0.0000000000
57861  -44.377  -17.758  4.218 0.0000000000
57862  -45.043  -18.077  4.895 0.0000000000
60524  -45.119  -15.284  4.725 0.0000000000
60515  -45.692  -15.710  5.159 0.0000000000
130623  -45.753  -14.155  3.380 0.0000000000
61344  -45.722  -14.130  4.154 0.0000000000
61336  -46.967  -13.849  5.020 0.0000000000
62173  -47.012  -13.724  4.106 0.0000000000
125840  -48.729  -13.686  3.163 0.0000000000
126298  -48.410  -13.699  3.977 0.0000000000
62189  -49.558  -13.558  3.284 0.0000000000
63140  -50.835  -12.875  2.117 0.0000000000
62206  -51.279  -12.919  2.822 0.0000000000
63127  -52.699  -12.712  3.573 0.0000000000
63141  -52.194  -12.531  2.679 0.0000000000
64096  -52.805  -12.010  2.148 0.0000000000
63151  -52.096  -12.242  1.784 0.0000000000
63177  -50.180  -12.005  -0.217 0.0000000000
64133  -50.837  -11.441  -0.325 0.0000000000
65007  -51.457  -10.976  -0.563 0.0000000000
32871  -5.622  -44.953  26.643 0.0000000000
35829  -10.862  -40.687  26.893 0.0000000000
35828  -10.418  -40.840  26.299 0.0000000000
35814  -10.308  -40.944  27.501 0.0000000000
114016  -9.367  -41.827  28.828 0.0000000000
34813  -9.031  -42.173  28.121 0.0000000000
34825  -8.617  -42.511  27.392 0.0000000000
34812  -8.510  -42.683  28.150 0.0000000000
34790  -9.179  -41.732  32.030 0.0000000000
119448  -7.087  -43.613  30.493 0.0000000000
119303  -7.718  -42.961  30.379 0.0000000000
33838  -7.535  -43.461  29.316 0.0000000000
32852  -7.585  -43.532  28.253 0.0000000000
131242  -7.121  -43.896  28.685 0.0000000000
32851  -6.540  -44.379  28.632 0.0000000000
31901  -4.955  -45.232  31.110 0.0000000000
31905  -5.052  -45.273  29.877 0.0000000000
31908  -4.473  -45.750  29.399 0.0000000000
30953  -3.543  -46.271  30.139 0.0000000000
126443  -5.161  -46.328  32.493 0.0000000000
53150  -41.975  -23.422  23.798 0.0000000000
53160  -40.928  -23.635  21.904 0.0000000000
49444  -36.410  -27.634  21.179 0.0000000000
110751  -36.852  -27.180  23.110 0.0000000000
115180  -36.376  -26.622  21.990 0.0000000000
51154  -35.960  -24.887  21.511 0.0000000000
50249  -36.351  -25.494  22.032 0.0000000000
51142  -36.577  -24.886  22.023 0.0000000000
51143  -37.237  -24.905  22.511 0.0000000000
127677  -36.350  -24.607  21.583 0.0000000000
127183  -35.726  -24.318  18.760 0.0000000000
52142  -36.876  -24.334  19.892 0.0000000000
52129  -37.041  -24.310  20.882 0.0000000000
52130  -38.064  -24.319  21.239 0.0000000000
52131  -39.026  -24.326  20.644 0.0000000000
116132  -39.757  -24.224  19.297 0.0000000000
52132  -40.768  -23.712  20.704 0.0000000000
52144  -40.702  -23.888  19.653 0.0000000000
130338  -41.117  -23.877  19.115 0.0000000000
52161  -40.566  -24.157  18.667 0.0000000000
52217  -39.734  -25.058  15.179 0.0000000000
126219  -37.195  -25.403  14.715 0.0000000000
126477  -37.700  -25.403  14.803 0.0000000000
124062  -38.734  -25.369  12.718 0.0000000000
51249  -38.849  -25.358  13.299 0.0000000000
52266  -39.589  -25.084  13.488 0.0000000000
115965  -39.364  -25.160  12.780 0.0000000000
111183  -40.147  -24.765  12.775 0.0000000000
52326  -38.684  -25.076  10.091 0.0000000000
52341  -39.543  -24.659  9.600 0.0000000000
51280  -33.868  -24.998  11.296 0.0000000000
51303  -33.624  -25.240  10.443 0.0000000000
51321  -35.125  -25.929  9.827 0.0000000000
50374  -35.573  -26.045  9.165 0.0000000000
50385  -35.946  -26.004  8.532 0.0000000000
51335  -36.659  -25.661  8.544 0.0000000000
51349  -37.088  -25.265  7.739 0.0000000000
34876  -21.893  -41.922  24.908 0.0000000000
35863  -22.781  -41.691  24.831 0.0000000000
35836  -24.939  -41.139  26.581 0.0000000000
35868  -27.621  -41.704  25.216 0.0000000000
129276  -27.031  -41.450  25.609 0.0000000000
39702  -25.181  -37.518  16.580 0.0000000000
39715  -24.760  -37.446  15.932 0.0000000000
38756  -24.907  -38.083  16.176 0.0000000000
37793  -25.516  -39.620  17.390 0.0000000000
38729  -25.715  -38.901  17.172 0.0000000000
38720  -26.483  -38.856  18.412 0.0000000000
36874  -27.014  -40.340  18.805 0.0000000000
44475  -25.464  -32.499  16.368 0.0000000000
43444  -26.196  -33.732  18.469 0.0000000000
43455  -25.728  -33.299  17.856 0.0000000000
42462  -25.442  -33.763  18.323 0.0000000000
42442  -25.319  -34.031  18.598 0.0000000000
41496  -27.247  -35.041  20.223 0.0000000000
109202  -26.244  -35.715  19.637 0.0000000000
112951  -26.346  -36.894  19.610 0.0000000000
37762  -27.677  -39.263  20.373 0.0000000000
38711  -27.006  -38.559  20.219 0.0000000000
37775  -27.994  -40.393  19.862 0.0000000000
36841  -28.583  -40.689  20.282 0.0000000000
38678  -29.634  -38.337  24.219 0.0000000000
38687  -29.684  -38.646  23.283 0.0000000000
114954  -14.762  -40.273  20.738 0.0000000000
36825  -13.685  -39.984  21.606 0.0000000000
37744  -13.050  -39.526  21.485 0.0000000000
37759  -12.677  -39.120  20.996 0.0000000000
37743  -12.241  -39.399  21.770 0.0000000000
36811  -12.670  -39.965  22.920 0.0000000000
36798  -12.332  -40.104  23.520 0.0000000000
122552  -12.646  -40.427  25.004 0.0000000000
36781  -13.235  -40.560  25.322 0.0000000000
34844  -16.919  -42.207  26.577 0.0000000000
53172  -45.900  -23.519  20.771 0.0000000000
110086  -41.773  -23.646  7.296 0.0000000000
117739  -41.720  -23.753  8.086 0.0000000000
53277  -42.428  -23.482  7.503 0.0000000000
53267  -44.265  -23.165  8.605 0.0000000000
110420  -43.515  -23.366  8.465 0.0000000000
124031  -44.418  -23.244  9.288 0.0000000000
109977  -44.063  -23.422  10.001 0.0000000000
53256  -44.981  -23.080  9.813 0.0000000000
55027  -46.054  -21.070  7.928 0.0000000000
124746  -45.858  -21.640  8.297 0.0000000000
54109  -47.254  -22.238  10.706 0.0000000000
54108  -46.516  -22.462  10.422 0.0000000000
54097  -45.960  -22.797  10.941 0.0000000000
54098  -46.710  -22.614  11.232 0.0000000000
54089  -46.950  -22.765  12.048 0.0000000000
54080  -48.967  -22.692  13.832 0.0000000000
131823  -49.139  -16.745  8.097 0.0000000000
127525  -49.022  -17.890  8.236 0.0000000000
58772  -49.397  -17.217  8.344 0.0000000000
57792  -51.525  -18.491  10.780 0.0000000000
57791  -50.810  -18.786  10.394 0.0000000000
56895  -51.184  -19.188  11.026 0.0000000000
56894  -50.432  -19.485  10.635 0.0000000000
56883  -50.773  -19.851  11.318 0.0000000000
127810  -53.251  -11.587  1.763 0.0000000000
64106  -53.974  -11.214  1.745 0.0000000000
64991  -54.504  -10.431  0.465 0.0000000000
64982  -54.705  -10.594  1.337 0.0000000000
64992  -55.140  -10.127  0.723 0.0000000000
117380  -56.034  -9.174  1.280 0.0000000000
112675  -55.539  -9.637  0.267 0.0000000000
65957  -53.588  -9.475  -1.577 0.0000000000
65959  -55.892  -8.834  -1.012 0.0000000000
66832  -56.690  -8.362  0.535 0.0000000000
67742  -58.403  -6.773  -1.148 0.0000000000
68642  -60.635  -5.728  -1.008 0.0000000000
68685  -56.210  -6.264  -5.106 0.0000000000
67771  -56.304  -6.887  -4.423 0.0000000000
67770  -55.583  -7.097  -4.319 0.0000000000
67763  -56.635  -7.232  -3.654 0.0000000000
69623  -59.985  -5.595  -2.705 0.0000000000
109456  -58.907  -6.028  -2.816 0.0000000000
68650  -60.913  -5.655  -1.614 0.0000000000
69625  -61.347  -5.853  -2.549 0.0000000000
70638  -59.438  -4.095  -6.268 0.0000000000
70628  -61.363  -4.609  -5.460 0.0000000000
46589  -33.383  -30.091  15.495 0.0000000000
45543  -31.638  -31.508  14.174 0.0000000000
45528  -31.886  -31.726  15.009 0.0000000000
45517  -32.652  -31.385  16.146 0.0000000000
46588  -32.856  -30.777  15.619 0.0000000000
124854  -40.356  -24.439  9.978 0.0000000000
113039  -41.236  -24.303  10.977 0.0000000000
52343  -41.453  -24.053  9.327 0.0000000000
53253  -41.906  -23.911  9.591 0.0000000000
62179  -53.055  -13.311  4.842 0.0000000000
62180  -53.757  -13.191  4.913 0.0000000000
63112  -55.128  -12.940  5.598 0.0000000000
64070  -56.867  -11.090  5.291 0.0000000000
64955  -56.949  -10.566  4.621 0.0000000000
36794  -8.891  -40.801  22.958 0.0000000000
36795  -9.444  -40.793  23.662 0.0000000000
35842  -9.474  -41.264  25.293 0.0000000000
127730  -35.226  -24.575  14.407 0.0000000000
35915  -26.734  -41.781  21.414 0.0000000000
34919  -27.456  -42.058  22.126 0.0000000000
34912  -30.112  -42.986  22.362 0.0000000000
40601  -31.108  -36.067  20.092 0.0000000000
41483  -30.095  -35.967  20.349 0.0000000000
40588  -30.738  -36.390  20.912 0.0000000000
40552  -30.905  -36.924  22.914 0.0000000000
39644  -31.447  -37.505  23.856 0.0000000000
34889  -18.223  -42.511  23.971 0.0000000000
109603  -19.025  -42.550  25.326 0.0000000000
57835  -45.868  -18.851  6.154 0.0000000000
57824  -47.075  -18.926  7.199 0.0000000000
47543  -36.392  -29.080  20.657 0.0000000000
35910  -20.158  -41.803  20.680 0.0000000000
130038  -20.680  -41.621  20.504 0.0000000000
36869  -22.527  -40.336  18.454 0.0000000000
36853  -22.422  -40.640  19.232 0.0000000000
118845  -23.077  -40.395  19.095 0.0000000000
36854  -23.813  -40.397  19.416 0.0000000000
36855  -24.619  -40.570  19.347 0.0000000000
36872  -25.592  -40.482  18.392 0.0000000000
43491  -31.128  -33.068  15.925 0.0000000000
117210  -30.709  -33.526  16.249 0.0000000000
42467  -31.025  -34.373  17.690 0.0000000000
42449  -32.039  -34.382  18.719 0.0000000000
42433  -32.302  -34.573  19.403 0.0000000000
43433  -33.056  -32.841  19.940 0.0000000000
45500  -33.840  -30.988  18.686 0.0000000000
46534  -35.439  -30.465  21.448 0.0000000000
35941  -17.990  -41.217  19.691 0.0000000000
52198  -41.646  -24.525  16.614 0.0000000000
110508  -42.315  -24.365  17.262 0.0000000000
109592  -42.688  -24.488  15.744 0.0000000000
110305  -43.661  -24.225  13.793 0.0000000000
52270  -44.470  -23.951  13.653 0.0000000000
52271  -44.901  -24.122  14.182 0.0000000000
52246  -45.698  -24.113  14.523 0.0000000000
111240  -46.055  -23.606  13.703 0.0000000000
53210  -46.889  -23.344  13.637 0.0000000000
61319  -48.045  -13.874  6.862 0.0000000000
61310  -48.646  -13.514  8.025 0.0000000000
61300  -49.593  -13.298  9.063 0.0000000000
109455  -53.587  -12.418  9.652 0.0000000000
62104  -52.441  -12.338  9.855 0.0000000000
63074  -53.081  -12.082  10.699 0.0000000000
67727  -60.071  -6.817  1.104 0.0000000000
61343  -44.253  -14.674  3.550 0.0000000000
62238  -47.875  -13.620  0.859 0.0000000000
62224  -48.595  -13.586  1.345 0.0000000000
62204  -49.443  -13.500  2.525 0.0000000000
62225  -49.290  -13.440  1.707 0.0000000000
63148  -49.745  -13.016  1.213 0.0000000000
119254  -50.446  -12.642  1.426 0.0000000000
63150  -51.291  -12.354  1.487 0.0000000000
32892  -6.012  -44.419  25.896 0.0000000000
35806  -11.083  -40.578  28.657 0.0000000000
117368  -10.710  -40.734  29.383 0.0000000000
113937  -9.979  -41.257  29.109 0.0000000000
35794  -9.345  -41.668  29.935 0.0000000000
33825  -7.713  -42.863  32.557 0.0000000000
125801  -6.736  -43.698  31.621 0.0000000000
127406  -6.334  -44.202  30.788 0.0000000000
32839  -5.602  -44.750  31.599 0.0000000000
120433  -5.052  -45.349  31.979 0.0000000000
31900  -4.472  -45.797  31.553 0.0000000000
31896  -5.261  -45.574  32.364 0.0000000000
124444  -35.641  -26.468  20.602 0.0000000000
122467  -35.215  -25.588  20.312 0.0000000000
51162  -35.431  -24.853  20.689 0.0000000000
52175  -36.034  -24.454  17.785 0.0000000000
115760  -36.685  -24.544  18.312 0.0000000000
117783  -37.808  -24.519  19.125 0.0000000000
52179  -40.129  -24.546  17.659 0.0000000000
52216  -38.930  -25.242  15.649 0.0000000000
51248  -37.330  -25.537  13.442 0.0000000000
115761  -38.174  -25.479  13.751 0.0000000000
51262  -37.460  -25.534  12.534 0.0000000000
51263  -38.216  -25.441  12.281 0.0000000000
51285  -38.548  -25.296  11.564 0.0000000000
51323  -37.867  -25.229  9.419 0.0000000000
126062  -23.217  -41.631  24.005 0.0000000000
125943  -23.715  -41.396  24.823 0.0000000000
114387  -25.327  -41.078  25.672 0.0000000000
34878  -29.552  -43.016  25.008 0.0000000000
41538  -24.593  -34.774  16.485 0.0000000000
41550  -24.707  -35.881  16.037 0.0000000000
39692  -25.654  -37.741  17.312 0.0000000000
39684  -26.212  -37.758  18.712 0.0000000000
43456  -26.725  -33.520  17.589 0.0000000000
42444  -26.705  -34.118  19.084 0.0000000000
41463  -27.390  -35.760  20.989 0.0000000000
40586  -27.144  -36.596  21.146 0.0000000000
39675  -26.716  -37.268  20.398 0.0000000000
39666  -27.098  -37.630  21.165 0.0000000000
37745  -28.917  -39.030  21.317 0.0000000000
37746  -29.852  -39.062  21.891 0.0000000000
35892  -15.468  -41.341  22.632 0.0000000000
36814  -14.963  -40.911  22.040 0.0000000000
36813  -14.114  -40.480  22.264 0.0000000000
129263  -13.550  -40.125  22.171 0.0000000000
36812  -13.409  -40.217  22.697 0.0000000000
36800  -13.988  -40.629  23.142 0.0000000000
36791  -13.918  -40.743  23.965 0.0000000000
35860  -13.941  -40.802  24.822 0.0000000000
35844  -13.929  -40.782  25.697 0.0000000000
127290  -18.711  -42.307  27.695 0.0000000000
34830  -18.539  -42.023  28.549 0.0000000000
54143  -42.791  -22.853  6.314 0.0000000000
54135  -43.013  -23.158  6.936 0.0000000000
54136  -43.757  -22.860  7.175 0.0000000000
54125  -44.044  -23.075  7.880 0.0000000000
54126  -44.710  -22.721  8.132 0.0000000000
55006  -47.408  -21.346  9.505 0.0000000000
55005  -46.727  -21.702  9.222 0.0000000000
54996  -47.695  -21.676  10.251 0.0000000000
54110  -47.983  -21.992  11.013 0.0000000000
123363  -47.631  -22.591  12.260 0.0000000000
54100  -48.270  -22.248  11.958 0.0000000000
54090  -48.925  -22.287  12.865 0.0000000000
54081  -49.644  -22.465  14.061 0.0000000000
59601  -50.775  -16.387  9.340 0.0000000000
58746  -50.850  -17.364  9.584 0.0000000000
58747  -51.573  -17.291  10.176 0.0000000000
122777  -51.757  -17.875  10.574 0.0000000000
57779  -51.992  -18.813  11.515 0.0000000000
108774  -53.336  -10.813  0.413 0.0000000000
64981  -53.978  -10.885  0.840 0.0000000000
65009  -54.238  -10.183  -0.186 0.0000000000
66852  -56.654  -8.178  -1.399 0.0000000000
66853  -57.637  -7.507  -0.890 0.0000000000
67753  -57.902  -7.000  -2.142 0.0000000000
128003  -55.472  -5.247  -5.720 0.0000000000
121782  -56.153  -5.586  -5.633 0.0000000000
68671  -56.909  -6.437  -4.735 0.0000000000
121414  -58.062  -6.254  -3.970 0.0000000000
69635  -59.591  -5.324  -3.681 0.0000000000
69636  -60.691  -5.290  -3.349 0.0000000000
69653  -61.222  -4.879  -4.059 0.0000000000
71567  -59.971  -3.578  -6.753 0.0000000000
70640  -61.286  -4.805  -6.153 0.0000000000
71568  -60.888  -3.997  -7.092 0.0000000000
46574  -34.372  -29.864  17.834 0.0000000000
47597  -34.963  -29.137  17.726 0.0000000000
129977  -34.087  -28.740  15.510 0.0000000000
109179  -33.745  -27.957  14.320 0.0000000000
35956  -20.322  -41.050  18.747 0.0000000000
126935  -21.962  -40.287  17.869 0.0000000000
37790  -22.835  -39.779  17.192 0.0000000000
44509  -29.746  -32.884  14.179 0.0000000000
109612  -30.867  -32.812  15.185 0.0000000000
44465  -32.387  -32.529  17.575 0.0000000000
45510  -33.253  -31.322  17.515 0.0000000000
46573  -33.813  -30.692  17.891 0.0000000000
52289  -41.765  -24.372  12.590 0.0000000000
52290  -42.700  -24.113  12.494 0.0000000000
124099  -42.228  -24.057  11.787 0.0000000000
52291  -43.550  -23.787  12.296 0.0000000000
53231  -44.226  -23.537  11.698 0.0000000000
125155  -49.821  -13.021  6.402 0.0000000000
110470  -50.837  -13.413  6.110 0.0000000000
62148  -51.231  -13.298  6.958 0.0000000000
109493  -52.711  -13.661  7.494 0.0000000000
62150  -53.297  -13.777  6.701 0.0000000000
62137  -53.546  -13.690  7.832 0.0000000000
62121  -54.086  -13.217  8.620 0.0000000000
62122  -55.462  -12.446  9.048 0.0000000000
64956  -57.870  -9.411  4.733 0.0000000000
126971  -58.632  -7.814  2.886 0.0000000000
35890  -8.122  -41.131  22.894 0.0000000000
35873  -7.736  -41.682  23.389 0.0000000000
34854  -7.733  -42.718  25.321 0.0000000000
34840  -7.982  -42.825  26.151 0.0000000000
50270  -34.130  -25.006  18.077 0.0000000000
52173  -34.345  -24.651  17.863 0.0000000000
52174  -34.999  -24.347  17.451 0.0000000000
52193  -36.018  -24.477  16.844 0.0000000000
51203  -37.029  -25.000  16.351 0.0000000000
51204  -37.997  -25.255  16.010 0.0000000000
109625  -36.875  -25.452  14.200 0.0000000000
51247  -36.437  -25.397  13.560 0.0000000000
35881  -25.492  -41.343  23.502 0.0000000000
35882  -27.284  -41.731  24.140 0.0000000000
125886  -28.468  -42.120  24.417 0.0000000000
42488  -24.189  -34.175  15.872 0.0000000000
41528  -25.086  -34.473  18.176 0.0000000000
110321  -28.758  -34.708  18.229 0.0000000000
42445  -27.798  -34.436  18.824 0.0000000000
41497  -28.281  -35.194  20.159 0.0000000000
131288  -28.158  -36.079  22.187 0.0000000000
40570  -28.008  -36.385  22.408 0.0000000000
39641  -28.298  -37.436  23.264 0.0000000000
38676  -28.355  -37.954  23.241 0.0000000000
38669  -28.729  -37.766  23.729 0.0000000000
39625  -29.268  -37.875  24.296 0.0000000000
39626  -30.096  -37.895  24.580 0.0000000000
38670  -30.052  -38.313  24.604 0.0000000000
36836  -15.528  -40.575  20.486 0.0000000000
35905  -15.753  -41.247  21.816 0.0000000000
35893  -16.308  -41.630  22.414 0.0000000000
35862  -16.080  -41.816  24.270 0.0000000000
35847  -16.073  -41.843  25.117 0.0000000000
34859  -18.553  -42.526  26.422 0.0000000000
56040  -44.015  -21.041  5.899 0.0000000000
55037  -44.388  -21.436  6.538 0.0000000000
55038  -45.074  -21.116  6.903 0.0000000000
56028  -45.682  -20.728  7.310 0.0000000000
56015  -46.641  -20.727  8.176 0.0000000000
56925  -46.599  -19.709  7.393 0.0000000000
130839  -46.801  -20.147  7.871 0.0000000000
55017  -47.073  -21.045  8.779 0.0000000000
56017  -47.773  -20.556  9.052 0.0000000000
55982  -48.735  -20.699  10.214 0.0000000000
55983  -49.395  -20.425  10.556 0.0000000000
65955  -51.379  -9.720  -1.714 0.0000000000
118981  -52.303  -9.566  -1.893 0.0000000000
70626  -56.002  -4.948  -6.173 0.0000000000
70627  -58.703  -4.640  -5.939 0.0000000000
117278  -58.389  -4.192  -6.402 0.0000000000
71566  -58.790  -3.575  -6.685 0.0000000000
36779  -11.754  -40.430  25.888 0.0000000000
109397  -11.181  -40.492  25.290 0.0000000000
115123  -11.638  -40.508  27.280 0.0000000000
36759  -11.666  -40.488  29.519 0.0000000000
48538  -36.413  -28.248  20.447 0.0000000000
49450  -36.094  -27.393  20.417 0.0000000000
47598  -35.247  -28.320  17.768 0.0000000000
125765  -35.052  -27.501  17.601 0.0000000000
50282  -34.142  -25.681  17.785 0.0000000000
51215  -33.097  -24.786  16.268 0.0000000000
52239  -32.572  -23.864  14.819 0.0000000000
52263  -32.565  -23.602  14.192 0.0000000000
34892  -21.228  -42.218  23.382 0.0000000000
34918  -20.999  -41.965  21.767 0.0000000000
34908  -21.946  -41.891  22.946 0.0000000000
35878  -22.863  -41.634  23.186 0.0000000000
35879  -23.824  -41.325  23.396 0.0000000000
35944  -20.789  -41.243  19.437 0.0000000000
117978  -22.404  -41.149  20.577 0.0000000000
127891  -22.747  -41.197  21.162 0.0000000000
35899  -25.170  -41.141  22.356 0.0000000000
120649  -25.876  -41.453  21.821 0.0000000000
35930  -25.255  -40.962  20.469 0.0000000000
35931  -26.977  -41.664  20.468 0.0000000000
35948  -27.234  -41.326  19.763 0.0000000000
43506  -26.766  -33.010  14.649 0.0000000000
43474  -29.289  -33.965  16.146 0.0000000000
41518  -31.088  -35.395  18.819 0.0000000000
41466  -32.649  -36.310  21.706 0.0000000000
42403  -32.980  -34.421  21.759 0.0000000000
43402  -33.275  -33.650  22.341 0.0000000000
44445  -32.974  -32.581  19.184 0.0000000000
122256  -33.504  -32.210  20.188 0.0000000000
122648  -33.771  -32.140  21.692 0.0000000000
45459  -34.775  -31.153  22.771 0.0000000000
36849  -16.525  -40.588  19.373 0.0000000000
35940  -17.103  -41.025  19.945 0.0000000000
35907  -17.437  -41.718  21.367 0.0000000000
119078  -18.086  -41.794  21.043 0.0000000000
52146  -43.598  -23.306  19.929 0.0000000000
52181  -42.979  -24.120  17.997 0.0000000000
52165  -45.105  -23.989  18.936 0.0000000000
110505  -42.056  -24.629  14.318 0.0000000000
109588  -42.784  -24.482  14.946 0.0000000000
52220  -43.397  -24.439  15.479 0.0000000000
109591  -43.932  -24.453  15.997 0.0000000000
52247  -46.642  -24.394  15.578 0.0000000000
59642  -46.778  -16.507  5.947 0.0000000000
58785  -47.022  -17.140  6.248 0.0000000000
59614  -49.528  -16.436  8.375 0.0000000000
60493  -48.764  -14.724  7.969 0.0000000000
60477  -49.402  -15.400  8.393 0.0000000000
59615  -50.101  -15.945  8.832 0.0000000000
117342  -52.041  -16.511  10.323 0.0000000000
116253  -52.629  -15.915  10.872 0.0000000000
62135  -49.591  -12.579  7.922 0.0000000000
62117  -49.885  -12.698  8.683 0.0000000000
61301  -50.310  -12.780  9.531 0.0000000000
62103  -51.521  -12.388  9.987 0.0000000000
62078  -50.961  -12.647  10.110 0.0000000000
61288  -50.724  -13.436  10.077 0.0000000000
60441  -51.593  -14.555  10.321 0.0000000000
30956  -2.627  -46.989  28.375 0.0000000000
52376  -40.176  -24.178  6.827 0.0000000000
53287  -40.800  -23.969  7.024 0.0000000000
53288  -41.363  -23.698  6.754 0.0000000000
53301  -41.459  -23.419  5.815 0.0000000000
53302  -42.263  -22.865  5.813 0.0000000000
54153  -42.922  -22.209  5.804 0.0000000000
55048  -43.306  -21.385  5.522 0.0000000000
55062  -42.337  -21.311  4.379 0.0000000000
55063  -42.973  -20.982  4.848 0.0000000000
56056  -44.294  -20.282  5.682 0.0000000000
121647  -44.575  -19.543  5.467 0.0000000000
56966  -43.645  -19.356  4.318 0.0000000000
56967  -44.290  -19.133  4.799 0.0000000000
57847  -44.843  -18.813  5.227 0.0000000000
57848  -45.480  -18.462  5.531 0.0000000000
58800  -45.659  -17.639  5.295 0.0000000000
59666  -44.474  -16.696  4.219 0.0000000000
59656  -45.744  -16.725  5.148 0.0000000000
59657  -46.291  -16.158  5.567 0.0000000000
60516  -46.223  -15.177  5.596 0.0000000000
60506  -46.864  -14.763  5.973 0.0000000000
61334  -45.280  -14.579  4.516 0.0000000000
61326  -46.360  -14.391  5.356 0.0000000000
61327  -47.147  -14.140  5.783 0.0000000000
62159  -47.700  -13.747  5.361 0.0000000000
62160  -48.394  -13.481  5.615 0.0000000000
62186  -46.387  -14.162  2.770 0.0000000000
62201  -47.167  -14.154  2.192 0.0000000000
62187  -47.114  -13.861  3.156 0.0000000000
62188  -47.824  -13.724  3.572 0.0000000000
113751  -48.414  -13.623  4.707 0.0000000000
115872  -48.984  -13.429  4.934 0.0000000000
62175  -49.766  -13.539  4.723 0.0000000000
62176  -50.668  -13.515  4.463 0.0000000000
62177  -51.532  -13.358  4.223 0.0000000000
62205  -50.328  -13.298  2.869 0.0000000000
62190  -50.960  -13.263  3.602 0.0000000000
124804  -52.220  -13.189  4.018 0.0000000000
63128  -53.426  -12.403  3.482 0.0000000000
64083  -53.839  -11.999  3.054 0.0000000000
64084  -54.636  -11.831  3.290 0.0000000000
124920  -51.250  -11.851  0.876 0.0000000000
64104  -51.880  -11.735  1.107 0.0000000000
64115  -52.550  -11.240  0.580 0.0000000000
65008  -51.942  -11.033  -0.040 0.0000000000
65019  -51.418  -10.478  -1.169 0.0000000000
65954  -50.493  -9.475  -1.798 0.0000000000
35843  -10.320  -40.815  25.520 0.0000000000
35827  -9.737  -41.299  26.211 0.0000000000
35813  -9.720  -41.429  27.104 0.0000000000
120161  -8.541  -42.300  26.167 0.0000000000
34841  -8.441  -42.543  26.675 0.0000000000
34796  -9.034  -41.746  30.989 0.0000000000
34795  -8.503  -42.343  30.325 0.0000000000
33830  -7.980  -42.544  31.408 0.0000000000
33849  -8.074  -43.016  28.621 0.0000000000
33861  -7.541  -43.539  27.424 0.0000000000
33878  -7.445  -43.448  26.621 0.0000000000
32873  -6.939  -43.947  27.118 0.0000000000
32860  -6.477  -44.397  27.667 0.0000000000
32845  -6.261  -44.468  29.636 0.0000000000
32844  -5.774  -44.912  29.065 0.0000000000
30957  -3.060  -46.636  29.292 0.0000000000
30952  -2.661  -46.821  30.250 0.0000000000
123373  -4.205  -46.254  31.685 0.0000000000
30942  -3.616  -46.822  31.461 0.0000000000
53151  -43.085  -23.040  23.477 0.0000000000
53162  -43.412  -22.701  22.788 0.0000000000
49430  -37.150  -27.176  23.838 0.0000000000
52127  -35.396  -24.433  20.179 0.0000000000
52141  -35.759  -24.221  19.674 0.0000000000
52116  -36.436  -24.377  21.390 0.0000000000
52117  -37.114  -24.207  21.895 0.0000000000
52120  -39.835  -23.936  22.529 0.0000000000
108961  -39.875  -24.027  21.192 0.0000000000
53166  -42.106  -23.249  21.498 0.0000000000
52145  -41.622  -23.685  19.562 0.0000000000
52162  -41.636  -23.911  18.756 0.0000000000
124182  -40.908  -24.522  17.111 0.0000000000
52197  -40.736  -24.715  16.322 0.0000000000
52242  -40.442  -24.906  14.619 0.0000000000
51220  -38.186  -25.340  15.192 0.0000000000
51221  -38.983  -25.265  14.815 0.0000000000
52241  -39.688  -25.063  14.313 0.0000000000
52287  -40.211  -24.700  11.858 0.0000000000
52311  -40.177  -24.596  11.084 0.0000000000
51286  -39.479  -24.907  11.473 0.0000000000
131686  -40.223  -24.527  10.565 0.0000000000
126866  -34.129  -24.693  12.138 0.0000000000
51304  -34.581  -25.592  10.518 0.0000000000
113303  -36.077  -25.756  10.704 0.0000000000
129886  -36.560  -25.735  9.772 0.0000000000
128446  -37.167  -25.555  9.974 0.0000000000
51336  -38.209  -24.930  8.656 0.0000000000
51350  -37.992  -24.887  7.989 0.0000000000
130842  -38.943  -24.637  8.164 0.0000000000
52365  -39.638  -24.387  7.487 0.0000000000
128306  -21.360  -42.101  25.023 0.0000000000
34863  -22.466  -41.687  25.813 0.0000000000
35848  -23.397  -41.456  25.806 0.0000000000
110824  -26.319  -41.185  25.633 0.0000000000
37807  -23.286  -39.402  16.524 0.0000000000
37792  -24.751  -39.671  17.172 0.0000000000
115994  -26.120  -39.377  17.741 0.0000000000
36873  -26.340  -40.496  18.523 0.0000000000
44474  -24.656  -32.423  16.459 0.0000000000
42461  -24.962  -33.712  18.139 0.0000000000
42429  -26.575  -34.577  19.600 0.0000000000
41515  -26.094  -34.817  19.440 0.0000000000
116703  -25.989  -36.687  18.850 0.0000000000
110242  -29.194  -41.437  20.781 0.0000000000
36842  -29.188  -40.776  20.600 0.0000000000
36808  -9.840  -40.358  22.757 0.0000000000
109601  -10.979  -40.355  23.915 0.0000000000
129448  -14.131  -39.977  20.975 0.0000000000
37742  -11.271  -39.421  21.574 0.0000000000
37732  -11.534  -39.683  22.340 0.0000000000
36797  -11.657  -40.173  23.746 0.0000000000
36788  -11.449  -40.363  24.508 0.0000000000
112426  -11.976  -40.349  25.130 0.0000000000
36780  -12.515  -40.447  25.688 0.0000000000
34829  -17.850  -41.979  28.317 0.0000000000
52366  -41.051  -24.006  8.116 0.0000000000
53265  -41.893  -23.833  8.922 0.0000000000
53254  -42.497  -23.704  9.336 0.0000000000
124503  -43.098  -23.531  9.044 0.0000000000
53255  -43.170  -23.566  9.739 0.0000000000
109392  -44.794  -23.295  11.186 0.0000000000
54137  -44.712  -21.797  7.211 0.0000000000
54127  -45.391  -22.260  8.394 0.0000000000
54116  -45.611  -22.611  9.274 0.0000000000
54117  -46.303  -22.291  9.642 0.0000000000
53245  -45.270  -23.035  10.657 0.0000000000
53232  -45.429  -23.080  11.338 0.0000000000
53221  -46.526  -23.124  12.706 0.0000000000
53211  -47.714  -23.081  13.784 0.0000000000
58770  -47.984  -17.565  7.309 0.0000000000
57826  -48.360  -18.141  7.785 0.0000000000
57814  -48.639  -18.596  8.348 0.0000000000
58745  -50.207  -17.838  9.237 0.0000000000
57805  -49.831  -18.597  9.375 0.0000000000
110850  -49.440  -19.362  9.616 0.0000000000
56893  -49.729  -19.754  10.279 0.0000000000
55984  -50.064  -20.147  10.913 0.0000000000
55948  -50.667  -20.860  12.526 0.0000000000
54989  -49.975  -21.118  12.079 0.0000000000
54980  -50.322  -21.504  13.036 0.0000000000
64099  -55.132  -11.255  2.879 0.0000000000
64973  -55.551  -10.636  2.499 0.0000000000
122224  -55.243  -10.423  1.932 0.0000000000
64984  -55.979  -10.037  2.028 0.0000000000
65915  -56.370  -9.239  1.784 0.0000000000
65944  -53.750  -9.770  -0.843 0.0000000000
109228  -54.615  -9.616  -0.626 0.0000000000
119242  -55.032  -9.152  -1.002 0.0000000000
121851  -55.413  -9.458  -0.410 0.0000000000
65930  -56.034  -9.052  0.734 0.0000000000
111116  -57.496  -7.890  1.289 0.0000000000
67713  -58.822  -7.204  1.220 0.0000000000
67726  -58.977  -6.817  0.561 0.0000000000
67734  -58.934  -6.548  -0.129 0.0000000000
117194  -60.506  -6.553  0.328 0.0000000000
68637  -61.015  -6.190  -0.569 0.0000000000
68648  -58.434  -6.480  -2.482 0.0000000000
68657  -58.082  -6.328  -3.286 0.0000000000
30947  -2.984  -46.790  30.848 0.0000000000
33862  -8.060  -43.076  27.777 0.0000000000
34826  -9.230  -41.932  27.455 0.0000000000
35957  -21.170  -40.869  18.806 0.0000000000
36771  -11.519  -40.509  26.539 0.0000000000
51322  -36.980  -25.571  9.260 0.0000000000
52108  -43.244  -23.533  23.523 0.0000000000
52327  -40.689  -24.419  10.688 0.0000000000
53169  -46.546  -23.996  20.795 0.0000000000
56914  -49.134  -18.883  8.901 0.0000000000
56938  -45.612  -19.596  6.402 0.0000000000
57780  -52.840  -18.194  12.305 0.0000000000
57806  -50.523  -18.316  9.765 0.0000000000
58771  -48.753  -17.199  7.822 0.0000000000
58786  -47.646  -16.954  6.805 0.0000000000
60505  -46.815  -15.674  5.979 0.0000000000
60507  -47.947  -14.747  6.946 0.0000000000
61265  -51.356  -13.110  10.621 0.0000000000
61311  -49.095  -12.887  8.481 0.0000000000
62105  -55.325  -11.922  10.061 0.0000000000
62136  -52.568  -13.328  8.198 0.0000000000
62166  -54.358  -13.235  5.437 0.0000000000
62178  -52.747  -13.111  4.246 0.0000000000
63162  -50.766  -12.195  0.982 0.0000000000
64097  -53.525  -11.706  2.410 0.0000000000
65020  -51.944  -10.659  -0.847 0.0000000000
65913  -53.187  -10.096  -0.957 0.0000000000
65914  -55.865  -9.619  1.508 0.0000000000
65929  -55.640  -9.593  1.012 0.0000000000
66831  -52.806  -10.260  -1.031 0.0000000000
68644  -61.277  -5.900  -1.690 0.0000000000
108037  -53.453  -10.337  -0.237 0.0000000000
108938  -52.818  -10.301  -0.899 0.0000000000
109541  -50.480  -12.758  7.949 0.0000000000
114313  -45.853  -14.365  4.784 0.0000000000
118525  -51.553  -12.618  10.489 0.0000000000
119460  -10.278  -41.156  31.786 0.0000000000
121030  -46.647  -17.781  6.210 0.0000000000
123350  -43.090  -24.313  13.603 0.0000000000
123806  -52.916  -10.191  -1.014 0.0000000000
126376  -39.139  -24.376  19.833 0.0000000000
127977  -54.832  -12.930  5.106 0.0000000000
128820  -48.243  -19.947  8.987 0.0000000000
129375  -44.959  -22.175  7.756 0.0000000000
129955  -49.121  -18.352  8.528 0.0000000000
131843  -49.476  -12.702  7.215 0.0000000000
