#!ascii label  , from subject sub-v2s8x29219_ses-1 vox2ras=TkReg
436
64593  -27.118  -11.723  -46.497 0.0000000000
69177  -25.654  -7.013  -50.027 0.0000000000
120500  -28.755  5.849  -49.370 0.0000000000
76345  -28.843  1.125  -51.954 0.0000000000
72066  -31.333  -2.803  -51.238 0.0000000000
67363  -32.583  -8.250  -48.060 0.0000000000
81395  -28.502  7.553  -48.252 0.0000000000
73801  -29.821  -1.298  -53.290 0.0000000000
72930  -27.414  -2.966  -50.776 0.0000000000
66460  -26.508  -9.074  -47.967 0.0000000000
68214  -29.692  -7.559  -48.847 0.0000000000
65541  -29.935  -10.740  -49.000 0.0000000000
61791  -21.798  -14.615  -45.055 0.0000000000
112308  -24.168  -10.920  -47.639 0.0000000000
86884  -28.479  14.363  -48.386 0.0000000000
85344  -27.798  12.796  -50.553 0.0000000000
83847  -26.573  10.446  -51.511 0.0000000000
82239  -26.220  8.311  -51.967 0.0000000000
80633  -26.575  5.769  -53.737 0.0000000000
128909  -28.449  3.719  -51.396 0.0000000000
78959  -27.993  4.343  -56.343 0.0000000000
77278  -31.116  2.042  -55.584 0.0000000000
75486  -32.442  0.161  -53.072 0.0000000000
121687  -34.092  -2.524  -50.528 0.0000000000
71089  -28.474  -4.510  -49.860 0.0000000000
70140  -31.904  -5.457  -49.331 0.0000000000
73778  -27.487  -2.466  -50.572 0.0000000000
72928  -25.787  -2.996  -50.122 0.0000000000
65522  -26.850  -10.392  -47.039 0.0000000000
66442  -28.224  -9.277  -47.686 0.0000000000
65524  -28.213  -10.976  -47.386 0.0000000000
59279  -21.394  -17.331  -41.628 0.0000000000
60154  -21.537  -16.645  -42.260 0.0000000000
60172  -22.275  -15.744  -42.947 0.0000000000
65539  -23.505  -10.449  -48.667 0.0000000000
64609  -22.234  -11.253  -47.866 0.0000000000
121138  -26.909  12.072  -51.398 0.0000000000
80600  -28.669  6.265  -48.645 0.0000000000
82231  -27.962  8.197  -50.523 0.0000000000
80618  -28.262  6.818  -50.589 0.0000000000
81432  -26.695  6.732  -52.688 0.0000000000
80626  -28.179  5.987  -51.224 0.0000000000
77263  -28.568  2.473  -51.620 0.0000000000
78946  -28.028  4.013  -53.211 0.0000000000
77275  -28.723  2.459  -54.252 0.0000000000
77282  -29.570  3.153  -56.640 0.0000000000
76362  -30.239  1.363  -55.622 0.0000000000
72940  -30.377  -2.104  -52.427 0.0000000000
74632  -31.386  -0.663  -53.545 0.0000000000
126898  -32.492  -1.165  -52.129 0.0000000000
74620  -33.401  -1.213  -51.384 0.0000000000
72933  -33.339  -2.774  -50.927 0.0000000000
70134  -25.621  -6.268  -50.276 0.0000000000
71088  -26.824  -4.862  -50.181 0.0000000000
69178  -26.825  -6.289  -49.533 0.0000000000
67361  -30.636  -8.461  -49.182 0.0000000000
69159  -30.652  -6.886  -49.716 0.0000000000
69160  -32.673  -6.844  -48.296 0.0000000000
70141  -33.391  -5.312  -48.851 0.0000000000
69161  -34.342  -6.965  -47.982 0.0000000000
115766  -23.464  -14.041  -44.374 0.0000000000
62741  -21.980  -13.720  -46.325 0.0000000000
62743  -23.798  -13.018  -45.429 0.0000000000
63590  -24.402  -12.544  -45.850 0.0000000000
75459  -28.522  0.064  -50.455 0.0000000000
75484  -29.727  0.195  -53.993 0.0000000000
74609  -28.539  -0.759  -51.216 0.0000000000
72939  -28.953  -1.999  -52.297 0.0000000000
72932  -29.257  -2.795  -51.387 0.0000000000
67357  -25.971  -8.347  -48.622 0.0000000000
69156  -27.223  -6.880  -48.868 0.0000000000
67359  -28.100  -8.458  -47.944 0.0000000000
67336  -29.742  -9.335  -48.694 0.0000000000
66463  -30.687  -9.583  -48.957 0.0000000000
60997  -22.230  -14.912  -44.202 0.0000000000
128906  -24.256  -8.465  -50.027 0.0000000000
111187  -24.582  -9.207  -49.022 0.0000000000
127274  -25.228  -10.087  -47.755 0.0000000000
65498  -26.073  -10.887  -46.759 0.0000000000
88334  -27.911  16.396  -50.041 0.0000000000
121420  -28.411  13.017  -47.660 0.0000000000
86899  -27.802  14.225  -50.659 0.0000000000
86106  -25.494  13.228  -52.310 0.0000000000
85361  -25.166  12.419  -52.513 0.0000000000
120066  -24.386  10.712  -53.025 0.0000000000
83012  -28.128  9.028  -50.189 0.0000000000
83024  -26.007  9.128  -51.942 0.0000000000
83036  -24.264  8.805  -53.424 0.0000000000
129196  -24.409  7.150  -54.555 0.0000000000
81441  -24.857  6.075  -55.254 0.0000000000
113486  -25.878  5.355  -56.503 0.0000000000
124006  -28.642  4.735  -50.201 0.0000000000
79776  -27.908  4.764  -52.723 0.0000000000
79785  -26.636  4.682  -55.451 0.0000000000
80652  -27.866  5.232  -56.267 0.0000000000
79795  -29.488  5.071  -55.779 0.0000000000
117573  -31.322  2.797  -53.399 0.0000000000
75493  -31.070  0.536  -55.098 0.0000000000
76356  -32.066  0.673  -54.074 0.0000000000
71102  -25.910  -4.085  -50.485 0.0000000000
119440  -28.070  -3.694  -50.345 0.0000000000
71106  -30.165  -3.996  -50.787 0.0000000000
69180  -29.021  -5.980  -48.926 0.0000000000
70139  -30.731  -5.783  -50.178 0.0000000000
71108  -31.787  -4.170  -50.319 0.0000000000
71110  -34.159  -4.033  -49.829 0.0000000000
72027  -34.531  -4.082  -49.217 0.0000000000
64589  -22.881  -11.850  -47.219 0.0000000000
63605  -24.913  -12.050  -46.227 0.0000000000
63606  -26.705  -12.257  -46.091 0.0000000000
65500  -27.461  -11.028  -46.845 0.0000000000
64594  -27.835  -11.775  -46.966 0.0000000000
64611  -28.513  -11.808  -47.714 0.0000000000
63622  -28.226  -12.555  -47.323 0.0000000000
59291  -22.067  -16.855  -41.724 0.0000000000
80608  -28.620  6.741  -49.501 0.0000000000
121187  -28.594  6.175  -50.161 0.0000000000
80617  -27.575  6.813  -51.558 0.0000000000
79766  -28.636  5.450  -50.239 0.0000000000
76344  -28.647  1.666  -51.251 0.0000000000
76354  -28.749  1.760  -52.295 0.0000000000
77270  -28.538  2.498  -52.816 0.0000000000
77271  -28.990  1.714  -53.601 0.0000000000
77276  -29.422  1.816  -55.136 0.0000000000
76360  -29.658  0.988  -54.535 0.0000000000
72941  -31.204  -2.153  -51.853 0.0000000000
72954  -31.121  -1.602  -52.412 0.0000000000
73787  -31.949  -1.496  -51.971 0.0000000000
122446  -32.966  -1.478  -51.722 0.0000000000
72942  -32.366  -2.177  -51.358 0.0000000000
112050  -25.133  -6.800  -50.266 0.0000000000
70135  -26.325  -5.675  -50.134 0.0000000000
118913  -26.165  -6.493  -49.966 0.0000000000
67362  -31.249  -8.405  -48.804 0.0000000000
68215  -30.782  -7.721  -49.327 0.0000000000
68216  -31.832  -7.595  -48.425 0.0000000000
68196  -33.465  -7.603  -48.044 0.0000000000
67337  -34.021  -8.178  -47.828 0.0000000000
66445  -33.389  -8.868  -47.808 0.0000000000
62727  -23.187  -13.624  -45.067 0.0000000000
74591  -28.216  -0.761  -50.176 0.0000000000
116797  -28.740  -0.042  -51.439 0.0000000000
113582  -28.132  -2.403  -51.158 0.0000000000
121147  -28.511  -2.029  -51.722 0.0000000000
72931  -28.788  -2.393  -51.599 0.0000000000
72064  -29.616  -2.451  -51.998 0.0000000000
67358  -27.045  -8.346  -48.222 0.0000000000
66461  -27.472  -8.928  -47.765 0.0000000000
66444  -29.477  -10.079  -48.462 0.0000000000
126604  -28.984  -9.476  -48.051 0.0000000000
66462  -30.227  -9.884  -48.973 0.0000000000
65542  -30.632  -10.381  -48.859 0.0000000000
117564  -30.219  -11.416  -49.038 0.0000000000
58347  -20.207  -18.240  -41.866 0.0000000000
60977  -22.732  -15.235  -43.425 0.0000000000
60978  -23.489  -14.861  -43.445 0.0000000000
67355  -24.295  -8.873  -49.715 0.0000000000
65540  -23.963  -10.559  -48.386 0.0000000000
65520  -24.521  -10.292  -48.028 0.0000000000
65497  -25.106  -10.748  -47.230 0.0000000000
87660  -28.260  15.083  -48.983 0.0000000000
87659  -28.120  15.792  -49.602 0.0000000000
87669  -27.691  15.722  -50.644 0.0000000000
112355  -27.000  15.962  -51.195 0.0000000000
86894  -28.213  14.915  -50.137 0.0000000000
119965  -28.320  12.981  -49.988 0.0000000000
85340  -28.556  12.854  -49.272 0.0000000000
86100  -27.454  13.502  -50.964 0.0000000000
86906  -27.077  14.326  -51.296 0.0000000000
86099  -26.813  13.429  -51.499 0.0000000000
117516  -25.809  13.854  -52.117 0.0000000000
86098  -26.178  13.299  -51.916 0.0000000000
84621  -26.880  11.225  -51.377 0.0000000000
84620  -26.318  11.841  -51.721 0.0000000000
84619  -25.631  11.650  -52.211 0.0000000000
84633  -24.813  11.522  -52.692 0.0000000000
129689  -25.787  10.327  -52.020 0.0000000000
82216  -28.521  8.310  -48.689 0.0000000000
82240  -26.897  8.194  -51.545 0.0000000000
83025  -26.797  8.934  -51.462 0.0000000000
118642  -25.177  8.920  -52.671 0.0000000000
82249  -25.511  8.221  -52.669 0.0000000000
82248  -24.485  7.841  -53.750 0.0000000000
126638  -25.827  7.716  -52.635 0.0000000000
81431  -25.789  6.909  -53.336 0.0000000000
80632  -25.749  5.882  -54.456 0.0000000000
80642  -25.113  5.493  -56.277 0.0000000000
79784  -25.896  4.988  -55.746 0.0000000000
118386  -28.552  2.786  -49.977 0.0000000000
78105  -28.580  3.465  -49.854 0.0000000000
78935  -28.513  4.061  -50.719 0.0000000000
79771  -28.323  4.941  -51.289 0.0000000000
121236  -28.344  4.167  -51.882 0.0000000000
78954  -27.891  3.914  -54.880 0.0000000000
78945  -27.412  4.535  -54.233 0.0000000000
78953  -27.037  4.437  -56.016 0.0000000000
79794  -26.467  4.814  -56.459 0.0000000000
78958  -27.530  4.725  -56.362 0.0000000000
111332  -28.531  4.835  -56.463 0.0000000000
79797  -28.528  4.315  -56.647 0.0000000000
77281  -30.344  2.370  -55.998 0.0000000000
78134  -30.075  3.358  -56.443 0.0000000000
77277  -30.685  2.854  -55.793 0.0000000000
78132  -31.127  3.723  -53.591 0.0000000000
124787  -31.333  2.137  -54.460 0.0000000000
74618  -29.664  -0.712  -53.424 0.0000000000
74640  -30.539  -0.116  -54.426 0.0000000000
74633  -32.231  -0.298  -53.391 0.0000000000
75485  -32.127  0.186  -54.097 0.0000000000
77272  -31.587  1.751  -53.598 0.0000000000
76346  -32.037  1.338  -52.464 0.0000000000
73780  -33.852  -1.949  -51.043 0.0000000000
73742  -33.749  -1.924  -49.131 0.0000000000
118899  -24.971  -4.127  -50.484 0.0000000000
125635  -27.575  -4.898  -49.875 0.0000000000
71104  -27.392  -4.204  -50.244 0.0000000000
71105  -29.045  -3.811  -50.388 0.0000000000
71090  -29.740  -4.699  -50.127 0.0000000000
69157  -28.593  -6.909  -48.579 0.0000000000
69158  -29.897  -6.886  -49.285 0.0000000000
69183  -30.980  -6.287  -49.924 0.0000000000
69182  -30.678  -6.377  -49.993 0.0000000000
121181  -31.154  -5.536  -50.018 0.0000000000
71092  -31.051  -5.034  -50.388 0.0000000000
71093  -32.073  -4.780  -49.710 0.0000000000
71109  -33.146  -4.089  -50.057 0.0000000000
128595  -32.704  -5.001  -49.276 0.0000000000
117715  -34.360  -5.473  -48.360 0.0000000000
71076  -34.478  -4.730  -48.873 0.0000000000
71063  -34.447  -5.223  -48.229 0.0000000000
63591  -25.310  -12.582  -45.701 0.0000000000
123392  -25.813  -12.136  -46.086 0.0000000000
63592  -26.218  -12.682  -45.670 0.0000000000
73760  -27.798  -1.524  -50.107 0.0000000000
72929  -26.738  -3.083  -50.428 0.0000000000
66441  -27.348  -9.619  -47.454 0.0000000000
131263  -27.980  -9.792  -47.435 0.0000000000
66443  -28.554  -10.098  -47.698 0.0000000000
65525  -29.126  -11.036  -48.279 0.0000000000
120192  -29.696  -11.752  -49.082 0.0000000000
64612  -29.047  -12.118  -48.697 0.0000000000
63623  -28.910  -13.123  -49.163 0.0000000000
58333  -20.888  -18.172  -41.345 0.0000000000
60171  -21.660  -16.088  -42.919 0.0000000000
60155  -22.341  -16.297  -42.289 0.0000000000
66457  -23.402  -9.919  -49.160 0.0000000000
65538  -22.960  -10.329  -48.774 0.0000000000
65518  -22.909  -10.831  -48.324 0.0000000000
65519  -23.496  -10.946  -48.049 0.0000000000
86869  -28.325  14.336  -47.782 0.0000000000
85345  -28.356  12.160  -49.973 0.0000000000
85351  -27.198  12.724  -51.212 0.0000000000
84610  -27.532  11.893  -50.843 0.0000000000
117836  -27.497  11.033  -50.892 0.0000000000
83835  -27.806  10.423  -50.581 0.0000000000
81404  -28.558  7.562  -49.113 0.0000000000
81413  -28.367  7.540  -50.074 0.0000000000
81412  -27.812  7.510  -50.942 0.0000000000
81423  -27.124  7.519  -51.643 0.0000000000
81422  -26.408  7.617  -52.184 0.0000000000
80625  -27.384  6.065  -52.473 0.0000000000
78113  -28.492  3.164  -50.882 0.0000000000
78118  -28.433  3.344  -52.150 0.0000000000
78125  -28.257  3.225  -53.617 0.0000000000
78130  -28.557  3.173  -55.122 0.0000000000
78135  -28.791  3.858  -56.765 0.0000000000
77279  -29.120  2.523  -55.686 0.0000000000
77280  -29.822  2.327  -56.096 0.0000000000
76363  -30.504  1.633  -55.867 0.0000000000
74631  -30.552  -0.774  -53.787 0.0000000000
73802  -30.607  -1.360  -53.081 0.0000000000
73803  -31.766  -0.987  -52.728 0.0000000000
74634  -32.639  -0.409  -52.465 0.0000000000
74619  -33.062  -0.561  -51.773 0.0000000000
73788  -33.066  -1.000  -52.000 0.0000000000
73789  -33.349  -1.510  -51.381 0.0000000000
72934  -33.922  -2.592  -50.636 0.0000000000
70152  -26.061  -4.750  -50.411 0.0000000000
70151  -25.507  -5.386  -50.439 0.0000000000
115397  -27.227  -5.539  -49.697 0.0000000000
70136  -28.232  -5.346  -49.368 0.0000000000
123407  -30.534  -7.632  -49.480 0.0000000000
117638  -31.243  -6.995  -49.160 0.0000000000
70118  -31.941  -6.135  -48.814 0.0000000000
70119  -33.851  -6.154  -48.326 0.0000000000
129310  -34.562  -6.294  -48.036 0.0000000000
115094  -34.509  -6.360  -47.536 0.0000000000
112177  -34.606  -7.340  -47.702 0.0000000000
61792  -22.668  -14.268  -44.685 0.0000000000
61811  -22.337  -14.005  -45.555 0.0000000000
62742  -22.828  -13.190  -45.904 0.0000000000
63589  -23.513  -12.563  -46.100 0.0000000000
62744  -24.772  -13.006  -45.254 0.0000000000
121273  -28.486  0.794  -50.025 0.0000000000
75469  -28.688  0.785  -51.051 0.0000000000
76355  -29.171  1.014  -53.073 0.0000000000
75470  -28.995  0.263  -52.495 0.0000000000
74617  -28.787  -0.771  -52.399 0.0000000000
73779  -28.205  -1.721  -51.111 0.0000000000
73784  -28.625  -1.517  -52.051 0.0000000000
73785  -29.208  -1.456  -52.800 0.0000000000
73786  -29.651  -1.862  -52.799 0.0000000000
72065  -30.485  -2.713  -51.699 0.0000000000
68211  -25.513  -7.684  -49.395 0.0000000000
69155  -26.302  -6.993  -49.446 0.0000000000
68212  -26.574  -7.609  -48.743 0.0000000000
68213  -27.699  -7.668  -48.362 0.0000000000
119267  -28.914  -7.933  -48.283 0.0000000000
67335  -29.011  -8.790  -48.139 0.0000000000
67360  -30.043  -8.525  -49.022 0.0000000000
119574  -30.442  -9.160  -49.071 0.0000000000
117375  -30.934  -9.049  -48.967 0.0000000000
114385  -31.921  -8.934  -48.196 0.0000000000
130895  -32.598  -9.437  -47.869 0.0000000000
65543  -31.475  -10.432  -48.275 0.0000000000
64622  -29.837  -12.386  -49.398 0.0000000000
58332  -20.177  -18.886  -41.562 0.0000000000
60976  -21.868  -15.530  -43.612 0.0000000000
61775  -23.017  -14.562  -43.964 0.0000000000
131152  -23.645  -14.381  -43.858 0.0000000000
68233  -24.974  -7.482  -50.137 0.0000000000
68210  -24.674  -8.184  -49.907 0.0000000000
67356  -24.974  -8.481  -49.121 0.0000000000
66459  -25.422  -9.056  -48.507 0.0000000000
66458  -24.133  -9.944  -48.979 0.0000000000
66439  -24.904  -9.677  -48.357 0.0000000000
66440  -25.735  -9.602  -47.870 0.0000000000
65521  -25.929  -10.225  -47.345 0.0000000000
65499  -26.773  -11.125  -46.657 0.0000000000
87645  -28.114  15.904  -48.501 0.0000000000
86070  -27.778  13.304  -47.145 0.0000000000
86086  -28.585  13.651  -48.036 0.0000000000
86090  -28.587  13.591  -48.792 0.0000000000
86895  -28.441  14.281  -49.351 0.0000000000
118665  -27.624  14.913  -50.881 0.0000000000
122692  -26.362  14.853  -51.606 0.0000000000
85349  -25.916  12.524  -52.047 0.0000000000
86105  -24.490  13.187  -52.685 0.0000000000
85360  -24.237  12.197  -52.960 0.0000000000
84632  -23.828  11.261  -53.242 0.0000000000
83878  -23.254  10.101  -53.625 0.0000000000
117443  -28.171  9.838  -50.240 0.0000000000
83011  -27.492  9.570  -50.931 0.0000000000
82230  -27.505  8.678  -51.028 0.0000000000
125579  -26.098  10.039  -51.762 0.0000000000
83037  -25.596  9.786  -52.213 0.0000000000
83862  -24.251  9.792  -53.212 0.0000000000
126867  -22.922  8.716  -54.291 0.0000000000
81439  -23.588  7.090  -55.213 0.0000000000
81440  -24.328  6.453  -55.383 0.0000000000
113429  -28.551  4.462  -48.621 0.0000000000
79757  -28.754  5.025  -49.374 0.0000000000
79775  -27.840  5.434  -52.248 0.0000000000
117787  -27.171  5.251  -53.784 0.0000000000
126127  -26.854  5.010  -56.744 0.0000000000
78962  -29.223  3.790  -56.893 0.0000000000
78955  -30.323  4.917  -54.928 0.0000000000
78956  -30.869  4.606  -53.769 0.0000000000
75492  -30.448  0.624  -55.062 0.0000000000
75496  -31.197  0.955  -55.389 0.0000000000
74641  -31.518  -0.096  -54.338 0.0000000000
75494  -31.615  0.605  -54.749 0.0000000000
76361  -31.482  1.209  -55.059 0.0000000000
75460  -32.753  0.317  -51.145 0.0000000000
72048  -25.804  -3.615  -50.329 0.0000000000
72049  -26.626  -3.501  -50.391 0.0000000000
71103  -26.613  -4.074  -50.432 0.0000000000
72050  -27.311  -3.420  -50.519 0.0000000000
110076  -28.329  -3.016  -51.032 0.0000000000
112098  -29.402  -3.299  -50.949 0.0000000000
72051  -29.997  -3.116  -51.358 0.0000000000
72052  -30.699  -3.460  -51.141 0.0000000000
69179  -27.778  -6.109  -49.063 0.0000000000
70137  -29.354  -5.329  -49.509 0.0000000000
123091  -30.622  -6.850  -49.809 0.0000000000
69181  -30.201  -6.260  -49.748 0.0000000000
70138  -30.473  -5.697  -50.105 0.0000000000
71091  -30.622  -5.004  -50.425 0.0000000000
71107  -30.926  -4.315  -50.767 0.0000000000
72053  -31.496  -3.505  -50.782 0.0000000000
72054  -32.627  -3.451  -50.494 0.0000000000
72055  -33.899  -3.385  -50.280 0.0000000000
72917  -34.267  -3.114  -50.194 0.0000000000
71094  -33.659  -4.563  -49.439 0.0000000000
72040  -34.366  -3.776  -49.744 0.0000000000
72904  -34.367  -3.352  -49.536 0.0000000000
64610  -22.894  -11.375  -47.733 0.0000000000
64590  -23.573  -11.507  -47.221 0.0000000000
63604  -24.026  -12.048  -46.478 0.0000000000
64591  -24.516  -11.431  -46.826 0.0000000000
121691  -25.442  -11.482  -46.547 0.0000000000
64592  -26.314  -11.630  -46.400 0.0000000000
65523  -27.759  -10.297  -47.244 0.0000000000
66464  -31.430  -9.690  -48.444 0.0000000000
69147  -34.670  -6.700  -47.838 0.0000000000
70142  -34.359  -4.837  -49.003 0.0000000000
71095  -34.379  -4.269  -49.308 0.0000000000
72067  -32.178  -2.898  -50.885 0.0000000000
72943  -33.507  -2.046  -51.186 0.0000000000
73804  -32.473  -0.612  -52.488 0.0000000000
74611  -33.563  -1.267  -50.743 0.0000000000
75471  -32.715  0.112  -52.127 0.0000000000
75495  -30.819  1.092  -55.629 0.0000000000
76364  -30.951  1.422  -55.714 0.0000000000
78133  -29.124  3.211  -56.503 0.0000000000
78136  -29.164  3.527  -56.850 0.0000000000
78926  -28.650  4.236  -49.584 0.0000000000
78960  -29.095  4.464  -56.705 0.0000000000
78961  -29.852  4.278  -56.279 0.0000000000
81430  -25.009  7.174  -53.770 0.0000000000
82222  -28.392  8.276  -49.655 0.0000000000
83846  -26.059  10.870  -51.809 0.0000000000
83848  -27.184  10.399  -51.190 0.0000000000
83863  -25.241  10.576  -52.459 0.0000000000
84611  -28.108  11.217  -50.315 0.0000000000
85325  -27.945  12.394  -47.318 0.0000000000
85350  -26.561  12.652  -51.638 0.0000000000
86071  -28.303  13.713  -47.595 0.0000000000
86093  -28.078  13.533  -50.336 0.0000000000
86094  -28.450  13.561  -49.662 0.0000000000
86900  -28.326  14.125  -50.081 0.0000000000
86905  -26.341  14.072  -51.770 0.0000000000
86913  -25.141  13.988  -52.385 0.0000000000
114010  -27.479  8.044  -51.153 0.0000000000
115018  -31.095  2.926  -54.660 0.0000000000
117997  -34.190  -2.611  -49.835 0.0000000000
118240  -26.694  9.741  -51.462 0.0000000000
118938  -28.464  3.705  -55.988 0.0000000000
123513  -25.450  -4.642  -50.511 0.0000000000
125095  -26.312  -3.338  -50.297 0.0000000000
125234  -26.494  -9.752  -47.490 0.0000000000
126451  -25.924  15.160  -51.780 0.0000000000
128566  -34.100  -2.686  -49.102 0.0000000000
128726  -31.038  -6.689  -49.688 0.0000000000
130518  -24.954  9.600  -52.695 0.0000000000
131796  -34.381  -7.607  -47.764 0.0000000000
