#!ascii label  , from subject sub-v2s8x29219_ses-1 vox2ras=TkReg
1367
27909  34.467  -48.592  -44.409 0.8999999762
26959  34.325  -49.314  -44.888 0.8000000119
27922  35.503  -48.590  -45.490 0.8000000119
26992  34.529  -49.738  -46.243 0.6999999881
27015  34.863  -49.458  -47.054 0.8000000119
27892  33.696  -48.569  -43.944 0.8999999762
27908  35.309  -48.214  -44.696 1.0000000000
134843  36.124  -47.970  -45.643 1.0000000000
123151  35.860  -48.403  -46.309 0.8999999762
26991  35.238  -49.138  -46.272 0.8000000119
27962  35.042  -49.018  -48.089 0.8000000119
27961  35.481  -48.769  -47.090 0.8999999762
27016  34.431  -49.633  -47.685 0.8000000119
27039  34.396  -48.914  -49.097 0.6999999881
27040  33.584  -49.378  -49.283 0.6999999881
28902  33.481  -47.855  -43.647 0.8000000119
27891  34.165  -48.032  -43.892 0.8999999762
28901  34.261  -47.215  -43.635 0.8999999762
29964  33.252  -47.027  -43.542 0.8999999762
29966  31.584  -46.740  -43.720 0.8999999762
28920  35.679  -47.410  -44.379 0.8999999762
28935  36.016  -47.790  -45.008 1.0000000000
28957  36.108  -47.963  -47.138 0.8999999762
128067  36.466  -47.200  -46.800 1.0000000000
28976  36.300  -47.126  -47.601 0.8999999762
28992  35.827  -47.719  -48.053 0.8999999762
27992  33.822  -48.718  -49.899 0.6999999881
29963  34.790  -46.347  -43.466 0.8999999762
128282  33.807  -46.353  -43.436 0.8999999762
123414  32.910  -46.208  -43.553 0.8999999762
31020  32.104  -45.961  -43.853 0.8999999762
28900  35.268  -46.966  -43.814 0.8999999762
29975  35.993  -46.653  -44.091 0.8999999762
28934  36.394  -47.299  -45.462 1.0000000000
29008  35.455  -47.627  -48.848 0.8000000119
27990  35.050  -48.349  -49.006 0.8000000119
29022  34.486  -47.538  -50.413 0.8000000119
29039  34.282  -47.105  -51.090 0.8000000119
29023  33.783  -47.773  -50.991 0.8000000119
29040  33.812  -47.068  -51.733 0.8000000119
131288  33.426  -45.686  -43.376 0.8999999762
123019  32.086  -45.127  -43.817 0.8999999762
31027  31.567  -45.364  -44.178 0.8999999762
31017  35.233  -45.571  -43.296 0.8999999762
31976  31.178  -44.907  -44.588 0.8000000119
31028  30.989  -45.566  -44.640 0.8000000119
29962  35.648  -46.182  -43.666 0.8999999762
32966  31.083  -43.643  -43.619 0.6999999881
31977  30.752  -44.942  -45.156 0.6999999881
31042  30.401  -44.982  -45.931 0.6999999881
29961  36.205  -45.960  -43.958 0.8999999762
125304  30.220  -44.485  -45.215 0.6999999881
31978  29.336  -43.951  -45.147 0.6999999881
31026  36.461  -45.697  -44.416 1.0000000000
115829  29.056  -43.458  -44.356 0.6000000238
29984  36.540  -46.172  -44.881 1.0000000000
127737  36.649  -45.988  -45.571 1.0000000000
31054  36.660  -45.802  -46.424 1.0000000000
30022  36.389  -46.279  -47.885 1.0000000000
30023  35.917  -46.861  -48.543 0.8999999762
31065  36.569  -45.612  -47.338 1.0000000000
31074  36.361  -45.528  -48.243 0.8999999762
120056  35.745  -46.208  -49.242 0.8000000119
30032  35.451  -46.950  -49.436 0.8000000119
30045  34.791  -46.710  -50.721 0.8000000119
31095  34.974  -45.833  -50.875 0.8000000119
30058  34.394  -46.297  -51.457 0.8000000119
31107  34.118  -45.600  -52.042 0.8000000119
31106  34.588  -45.337  -51.432 0.8000000119
120238  33.715  -44.966  -52.575 0.8000000119
31018  34.270  -45.638  -43.220 0.8999999762
31019  32.738  -45.381  -43.541 0.8999999762
31966  33.547  -44.920  -43.084 0.8999999762
31967  32.492  -44.468  -43.344 0.8999999762
32965  31.877  -43.729  -43.301 0.8999999762
31016  36.006  -45.446  -43.577 0.8999999762
31969  30.764  -44.296  -44.437 0.6999999881
31963  36.331  -44.641  -43.694 0.8999999762
116459  30.218  -43.433  -43.808 0.6000000238
32974  29.865  -43.779  -44.491 0.6000000238
31975  36.569  -44.965  -44.397 1.0000000000
34010  27.714  -42.942  -44.109 0.5000000000
31041  36.658  -45.418  -45.010 1.0000000000
34003  27.179  -42.362  -43.701 0.5000000000
116762  36.675  -45.144  -45.808 1.0000000000
125174  36.631  -44.866  -46.788 1.0000000000
125814  36.506  -44.773  -47.750 1.0000000000
31075  36.043  -45.539  -49.002 0.8999999762
30044  35.338  -46.270  -50.118 0.8000000119
127658  35.934  -44.995  -49.342 0.8999999762
32034  35.531  -44.690  -49.962 0.8000000119
33033  35.516  -43.799  -49.701 0.8999999762
33041  35.153  -43.941  -50.472 0.8000000119
135346  35.154  -43.253  -50.138 0.8999999762
127210  34.313  -44.066  -51.642 0.8000000119
32058  33.866  -44.128  -52.314 0.8000000119
34080  33.283  -42.493  -51.957 0.8000000119
33057  33.389  -43.335  -52.595 0.8000000119
31965  34.696  -44.913  -42.912 0.8999999762
31956  34.113  -44.196  -42.652 0.8999999762
32959  31.365  -43.059  -42.995 0.6999999881
31955  35.112  -44.140  -42.703 0.8999999762
34001  29.679  -42.773  -43.376 0.6999999881
32967  29.344  -43.210  -43.867 0.6000000238
32968  28.545  -43.054  -43.924 0.6000000238
116325  28.927  -42.723  -43.514 0.6000000238
34002  28.135  -42.461  -43.434 0.5000000000
31990  36.674  -44.484  -45.123 1.0000000000
35016  27.547  -41.845  -43.171 0.5000000000
123185  36.669  -44.285  -46.083 1.0000000000
115985  36.608  -44.074  -46.907 1.0000000000
32013  36.516  -44.035  -47.614 1.0000000000
33023  35.898  -43.595  -48.922 0.8999999762
33001  36.610  -43.489  -46.425 1.0000000000
33012  36.505  -43.406  -47.272 0.8999999762
33022  36.301  -43.455  -48.093 0.8999999762
34061  35.404  -43.015  -49.441 0.8999999762
119085  35.777  -42.837  -48.593 0.8999999762
133767  34.682  -43.160  -50.772 0.8999999762
33050  34.355  -43.460  -51.339 0.8999999762
34054  35.152  -42.243  -49.089 0.8999999762
34062  34.784  -42.474  -50.043 0.8999999762
119346  34.043  -42.754  -51.324 0.8999999762
35094  34.096  -41.744  -50.378 0.8999999762
31957  33.237  -44.135  -42.836 0.8999999762
114455  32.046  -43.142  -42.796 0.8999999762
31958  32.621  -43.617  -42.855 0.8999999762
33993  31.762  -42.533  -42.514 1.0000000000
32957  34.461  -43.408  -42.446 0.8999999762
33994  30.551  -42.908  -43.217 0.6999999881
119695  36.432  -43.651  -43.682 0.8999999762
32964  35.974  -43.969  -43.098 0.8999999762
116188  30.011  -42.304  -42.787 0.6999999881
33995  29.008  -42.220  -42.957 0.6999999881
35015  28.240  -41.902  -42.921 0.5000000000
120359  36.591  -44.125  -44.323 1.0000000000
35017  26.756  -41.700  -43.424 0.5000000000
129127  36.634  -43.722  -44.857 1.0000000000
32989  36.631  -43.067  -45.075 1.0000000000
34024  36.608  -42.314  -45.251 1.0000000000
34034  36.613  -42.854  -45.882 1.0000000000
114357  36.467  -42.655  -46.826 1.0000000000
35053  36.489  -41.942  -46.115 1.0000000000
35041  36.559  -41.508  -45.246 1.0000000000
34043  36.151  -42.205  -47.405 0.8999999762
34044  35.616  -42.023  -48.151 0.8999999762
35076  34.801  -41.473  -48.690 0.8999999762
37156  32.615  -40.013  -53.573 0.6999999881
37157  32.058  -39.900  -53.494 0.8000000119
36151  31.670  -40.530  -53.709 0.8000000119
37158  31.616  -40.021  -53.103 0.8000000119
32956  35.459  -43.293  -42.665 0.8999999762
33991  33.796  -42.723  -42.193 1.0000000000
33979  32.284  -41.927  -42.049 1.0000000000
118420  30.907  -42.419  -42.652 0.6999999881
35005  29.574  -41.624  -42.454 0.6999999881
35007  27.946  -41.292  -42.673 0.6000000238
34009  36.667  -42.325  -44.085 1.0000000000
32963  36.498  -42.758  -43.665 0.8999999762
32955  36.173  -43.088  -43.117 0.8999999762
36017  26.768  -40.504  -42.813 0.4000000060
130691  36.623  -42.577  -44.637 1.0000000000
36060  36.317  -41.020  -45.932 1.0000000000
35054  36.031  -41.298  -46.704 1.0000000000
36061  35.706  -40.544  -46.490 1.0000000000
36123  31.528  -40.603  -51.679 0.8999999762
36122  34.375  -39.879  -51.893 0.6000000238
36137  33.271  -40.097  -53.246 0.6000000238
37147  32.595  -39.681  -53.073 0.8000000119
37148  31.880  -39.577  -52.835 0.8000000119
36138  31.445  -40.592  -52.795 0.8999999762
35106  31.475  -40.790  -52.268 0.8999999762
34987  35.293  -41.762  -42.035 0.8999999762
33990  34.867  -42.623  -42.251 0.8999999762
35003  31.372  -41.826  -42.219 0.8000000119
35004  30.483  -41.718  -42.338 0.6999999881
36015  28.509  -40.692  -42.266 0.6000000238
127178  27.037  -39.815  -42.482 0.4000000060
34000  36.568  -42.053  -43.613 1.0000000000
35014  36.682  -41.487  -43.852 1.0000000000
115816  36.640  -41.133  -44.506 1.0000000000
36049  36.461  -40.701  -45.170 1.0000000000
36050  36.075  -40.179  -45.769 1.0000000000
37056  35.359  -39.779  -46.253 1.0000000000
36109  31.734  -40.370  -50.916 0.8999999762
36097  32.299  -39.979  -50.011 0.8999999762
37135  30.985  -39.545  -51.558 0.8999999762
36110  31.123  -39.945  -51.272 0.8999999762
37130  35.994  -40.032  -50.925 0.6000000238
37131  35.173  -39.671  -51.071 0.6000000238
36136  34.054  -40.359  -52.722 0.6000000238
37132  33.525  -39.324  -51.928 0.8000000119
37133  32.567  -39.204  -52.337 0.8000000119
37149  31.352  -39.882  -52.387 0.8999999762
34989  33.781  -41.371  -41.447 0.8999999762
33978  33.250  -42.018  -41.841 0.8999999762
34991  31.846  -41.331  -41.753 0.6999999881
34990  32.744  -41.231  -41.469 0.8999999762
34993  30.063  -41.024  -42.022 0.6000000238
35002  36.127  -41.645  -42.600 1.0000000000
36014  35.903  -40.974  -42.083 1.0000000000
136048  29.711  -40.489  -41.805 0.6000000238
36007  29.287  -40.898  -42.171 0.6000000238
37010  28.322  -39.899  -41.935 0.5000000000
35001  36.508  -41.502  -43.201 1.0000000000
33988  36.337  -42.253  -43.125 1.0000000000
36013  36.414  -40.863  -42.666 1.0000000000
36023  36.612  -40.774  -43.286 1.0000000000
125772  36.679  -40.651  -43.910 1.0000000000
132829  36.565  -40.468  -44.539 1.0000000000
37043  36.349  -39.922  -44.982 1.0000000000
37044  35.686  -39.296  -45.486 1.0000000000
36062  34.996  -40.141  -46.925 1.0000000000
37075  34.234  -39.792  -47.239 1.0000000000
36074  33.922  -40.096  -47.921 1.0000000000
37076  33.432  -39.495  -47.515 1.0000000000
36084  33.591  -40.296  -48.674 0.8999999762
35077  34.382  -40.741  -48.324 0.8999999762
38076  37.370  -38.458  -50.309 0.6000000238
37115  36.064  -39.402  -50.468 0.6000000238
37116  35.189  -39.110  -50.562 0.6000000238
38093  33.074  -38.791  -51.581 0.8000000119
37134  31.560  -39.199  -52.168 0.8000000119
36004  32.736  -40.542  -41.067 0.6999999881
34992  30.998  -41.037  -41.803 0.6000000238
124914  31.055  -40.339  -41.392 0.6000000238
36002  35.564  -40.299  -41.485 0.8999999762
121595  29.769  -39.901  -41.511 0.6000000238
36008  29.093  -40.218  -41.817 0.5000000000
36001  36.309  -40.206  -42.102 0.8999999762
125975  36.682  -40.040  -43.413 1.0000000000
37018  36.603  -39.264  -43.742 1.0000000000
36035  36.590  -39.903  -44.189 1.0000000000
37032  36.304  -39.075  -44.588 1.0000000000
37992  35.685  -38.440  -45.011 1.0000000000
37993  34.951  -38.587  -45.610 1.0000000000
37057  34.572  -39.460  -46.577 1.0000000000
37058  33.748  -39.162  -46.823 1.0000000000
135986  32.749  -39.344  -47.763 1.0000000000
37092  32.280  -39.443  -48.390 0.8999999762
37106  31.518  -39.483  -49.402 0.8999999762
36098  31.104  -39.712  -50.533 0.8999999762
37119  30.123  -38.869  -50.352 0.8999999762
38077  36.546  -38.634  -50.113 0.6000000238
38078  35.684  -38.662  -50.066 0.6000000238
116821  34.730  -38.576  -50.316 0.6000000238
38079  33.658  -38.441  -50.753 0.6999999881
38080  32.589  -38.305  -51.105 0.6999999881
38094  32.040  -38.639  -51.810 0.6999999881
38095  31.120  -38.869  -51.535 0.8000000119
37136  30.458  -39.041  -50.968 0.8999999762
131705  37.571  -37.776  -50.173 0.6000000238
39093  32.121  -37.846  -50.507 0.6999999881
38081  31.564  -38.352  -51.191 0.8000000119
38082  30.747  -38.610  -51.004 0.8999999762
36999  31.518  -39.880  -41.003 0.6999999881
37000  30.599  -39.698  -41.209 0.6000000238
35980  34.829  -40.053  -40.940 0.8999999762
35981  34.049  -40.128  -40.743 0.8000000119
35982  33.214  -40.096  -40.685 0.6999999881
124716  36.595  -40.127  -42.739 1.0000000000
36998  36.170  -39.478  -41.561 0.8000000119
37953  36.616  -38.683  -42.506 0.8999999762
36997  36.520  -39.440  -42.228 0.8000000119
37009  36.679  -39.391  -42.932 1.0000000000
37977  36.452  -38.584  -44.031 1.0000000000
37978  36.181  -38.284  -44.432 1.0000000000
38988  35.722  -37.581  -44.596 1.0000000000
38014  34.189  -38.724  -46.162 1.0000000000
37059  32.825  -38.882  -47.134 1.0000000000
37077  32.067  -38.999  -47.691 0.8999999762
37093  31.324  -39.074  -48.416 0.8999999762
132987  29.881  -38.782  -49.852 0.8999999762
38062  35.262  -38.031  -49.718 0.6000000238
39092  33.199  -37.869  -50.251 0.6999999881
40112  37.701  -36.390  -49.999 0.6000000238
38060  36.954  -37.880  -49.860 0.6000000238
39094  30.972  -38.043  -50.632 0.6999999881
35983  32.382  -40.023  -40.794 0.6999999881
36976  34.612  -39.484  -40.529 0.8000000119
36977  33.749  -39.503  -40.360 0.8000000119
36978  32.904  -39.480  -40.340 0.6999999881
36979  32.054  -39.361  -40.481 0.6999999881
36975  35.466  -39.490  -40.966 0.6999999881
37914  36.453  -38.604  -41.693 0.6999999881
123385  36.597  -37.899  -42.933 0.8000000119
125745  36.483  -37.060  -43.244 0.8000000119
38987  36.371  -37.813  -43.845 0.8000000119
38989  35.012  -37.231  -44.989 1.0000000000
37994  34.265  -38.079  -45.651 1.0000000000
117381  33.279  -38.494  -46.486 1.0000000000
38015  32.515  -38.315  -46.615 1.0000000000
39009  33.639  -37.620  -45.697 1.0000000000
132096  33.635  -38.156  -45.996 1.0000000000
38035  31.925  -38.493  -47.030 1.0000000000
38036  31.251  -38.642  -47.633 0.8999999762
124474  30.521  -38.370  -47.576 0.8999999762
37107  30.396  -39.006  -49.245 0.8999999762
38049  29.623  -38.425  -49.153 0.8999999762
39076  36.513  -37.115  -49.451 0.6000000238
38061  36.141  -38.004  -49.689 0.6000000238
39091  34.273  -37.961  -49.882 0.6000000238
38063  29.691  -38.486  -49.865 0.8999999762
38083  30.170  -38.500  -50.395 0.8999999762
39080  32.744  -37.352  -49.631 0.6999999881
39081  31.596  -37.462  -49.777 0.6999999881
131084  30.411  -37.789  -49.940 0.8999999762
39082  29.681  -38.086  -49.738 0.8999999762
37916  34.321  -38.824  -40.075 0.6999999881
37917  33.439  -38.882  -39.960 0.6000000238
37918  32.605  -38.823  -39.991 0.6000000238
36980  31.199  -39.185  -40.688 0.6000000238
118913  35.218  -38.790  -40.402 0.6999999881
37899  33.921  -38.213  -39.579 0.6000000238
119717  35.770  -38.089  -40.432 0.6999999881
38946  36.502  -37.585  -41.552 0.6999999881
40017  36.113  -36.861  -44.003 0.8000000119
40002  35.788  -35.983  -44.096 0.8000000119
40018  35.386  -36.669  -44.570 0.8000000119
39008  34.360  -37.407  -45.354 1.0000000000
133429  33.064  -37.237  -45.693 1.0000000000
37995  32.855  -37.837  -46.127 1.0000000000
39010  31.809  -37.862  -46.432 1.0000000000
121391  32.265  -37.233  -45.862 1.0000000000
38016  31.087  -38.209  -46.980 1.0000000000
39031  30.818  -37.656  -46.582 1.0000000000
38017  30.201  -37.983  -47.140 1.0000000000
38048  30.408  -38.650  -48.334 0.8999999762
40101  37.113  -36.308  -49.470 0.6000000238
39077  35.692  -37.443  -49.432 0.6000000238
39078  34.880  -37.331  -49.370 0.6999999881
38064  29.392  -38.098  -49.256 0.8999999762
39079  33.821  -37.202  -49.361 0.6999999881
132406  30.035  -37.529  -49.291 0.8999999762
37919  31.751  -38.624  -40.155 0.5000000000
38903  33.237  -37.507  -39.355 0.5000000000
38923  35.653  -37.347  -39.974 0.6999999881
120207  34.945  -38.032  -39.743 0.6999999881
38922  36.209  -37.454  -40.689 0.6999999881
39949  36.429  -36.876  -41.083 0.6999999881
41021  36.625  -35.793  -42.083 0.6999999881
41038  36.483  -35.602  -42.869 0.6999999881
40001  36.304  -36.203  -43.423 0.8000000119
41063  35.592  -35.096  -44.169 0.8000000119
124294  34.941  -34.877  -44.586 0.8000000119
41064  34.942  -35.775  -44.694 0.8000000119
41087  33.964  -36.053  -45.202 0.8999999762
40043  33.743  -36.920  -45.419 1.0000000000
41065  34.222  -35.138  -44.982 0.8000000119
41088  33.340  -35.412  -45.314 0.8999999762
117756  32.944  -36.433  -45.518 1.0000000000
40044  31.879  -36.476  -45.729 1.0000000000
39011  31.370  -37.166  -46.112 1.0000000000
39032  29.905  -37.487  -46.728 1.0000000000
38018  29.391  -37.661  -47.308 0.8999999762
38037  29.621  -38.170  -48.022 0.8999999762
134923  29.254  -38.005  -48.643 0.8999999762
38050  29.208  -37.626  -47.913 0.8999999762
39058  29.307  -37.589  -48.355 0.8999999762
40102  36.425  -36.278  -49.149 0.6000000238
40104  34.603  -36.544  -48.910 0.6000000238
130073  33.136  -36.783  -49.055 0.6999999881
40107  31.081  -36.981  -48.984 0.8000000119
39057  29.533  -37.677  -48.983 0.8999999762
41134  36.718  -35.572  -49.140 0.6000000238
40105  33.746  -36.353  -48.742 0.6999999881
40106  32.271  -36.866  -48.999 0.6999999881
40108  30.101  -36.867  -48.643 0.8000000119
40091  29.327  -36.984  -48.235 0.8999999762
40090  30.966  -36.110  -48.317 0.6999999881
38902  34.261  -37.429  -39.344 0.5000000000
38924  35.012  -37.214  -39.499 0.6999999881
39935  33.771  -36.838  -39.131 0.5000000000
40971  36.491  -35.965  -41.033 0.6999999881
39950  36.184  -36.663  -40.313 0.6999999881
42049  36.648  -35.047  -41.628 0.6999999881
124050  36.582  -35.094  -42.402 0.6999999881
42090  36.054  -34.515  -43.690 0.8000000119
42112  35.400  -34.159  -44.300 0.8000000119
42114  33.657  -34.513  -45.167 0.8000000119
41089  32.413  -35.608  -45.519 0.8999999762
40045  31.027  -36.415  -46.018 1.0000000000
39012  30.502  -37.053  -46.323 1.0000000000
42113  34.479  -34.264  -44.796 0.8000000119
42124  32.842  -34.749  -45.387 0.8000000119
41090  31.496  -35.678  -45.728 0.8999999762
40046  30.191  -36.340  -46.257 1.0000000000
41091  30.668  -35.638  -46.006 0.8999999762
39013  29.634  -36.938  -46.523 1.0000000000
39033  29.073  -37.251  -46.873 1.0000000000
39034  28.562  -36.859  -46.994 1.0000000000
39059  28.887  -36.899  -47.684 0.8999999762
39045  28.594  -36.820  -47.211 0.8999999762
40103  35.624  -36.630  -49.083 0.6000000238
40086  35.178  -35.839  -48.655 0.6000000238
41131  28.947  -36.021  -47.715 0.8999999762
41127  34.060  -35.155  -48.328 0.6999999881
40088  32.926  -36.168  -48.574 0.6999999881
40089  31.999  -36.138  -48.411 0.6999999881
123300  29.958  -36.106  -48.097 0.8000000119
41130  30.693  -35.312  -48.114 0.6999999881
41132  28.308  -35.314  -47.395 0.8999999762
39934  34.544  -36.696  -39.213 0.5000000000
40972  36.213  -35.762  -39.924 0.6999999881
39951  35.471  -36.480  -39.563 0.5000000000
42035  36.526  -34.988  -40.511 0.6999999881
42067  36.623  -34.249  -42.313 0.6999999881
43125  36.549  -33.287  -42.696 0.6999999881
121572  36.447  -34.791  -43.026 0.6999999881
42089  36.387  -33.946  -43.201 0.6999999881
126486  36.004  -33.780  -43.791 0.8000000119
43150  35.651  -33.236  -44.156 0.8000000119
43151  34.809  -33.414  -44.613 0.8000000119
43152  33.839  -33.557  -45.041 0.8000000119
42126  31.135  -34.892  -45.764 0.8999999762
43166  32.981  -33.374  -45.305 0.8000000119
125188  32.483  -34.073  -45.459 0.8000000119
40063  28.530  -36.376  -46.831 1.0000000000
40047  29.301  -36.330  -46.489 1.0000000000
41125  35.580  -35.270  -48.638 0.6000000238
40071  28.297  -36.301  -47.033 1.0000000000
128331  33.550  -35.568  -48.407 0.6999999881
41128  32.685  -35.278  -48.249 0.6999999881
40092  28.378  -36.224  -47.193 0.8999999762
41112  28.080  -35.616  -47.025 1.0000000000
42158  31.233  -34.544  -48.263 0.6999999881
42159  30.260  -34.597  -48.260 0.8000000119
125739  29.773  -35.364  -48.017 0.8000000119
119250  36.644  -34.176  -41.188 0.6999999881
43102  36.548  -33.337  -40.812 0.6999999881
43116  36.641  -33.385  -41.779 0.6999999881
44159  36.595  -32.619  -42.203 0.6999999881
44166  36.524  -32.452  -42.975 0.6999999881
44177  35.847  -32.439  -44.011 0.6999999881
44167  36.250  -32.253  -43.509 0.6999999881
44179  34.271  -32.707  -44.791 0.8000000119
133381  34.615  -32.093  -44.610 0.8000000119
44192  33.459  -32.696  -45.123 0.8000000119
124341  31.677  -34.096  -45.630 0.8999999762
43167  32.208  -33.330  -45.533 0.8000000119
119536  30.814  -34.082  -45.865 0.8999999762
41092  29.779  -35.622  -46.266 0.8999999762
122525  34.085  -34.584  -48.434 0.6000000238
43170  29.851  -33.921  -46.210 0.8999999762
41093  28.800  -35.694  -46.550 1.0000000000
42155  34.788  -34.175  -48.742 0.6000000238
41099  28.150  -35.741  -46.949 0.8999999762
127337  32.096  -34.513  -48.282 0.6999999881
42137  27.934  -35.047  -46.990 0.8999999762
42160  29.015  -34.792  -48.047 0.8999999762
44154  36.565  -32.629  -41.343 0.6999999881
45200  35.947  -31.644  -43.778 0.6999999881
45204  35.294  -31.839  -44.299 0.6999999881
44193  32.700  -32.636  -45.380 0.8000000119
43168  31.402  -33.303  -45.721 0.8000000119
44194  31.933  -32.560  -45.604 0.8000000119
44195  31.147  -32.497  -45.827 0.8000000119
42128  29.266  -34.877  -46.338 0.8999999762
42156  33.473  -34.883  -48.287 0.6000000238
43169  30.618  -33.210  -45.987 0.8000000119
44211  30.401  -32.409  -46.131 0.8999999762
119167  28.699  -34.084  -46.539 0.8999999762
42129  28.310  -35.013  -46.712 0.8999999762
43193  33.862  -33.950  -48.720 0.6000000238
42157  32.874  -34.428  -48.373 0.6999999881
42130  27.998  -34.381  -46.909 0.8999999762
43196  30.752  -33.872  -48.559 0.6999999881
42148  28.003  -34.789  -47.282 0.8000000119
43198  28.694  -33.754  -48.474 0.6999999881
42161  28.154  -34.364  -47.865 0.8000000119
121215  36.564  -32.054  -41.743 0.6999999881
46170  36.525  -30.884  -42.523 0.6999999881
46181  36.148  -30.844  -43.391 0.6999999881
45212  33.114  -32.073  -45.222 0.8000000119
45213  32.450  -31.888  -45.423 0.8000000119
45214  31.630  -31.777  -45.639 0.8000000119
45215  30.856  -31.743  -45.916 0.8000000119
43177  29.961  -33.012  -46.237 0.8999999762
43178  29.244  -33.250  -46.450 0.8999999762
43194  33.109  -33.835  -48.686 0.6000000238
134380  28.630  -33.455  -46.628 0.8999999762
43195  32.359  -33.822  -48.622 0.6999999881
128519  31.580  -33.858  -48.556 0.6999999881
44196  28.131  -33.652  -46.845 0.8999999762
43212  29.356  -33.084  -49.075 0.6999999881
43189  27.721  -33.616  -47.634 0.8000000119
43213  28.465  -32.951  -48.936 0.6999999881
43199  27.866  -33.387  -48.318 0.8000000119
42149  27.835  -33.991  -47.698 0.8000000119
44247  27.747  -32.693  -48.856 0.8000000119
46161  36.578  -30.474  -41.620 0.6999999881
43208  33.419  -33.420  -49.299 0.6000000238
45223  30.139  -31.672  -46.252 0.8000000119
124210  28.776  -32.079  -46.755 0.8999999762
44213  28.516  -32.883  -46.750 0.8999999762
43209  32.594  -33.331  -49.263 0.6000000238
118691  27.985  -32.251  -47.096 0.8999999762
43211  30.298  -33.155  -49.151 0.8000000119
44214  27.765  -33.107  -47.329 0.8999999762
43200  27.550  -33.295  -48.038 0.8000000119
126995  29.015  -32.514  -49.469 0.6999999881
44248  27.406  -32.595  -48.484 0.8000000119
44235  27.348  -32.665  -48.119 0.8000000119
43210  31.763  -33.287  -49.189 0.6999999881
45224  29.392  -31.482  -46.545 0.8000000119
44254  30.938  -32.616  -49.916 0.5000000000
44255  29.877  -32.335  -49.846 0.6000000238
120711  27.420  -32.330  -47.751 0.8000000119
44256  28.189  -32.353  -49.352 0.6000000238
44257  27.239  -32.196  -49.069 0.6999999881
130120  26.722  -31.749  -48.740 0.8000000119
45225  28.505  -31.392  -46.905 0.8000000119
46208  28.274  -30.506  -46.929 0.8000000119
45226  27.506  -31.370  -47.532 0.8999999762
44268  29.936  -31.537  -50.280 0.6000000238
45244  26.793  -31.714  -48.321 0.8000000119
45263  26.130  -30.979  -49.005 0.6000000238
47191  28.783  -29.831  -46.490 0.8000000119
46209  27.413  -30.284  -47.419 0.8000000119
45279  29.106  -31.764  -49.869 0.6000000238
45280  27.975  -31.639  -49.576 0.6000000238
45227  26.451  -30.923  -48.108 0.8000000119
46234  25.993  -30.269  -48.398 0.6999999881
46289  26.057  -30.283  -49.129 0.6000000238
47238  25.808  -29.526  -48.414 0.6000000238
47218  25.920  -29.508  -47.922 0.6999999881
46287  27.723  -30.915  -49.563 0.6000000238
46288  26.640  -30.753  -49.326 0.6000000238
48238  28.698  -28.328  -45.969 0.8000000119
47192  28.105  -29.556  -46.710 0.8000000119
45295  29.800  -31.109  -50.197 0.6000000238
47178  28.776  -29.081  -46.240 0.8000000119
46285  29.825  -30.735  -49.891 0.5000000000
47180  27.147  -28.751  -46.947 0.8000000119
132243  27.728  -28.934  -46.733 0.8000000119
46286  28.899  -30.905  -49.755 0.6000000238
113332  26.186  -28.802  -47.557 0.6000000238
47252  28.472  -30.290  -49.383 0.6000000238
47253  27.577  -30.308  -49.447 0.6000000238
47255  25.904  -29.632  -48.794 0.6000000238
47236  27.992  -29.709  -49.099 0.6000000238
47254  26.885  -29.969  -49.358 0.6000000238
48314  26.293  -29.045  -48.715 0.6000000238
48315  25.908  -28.940  -48.503 0.6000000238
48239  28.113  -27.939  -46.270 0.8000000119
47179  28.182  -28.666  -46.424 0.8000000119
49242  28.686  -27.647  -45.845 0.8000000119
49258  28.053  -27.223  -46.191 0.6999999881
117369  27.404  -27.637  -46.484 0.6999999881
46260  29.442  -30.276  -49.207 0.6000000238
47219  25.720  -28.369  -47.842 0.6000000238
49276  25.903  -27.475  -47.373 0.6000000238
135469  26.365  -27.834  -46.955 0.6999999881
47235  29.050  -29.717  -48.695 0.5000000000
49306  25.587  -27.231  -47.974 0.6000000238
48301  28.588  -28.958  -48.390 0.5000000000
48302  27.021  -28.227  -48.510 0.6000000238
49313  26.127  -28.230  -48.400 0.6000000238
48282  29.281  -28.568  -47.859 0.5000000000
117881  28.756  -26.939  -45.828 0.6999999881
114648  27.171  -26.953  -46.460 0.6000000238
133828  25.988  -27.024  -46.929 0.6000000238
49259  26.546  -27.403  -46.758 0.6000000238
50324  25.613  -26.444  -47.135 0.6000000238
50316  26.853  -26.240  -46.580 0.6000000238
48283  28.691  -28.135  -47.905 0.5000000000
49304  26.688  -27.253  -48.356 0.6000000238
49305  25.817  -27.542  -48.206 0.6000000238
118502  25.543  -26.782  -47.729 0.6000000238
51381  25.839  -25.951  -46.791 0.6000000238
49303  27.927  -27.488  -48.141 0.6000000238
50350  27.601  -26.662  -48.278 0.6000000238
49295  29.473  -27.969  -47.623 0.5000000000
49296  28.937  -27.355  -47.764 0.5000000000
131290  29.667  -27.313  -47.625 0.4000000060
50349  28.505  -26.612  -48.076 0.5000000000
50315  27.931  -26.490  -46.292 0.6000000238
51379  27.425  -25.697  -46.542 0.6000000238
50351  25.803  -26.668  -48.166 0.6000000238
50339  25.312  -25.922  -47.487 0.6000000238
51380  26.442  -25.579  -46.688 0.6000000238
51416  26.734  -26.100  -48.394 0.6000000238
52479  26.212  -25.206  -48.431 0.6000000238
51415  27.988  -25.909  -48.442 0.6000000238
50338  29.425  -26.632  -47.858 0.4000000060
50348  29.104  -25.779  -48.349 0.4000000060
51418  24.964  -25.021  -47.908 0.6000000238
51388  25.510  -25.147  -46.956 0.5000000000
52429  26.702  -25.007  -46.771 0.5000000000
52428  28.052  -25.053  -46.673 0.5000000000
132937  25.395  -25.171  -48.208 0.6000000238
53504  24.745  -23.602  -47.912 0.5000000000
52478  27.363  -25.183  -48.606 0.6000000238
52477  28.413  -25.086  -48.667 0.5000000000
52476  29.297  -24.898  -48.723 0.4000000060
52445  27.251  -24.202  -47.164 0.4000000060
51423  25.340  -24.619  -48.270 0.6000000238
52480  24.719  -24.081  -47.951 0.5000000000
121181  27.818  -24.427  -48.933 0.4000000060
52492  26.630  -24.349  -48.713 0.6000000238
52493  25.460  -23.723  -48.401 0.6000000238
123356  24.850  -22.586  -48.052 0.4000000060
52491  28.706  -24.376  -49.096 0.4000000060
129487  28.191  -23.881  -49.272 0.4000000060
55595  25.355  -22.049  -47.853 0.4000000060
53531  27.404  -23.704  -49.132 0.4000000060
53533  25.562  -22.779  -48.407 0.4000000060
52490  29.529  -24.218  -49.232 0.4000000060
54552  26.398  -22.421  -48.816 0.4000000060
115782  28.809  -22.992  -47.428 0.4000000060
53495  27.063  -23.156  -47.379 0.4000000060
55618  25.340  -21.847  -48.046 0.4000000060
54550  29.014  -22.954  -49.650 0.4000000060
131970  27.124  -22.990  -49.172 0.4000000060
54551  27.179  -22.200  -49.242 0.4000000060
55634  26.412  -21.457  -48.718 0.4000000060
54518  27.905  -22.588  -47.458 0.4000000060
127986  27.551  -21.455  -47.657 0.4000000060
54519  26.748  -22.071  -47.547 0.4000000060
128410  28.140  -22.161  -49.533 0.3000000119
55616  26.765  -20.825  -48.733 0.4000000060
55606  25.637  -21.606  -48.044 0.4000000060
134063  28.487  -21.359  -47.665 0.4000000060
117235  27.036  -20.786  -48.117 0.4000000060
35128  31.494  -41.185  -53.542 0.8000000119
35117  31.602  -41.333  -52.880 0.8999999762
35105  31.870  -41.233  -52.035 0.8999999762
34081  32.414  -41.902  -52.443 0.8999999762
35065  35.763  -41.590  -47.392 0.8999999762
36072  35.394  -40.860  -47.207 1.0000000000
34070  34.263  -42.378  -50.755 0.8999999762
36073  34.677  -40.473  -47.602 1.0000000000
34071  33.528  -41.870  -51.182 0.8999999762
35086  34.477  -41.645  -49.555 0.8999999762
119962  33.782  -41.033  -49.974 0.8999999762
35096  32.480  -41.098  -51.256 0.8999999762
36096  33.265  -40.422  -49.528 0.8999999762
52446  25.826  -24.376  -47.168 0.4000000060
53497  25.265  -23.565  -47.550 0.4000000060
52444  28.479  -24.285  -47.034 0.4000000060
28921  34.889  -47.770  -44.082 0.8999999762
28956  36.357  -47.624  -46.219 1.0000000000
27991  34.449  -48.222  -49.766 0.8000000119
29965  32.372  -46.861  -43.608 0.8999999762
29974  36.309  -46.289  -44.390 1.0000000000
30033  35.104  -47.059  -50.140 0.8000000119
31964  35.629  -44.799  -43.167 0.8999999762
32024  36.328  -44.164  -48.376 0.8999999762
31085  35.662  -45.523  -49.685 0.8000000119
32051  34.594  -44.615  -51.386 0.8000000119
122262  34.246  -44.793  -51.904 0.8000000119
114311  36.646  -43.659  -45.562 1.0000000000
33042  34.724  -44.007  -51.106 0.8999999762
33051  33.930  -43.362  -51.858 0.8000000119
34053  36.233  -42.755  -47.735 0.8999999762
35095  33.404  -41.247  -50.650 0.8999999762
32958  33.467  -43.466  -42.530 0.8999999762
33992  32.730  -42.751  -42.413 1.0000000000
35006  28.737  -41.471  -42.550 0.6000000238
35008  27.162  -41.186  -42.913 0.4000000060
35064  36.260  -41.953  -46.892 1.0000000000
35066  35.105  -41.195  -47.911 0.8999999762
36158  31.527  -41.234  -54.079 0.6999999881
33977  34.253  -42.021  -41.789 0.8999999762
36124  31.284  -40.240  -51.952 0.8999999762
36005  31.887  -40.628  -41.328 0.6999999881
36016  27.623  -40.418  -42.447 0.4000000060
36108  32.884  -40.636  -50.404 0.8999999762
37118  30.599  -39.325  -50.865 0.8999999762
37117  34.224  -39.120  -51.173 0.6999999881
36003  33.482  -40.691  -41.096 0.8000000119
120749  35.218  -41.058  -41.651 0.8999999762
37045  34.953  -39.156  -46.036 1.0000000000
35087  34.063  -40.929  -49.116 0.8999999762
36085  32.735  -39.859  -49.038 0.8999999762
123618  30.369  -39.229  -50.137 0.8999999762
36981  30.480  -38.991  -40.843 0.5000000000
37915  36.000  -38.771  -40.997 0.6999999881
38959  36.592  -38.016  -42.202 0.8000000119
37963  36.593  -38.599  -43.332 0.8999999762
38925  33.118  -38.329  -39.636 0.6000000238
129012  36.295  -38.116  -41.052 0.6999999881
125155  36.596  -37.268  -42.408 0.6999999881
39986  36.551  -36.423  -42.650 0.6999999881
38926  32.386  -38.071  -39.648 0.6000000238
37920  30.874  -38.439  -40.423 0.5000000000
39974  36.585  -36.654  -41.811 0.6999999881
40019  34.574  -36.669  -45.062 0.8999999762
38904  32.228  -37.169  -39.478 0.5000000000
41039  36.151  -35.356  -43.560 0.8000000119
123853  28.969  -37.243  -47.675 0.8999999762
126026  34.758  -36.051  -39.095 0.6000000238
125760  33.939  -36.143  -38.927 0.5000000000
42125  32.008  -34.854  -45.567 0.8999999762
127616  33.168  -34.041  -45.285 0.8000000119
125465  36.023  -34.827  -39.670 0.6999999881
43135  36.245  -33.055  -43.517 0.6999999881
44178  35.122  -32.612  -44.444 0.8000000119
42127  30.271  -34.854  -46.070 0.8999999762
43197  29.755  -33.873  -48.574 0.8000000119
45199  36.435  -31.656  -43.160 0.6999999881
45207  33.068  -31.298  -45.066 0.8000000119
129919  27.856  -33.872  -47.168 0.8999999762
45191  36.566  -31.842  -42.431 0.6999999881
44212  29.528  -32.370  -46.452 0.8999999762
45184  36.564  -31.336  -41.690 0.6000000238
45245  26.199  -30.990  -48.695 0.6999999881
45281  26.794  -31.512  -49.205 0.6000000238
46210  26.504  -30.000  -47.740 0.8000000119
48303  25.664  -28.762  -48.149 0.6000000238
118565  27.616  -28.304  -46.563 0.6999999881
47237  27.269  -29.133  -48.814 0.6000000238
136159  27.919  -28.379  -48.360 0.6000000238
132442  24.994  -24.985  -47.377 0.6000000238
53494  28.132  -23.544  -47.345 0.4000000060
54520  25.831  -22.656  -47.566 0.4000000060
55593  29.289  -21.670  -47.587 0.4000000060
55633  27.187  -21.181  -49.233 0.4000000060
116183  32.700  -41.708  -51.756 0.8999999762
20322  29.039  -56.175  -44.848 0.4000000060
21322  28.794  -55.782  -44.149 0.4000000060
21311  28.383  -55.234  -43.438 0.4000000060
22328  30.839  -54.750  -45.582 0.4000000060
22320  29.110  -55.019  -44.020 0.4000000060
22307  28.554  -54.343  -43.544 0.4000000060
22327  31.371  -54.269  -45.874 0.3000000119
22319  29.838  -54.753  -44.523 0.4000000060
23305  31.728  -53.323  -46.679 0.4000000060
24342  31.661  -52.714  -47.400 0.4000000060
25280  31.548  -51.622  -48.537 0.4000000060
114229  31.343  -51.384  -49.219 0.4000000060
23258  29.425  -53.457  -43.939 0.5000000000
23259  28.751  -53.510  -43.712 0.4000000060
23271  30.813  -53.679  -44.840 0.4000000060
23272  30.079  -53.825  -44.352 0.4000000060
121262  31.900  -52.545  -46.654 0.5000000000
25266  32.017  -51.875  -47.214 0.4000000060
118496  31.918  -51.544  -47.993 0.4000000060
25279  32.048  -51.080  -48.524 0.5000000000
26164  32.466  -50.124  -49.773 0.5000000000
27051  32.710  -49.544  -50.347 0.6000000238
26172  32.190  -50.053  -50.615 0.5000000000
121882  31.878  -49.942  -51.237 0.6000000238
27065  31.829  -49.439  -51.782 0.4000000060
24282  29.893  -52.944  -44.050 0.5000000000
24259  29.095  -52.821  -43.804 0.5000000000
24260  28.277  -52.779  -43.781 0.5000000000
24261  27.342  -52.688  -43.910 0.5000000000
24280  31.101  -52.818  -44.668 0.6000000238
124826  30.524  -53.102  -44.415 0.6000000238
24299  31.530  -52.556  -45.089 0.5000000000
25227  31.971  -51.915  -45.288 0.6000000238
25247  32.127  -51.950  -46.186 0.5000000000
25246  32.424  -51.436  -46.632 0.5000000000
26156  32.675  -50.638  -48.001 0.4000000060
114723  32.514  -50.430  -48.856 0.6000000238
130029  32.990  -49.606  -49.739 0.6000000238
27050  33.250  -49.144  -50.123 0.6000000238
131333  32.934  -49.017  -50.694 0.6000000238
28021  33.279  -47.827  -51.704 0.6000000238
133967  33.372  -47.290  -52.112 0.6000000238
114352  32.425  -49.370  -51.115 0.6000000238
27064  32.331  -48.897  -51.787 0.6000000238
28022  32.597  -48.257  -52.196 0.6000000238
119496  32.617  -46.956  -53.222 0.6000000238
129931  29.631  -52.198  -43.740 0.5000000000
25193  28.738  -52.090  -43.769 0.5000000000
24283  27.968  -52.045  -43.991 0.5000000000
24284  27.345  -51.804  -44.264 0.5000000000
131245  31.492  -51.796  -44.396 0.6000000238
24281  30.623  -52.307  -44.029 0.6000000238
25226  32.516  -51.249  -45.721 0.6000000238
25213  32.236  -51.210  -44.783 0.6000000238
26119  32.796  -50.951  -46.586 0.5000000000
26106  33.246  -50.567  -45.791 0.6000000238
26140  33.340  -50.380  -47.542 0.6000000238
26155  33.122  -50.189  -48.332 0.6000000238
28007  33.960  -48.153  -50.350 0.6000000238
29049  32.893  -47.476  -52.468 0.6000000238
30073  32.852  -46.133  -53.227 0.6999999881
114172  29.269  -51.421  -43.568 0.6000000238
25194  28.320  -51.297  -43.767 0.5000000000
25214  27.546  -50.979  -44.167 0.5000000000
26096  31.858  -50.858  -44.111 0.6000000238
25192  30.946  -51.572  -43.801 0.6000000238
24258  30.213  -51.550  -43.612 0.6000000238
26097  27.526  -50.094  -43.955 0.5000000000
26098  26.856  -50.243  -44.457 0.5000000000
26993  34.113  -50.073  -47.047 0.6000000238
31119  33.543  -45.834  -52.628 0.6999999881
26080  29.875  -50.767  -43.382 0.6000000238
26081  28.964  -50.571  -43.424 0.6000000238
26082  28.131  -50.337  -43.637 0.6000000238
26078  31.341  -50.346  -43.590 0.6000000238
26942  29.601  -49.914  -43.199 0.6000000238
26943  28.735  -49.665  -43.320 0.6000000238
26944  27.893  -49.401  -43.603 0.6000000238
26961  27.275  -49.430  -44.084 0.6000000238
26940  31.658  -49.652  -43.526 0.6000000238
26962  26.627  -49.222  -44.524 0.5000000000
26095  32.513  -50.516  -44.483 0.6000000238
27911  26.580  -48.410  -44.733 0.6000000238
31120  32.976  -45.230  -53.243 0.6999999881
114907  30.997  -49.560  -43.316 0.6000000238
27895  28.548  -48.769  -43.379 0.6000000238
130221  31.487  -49.014  -43.329 0.6000000238
135046  30.796  -48.938  -43.212 0.6000000238
27894  29.430  -49.025  -43.122 0.6000000238
27896  27.819  -48.578  -43.700 0.6000000238
27910  27.212  -48.611  -44.180 0.6000000238
26077  32.121  -50.098  -43.849 0.6000000238
128980  27.608  -47.374  -44.530 0.6000000238
26960  33.597  -49.631  -44.644 0.6000000238
26974  34.790  -49.320  -45.546 0.6000000238
32059  33.127  -44.190  -53.161 0.6999999881
33058  32.656  -43.188  -53.290 0.6999999881
124857  32.336  -49.264  -43.623 0.6000000238
122468  30.196  -48.554  -43.227 0.6999999881
28906  29.322  -48.038  -43.414 0.6999999881
26938  33.217  -49.177  -44.000 0.6000000238
34094  32.078  -42.265  -53.329 0.6999999881
120508  31.096  -48.226  -43.331 0.6999999881
120863  32.891  -48.514  -43.632 0.6999999881
27893  32.033  -48.396  -43.433 0.6999999881
28905  30.340  -47.644  -43.464 0.6999999881
29968  29.692  -46.965  -43.792 0.6999999881
28907  28.351  -47.948  -43.647 0.6000000238
29969  28.856  -47.308  -43.791 0.6999999881
131155  29.074  -46.578  -44.611 0.6000000238
29977  28.054  -46.741  -44.913 0.5000000000
28903  32.634  -47.720  -43.530 0.6999999881
28904  31.790  -47.560  -43.514 0.6999999881
29967  30.764  -46.599  -43.863 0.6999999881
29987  28.009  -46.454  -45.903 0.5000000000
29976  30.253  -46.116  -44.734 0.6999999881
29985  30.014  -45.828  -45.753 0.6000000238
46197  31.217  -30.932  -45.615 0.6999999881
45205  34.544  -31.417  -44.533 0.6999999881
45206  33.838  -31.918  -44.889 0.6999999881
119130  35.322  -30.888  -44.072 0.6000000238
46196  32.149  -31.086  -45.356 0.6999999881
118327  30.548  -31.167  -45.982 0.6999999881
46206  29.982  -30.923  -46.276 0.6999999881
46190  34.297  -30.604  -44.416 0.6000000238
115488  33.824  -31.165  -44.717 0.6999999881
46192  32.625  -30.429  -44.926 0.6999999881
46171  36.298  -30.064  -42.855 0.6000000238
46198  30.499  -30.493  -45.813 0.6999999881
47177  29.484  -29.524  -46.049 0.6999999881
46182  35.650  -30.078  -43.493 0.6000000238
46183  34.794  -29.944  -43.973 0.6000000238
47165  33.773  -29.724  -44.265 0.6000000238
124365  33.007  -29.881  -44.554 0.6999999881
46193  31.817  -30.232  -45.210 0.6999999881
47175  31.033  -29.968  -45.396 0.6999999881
47170  30.026  -28.872  -45.476 0.6999999881
48237  29.310  -28.652  -45.751 0.6999999881
47158  35.176  -29.421  -43.501 0.6000000238
47159  34.340  -29.056  -43.706 0.5000000000
47166  32.989  -29.199  -44.300 0.6000000238
48222  32.392  -28.636  -44.383 0.5000000000
47168  31.496  -29.468  -45.002 0.6999999881
125048  30.430  -27.841  -45.073 0.6999999881
135921  29.136  -28.055  -45.618 0.6999999881
128883  31.734  -23.491  -49.384 0.3000000119
52488  31.108  -23.747  -49.332 0.3000000119
53530  28.891  -23.710  -49.459 0.3000000119
20323  28.438  -56.502  -44.266 0.4000000060
20312  28.140  -56.034  -43.510 0.3000000119
20313  27.568  -56.311  -42.941 0.4000000060
21327  30.442  -55.298  -45.866 0.3000000119
21312  27.625  -55.504  -42.965 0.4000000060
23323  31.403  -53.605  -47.464 0.4000000060
22308  27.619  -54.521  -43.119 0.4000000060
24343  31.153  -52.891  -48.170 0.4000000060
25281  30.896  -52.091  -48.835 0.4000000060
116591  31.844  -50.526  -50.176 0.5000000000
26186  31.177  -50.113  -51.733 0.4000000060
23261  26.977  -53.622  -43.424 0.4000000060
28030  31.779  -48.797  -52.573 0.5000000000
24285  26.597  -52.167  -44.413 0.5000000000
131620  32.214  -46.402  -53.794 0.6000000238
119631  26.772  -51.286  -44.589 0.5000000000
118600  26.263  -50.769  -44.872 0.5000000000
30083  32.023  -45.583  -54.040 0.6000000238
26107  26.012  -49.838  -44.961 0.5000000000
26975  26.089  -48.936  -44.916 0.4000000060
31131  32.171  -44.658  -53.866 0.6999999881
129439  26.693  -47.799  -45.100 0.5000000000
33059  31.932  -43.010  -53.894 0.6999999881
120521  27.284  -47.194  -45.210 0.5000000000
34101  31.615  -42.472  -54.179 0.8000000119
35136  31.475  -41.745  -54.078 0.6999999881
30000  27.947  -46.212  -47.013 0.5000000000
29998  29.794  -45.335  -46.513 0.6000000238
127207  36.457  -34.084  -40.160 0.6000000238
48211  35.170  -28.737  -43.211 0.5000000000
48212  34.502  -28.214  -43.431 0.5000000000
49237  33.354  -27.893  -43.932 0.5000000000
132251  31.370  -27.691  -44.706 0.5000000000
49240  30.898  -27.624  -44.895 0.5000000000
50300  29.583  -26.989  -45.520 0.5000000000
53525  32.954  -23.110  -49.748 0.3000000119
53527  31.305  -23.120  -49.683 0.3000000119
54549  29.915  -22.814  -49.716 0.3000000119
115645  33.984  -49.904  -45.453 0.6000000238
127735  33.910  -50.215  -46.235 0.6000000238
31021  31.450  -46.040  -44.100 0.8000000119
34093  32.811  -42.628  -52.710 0.6999999881
46207  29.211  -30.550  -46.514 0.6999999881
132978  29.318  -27.539  -45.557 0.6000000238
53529  29.736  -23.533  -49.546 0.3000000119
35135  31.669  -41.750  -54.504 0.6999999881
46191  33.425  -30.527  -44.656 0.6999999881
21321  29.497  -55.498  -44.705 0.4000000060
23285  31.038  -54.173  -45.317 0.4000000060
22341  31.031  -54.859  -46.276 0.3000000119
127800  31.768  -52.806  -45.879 0.5000000000
23260  27.909  -53.531  -43.502 0.5000000000
26173  31.154  -51.018  -50.176 0.3000000119
114251  31.286  -49.493  -52.338 0.4000000060
23273  26.380  -53.009  -43.941 0.5000000000
46199  29.907  -30.203  -46.096 0.6999999881
47167  32.270  -29.528  -44.690 0.6999999881
47160  33.548  -28.958  -44.007 0.5000000000
121401  30.445  -28.378  -45.140 0.6999999881
48224  29.795  -28.117  -45.370 0.6999999881
48213  33.752  -28.374  -43.783 0.5000000000
48221  33.082  -28.460  -44.096 0.5000000000
122447  31.610  -28.803  -44.686 0.5000000000
48223  31.035  -28.196  -44.771 0.5000000000
50299  30.428  -27.168  -45.241 0.5000000000
49241  29.927  -27.532  -45.331 0.6999999881
48205  35.199  -27.952  -42.886 0.5000000000
49238  32.655  -27.776  -44.283 0.5000000000
50313  30.866  -26.530  -45.450 0.5000000000
33069  31.718  -43.482  -54.473 0.6000000238
34112  31.652  -42.399  -54.568 0.6000000238
35133  33.610  -41.617  -54.458 0.5000000000
34123  31.825  -42.387  -55.012 0.6000000238
36157  31.998  -40.970  -54.479 0.6000000238
35125  35.000  -41.923  -53.051 0.5000000000
35126  34.141  -41.594  -53.781 0.5000000000
36156  32.765  -40.766  -54.248 0.6000000238
135844  29.309  -44.258  -45.777 0.5000000000
36150  32.291  -40.318  -53.975 0.6000000238
35115  35.415  -41.433  -52.383 0.5000000000
35116  34.526  -41.129  -52.920 0.5000000000
35103  35.929  -41.011  -51.755 0.5000000000
32975  28.384  -43.452  -44.613 0.4000000060
32991  27.376  -43.758  -45.698 0.4000000060
32976  27.510  -43.386  -44.849 0.4000000060
35104  34.935  -40.678  -52.206 0.5000000000
36119  37.323  -40.481  -51.258 0.5000000000
36121  35.439  -40.319  -51.498 0.5000000000
115636  26.859  -42.797  -44.365 0.4000000060
36107  36.761  -39.941  -50.835 0.5000000000
36120  36.416  -40.521  -51.261 0.5000000000
34004  26.339  -42.167  -43.962 0.4000000060
37001  29.855  -39.172  -41.175 0.4000000060
37002  29.006  -39.372  -41.494 0.4000000060
37003  28.105  -39.093  -41.692 0.4000000060
37011  27.578  -39.511  -42.130 0.3000000119
39936  32.954  -36.421  -39.099 0.4000000060
39937  31.946  -36.273  -39.389 0.4000000060
37921  29.962  -38.354  -40.754 0.4000000060
40963  32.374  -35.524  -39.114 0.4000000060
38928  30.465  -37.677  -40.273 0.4000000060
37942  29.306  -38.668  -41.151 0.4000000060
124661  30.060  -36.943  -40.264 0.4000000060
119258  29.762  -37.575  -40.539 0.4000000060
37943  28.579  -38.515  -41.355 0.4000000060
37944  27.798  -38.356  -41.611 0.4000000060
38927  31.412  -37.724  -39.842 0.4000000060
133359  31.495  -36.887  -39.626 0.4000000060
40962  33.327  -35.485  -38.847 0.4000000060
40964  31.525  -35.483  -39.432 0.4000000060
39938  31.129  -36.218  -39.655 0.4000000060
38905  30.806  -36.965  -39.878 0.4000000060
39952  30.389  -36.217  -39.986 0.4000000060
39953  29.648  -36.235  -40.307 0.4000000060
38947  29.066  -37.870  -40.886 0.4000000060
40974  30.027  -35.503  -40.106 0.4000000060
39954  28.890  -36.325  -40.587 0.4000000060
38948  28.233  -37.737  -41.283 0.4000000060
40973  35.371  -35.528  -39.333 0.4000000060
121304  32.785  -34.773  -38.854 0.4000000060
122531  31.935  -34.755  -39.226 0.4000000060
42037  34.971  -34.596  -39.099 0.4000000060
40961  34.358  -35.413  -38.900 0.4000000060
124835  33.189  -34.096  -38.730 0.4000000060
125140  31.534  -33.978  -39.291 0.4000000060
42028  31.078  -34.738  -39.495 0.4000000060
40965  30.736  -35.485  -39.734 0.4000000060
42038  29.778  -34.898  -40.198 0.4000000060
40975  29.250  -35.437  -40.413 0.4000000060
42036  35.753  -33.959  -39.579 0.5000000000
127502  34.984  -33.786  -39.151 0.5000000000
126781  34.148  -33.974  -38.811 0.4000000060
43093  32.756  -33.575  -38.779 0.4000000060
123940  32.356  -34.088  -38.998 0.4000000060
42029  30.349  -34.814  -39.862 0.4000000060
43104  35.398  -33.182  -39.446 0.5000000000
43092  33.495  -33.417  -38.715 0.4000000060
43094  32.097  -33.350  -39.091 0.4000000060
44143  34.847  -32.411  -39.172 0.4000000060
121368  33.796  -32.700  -38.730 0.4000000060
44132  32.822  -32.881  -38.720 0.4000000060
44133  31.997  -32.567  -39.026 0.4000000060
45156  34.018  -31.178  -38.733 0.4000000060
46131  33.309  -30.614  -38.592 0.4000000060
45157  33.051  -31.586  -38.618 0.4000000060
118098  32.442  -31.009  -38.651 0.4000000060
126468  36.371  -32.554  -40.501 0.5000000000
119817  35.686  -31.029  -39.745 0.5000000000
45172  34.811  -31.531  -39.185 0.4000000060
46132  32.461  -30.227  -38.576 0.3000000119
132339  33.221  -32.277  -38.648 0.4000000060
45158  31.992  -31.702  -38.834 0.4000000060
122228  33.956  -31.957  -38.756 0.4000000060
45171  36.146  -31.775  -40.164 0.5000000000
46148  35.425  -30.284  -39.628 0.5000000000
132014  34.180  -30.472  -38.810 0.4000000060
120133  33.872  -29.836  -38.736 0.4000000060
47103  32.575  -29.353  -38.628 0.3000000119
46146  36.418  -30.920  -40.724 0.5000000000
46130  34.770  -29.851  -39.305 0.4000000060
47101  34.263  -29.057  -39.205 0.4000000060
47102  33.390  -29.146  -38.758 0.4000000060
117206  33.128  -29.835  -38.556 0.3000000119
48157  31.939  -28.790  -38.783 0.3000000119
47104  31.782  -29.702  -38.675 0.3000000119
47121  36.120  -29.183  -40.418 0.5000000000
130855  36.577  -29.770  -41.634 0.5000000000
47122  35.245  -28.875  -39.722 0.3000000119
48155  33.638  -28.353  -39.204 0.4000000060
48156  32.796  -28.566  -38.872 0.3000000119
48158  31.038  -28.198  -38.829 0.3000000119
47120  36.550  -29.907  -40.949 0.4000000060
47137  36.540  -29.114  -41.255 0.4000000060
47147  36.365  -29.299  -42.168 0.4000000060
47148  35.806  -29.354  -42.969 0.4000000060
48154  34.546  -28.366  -39.487 0.3000000119
134294  32.993  -28.086  -39.148 0.3000000119
135997  32.277  -27.838  -39.176 0.3000000119
49182  30.022  -27.611  -38.741 0.3000000119
49191  31.457  -27.447  -39.216 0.3000000119
132487  30.207  -26.688  -39.208 0.3000000119
48171  36.382  -28.464  -40.911 0.3000000119
48190  36.230  -28.315  -41.562 0.3000000119
48204  35.791  -28.550  -42.487 0.4000000060
50296  33.582  -27.142  -44.153 0.4000000060
123693  31.824  -28.079  -44.501 0.4000000060
48173  35.144  -27.894  -39.852 0.3000000119
48172  35.815  -28.259  -40.410 0.3000000119
49206  35.898  -27.399  -41.352 0.3000000119
49215  35.232  -27.102  -42.662 0.3000000119
50278  34.911  -26.656  -43.270 0.3000000119
49223  34.709  -27.447  -43.312 0.4000000060
50279  34.328  -27.040  -43.703 0.4000000060
50297  32.675  -26.797  -44.682 0.4000000060
49239  31.919  -27.388  -44.643 0.4000000060
122744  31.249  -27.120  -44.971 0.4000000060
49198  36.197  -27.894  -40.941 0.3000000119
50295  34.447  -26.276  -43.952 0.3000000119
116572  33.621  -26.241  -44.601 0.4000000060
114827  33.015  -26.037  -45.080 0.4000000060
126109  31.892  -26.810  -44.938 0.4000000060
52424  31.200  -25.301  -46.137 0.4000000060
51376  30.611  -25.880  -45.923 0.4000000060
51377  29.817  -25.751  -46.208 0.4000000060
115182  29.172  -26.314  -46.020 0.5000000000
120009  35.097  -25.830  -43.181 0.3000000119
51365  34.243  -25.532  -44.407 0.3000000119
51366  33.605  -25.485  -45.000 0.4000000060
51374  32.885  -25.368  -45.440 0.4000000060
114940  32.037  -25.314  -45.808 0.4000000060
119474  31.769  -24.612  -46.294 0.3000000119
135049  30.971  -24.700  -46.437 0.4000000060
52426  29.642  -24.967  -46.526 0.3000000119
51378  29.003  -25.469  -46.411 0.3000000119
115868  28.387  -25.915  -46.343 0.4000000060
52427  28.923  -24.781  -46.659 0.3000000119
51358  34.772  -25.351  -43.706 0.3000000119
115529  34.157  -24.828  -44.706 0.3000000119
51373  33.583  -24.694  -45.310 0.3000000119
52423  32.815  -24.480  -45.912 0.3000000119
52441  32.293  -23.814  -46.407 0.3000000119
52442  31.202  -23.944  -46.635 0.3000000119
116430  30.315  -24.430  -46.634 0.3000000119
52443  29.450  -24.186  -46.916 0.3000000119
117280  30.317  -23.659  -46.991 0.3000000119
52411  34.478  -24.252  -44.142 0.3000000119
52440  33.234  -23.485  -46.055 0.3000000119
53490  32.574  -23.024  -46.519 0.3000000119
53491  31.786  -23.320  -46.691 0.3000000119
53492  31.103  -23.134  -47.022 0.3000000119
116552  30.301  -22.811  -47.328 0.3000000119
53493  29.552  -23.342  -47.290 0.3000000119
54517  29.481  -22.504  -47.461 0.3000000119
56595  29.839  -21.085  -47.711 0.3000000119
43103  36.211  -33.255  -39.961 0.5000000000
32060  32.156  -43.807  -53.837 0.6000000238
32081  31.459  -44.159  -54.909 0.5000000000
33095  31.686  -42.941  -54.984 0.5000000000
34110  33.256  -41.951  -55.009 0.5000000000
34122  32.627  -42.497  -55.314 0.5000000000
119450  35.933  -42.186  -52.480 0.5000000000
34100  34.654  -42.471  -53.774 0.5000000000
34109  33.968  -42.213  -54.555 0.5000000000
31029  30.473  -45.383  -45.512 0.6000000238
31043  30.223  -45.224  -46.154 0.6000000238
128955  29.965  -44.617  -45.955 0.6000000238
31992  29.419  -44.604  -46.417 0.5000000000
32003  29.176  -44.919  -47.159 0.5000000000
31993  28.319  -44.324  -46.459 0.5000000000
33002  27.229  -44.067  -46.583 0.5000000000
32977  26.595  -43.227  -45.103 0.4000000060
34011  26.018  -42.577  -44.684 0.4000000060
35027  25.514  -41.873  -44.357 0.4000000060
37019  26.285  -39.714  -42.769 0.3000000119
37012  26.901  -39.078  -42.313 0.3000000119
125324  27.478  -38.880  -41.919 0.4000000060
39975  28.183  -36.448  -40.968 0.4000000060
40976  28.434  -35.709  -40.702 0.4000000060
42039  29.250  -34.448  -40.368 0.4000000060
43096  30.554  -33.943  -39.600 0.4000000060
43095  31.208  -33.029  -39.337 0.4000000060
44134  30.179  -32.977  -39.614 0.4000000060
128415  31.392  -32.189  -39.228 0.4000000060
46133  31.618  -30.710  -38.827 0.4000000060
47089  31.219  -29.164  -38.720 0.3000000119
47090  30.346  -29.183  -38.622 0.3000000119
35114  36.397  -41.665  -52.056 0.5000000000
36024  26.062  -40.613  -43.206 0.4000000060
40997  27.843  -35.901  -41.063 0.4000000060
114231  28.629  -35.002  -40.571 0.4000000060
35018  25.927  -41.387  -43.634 0.4000000060
35127  33.449  -41.058  -54.086 0.5000000000
45170  36.497  -31.869  -41.012 0.5000000000
49224  34.002  -27.683  -43.689 0.4000000060
50314  30.055  -26.457  -45.679 0.4000000060
51375  31.391  -25.946  -45.642 0.4000000060
121387  29.318  -37.010  -40.543 0.4000000060
38929  28.583  -37.090  -40.890 0.4000000060
42027  33.782  -34.718  -38.771 0.4000000060
42030  29.929  -34.355  -40.018 0.4000000060
43091  34.457  -33.237  -38.941 0.4000000060
134144  32.586  -32.215  -38.722 0.4000000060
132612  35.512  -31.839  -39.605 0.5000000000
44142  35.823  -32.493  -39.777 0.5000000000
46147  36.076  -30.152  -40.172 0.5000000000
116284  35.575  -29.659  -39.806 0.4000000060
49214  35.691  -27.681  -42.137 0.3000000119
49199  35.608  -27.353  -40.591 0.3000000119
51367  32.222  -26.132  -45.308 0.4000000060
52425  30.422  -25.190  -46.358 0.4000000060
131505  34.560  -24.904  -44.121 0.3000000119
52422  33.603  -23.952  -45.536 0.3000000119
55592  30.169  -21.947  -47.503 0.3000000119
27924  26.177  -48.296  -45.514 0.4000000060
28937  26.711  -47.500  -45.844 0.4000000060
28958  27.002  -47.083  -46.807 0.4000000060
28936  27.321  -46.881  -46.100 0.4000000060
30074  31.816  -47.016  -54.045 0.5000000000
31055  29.401  -45.107  -46.963 0.5000000000
30010  28.814  -45.227  -47.499 0.3000000119
125390  31.258  -45.579  -54.818 0.5000000000
122838  31.098  -46.783  -54.837 0.5000000000
32002  29.689  -44.997  -46.781 0.5000000000
30092  31.126  -46.188  -55.096 0.5000000000
31144  31.297  -45.163  -55.100 0.3000000119
32072  31.716  -44.215  -54.464 0.5000000000
121033  31.278  -44.827  -55.011 0.4000000060
32089  31.460  -44.505  -55.097 0.4000000060
31143  32.345  -45.715  -55.670 0.3000000119
32092  31.887  -45.010  -55.441 0.3000000119
122917  32.777  -45.025  -55.637 0.3000000119
32088  32.209  -44.110  -55.420 0.3000000119
32086  33.951  -44.544  -55.069 0.3000000119
32087  33.237  -44.279  -55.511 0.3000000119
33093  32.897  -43.335  -55.505 0.4000000060
33094  32.020  -43.103  -55.302 0.4000000060
32992  26.399  -43.544  -45.955 0.3000000119
33068  35.182  -43.271  -53.661 0.4000000060
122271  34.339  -44.033  -54.625 0.4000000060
33092  33.732  -43.644  -55.197 0.4000000060
34025  25.725  -42.946  -45.492 0.3000000119
121618  27.397  -37.521  -41.632 0.3000000119
125451  27.971  -37.069  -41.233 0.3000000119
39976  27.492  -36.517  -41.408 0.3000000119
42040  28.334  -34.307  -40.592 0.3000000119
43105  29.697  -33.679  -40.026 0.3000000119
44144  29.324  -32.833  -40.048 0.3000000119
43106  28.870  -33.554  -40.393 0.3000000119
43107  27.914  -33.504  -40.651 0.3000000119
136424  27.420  -33.760  -40.939 0.3000000119
121659  30.639  -32.198  -39.462 0.3000000119
118735  29.768  -32.134  -39.684 0.3000000119
45159  31.103  -31.479  -39.251 0.3000000119
45160  30.228  -31.418  -39.480 0.3000000119
45161  29.383  -31.357  -39.699 0.3000000119
115795  29.816  -30.718  -39.411 0.3000000119
46134  30.677  -30.721  -39.200 0.3000000119
47091  29.492  -29.565  -38.697 0.3000000119
29050  32.090  -47.844  -53.261 0.5000000000
33080  34.354  -43.175  -54.456 0.4000000060
32014  28.660  -45.025  -47.772 0.3000000119
32004  28.232  -44.629  -47.379 0.3000000119
23262  26.085  -53.787  -43.512 0.4000000060
22321  25.292  -53.938  -43.713 0.4000000060
23274  25.664  -53.318  -43.989 0.4000000060
23286  24.421  -52.982  -45.099 0.4000000060
24301  24.686  -52.162  -45.462 0.3000000119
24286  25.677  -52.565  -44.484 0.4000000060
24300  25.292  -52.063  -45.002 0.4000000060
25229  25.232  -51.476  -45.428 0.4000000060
114996  31.492  -50.444  -50.838 0.3000000119
25215  25.924  -51.603  -44.870 0.4000000060
26109  25.069  -50.742  -45.879 0.3000000119
26108  25.397  -49.966  -45.694 0.3000000119
25228  25.697  -50.784  -45.320 0.4000000060
27944  25.579  -48.525  -47.096 0.3000000119
26994  25.189  -49.220  -46.389 0.3000000119
27925  25.700  -48.581  -46.191 0.3000000119
133430  26.222  -47.880  -46.657 0.3000000119
22322  24.596  -54.163  -44.061 0.4000000060
23275  24.951  -53.311  -44.361 0.4000000060
115701  26.643  -47.333  -47.487 0.3000000119
22309  26.628  -54.437  -43.048 0.3000000119
27963  26.092  -47.914  -47.812 0.3000000119
20304  27.119  -56.688  -42.654 0.4000000060
21328  29.675  -55.769  -45.471 0.3000000119
22306  29.322  -54.178  -43.958 0.5000000000
22310  25.739  -54.529  -43.216 0.4000000060
22318  30.520  -54.441  -44.950 0.4000000060
22329  30.212  -55.150  -45.175 0.4000000060
22340  31.447  -54.226  -46.684 0.3000000119
23284  31.358  -53.471  -45.384 0.4000000060
24287  24.970  -52.579  -44.818 0.4000000060
24356  31.548  -52.091  -48.063 0.4000000060
25191  31.314  -51.121  -43.849 0.6000000238
25265  32.395  -51.162  -47.482 0.4000000060
26079  30.719  -50.929  -43.563 0.6000000238
26094  33.197  -50.253  -44.930 0.6000000238
26118  33.403  -50.537  -46.727 0.5000000000
26141  32.898  -50.743  -47.278 0.6000000238
26165  31.902  -50.785  -49.462 0.4000000060
26939  32.838  -49.842  -44.244 0.6000000238
26941  30.460  -50.153  -43.311 0.6000000238
26976  25.682  -49.114  -45.501 0.4000000060
27017  33.797  -49.965  -47.927 0.8000000119
27029  34.160  -49.495  -48.444 0.6999999881
27030  33.512  -49.790  -48.603 0.6000000238
27041  33.002  -49.896  -49.085 0.6000000238
27923  34.923  -48.884  -44.995 0.8000000119
27978  35.592  -48.369  -47.734 0.8999999762
28008  33.418  -48.505  -50.631 0.6000000238
28009  32.901  -48.572  -51.298 0.6000000238
28908  27.648  -47.902  -44.037 0.6000000238
28919  36.290  -46.926  -44.737 1.0000000000
28922  28.208  -47.265  -44.167 0.6999999881
28923  27.109  -47.842  -44.572 0.6000000238
29009  35.041  -47.648  -49.657 0.8000000119
29048  33.335  -46.730  -52.504 0.6999999881
29986  29.122  -46.164  -45.871 0.5000000000
29997  36.608  -46.731  -46.098 1.0000000000
29999  29.003  -45.677  -46.759 0.6000000238
30009  36.577  -46.462  -47.014 1.0000000000
30059  33.889  -46.313  -52.092 0.8000000119
30084  31.447  -46.208  -54.536 0.5000000000
31015  36.366  -45.364  -43.958 0.8999999762
31094  35.345  -45.448  -50.347 0.8000000119
31132  31.412  -44.894  -54.717 0.5000000000
31138  31.218  -45.364  -55.043 0.5000000000
31968  31.548  -44.524  -43.880 0.8000000119
31991  30.080  -44.982  -46.443 0.5000000000
32025  35.941  -44.352  -49.185 0.8999999762
32042  35.040  -44.842  -50.847 0.8000000119
32973  36.604  -43.190  -44.314 1.0000000000
32990  28.507  -43.932  -45.559 0.4000000060
33081  33.540  -42.744  -55.174 0.4000000060
33082  31.656  -43.227  -54.745 0.6000000238
33989  35.773  -42.456  -42.612 0.8999999762
34111  32.313  -41.757  -54.944 0.6000000238
34988  34.586  -41.411  -41.573 0.8999999762
35026  36.658  -41.904  -44.550 1.0000000000
35102  36.937  -41.163  -51.600 0.5000000000
35134  32.932  -41.302  -54.630 0.6000000238
36006  30.355  -40.419  -41.609 0.6000000238
36148  33.786  -40.753  -53.452 0.6000000238
36149  33.078  -40.446  -53.798 0.6999999881
37091  33.133  -39.753  -48.207 0.8999999762
37114  37.041  -39.238  -50.507 0.6000000238
37146  33.403  -39.694  -52.590 0.6000000238
39007  34.991  -37.885  -45.227 1.0000000000
39014  28.917  -36.834  -46.744 1.0000000000
39044  28.870  -37.257  -47.298 1.0000000000
39075  37.388  -37.124  -49.810 0.6000000238
40087  34.334  -35.742  -48.517 0.6999999881
41126  34.818  -35.047  -48.445 0.6000000238
41129  31.672  -35.284  -48.173 0.6999999881
42138  27.893  -34.334  -47.225 0.8000000119
46261  25.894  -30.339  -48.832 0.6000000238
47169  30.843  -29.014  -45.123 0.6999999881
47176  30.293  -29.655  -45.636 0.6999999881
47193  26.665  -29.199  -47.416 0.8000000119
47194  26.571  -28.594  -47.183 0.6000000238
47239  25.808  -29.080  -48.425 0.6000000238
48225  26.712  -28.645  -47.093 0.8000000119
48240  26.875  -28.109  -46.783 0.6999999881
48241  26.754  -28.532  -47.010 0.8000000119
48260  26.321  -28.239  -47.232 0.6000000238
49260  26.276  -26.699  -46.753 0.6000000238
49297  25.570  -27.848  -47.990 0.6000000238
49314  25.711  -28.303  -48.174 0.6000000238
50298  31.515  -26.530  -45.278 0.4000000060
50347  30.120  -26.025  -48.068 0.4000000060
50352  25.406  -26.013  -47.813 0.6000000238
51389  25.270  -25.550  -47.191 0.6000000238
51401  25.031  -25.283  -47.574 0.6000000238
51417  25.625  -25.721  -48.165 0.6000000238
52447  25.009  -24.436  -47.443 0.5000000000
52460  24.849  -24.563  -47.732 0.5000000000
52473  31.782  -24.041  -48.915 0.3000000119
53496  26.211  -23.626  -47.358 0.4000000060
53513  24.787  -23.105  -48.055 0.5000000000
53526  32.096  -23.038  -49.710 0.3000000119
53532  26.474  -23.362  -48.814 0.6000000238
54527  25.074  -22.645  -47.829 0.4000000060
54537  24.968  -22.253  -48.054 0.4000000060
54553  25.669  -21.907  -48.334 0.4000000060
55594  26.382  -21.278  -47.892 0.4000000060
55607  25.136  -22.073  -48.039 0.4000000060
55617  26.003  -21.416  -48.245 0.4000000060
112848  26.720  -28.763  -47.181 0.8000000119
114834  31.643  -43.679  -55.072 0.5000000000
114925  30.238  -49.334  -43.153 0.6000000238
116931  31.547  -41.668  -53.673 0.8000000119
117261  34.812  -30.744  -39.219 0.4000000060
117508  25.835  -21.797  -47.781 0.4000000060
120175  28.641  -22.126  -47.509 0.4000000060
120377  36.134  -46.088  -48.615 0.8999999762
122908  28.009  -23.119  -49.452 0.4000000060
125282  36.256  -44.888  -48.689 0.8999999762
125537  31.642  -53.706  -46.073 0.3000000119
125710  27.339  -29.431  -47.190 0.8000000119
126009  29.163  -22.148  -49.666 0.3000000119
126456  26.516  -41.109  -43.192 0.4000000060
129328  32.749  -50.764  -45.119 0.6000000238
130369  28.908  -23.708  -47.262 0.4000000060
130430  31.107  -47.359  -43.533 0.8999999762
130962  36.533  -30.083  -42.199 0.5000000000
131878  33.479  -34.331  -48.475 0.6000000238
132958  36.537  -46.631  -45.327 1.0000000000
133283  31.089  -33.326  -48.997 0.6999999881
133366  34.488  -40.728  -41.243 0.8999999762
134463  28.593  -26.441  -46.123 0.6999999881
135193  27.776  -51.548  -44.044 0.5000000000
135289  33.351  -48.182  -51.141 0.6000000238
135633  36.567  -44.423  -47.259 1.0000000000
135655  35.424  -48.242  -48.354 0.8999999762
135926  27.528  -48.990  -43.820 0.6000000238
136161  25.601  -29.049  -48.004 0.6999999881
136268  31.282  -26.941  -39.385 0.3000000119
136817  26.301  -29.663  -49.098 0.6000000238
136951  33.872  -49.086  -44.375 0.6000000238
