#!ascii label  , from subject sub-v2s8x29195_ses-1 vox2ras=TkReg
1368
94233  47.742  29.906  19.675 0.0000000000
97822  47.439  34.313  18.567 0.0000000000
121702  58.076  24.081  21.675 0.0000000000
93491  42.690  28.091  23.198 0.0000000000
90901  46.757  24.681  23.989 0.0000000000
92959  46.648  26.432  11.660 0.0000000000
99512  44.985  37.527  25.757 0.0000000000
100971  49.778  40.869  21.831 0.0000000000
87772  54.707  19.983  26.415 0.0000000000
87820  53.259  20.339  22.069 0.0000000000
95059  52.974  29.479  14.694 0.0000000000
92259  53.358  26.892  22.319 0.0000000000
95715  52.408  31.312  23.152 0.0000000000
91563  50.147  25.949  27.151 0.0000000000
100993  46.444  40.749  19.460 0.0000000000
97858  49.015  34.456  14.408 0.0000000000
90197  50.319  24.039  18.225 0.0000000000
130486  45.640  29.514  21.485 0.0000000000
128871  44.959  26.713  24.010 0.0000000000
93486  47.758  28.034  23.129 0.0000000000
94314  47.076  29.096  15.285 0.0000000000
124570  44.200  30.516  18.354 0.0000000000
100903  44.547  40.344  27.128 0.0000000000
87747  54.721  20.530  30.511 0.0000000000
86297  56.589  18.420  27.210 0.0000000000
87020  52.686  18.734  29.859 0.0000000000
97840  41.940  35.044  17.280 0.0000000000
95785  49.543  31.735  16.770 0.0000000000
95760  53.587  30.936  19.214 0.0000000000
95749  49.750  32.006  20.309 0.0000000000
92856  44.177  27.614  26.583 0.0000000000
94132  48.207  28.961  26.084 0.0000000000
91553  46.226  25.399  28.046 0.0000000000
90073  48.295  22.752  28.295 0.0000000000
100031  50.056  38.193  19.859 0.0000000000
100049  50.976  38.513  16.753 0.0000000000
97832  51.070  34.822  15.058 0.0000000000
95825  50.494  32.490  13.581 0.0000000000
91626  55.549  25.633  21.844 0.0000000000
131494  52.299  23.911  22.623 0.0000000000
89421  54.496  22.821  18.876 0.0000000000
90125  44.207  23.305  23.524 0.0000000000
90152  45.964  23.671  21.345 0.0000000000
94334  44.865  29.329  12.727 0.0000000000
92963  41.483  27.437  11.935 0.0000000000
99017  45.698  37.182  21.462 0.0000000000
97154  45.827  33.970  21.575 0.0000000000
101438  43.757  41.418  24.260 0.0000000000
102466  48.436  43.966  21.494 0.0000000000
99995  48.968  38.934  24.600 0.0000000000
87806  56.000  21.435  23.597 0.0000000000
87863  56.474  21.129  18.481 0.0000000000
86338  58.052  18.515  23.024 0.0000000000
86329  53.576  18.192  23.705 0.0000000000
111839  50.394  29.037  16.613 0.0000000000
94196  50.280  28.935  21.147 0.0000000000
127077  53.684  28.922  18.033 0.0000000000
94195  54.858  29.144  20.898 0.0000000000
92877  55.218  27.223  23.908 0.0000000000
96434  49.203  32.348  24.354 0.0000000000
93458  52.090  29.408  26.479 0.0000000000
90887  54.346  25.021  25.368 0.0000000000
89374  52.362  22.465  25.559 0.0000000000
88530  51.107  21.124  28.946 0.0000000000
121747  43.517  38.936  19.621 0.0000000000
98494  45.113  35.687  18.133 0.0000000000
99570  48.023  37.462  17.332 0.0000000000
120828  45.847  32.938  16.309 0.0000000000
95084  47.573  30.577  13.171 0.0000000000
93595  50.697  27.842  12.609 0.0000000000
112166  50.010  26.155  24.113 0.0000000000
90165  49.195  23.791  21.643 0.0000000000
114329  46.621  24.374  18.578 0.0000000000
88667  51.876  21.692  17.816 0.0000000000
94217  46.602  29.866  20.601 0.0000000000
93536  46.822  28.874  22.108 0.0000000000
94198  47.968  29.316  21.163 0.0000000000
111712  47.350  29.997  17.168 0.0000000000
94260  45.575  30.199  17.007 0.0000000000
95020  45.732  30.494  18.627 0.0000000000
122628  44.772  30.547  19.963 0.0000000000
87736  55.302  20.465  31.269 0.0000000000
86259  54.872  18.834  30.662 0.0000000000
86993  53.313  19.199  31.460 0.0000000000
90188  42.468  23.614  19.488 0.0000000000
97193  48.559  33.147  17.359 0.0000000000
112689  49.719  31.574  18.803 0.0000000000
96496  47.722  32.709  19.352 0.0000000000
91569  43.568  26.061  27.706 0.0000000000
92184  44.906  26.504  27.350 0.0000000000
129812  47.972  36.579  19.160 0.0000000000
99043  50.797  37.003  17.565 0.0000000000
97833  49.272  34.438  16.803 0.0000000000
97205  49.682  33.180  15.855 0.0000000000
90925  56.973  25.255  21.582 0.0000000000
90160  54.770  23.228  21.447 0.0000000000
89406  56.879  23.076  20.333 0.0000000000
92908  41.664  27.230  23.871 0.0000000000
92251  43.178  26.743  23.969 0.0000000000
92228  46.302  26.047  24.360 0.0000000000
91610  44.847  25.136  24.336 0.0000000000
90921  45.610  23.907  23.543 0.0000000000
89397  44.507  23.152  22.638 0.0000000000
90137  46.054  23.575  22.684 0.0000000000
125020  46.164  27.843  10.944 0.0000000000
92976  43.658  26.878  10.563 0.0000000000
92294  43.666  26.076  11.567 0.0000000000
94184  42.379  29.459  22.162 0.0000000000
114751  41.836  28.279  23.146 0.0000000000
99522  44.715  37.954  23.814 0.0000000000
99011  43.818  36.569  23.113 0.0000000000
99518  43.779  37.211  24.581 0.0000000000
99983  47.169  38.888  27.194 0.0000000000
122268  47.711  39.152  26.152 0.0000000000
113876  47.211  38.368  25.815 0.0000000000
100013  46.883  38.386  22.674 0.0000000000
112025  55.048  20.722  24.629 0.0000000000
87804  58.104  20.143  22.916 0.0000000000
87058  57.283  19.413  24.723 0.0000000000
114634  54.583  17.201  26.049 0.0000000000
85497  55.389  16.838  24.493 0.0000000000
84647  53.790  15.850  24.714 0.0000000000
94271  51.232  28.728  15.432 0.0000000000
94243  51.557  28.867  18.056 0.0000000000
94254  53.808  29.389  16.266 0.0000000000
95746  52.817  31.430  20.824 0.0000000000
94983  54.319  30.379  19.894 0.0000000000
94952  53.469  30.560  22.253 0.0000000000
93483  55.292  28.222  21.941 0.0000000000
121946  53.495  29.578  23.803 0.0000000000
97137  46.073  33.213  23.343 0.0000000000
96453  47.550  32.993  23.134 0.0000000000
96436  47.635  32.221  24.382 0.0000000000
117103  49.785  27.326  27.303 0.0000000000
94130  50.301  29.273  26.451 0.0000000000
92840  51.539  27.853  27.157 0.0000000000
92193  53.256  27.102  26.248 0.0000000000
125147  52.976  25.725  26.084 0.0000000000
90113  53.532  23.796  25.340 0.0000000000
123478  51.889  24.082  26.131 0.0000000000
88527  48.256  22.059  30.179 0.0000000000
88537  49.477  21.782  28.503 0.0000000000
115705  44.661  40.233  19.655 0.0000000000
99545  43.846  37.520  19.464 0.0000000000
100043  45.831  38.040  18.955 0.0000000000
101980  49.079  43.536  21.521 0.0000000000
102483  49.418  44.361  19.550 0.0000000000
101493  49.949  42.165  19.530 0.0000000000
99070  50.719  36.475  14.724 0.0000000000
100050  49.730  38.559  16.944 0.0000000000
98517  48.199  35.908  16.089 0.0000000000
98506  46.673  35.704  17.117 0.0000000000
97206  47.574  33.901  15.469 0.0000000000
95809  46.889  31.908  15.151 0.0000000000
96541  48.898  33.210  13.868 0.0000000000
95067  51.606  30.304  13.382 0.0000000000
95082  50.544  30.480  12.566 0.0000000000
94309  52.415  28.679  13.322 0.0000000000
94293  50.349  28.697  14.871 0.0000000000
93511  51.735  28.270  22.017 0.0000000000
92923  50.109  28.059  22.892 0.0000000000
92899  51.564  27.013  23.323 0.0000000000
90179  51.013  23.844  19.544 0.0000000000
122378  50.818  23.726  22.387 0.0000000000
118449  49.796  24.004  20.578 0.0000000000
118447  48.112  24.360  19.795 0.0000000000
90199  48.397  24.146  17.758 0.0000000000
87852  54.510  20.578  19.859 0.0000000000
123224  54.696  21.412  17.979 0.0000000000
88634  52.656  21.165  19.727 0.0000000000
93517  43.826  28.873  22.484 0.0000000000
92905  44.533  27.528  23.493 0.0000000000
124673  45.182  27.995  23.181 0.0000000000
92903  46.581  27.528  23.528 0.0000000000
92226  47.996  26.482  24.263 0.0000000000
123966  46.371  27.900  14.018 0.0000000000
94200  43.912  30.112  21.203 0.0000000000
87761  54.457  20.342  28.644 0.0000000000
112536  57.070  19.079  26.945 0.0000000000
87032  56.739  19.166  29.305 0.0000000000
86283  54.795  18.434  28.661 0.0000000000
95050  51.880  30.508  15.434 0.0000000000
95031  53.484  30.070  16.223 0.0000000000
95017  51.217  30.884  17.572 0.0000000000
120933  51.134  31.543  19.882 0.0000000000
95733  51.181  31.955  21.488 0.0000000000
94146  44.471  29.801  25.504 0.0000000000
94924  46.673  30.238  25.204 0.0000000000
124563  46.024  28.209  26.273 0.0000000000
92844  47.514  27.117  27.171 0.0000000000
92180  48.644  26.162  27.512 0.0000000000
90876  49.729  24.174  26.817 0.0000000000
90841  47.095  24.039  28.435 0.0000000000
89329  46.911  22.619  29.925 0.0000000000
89312  47.230  22.486  31.337 0.0000000000
102001  46.759  42.929  19.099 0.0000000000
100480  50.693  39.147  21.504 0.0000000000
100497  51.243  39.874  19.346 0.0000000000
100029  51.439  38.868  18.574 0.0000000000
99069  51.591  36.924  15.642 0.0000000000
98527  51.032  35.104  13.888 0.0000000000
97230  50.280  33.526  13.376 0.0000000000
97204  51.007  33.998  13.976 0.0000000000
129173  50.439  31.581  14.981 0.0000000000
92258  54.485  26.590  21.808 0.0000000000
90913  52.996  25.097  23.230 0.0000000000
90928  53.514  24.456  22.725 0.0000000000
90161  53.649  23.257  21.409 0.0000000000
90195  52.286  23.578  18.213 0.0000000000
87807  51.644  20.272  23.044 0.0000000000
88603  50.630  21.043  22.198 0.0000000000
90128  42.122  23.521  24.633 0.0000000000
92231  43.658  26.078  24.286 0.0000000000
90905  43.577  23.941  24.307 0.0000000000
89386  43.017  22.918  24.075 0.0000000000
132912  43.920  22.878  23.078 0.0000000000
90171  43.653  23.328  21.008 0.0000000000
90170  44.294  23.807  19.962 0.0000000000
94324  43.531  29.468  12.425 0.0000000000
93624  42.548  28.374  10.325 0.0000000000
99031  46.559  36.247  20.002 0.0000000000
97802  46.262  33.993  20.145 0.0000000000
98468  45.342  35.358  20.871 0.0000000000
97791  44.414  34.826  22.266 0.0000000000
131198  44.023  33.494  23.871 0.0000000000
95695  43.718  31.192  25.104 0.0000000000
94134  43.471  29.649  25.828 0.0000000000
101976  46.001  42.292  22.566 0.0000000000
101975  47.322  43.154  23.624 0.0000000000
101452  48.372  41.532  23.382 0.0000000000
100471  49.906  39.238  23.182 0.0000000000
100011  49.445  38.827  22.859 0.0000000000
99533  47.424  37.873  20.992 0.0000000000
90131  57.131  23.329  23.227 0.0000000000
89418  58.109  22.208  19.652 0.0000000000
124395  58.373  21.027  20.850 0.0000000000
87102  56.833  19.619  21.460 0.0000000000
87103  55.267  19.864  21.568 0.0000000000
85512  57.526  18.127  24.355 0.0000000000
128847  55.105  18.422  22.973 0.0000000000
87089  53.686  19.605  22.579 0.0000000000
94257  48.750  29.649  17.790 0.0000000000
94214  49.214  29.408  20.160 0.0000000000
112276  50.296  29.266  18.344 0.0000000000
119072  51.371  29.031  19.684 0.0000000000
93531  53.453  28.309  20.445 0.0000000000
128963  54.577  29.996  18.270 0.0000000000
94212  54.735  29.243  19.743 0.0000000000
92927  54.846  27.733  20.826 0.0000000000
92918  55.472  27.529  21.151 0.0000000000
134052  56.247  26.780  21.604 0.0000000000
92224  56.405  26.150  23.657 0.0000000000
120421  47.909  32.714  21.101 0.0000000000
117068  49.374  32.545  22.748 0.0000000000
113538  51.045  31.818  24.347 0.0000000000
120706  48.430  30.463  25.363 0.0000000000
94920  51.064  30.703  25.669 0.0000000000
94918  52.367  30.445  25.101 0.0000000000
93457  53.279  28.689  25.434 0.0000000000
91595  55.155  25.885  24.930 0.0000000000
90897  56.643  24.630  24.074 0.0000000000
115265  55.520  23.316  24.151 0.0000000000
88582  54.123  21.854  24.512 0.0000000000
87788  53.661  20.868  25.447 0.0000000000
89362  50.371  22.603  26.668 0.0000000000
88543  51.216  21.357  27.119 0.0000000000
87762  53.098  20.471  27.677 0.0000000000
87743  52.544  21.161  30.298 0.0000000000
99034  42.814  36.675  19.215 0.0000000000
98496  43.393  35.500  18.570 0.0000000000
97209  43.939  33.045  16.790 0.0000000000
100516  50.268  39.862  17.852 0.0000000000
100518  46.919  38.981  18.898 0.0000000000
99046  46.263  36.724  18.091 0.0000000000
97836  45.121  34.348  17.336 0.0000000000
131414  45.060  32.653  16.314 0.0000000000
95829  45.324  31.154  14.918 0.0000000000
95085  46.470  30.295  13.458 0.0000000000
93611  47.906  27.967  11.245 0.0000000000
96568  49.711  31.916  13.165 0.0000000000
95100  48.922  29.634  11.953 0.0000000000
123824  48.416  27.145  11.771 0.0000000000
93582  48.408  27.861  13.593 0.0000000000
94273  48.516  29.413  16.372 0.0000000000
112550  49.215  28.426  22.525 0.0000000000
130648  48.956  27.337  23.709 0.0000000000
90899  48.479  25.161  24.099 0.0000000000
90915  51.189  24.888  23.540 0.0000000000
90133  49.746  24.328  23.402 0.0000000000
90135  47.957  23.827  23.099 0.0000000000
90151  46.805  23.664  21.858 0.0000000000
90185  45.698  24.369  18.976 0.0000000000
88664  55.278  21.855  17.932 0.0000000000
88677  53.217  22.795  16.775 0.0000000000
89451  51.006  23.257  17.592 0.0000000000
88636  50.323  21.784  20.152 0.0000000000
89452  48.805  23.770  17.656 0.0000000000
87013  51.219  19.193  29.765 0.0000000000
125209  51.338  18.537  27.889 0.0000000000
94234  46.911  30.137  19.896 0.0000000000
119459  46.996  29.384  21.338 0.0000000000
94216  47.432  29.695  20.519 0.0000000000
95018  47.310  30.224  18.440 0.0000000000
95019  46.593  30.387  18.525 0.0000000000
94999  47.139  30.242  19.119 0.0000000000
94984  46.105  30.300  20.054 0.0000000000
86986  55.136  19.777  31.857 0.0000000000
97834  48.144  33.817  17.849 0.0000000000
96518  47.907  33.131  18.245 0.0000000000
97185  47.442  33.629  18.673 0.0000000000
98492  47.680  35.148  18.548 0.0000000000
97821  48.712  35.296  17.811 0.0000000000
129434  48.158  34.581  18.010 0.0000000000
90934  57.767  24.315  21.544 0.0000000000
90158  57.311  23.842  21.083 0.0000000000
128233  57.724  23.148  20.462 0.0000000000
92907  42.576  27.309  23.680 0.0000000000
127355  42.314  26.551  24.172 0.0000000000
91607  46.960  25.470  24.314 0.0000000000
91608  46.158  25.255  24.274 0.0000000000
90920  46.484  24.008  23.464 0.0000000000
122697  46.198  26.573  10.823 0.0000000000
92298  45.358  26.031  10.821 0.0000000000
92961  44.945  25.994  11.582 0.0000000000
93518  42.986  28.784  22.610 0.0000000000
93519  42.172  28.780  22.704 0.0000000000
116265  42.050  27.741  23.469 0.0000000000
99517  44.610  37.706  24.720 0.0000000000
99523  43.890  37.330  23.879 0.0000000000
99513  44.067  37.310  25.179 0.0000000000
99511  46.350  37.873  26.540 0.0000000000
99992  47.235  38.450  26.478 0.0000000000
99516  46.041  37.919  25.693 0.0000000000
99998  45.743  38.148  24.664 0.0000000000
87787  54.784  20.340  25.293 0.0000000000
87786  55.918  19.897  25.007 0.0000000000
87050  55.936  19.557  26.093 0.0000000000
84632  53.895  15.793  24.985 0.0000000000
127590  52.772  28.824  14.901 0.0000000000
112923  53.458  28.986  15.984 0.0000000000
94290  53.474  29.278  15.602 0.0000000000
94953  52.895  31.101  22.452 0.0000000000
94969  53.347  30.941  21.637 0.0000000000
94942  52.940  30.746  23.246 0.0000000000
94160  53.701  29.907  22.835 0.0000000000
94161  53.115  30.229  23.748 0.0000000000
96438  45.792  32.378  24.221 0.0000000000
96447  46.372  32.789  23.810 0.0000000000
95701  46.851  31.580  24.602 0.0000000000
92178  50.418  26.788  27.255 0.0000000000
92841  50.743  27.562  27.239 0.0000000000
91562  51.013  26.276  26.915 0.0000000000
92195  51.851  26.608  26.757 0.0000000000
91583  51.643  25.709  26.556 0.0000000000
90873  52.362  25.118  26.171 0.0000000000
90874  51.376  24.755  26.426 0.0000000000
112551  48.218  22.303  31.194 0.0000000000
118712  45.777  41.271  19.561 0.0000000000
100995  44.922  41.062  19.657 0.0000000000
100994  45.585  40.438  19.572 0.0000000000
100033  45.098  38.694  19.392 0.0000000000
100032  46.062  38.885  19.201 0.0000000000
101466  48.975  42.510  22.240 0.0000000000
101480  49.581  42.241  20.974 0.0000000000
100987  50.269  41.170  20.390 0.0000000000
129110  49.328  35.662  14.848 0.0000000000
99071  49.452  36.321  15.265 0.0000000000
98529  48.538  35.201  15.246 0.0000000000
97848  47.508  34.544  15.869 0.0000000000
97220  48.266  33.572  14.719 0.0000000000
95066  52.768  29.423  13.684 0.0000000000
95080  52.341  29.350  13.087 0.0000000000
94291  52.920  29.133  14.559 0.0000000000
94292  52.347  28.448  14.074 0.0000000000
126759  52.153  27.974  22.176 0.0000000000
92921  51.697  27.722  22.677 0.0000000000
92898  52.284  27.153  22.863 0.0000000000
90180  50.261  24.037  19.606 0.0000000000
90181  49.539  24.168  19.054 0.0000000000
90182  48.686  24.312  18.690 0.0000000000
90198  49.321  24.077  17.788 0.0000000000
87839  53.889  20.450  21.133 0.0000000000
87853  53.515  20.796  19.970 0.0000000000
87840  52.764  20.809  21.090 0.0000000000
125007  44.661  29.006  22.281 0.0000000000
93489  44.448  28.292  22.935 0.0000000000
93516  45.313  28.527  22.651 0.0000000000
93514  47.324  28.490  22.569 0.0000000000
124359  46.631  28.470  22.650 0.0000000000
92902  47.320  27.607  23.475 0.0000000000
92247  47.257  27.010  23.937 0.0000000000
92901  48.118  27.321  23.737 0.0000000000
93583  47.163  28.411  14.343 0.0000000000
93584  45.448  28.160  14.389 0.0000000000
93567  46.118  28.791  14.938 0.0000000000
95035  45.080  30.413  17.820 0.0000000000
95051  44.709  30.163  16.913 0.0000000000
94218  45.430  29.964  20.945 0.0000000000
94986  44.562  30.319  20.640 0.0000000000
94219  44.825  29.665  21.501 0.0000000000
94182  43.987  29.530  21.862 0.0000000000
87752  55.084  20.501  30.279 0.0000000000
87034  55.858  20.273  29.820 0.0000000000
87746  55.822  20.105  30.668 0.0000000000
86268  53.733  18.687  30.185 0.0000000000
86267  54.877  18.682  30.200 0.0000000000
86284  53.536  18.506  28.806 0.0000000000
85459  53.372  18.050  27.424 0.0000000000
86285  52.260  18.374  27.876 0.0000000000
98509  41.833  35.734  17.916 0.0000000000
99073  41.473  36.733  16.786 0.0000000000
95794  50.417  31.226  16.007 0.0000000000
95032  51.239  30.799  16.635 0.0000000000
95784  50.217  31.225  17.224 0.0000000000
95763  49.261  31.916  19.493 0.0000000000
128959  50.195  31.674  19.705 0.0000000000
95748  50.707  31.839  20.535 0.0000000000
95734  50.098  32.163  21.153 0.0000000000
93461  44.917  28.972  25.778 0.0000000000
93460  45.931  28.837  25.838 0.0000000000
93451  45.318  28.299  26.186 0.0000000000
91568  45.564  25.979  27.745 0.0000000000
92183  45.895  26.744  27.216 0.0000000000
92182  46.897  26.578  27.421 0.0000000000
92181  47.745  26.360  27.561 0.0000000000
91567  47.052  25.842  27.810 0.0000000000
90855  47.627  24.527  27.960 0.0000000000
90856  47.038  24.989  28.071 0.0000000000
90066  45.709  23.451  29.604 0.0000000000
89330  46.115  22.896  30.130 0.0000000000
89320  46.615  22.566  30.694 0.0000000000
89321  45.750  22.721  30.881 0.0000000000
100025  50.810  38.768  20.418 0.0000000000
100024  51.330  39.077  19.740 0.0000000000
129598  50.516  37.994  19.125 0.0000000000
99060  51.024  36.351  16.647 0.0000000000
99042  51.537  37.092  16.542 0.0000000000
133577  51.569  36.522  15.740 0.0000000000
98515  51.518  36.151  15.010 0.0000000000
98516  51.279  35.342  14.462 0.0000000000
97856  51.188  34.707  14.082 0.0000000000
95796  49.498  32.347  16.268 0.0000000000
95795  49.974  31.942  15.446 0.0000000000
95806  51.024  31.001  14.958 0.0000000000
113525  54.958  26.156  21.891 0.0000000000
91627  54.179  25.241  22.646 0.0000000000
90927  54.690  24.516  22.322 0.0000000000
89408  54.669  22.824  20.539 0.0000000000
120218  53.794  23.011  20.148 0.0000000000
134309  52.558  23.453  19.281 0.0000000000
90177  53.344  23.249  18.794 0.0000000000
90906  42.678  24.512  24.546 0.0000000000
92250  44.047  26.775  23.920 0.0000000000
92230  44.499  25.970  24.312 0.0000000000
90903  45.198  24.422  24.052 0.0000000000
90904  44.341  24.381  24.233 0.0000000000
133021  44.133  23.680  24.024 0.0000000000
90126  43.565  23.293  24.042 0.0000000000
89393  43.433  22.909  23.632 0.0000000000
112479  45.238  23.411  22.030 0.0000000000
90153  44.475  23.366  21.434 0.0000000000
90169  45.209  23.812  20.446 0.0000000000
95086  44.260  30.246  13.719 0.0000000000
94323  43.895  29.609  13.112 0.0000000000
92969  42.508  26.872  10.797 0.0000000000
93632  42.929  27.718  10.457 0.0000000000
92970  41.865  27.377  10.936 0.0000000000
92956  40.774  27.858  12.515 0.0000000000
99021  45.908  36.617  20.778 0.0000000000
98473  45.829  35.743  20.342 0.0000000000
99022  45.318  36.021  20.855 0.0000000000
98465  43.876  35.848  22.644 0.0000000000
97139  44.464  33.823  23.350 0.0000000000
96440  43.115  32.625  24.744 0.0000000000
94147  43.603  30.424  25.491 0.0000000000
101469  44.511  41.507  22.577 0.0000000000
101455  44.629  41.504  23.296 0.0000000000
101958  46.792  43.306  24.426 0.0000000000
101967  47.262  43.327  24.402 0.0000000000
101974  47.984  43.375  23.585 0.0000000000
100458  48.180  39.011  25.856 0.0000000000
100911  48.531  39.365  25.138 0.0000000000
100920  48.963  39.674  24.413 0.0000000000
131249  49.449  39.053  24.230 0.0000000000
100472  49.763  39.062  23.611 0.0000000000
100001  49.197  38.817  23.820 0.0000000000
99529  46.145  37.861  21.947 0.0000000000
100022  47.086  38.186  21.789 0.0000000000
99534  46.467  37.487  21.190 0.0000000000
99020  46.889  37.097  20.460 0.0000000000
89383  56.404  22.291  23.290 0.0000000000
89396  58.172  22.562  21.640 0.0000000000
88592  57.924  21.445  22.033 0.0000000000
87086  58.397  19.095  22.616 0.0000000000
87100  58.270  19.720  22.163 0.0000000000
87087  57.550  18.922  22.219 0.0000000000
116294  56.187  19.073  21.966 0.0000000000
86296  57.087  18.913  27.083 0.0000000000
86303  57.440  18.737  25.330 0.0000000000
85485  56.376  17.729  25.529 0.0000000000
85515  54.294  17.095  23.961 0.0000000000
85514  55.212  17.081  23.933 0.0000000000
86328  54.646  17.953  23.479 0.0000000000
87072  54.145  18.790  23.051 0.0000000000
115841  53.132  19.202  23.279 0.0000000000
87073  52.134  19.500  23.497 0.0000000000
123552  52.541  18.721  23.875 0.0000000000
111838  49.147  29.423  16.970 0.0000000000
94244  49.242  29.537  18.493 0.0000000000
111841  49.750  29.351  17.622 0.0000000000
94242  53.012  28.777  17.606 0.0000000000
94229  52.320  28.791  18.747 0.0000000000
93547  52.476  28.601  20.367 0.0000000000
93546  53.561  28.606  19.690 0.0000000000
95773  53.304  30.697  18.224 0.0000000000
95015  54.328  30.011  17.461 0.0000000000
132213  54.248  30.344  18.413 0.0000000000
127462  54.397  29.846  21.046 0.0000000000
94982  54.633  29.836  19.923 0.0000000000
93544  54.903  28.728  20.265 0.0000000000
93530  54.641  28.218  20.428 0.0000000000
92926  55.176  28.242  20.810 0.0000000000
92897  55.273  27.791  22.975 0.0000000000
92896  56.044  27.226  22.362 0.0000000000
92242  56.463  26.625  22.540 0.0000000000
92225  55.838  26.685  23.675 0.0000000000
97167  45.934  34.201  20.762 0.0000000000
127927  46.702  33.482  20.113 0.0000000000
97152  47.126  33.171  21.488 0.0000000000
119245  48.863  32.630  23.681 0.0000000000
96452  48.375  32.803  22.944 0.0000000000
96444  49.746  32.467  23.730 0.0000000000
96451  50.365  32.329  23.075 0.0000000000
96433  50.083  32.162  24.397 0.0000000000
133231  47.452  29.172  25.774 0.0000000000
94923  47.536  30.490  25.190 0.0000000000
94142  48.800  29.740  25.761 0.0000000000
94129  51.286  29.386  26.557 0.0000000000
94140  50.770  30.052  26.124 0.0000000000
94139  51.623  30.130  26.121 0.0000000000
94919  51.781  30.707  25.497 0.0000000000
112799  52.184  30.068  25.898 0.0000000000
117885  52.742  29.594  25.430 0.0000000000
126763  52.681  28.983  26.114 0.0000000000
90871  54.153  25.672  25.488 0.0000000000
92210  53.822  26.377  25.705 0.0000000000
115689  54.791  25.452  25.173 0.0000000000
124394  55.407  25.328  24.801 0.0000000000
90111  55.078  24.766  24.909 0.0000000000
90122  56.464  23.837  23.911 0.0000000000
90123  54.869  23.805  24.661 0.0000000000
114805  52.877  23.209  25.423 0.0000000000
128920  53.419  23.048  25.096 0.0000000000
89373  53.049  22.383  25.150 0.0000000000
88570  53.507  21.700  24.921 0.0000000000
88571  52.723  21.650  25.528 0.0000000000
89345  48.852  22.982  27.546 0.0000000000
90100  50.136  23.440  26.639 0.0000000000
89344  49.412  22.421  27.450 0.0000000000
88531  50.197  21.435  29.133 0.0000000000
88544  50.471  21.645  27.453 0.0000000000
88535  51.164  21.125  28.014 0.0000000000
87774  52.532  20.803  26.798 0.0000000000
87763  52.086  20.777  27.654 0.0000000000
87754  52.238  20.745  28.979 0.0000000000
126571  43.980  40.836  19.694 0.0000000000
101501  43.479  41.594  19.560 0.0000000000
100996  43.284  40.291  19.665 0.0000000000
100035  43.110  38.223  19.556 0.0000000000
99032  44.540  36.789  19.062 0.0000000000
114807  43.862  36.042  18.969 0.0000000000
98495  44.223  35.477  18.434 0.0000000000
97823  43.746  34.862  18.093 0.0000000000
98507  44.660  34.956  17.857 0.0000000000
100515  51.151  39.750  18.049 0.0000000000
101005  50.605  40.515  18.383 0.0000000000
100528  50.329  39.149  17.300 0.0000000000
100040  48.952  39.159  17.851 0.0000000000
100051  48.391  38.191  17.570 0.0000000000
99556  47.390  37.783  18.033 0.0000000000
99557  46.509  37.476  18.359 0.0000000000
99571  47.192  36.969  17.556 0.0000000000
97207  46.621  33.755  16.295 0.0000000000
97835  46.324  34.669  16.797 0.0000000000
97208  45.514  33.707  16.771 0.0000000000
114135  44.850  33.035  16.630 0.0000000000
95811  44.791  31.601  15.423 0.0000000000
95810  45.839  31.733  15.401 0.0000000000
95827  47.292  31.509  14.488 0.0000000000
95068  46.888  30.823  14.203 0.0000000000
94320  47.178  29.801  12.604 0.0000000000
127397  48.013  30.006  12.362 0.0000000000
96556  50.336  32.900  13.357 0.0000000000
96557  49.423  32.725  13.492 0.0000000000
96555  50.365  31.967  13.266 0.0000000000
93594  51.264  28.206  12.538 0.0000000000
95099  50.036  29.616  12.077 0.0000000000
93609  50.478  28.032  12.240 0.0000000000
93610  48.724  27.659  11.607 0.0000000000
92949  49.178  27.201  12.459 0.0000000000
92950  48.368  26.882  12.318 0.0000000000
93581  49.845  27.528  13.118 0.0000000000
94272  49.641  29.094  16.026 0.0000000000
94294  48.882  29.121  15.513 0.0000000000
112331  48.194  29.715  17.155 0.0000000000
129261  49.591  29.189  20.811 0.0000000000
94197  48.837  29.269  20.998 0.0000000000
117514  49.415  28.897  21.565 0.0000000000
92245  50.637  26.716  23.727 0.0000000000
92900  49.457  27.734  23.321 0.0000000000
92246  49.648  26.891  23.895 0.0000000000
112173  48.835  26.681  24.167 0.0000000000
91620  49.559  25.343  24.019 0.0000000000
90929  52.461  24.392  23.039 0.0000000000
90914  52.037  24.972  23.454 0.0000000000
90146  51.668  23.930  22.749 0.0000000000
90164  50.032  23.694  21.956 0.0000000000
90147  50.177  23.846  22.826 0.0000000000
90148  49.429  23.795  22.685 0.0000000000
90134  48.808  24.047  23.244 0.0000000000
90149  48.575  23.744  22.499 0.0000000000
90150  47.705  23.689  22.243 0.0000000000
118446  47.306  24.383  19.311 0.0000000000
90168  46.518  24.200  20.132 0.0000000000
90202  46.022  24.243  17.944 0.0000000000
88632  57.990  21.625  19.230 0.0000000000
89433  57.358  22.088  18.783 0.0000000000
88651  56.247  21.605  18.239 0.0000000000
88653  52.613  21.219  18.327 0.0000000000
88665  53.499  22.194  16.973 0.0000000000
88666  52.748  21.733  17.371 0.0000000000
89466  52.124  22.919  17.036 0.0000000000
89437  51.416  22.507  17.502 0.0000000000
88604  49.854  21.158  22.238 0.0000000000
88618  51.100  21.307  21.225 0.0000000000
125470  49.554  21.436  21.585 0.0000000000
94199  46.155  29.657  21.130 0.0000000000
94180  46.217  29.215  21.770 0.0000000000
93535  47.642  28.913  21.904 0.0000000000
129060  46.840  29.745  16.519 0.0000000000
94275  45.977  29.714  16.417 0.0000000000
94259  46.479  30.162  17.086 0.0000000000
95034  46.076  30.395  17.804 0.0000000000
95021  44.983  30.522  18.721 0.0000000000
95002  44.508  30.580  19.295 0.0000000000
95001  45.401  30.500  19.489 0.0000000000
132653  45.941  30.043  20.600 0.0000000000
87741  54.174  20.299  30.575 0.0000000000
87010  55.051  18.931  29.987 0.0000000000
87003  53.846  19.518  30.746 0.0000000000
86992  53.728  19.044  31.025 0.0000000000
87004  52.972  19.012  30.692 0.0000000000
95786  48.933  32.123  17.432 0.0000000000
95776  49.418  31.597  17.814 0.0000000000
96517  48.406  32.596  17.908 0.0000000000
95764  48.758  32.026  18.509 0.0000000000
96495  48.398  32.330  19.507 0.0000000000
92197  44.167  26.933  26.990 0.0000000000
92196  44.986  27.187  26.836 0.0000000000
113578  44.141  26.384  27.421 0.0000000000
91554  45.339  25.277  28.193 0.0000000000
99542  49.455  37.596  19.311 0.0000000000
99555  50.391  37.466  18.450 0.0000000000
99029  48.989  36.893  18.719 0.0000000000
99044  49.573  36.255  17.811 0.0000000000
120265  50.093  35.435  16.647 0.0000000000
97847  50.499  34.065  15.031 0.0000000000
114036  49.100  33.662  16.687 0.0000000000
134137  48.868  32.626  17.062 0.0000000000
91625  56.521  25.938  21.626 0.0000000000
90143  55.213  23.881  21.851 0.0000000000
90142  56.484  24.265  21.498 0.0000000000
89407  55.645  22.790  20.573 0.0000000000
89420  55.588  22.505  19.231 0.0000000000
92249  45.727  26.588  24.118 0.0000000000
92229  45.431  25.817  24.336 0.0000000000
91609  45.531  25.010  24.280 0.0000000000
90922  44.785  23.822  23.757 0.0000000000
90138  45.099  23.448  23.108 0.0000000000
122374  46.031  28.636  11.906 0.0000000000
93614  44.398  28.010  11.079 0.0000000000
93622  45.501  27.451  10.753 0.0000000000
92305  43.948  26.206  10.689 0.0000000000
120192  42.725  26.543  11.766 0.0000000000
94185  41.685  29.373  22.316 0.0000000000
93520  41.396  28.849  22.736 0.0000000000
92909  40.955  27.566  23.793 0.0000000000
99530  45.307  37.424  22.148 0.0000000000
99018  44.995  36.486  21.536 0.0000000000
124874  44.321  37.376  23.248 0.0000000000
131707  43.550  36.750  23.736 0.0000000000
100455  46.451  39.371  27.100 0.0000000000
130992  45.265  39.970  26.794 0.0000000000
100459  47.256  39.138  26.644 0.0000000000
99991  47.727  38.859  26.380 0.0000000000
99996  48.201  38.625  24.860 0.0000000000
100002  48.130  38.561  23.809 0.0000000000
100003  46.859  38.461  23.695 0.0000000000
100014  45.868  38.138  22.802 0.0000000000
87805  56.869  20.679  23.435 0.0000000000
87797  56.091  20.537  24.161 0.0000000000
87796  57.730  19.726  23.897 0.0000000000
87071  58.468  18.882  23.411 0.0000000000
85476  55.654  17.527  26.001 0.0000000000
85486  55.498  16.892  25.073 0.0000000000
84620  54.701  16.487  25.301 0.0000000000
84646  54.541  16.441  24.388 0.0000000000
121294  53.436  17.143  24.198 0.0000000000
94256  51.007  28.937  17.316 0.0000000000
111840  52.189  28.710  16.009 0.0000000000
94255  52.426  28.754  16.959 0.0000000000
94241  54.086  29.264  17.173 0.0000000000
116378  52.921  31.376  20.042 0.0000000000
124881  53.797  30.728  20.782 0.0000000000
94968  53.882  30.410  21.381 0.0000000000
94179  54.163  29.866  21.751 0.0000000000
94159  54.706  29.077  21.813 0.0000000000
128685  54.221  28.997  22.989 0.0000000000
93466  53.814  28.431  24.537 0.0000000000
97144  46.149  33.508  22.575 0.0000000000
97143  46.999  33.240  22.444 0.0000000000
96454  46.765  33.116  23.244 0.0000000000
96446  47.193  32.710  23.819 0.0000000000
95700  48.520  31.903  24.725 0.0000000000
93448  48.841  28.289  26.768 0.0000000000
94131  49.283  29.107  26.318 0.0000000000
93447  49.846  28.553  26.814 0.0000000000
128128  51.040  28.176  27.167 0.0000000000
113867  52.091  28.060  27.019 0.0000000000
93444  52.388  28.498  26.656 0.0000000000
92194  52.599  26.888  26.578 0.0000000000
91581  53.154  26.352  26.184 0.0000000000
130444  53.807  25.273  25.589 0.0000000000
90112  54.288  24.261  25.183 0.0000000000
90872  53.208  25.146  25.791 0.0000000000
90889  52.811  24.204  25.707 0.0000000000
90114  52.175  23.304  25.779 0.0000000000
89327  48.219  22.173  29.451 0.0000000000
89334  48.995  22.269  27.983 0.0000000000
88533  48.674  21.881  29.612 0.0000000000
88532  49.313  21.681  29.368 0.0000000000
101499  45.244  41.942  19.511 0.0000000000
100501  44.283  39.373  19.617 0.0000000000
100034  44.124  38.431  19.550 0.0000000000
99544  44.860  37.781  19.263 0.0000000000
99558  45.598  37.213  18.685 0.0000000000
102465  48.798  44.122  21.214 0.0000000000
102464  49.156  44.134  20.708 0.0000000000
101996  49.523  43.294  20.186 0.0000000000
99568  50.530  37.844  16.122 0.0000000000
99584  49.907  37.190  15.581 0.0000000000
99569  49.088  37.708  16.683 0.0000000000
99072  48.391  36.823  16.545 0.0000000000
99061  47.351  36.280  16.933 0.0000000000
131634  47.337  35.848  16.666 0.0000000000
97221  47.006  33.138  15.776 0.0000000000
96543  46.378  32.430  15.680 0.0000000000
96542  47.475  32.695  15.091 0.0000000000
95808  47.983  32.263  14.420 0.0000000000
95826  48.366  31.816  13.797 0.0000000000
95824  50.725  31.472  13.318 0.0000000000
95842  50.852  31.041  13.028 0.0000000000
95081  51.542  29.907  12.869 0.0000000000
93578  51.994  28.764  12.814 0.0000000000
93579  51.749  28.104  12.869 0.0000000000
94311  50.576  28.202  13.812 0.0000000000
126792  51.394  28.288  13.980 0.0000000000
114454  51.049  28.613  21.625 0.0000000000
93533  50.144  28.562  22.080 0.0000000000
93512  50.903  28.206  22.473 0.0000000000
92922  50.825  27.573  23.156 0.0000000000
90162  51.796  23.516  20.949 0.0000000000
119644  51.426  23.585  21.926 0.0000000000
90163  50.740  23.688  21.077 0.0000000000
90166  48.335  23.937  21.314 0.0000000000
118448  48.958  24.244  20.174 0.0000000000
90183  47.891  24.393  18.383 0.0000000000
90184  47.272  24.389  18.180 0.0000000000
87851  55.644  20.528  19.652 0.0000000000
87864  55.245  20.939  18.545 0.0000000000
87865  54.156  20.937  18.759 0.0000000000
88633  53.307  20.984  18.849 0.0000000000
88654  51.697  21.521  19.104 0.0000000000
93490  43.589  28.231  23.023 0.0000000000
92906  43.519  27.513  23.499 0.0000000000
133146  44.021  27.892  23.250 0.0000000000
92904  45.618  27.367  23.629 0.0000000000
93515  46.084  28.716  22.387 0.0000000000
93488  46.038  28.146  23.066 0.0000000000
92248  46.420  26.826  24.017 0.0000000000
92227  47.126  26.261  24.326 0.0000000000
92951  46.273  26.612  12.618 0.0000000000
92952  45.275  26.675  12.783 0.0000000000
93585  44.523  28.092  14.339 0.0000000000
94276  45.100  29.677  16.329 0.0000000000
112288  44.030  30.642  19.957 0.0000000000
126663  43.590  30.478  20.534 0.0000000000
94183  43.200  29.470  22.047 0.0000000000
100452  45.463  39.449  27.663 0.0000000000
100451  46.800  38.996  27.717 0.0000000000
99984  46.978  38.680  27.852 0.0000000000
87040  55.504  19.942  28.172 0.0000000000
87039  56.562  19.459  27.599 0.0000000000
87038  57.089  19.131  28.121 0.0000000000
86281  57.077  18.912  28.122 0.0000000000
132245  55.834  19.157  30.768 0.0000000000
86266  56.139  18.868  29.975 0.0000000000
86282  56.262  18.584  28.350 0.0000000000
132389  54.638  18.093  27.521 0.0000000000
85477  53.969  17.538  26.602 0.0000000000
95049  53.272  29.784  15.550 0.0000000000
119676  52.390  30.431  16.128 0.0000000000
129944  52.326  30.581  16.911 0.0000000000
95774  51.605  31.000  18.392 0.0000000000
95775  50.387  31.236  18.179 0.0000000000
95762  50.798  31.335  19.087 0.0000000000
95761  52.166  31.249  19.370 0.0000000000
95747  51.917  31.616  20.549 0.0000000000
95732  52.150  31.679  21.361 0.0000000000
95716  51.837  31.732  22.930 0.0000000000
94934  45.264  31.093  24.821 0.0000000000
94933  46.158  30.815  24.878 0.0000000000
128534  46.002  30.090  25.243 0.0000000000
93459  46.795  29.010  25.761 0.0000000000
93449  47.359  28.610  26.135 0.0000000000
92855  45.762  27.613  26.600 0.0000000000
92854  46.458  27.873  26.500 0.0000000000
92852  48.144  27.661  26.973 0.0000000000
92843  48.352  26.954  27.374 0.0000000000
126804  49.053  26.892  27.401 0.0000000000
91564  49.309  25.610  27.336 0.0000000000
91585  49.886  25.019  26.919 0.0000000000
91565  48.624  25.292  27.517 0.0000000000
90854  48.278  24.548  27.654 0.0000000000
90084  48.023  23.659  28.003 0.0000000000
116634  46.919  23.412  28.935 0.0000000000
90064  47.235  22.842  29.252 0.0000000000
89328  47.651  22.388  29.691 0.0000000000
89319  47.461  22.348  30.473 0.0000000000
128007  47.788  22.667  31.992 0.0000000000
125092  46.530  41.468  19.445 0.0000000000
100479  50.683  39.935  21.184 0.0000000000
100986  50.896  40.417  19.901 0.0000000000
100487  51.093  39.423  20.511 0.0000000000
100514  51.360  39.434  18.630 0.0000000000
100526  51.433  39.032  17.868 0.0000000000
99554  51.352  37.716  17.511 0.0000000000
99553  51.438  37.652  16.673 0.0000000000
127621  51.361  37.618  16.045 0.0000000000
99582  51.481  37.037  15.410 0.0000000000
99081  50.470  35.712  14.222 0.0000000000
98528  50.085  35.156  13.954 0.0000000000
97219  49.895  33.938  13.420 0.0000000000
97857  50.725  34.413  13.664 0.0000000000
97218  50.694  33.776  13.537 0.0000000000
96540  50.694  33.336  13.583 0.0000000000
96527  50.845  33.078  14.119 0.0000000000
95807  50.757  32.463  13.952 0.0000000000
127461  50.914  31.315  13.897 0.0000000000
95060  52.003  30.268  14.192 0.0000000000
91618  53.525  26.000  22.831 0.0000000000
90145  52.954  23.757  22.364 0.0000000000
90144  54.078  23.763  22.181 0.0000000000
119703  52.634  23.428  21.527 0.0000000000
116366  52.797  23.340  20.349 0.0000000000
90178  51.921  23.619  19.471 0.0000000000
90196  51.266  23.775  18.327 0.0000000000
87821  52.287  20.572  22.215 0.0000000000
87841  51.899  20.983  21.531 0.0000000000
112229  50.928  20.638  22.812 0.0000000000
89387  41.724  22.862  24.606 0.0000000000
91611  43.226  25.420  24.407 0.0000000000
119776  44.028  25.283  24.370 0.0000000000
127530  43.584  24.698  24.399 0.0000000000
90127  42.909  23.449  24.338 0.0000000000
128626  42.612  22.541  23.681 0.0000000000
89411  43.857  22.942  22.188 0.0000000000
90172  42.751  23.286  20.686 0.0000000000
129915  43.756  28.337  11.163 0.0000000000
94345  43.169  28.430  10.333 0.0000000000
92953  44.228  26.673  12.756 0.0000000000
92954  43.157  26.861  12.674 0.0000000000
98493  46.923  34.827  19.084 0.0000000000
97186  46.920  34.046  19.078 0.0000000000
98483  46.389  35.314  19.700 0.0000000000
97803  45.876  34.785  20.300 0.0000000000
97794  45.444  34.657  21.105 0.0000000000
98469  44.572  35.798  21.675 0.0000000000
97795  44.788  35.172  21.534 0.0000000000
97790  45.075  34.460  21.866 0.0000000000
97138  45.353  33.565  23.160 0.0000000000
96449  44.738  33.197  23.801 0.0000000000
132745  44.501  31.331  24.818 0.0000000000
94926  44.486  30.674  25.140 0.0000000000
93453  43.390  28.905  26.169 0.0000000000
101983  46.708  42.696  21.946 0.0000000000
101454  45.526  41.928  23.099 0.0000000000
101968  46.465  42.708  23.529 0.0000000000
101982  47.974  43.483  22.675 0.0000000000
101981  48.417  43.431  22.323 0.0000000000
100951  49.037  41.060  22.854 0.0000000000
100913  46.579  40.367  25.563 0.0000000000
100934  48.129  40.951  23.827 0.0000000000
100933  49.077  40.281  23.671 0.0000000000
100950  49.914  39.952  22.826 0.0000000000
118652  50.272  39.462  22.283 0.0000000000
100019  50.651  38.953  21.431 0.0000000000
100026  49.754  38.477  20.719 0.0000000000
100012  48.071  38.598  22.692 0.0000000000
100021  48.236  38.473  21.725 0.0000000000
99537  48.896  37.909  20.057 0.0000000000
99543  48.344  37.233  19.529 0.0000000000
98482  47.232  35.860  19.228 0.0000000000
115210  57.973  23.411  22.331 0.0000000000
90176  58.020  22.784  20.278 0.0000000000
89404  58.300  22.581  20.726 0.0000000000
88616  58.355  21.645  20.169 0.0000000000
87849  58.175  21.034  20.072 0.0000000000
87818  58.161  20.475  21.851 0.0000000000
87836  58.128  20.407  21.286 0.0000000000
133766  56.761  20.604  19.528 0.0000000000
87838  56.062  20.232  20.680 0.0000000000
132771  54.473  20.202  21.446 0.0000000000
87819  54.205  20.007  21.933 0.0000000000
87049  57.055  19.121  25.734 0.0000000000
87048  57.669  18.886  24.986 0.0000000000
130773  58.151  18.478  23.719 0.0000000000
85496  56.369  17.500  24.754 0.0000000000
86326  57.274  17.970  23.604 0.0000000000
86339  56.423  18.405  22.708 0.0000000000
87088  54.904  19.139  22.341 0.0000000000
87090  52.705  19.965  22.817 0.0000000000
94246  47.895  30.042  18.831 0.0000000000
94232  48.649  29.662  19.330 0.0000000000
94231  49.721  29.410  19.275 0.0000000000
111547  50.308  29.223  20.124 0.0000000000
94230  50.862  29.175  19.078 0.0000000000
93548  51.362  28.872  20.585 0.0000000000
93532  52.066  28.501  21.162 0.0000000000
93510  52.770  28.038  21.482 0.0000000000
95047  53.727  29.602  16.016 0.0000000000
95029  54.045  29.680  16.725 0.0000000000
111721  54.284  29.338  18.144 0.0000000000
94998  54.278  30.397  19.100 0.0000000000
115996  54.567  29.662  18.400 0.0000000000
93552  54.394  29.175  19.094 0.0000000000
93545  54.432  28.728  19.921 0.0000000000
127308  54.074  27.885  20.712 0.0000000000
92928  53.832  27.484  21.353 0.0000000000
92919  54.786  27.214  21.274 0.0000000000
92257  55.523  27.034  21.284 0.0000000000
116556  56.097  26.591  21.433 0.0000000000
113684  55.778  27.540  21.720 0.0000000000
92917  55.949  27.153  21.330 0.0000000000
92256  56.559  26.269  21.768 0.0000000000
91624  57.121  25.650  21.859 0.0000000000
128551  57.607  25.101  22.127 0.0000000000
97177  47.198  33.130  19.659 0.0000000000
96482  47.742  32.643  20.057 0.0000000000
96481  48.498  32.421  20.440 0.0000000000
96468  47.765  32.925  22.200 0.0000000000
96467  48.592  32.646  21.980 0.0000000000
96466  49.390  32.410  21.663 0.0000000000
96465  50.259  32.279  22.110 0.0000000000
95717  51.130  32.084  22.522 0.0000000000
95707  51.840  31.574  23.769 0.0000000000
94932  46.961  30.871  24.882 0.0000000000
133593  48.205  31.118  25.031 0.0000000000
95694  48.965  31.234  25.135 0.0000000000
94141  49.782  29.864  25.939 0.0000000000
94921  50.232  30.610  25.638 0.0000000000
95698  50.386  31.637  24.882 0.0000000000
95691  51.191  31.261  25.092 0.0000000000
94931  51.947  31.170  24.618 0.0000000000
94930  52.601  30.651  24.198 0.0000000000
94151  52.932  29.994  24.512 0.0000000000
94138  53.355  29.225  24.654 0.0000000000
92879  53.802  27.820  25.262 0.0000000000
92849  53.196  28.019  26.164 0.0000000000
92862  53.810  27.133  25.688 0.0000000000
92208  55.123  26.535  24.652 0.0000000000
92207  55.731  26.115  24.402 0.0000000000
90896  57.256  24.977  23.600 0.0000000000
90912  57.735  24.682  22.713 0.0000000000
90121  57.285  24.287  23.492 0.0000000000
134176  56.112  22.987  23.649 0.0000000000
117785  55.494  22.333  23.827 0.0000000000
89384  54.611  22.642  24.373 0.0000000000
88581  54.958  21.493  24.200 0.0000000000
87798  54.232  21.160  24.732 0.0000000000
131638  53.660  20.504  26.137 0.0000000000
90875  50.470  24.405  26.616 0.0000000000
113514  50.795  23.044  26.394 0.0000000000
89361  51.185  22.402  26.321 0.0000000000
89343  49.992  22.186  27.105 0.0000000000
88561  50.706  21.943  26.753 0.0000000000
88572  51.864  21.983  25.885 0.0000000000
88559  52.153  21.382  26.162 0.0000000000
87789  52.931  20.853  26.041 0.0000000000
87773  53.705  20.308  27.006 0.0000000000
117480  53.724  20.680  30.045 0.0000000000
87748  53.086  20.852  30.099 0.0000000000
88524  53.428  21.332  30.688 0.0000000000
98498  42.218  35.830  18.407 0.0000000000
99033  43.487  36.700  19.285 0.0000000000
99049  43.087  36.093  19.030 0.0000000000
97824  42.994  34.998  18.122 0.0000000000
97838  43.309  34.331  17.655 0.0000000000
97210  43.166  33.252  16.725 0.0000000000
96529  43.365  32.693  16.280 0.0000000000
124699  47.307  42.163  19.213 0.0000000000
101497  47.287  41.246  19.301 0.0000000000
101492  50.526  41.257  19.153 0.0000000000
100992  50.460  41.069  18.688 0.0000000000
100498  47.354  40.456  19.210 0.0000000000
100499  46.475  39.780  19.322 0.0000000000
119848  45.380  36.422  18.413 0.0000000000
116380  45.646  35.235  17.515 0.0000000000
97194  44.514  33.599  17.129 0.0000000000
96528  44.309  32.493  16.272 0.0000000000
94322  45.282  30.139  13.553 0.0000000000
95828  46.347  31.283  14.822 0.0000000000
95069  45.872  30.685  14.328 0.0000000000
94321  46.127  29.567  12.725 0.0000000000
93612  46.943  27.873  11.018 0.0000000000
93620  47.246  27.388  10.999 0.0000000000
95844  48.541  31.184  13.126 0.0000000000
95843  50.249  31.391  12.882 0.0000000000
95083  49.512  30.746  12.548 0.0000000000
117270  48.485  30.497  12.550 0.0000000000
114059  48.685  28.490  11.646 0.0000000000
127414  47.902  27.416  11.334 0.0000000000
92958  47.531  26.756  11.690 0.0000000000
125102  47.252  26.658  12.358 0.0000000000
93598  47.413  27.238  13.254 0.0000000000
94312  49.096  28.627  14.490 0.0000000000
130674  48.376  29.045  15.208 0.0000000000
94295  47.902  29.285  15.726 0.0000000000
94274  47.647  29.623  16.537 0.0000000000
94258  47.868  30.015  17.946 0.0000000000
94215  48.311  29.556  20.320 0.0000000000
93534  48.539  28.891  21.775 0.0000000000
93513  48.186  28.476  22.523 0.0000000000
93485  48.629  27.956  23.206 0.0000000000
91606  47.820  25.698  24.349 0.0000000000
90900  47.597  24.912  24.066 0.0000000000
92243  52.411  26.528  23.201 0.0000000000
91619  51.538  25.461  23.620 0.0000000000
114292  50.699  25.632  23.850 0.0000000000
90132  50.819  24.227  23.212 0.0000000000
90916  50.402  24.838  23.634 0.0000000000
90917  48.956  24.632  23.718 0.0000000000
90918  48.190  24.438  23.650 0.0000000000
90919  47.348  24.211  23.539 0.0000000000
90136  47.076  23.689  22.888 0.0000000000
90167  47.456  24.069  20.851 0.0000000000
132710  45.853  24.071  20.209 0.0000000000
90186  44.824  24.307  18.895 0.0000000000
89405  57.680  22.536  19.514 0.0000000000
89419  56.744  22.522  19.222 0.0000000000
89435  55.029  22.345  18.054 0.0000000000
88652  55.511  21.510  17.933 0.0000000000
89449  54.243  22.458  17.478 0.0000000000
89436  54.083  22.958  17.620 0.0000000000
90194  53.169  23.252  17.357 0.0000000000
90224  51.770  23.267  17.380 0.0000000000
90213  50.988  23.639  17.743 0.0000000000
88617  51.910  21.293  20.548 0.0000000000
88635  51.179  21.613  20.090 0.0000000000
88655  50.743  21.974  18.854 0.0000000000
88637  49.566  21.741  20.744 0.0000000000
89438  50.435  22.712  17.720 0.0000000000
111469  49.740  23.518  17.723 0.0000000000
90214  50.254  23.764  17.820 0.0000000000
90200  47.644  24.163  17.755 0.0000000000
87005  51.745  19.161  30.473 0.0000000000
87012  52.354  18.872  30.168 0.0000000000
87021  51.634  18.954  29.314 0.0000000000
86269  51.904  18.726  28.717 0.0000000000
84631  54.568  16.264  24.798 0.0000000000
84660  53.203  15.973  24.505 0.0000000000
85475  56.613  18.270  26.376 0.0000000000
85484  56.928  18.510  25.904 0.0000000000
85495  57.188  18.183  25.126 0.0000000000
85513  56.350  17.409  24.132 0.0000000000
86258  56.337  19.235  30.281 0.0000000000
86270  51.006  18.834  28.448 0.0000000000
86298  55.206  17.865  26.908 0.0000000000
86304  57.136  18.954  25.965 0.0000000000
86313  58.240  18.812  24.204 0.0000000000
86327  55.814  17.823  23.438 0.0000000000
87011  53.797  18.778  30.460 0.0000000000
87019  56.295  19.766  30.322 0.0000000000
87033  56.594  19.575  29.036 0.0000000000
87057  58.154  19.092  24.357 0.0000000000
87070  58.388  19.184  23.708 0.0000000000
87085  58.403  19.397  22.845 0.0000000000
87101  57.965  19.660  21.822 0.0000000000
87742  53.734  20.948  30.440 0.0000000000
87753  53.353  20.523  28.854 0.0000000000
87775  51.812  21.171  26.766 0.0000000000
87822  51.419  20.818  22.235 0.0000000000
87837  57.489  20.389  20.547 0.0000000000
87850  57.523  21.102  19.161 0.0000000000
87862  57.224  21.699  18.616 0.0000000000
88536  50.310  21.495  28.253 0.0000000000
88545  49.722  21.930  27.743 0.0000000000
88560  51.446  21.723  26.437 0.0000000000
88593  57.033  21.409  22.922 0.0000000000
88602  58.380  21.614  21.132 0.0000000000
88619  50.186  21.420  21.400 0.0000000000
88650  57.791  22.035  18.967 0.0000000000
88676  53.728  22.528  17.074 0.0000000000
88678  52.799  22.571  16.819 0.0000000000
88679  52.142  22.256  17.285 0.0000000000
89313  46.333  22.591  31.553 0.0000000000
89335  48.657  22.105  28.849 0.0000000000
89336  47.911  22.529  28.996 0.0000000000
89363  49.606  22.807  26.990 0.0000000000
89375  51.763  22.600  25.906 0.0000000000
89385  53.727  22.465  24.739 0.0000000000
89392  57.395  22.378  22.580 0.0000000000
89434  56.387  21.997  18.357 0.0000000000
89450  53.586  22.915  16.979 0.0000000000
89465  52.747  22.929  16.752 0.0000000000
90065  46.519  23.184  29.460 0.0000000000
90074  47.553  23.161  28.623 0.0000000000
90099  51.447  23.191  26.124 0.0000000000
90101  49.283  23.575  27.067 0.0000000000
90124  54.041  23.357  24.877 0.0000000000
90141  58.087  24.130  22.183 0.0000000000
90157  58.067  23.537  21.037 0.0000000000
90159  55.900  23.353  21.265 0.0000000000
90211  52.945  23.077  16.769 0.0000000000
90212  52.349  23.333  17.270 0.0000000000
90223  52.436  23.059  16.913 0.0000000000
90853  49.073  24.580  27.249 0.0000000000
90886  55.976  24.971  24.509 0.0000000000
90888  53.686  24.630  25.515 0.0000000000
90898  55.768  24.245  24.406 0.0000000000
90902  45.965  24.518  23.942 0.0000000000
90924  57.918  24.597  21.960 0.0000000000
90926  56.020  24.938  21.803 0.0000000000
90930  51.644  24.483  23.251 0.0000000000
90935  57.327  24.636  21.506 0.0000000000
91566  47.859  25.422  27.737 0.0000000000
91570  42.992  25.799  28.011 0.0000000000
91582  52.455  26.079  26.405 0.0000000000
91584  50.750  25.363  26.729 0.0000000000
91594  56.041  25.550  24.367 0.0000000000
91604  56.880  25.559  23.623 0.0000000000
91605  48.712  25.930  24.376 0.0000000000
91617  57.427  25.418  22.739 0.0000000000
92177  51.301  27.105  27.137 0.0000000000
92179  49.546  26.471  27.360 0.0000000000
92185  43.443  26.701  27.277 0.0000000000
92209  54.442  26.468  25.268 0.0000000000
92241  56.976  26.062  22.619 0.0000000000
92244  51.537  26.205  23.656 0.0000000000
92290  47.436  27.028  11.245 0.0000000000
92291  46.753  26.639  11.165 0.0000000000
92292  45.871  26.024  11.049 0.0000000000
92293  44.420  25.694  10.964 0.0000000000
92295  42.972  26.341  11.081 0.0000000000
92299  44.558  25.816  10.850 0.0000000000
92300  43.769  25.904  10.891 0.0000000000
92304  44.658  26.366  10.626 0.0000000000
92306  43.215  26.439  10.717 0.0000000000
92842  48.953  27.518  27.239 0.0000000000
92845  46.637  27.275  26.884 0.0000000000
92850  52.607  27.687  26.635 0.0000000000
92851  52.025  27.405  26.941 0.0000000000
92853  47.236  27.873  26.600 0.0000000000
92861  54.457  27.124  24.960 0.0000000000
92878  54.465  27.774  24.262 0.0000000000
92920  52.636  27.572  22.229 0.0000000000
92948  49.676  27.577  12.153 0.0000000000
92960  45.869  26.232  11.811 0.0000000000
92962  42.195  26.852  11.400 0.0000000000
92966  46.851  26.995  10.864 0.0000000000
92967  45.576  26.714  10.616 0.0000000000
92968  44.606  27.106  10.596 0.0000000000
92977  42.354  27.575  10.514 0.0000000000
93441  50.296  28.060  27.167 0.0000000000
93445  51.677  28.614  26.975 0.0000000000
93446  50.788  28.680  26.897 0.0000000000
93450  46.628  28.404  26.185 0.0000000000
93452  44.300  28.387  26.176 0.0000000000
93465  54.454  28.367  23.488 0.0000000000
93484  53.787  28.870  23.905 0.0000000000
93487  46.931  28.085  23.097 0.0000000000
93492  41.401  27.878  23.479 0.0000000000
93580  51.008  27.790  12.868 0.0000000000
93596  49.959  27.504  12.621 0.0000000000
93597  49.261  27.186  12.607 0.0000000000
93613  45.025  28.401  11.654 0.0000000000
93621  46.482  27.225  10.661 0.0000000000
93623  43.669  27.673  10.687 0.0000000000
93625  41.879  28.033  10.534 0.0000000000
94133  44.081  29.111  25.825 0.0000000000
94143  47.895  29.726  25.586 0.0000000000
94144  46.332  29.558  25.493 0.0000000000
94145  45.498  29.585  25.491 0.0000000000
94181  45.474  29.113  22.039 0.0000000000
94201  43.359  29.938  21.519 0.0000000000
94213  52.389  28.760  19.697 0.0000000000
94227  54.626  29.831  19.115 0.0000000000
94228  53.628  28.815  18.868 0.0000000000
94240  54.404  29.737  17.665 0.0000000000
94245  48.480  29.787  18.484 0.0000000000
94270  53.632  29.384  15.774 0.0000000000
94289  53.686  29.517  15.823 0.0000000000
94296  46.432  29.362  15.834 0.0000000000
94297  45.533  29.281  15.691 0.0000000000
94310  51.839  28.072  13.265 0.0000000000
94313  47.934  28.830  14.810 0.0000000000
94330  50.547  28.653  12.109 0.0000000000
94331  49.655  28.408  11.863 0.0000000000
94332  47.976  29.144  11.928 0.0000000000
94333  47.065  28.825  11.911 0.0000000000
94335  43.953  28.811  12.210 0.0000000000
94336  43.654  28.757  11.551 0.0000000000
94922  49.331  30.518  25.498 0.0000000000
94925  45.324  30.333  25.183 0.0000000000
94943  52.364  31.120  23.830 0.0000000000
94967  54.323  30.170  20.593 0.0000000000
94985  45.376  30.338  20.293 0.0000000000
95000  46.309  30.403  19.311 0.0000000000
95016  53.567  30.289  17.085 0.0000000000
95030  53.948  29.757  16.471 0.0000000000
95033  46.967  30.262  17.816 0.0000000000
95048  53.887  29.625  15.849 0.0000000000
95098  51.057  29.305  12.409 0.0000000000
95692  50.552  31.133  25.312 0.0000000000
95693  49.834  31.221  25.229 0.0000000000
95699  49.507  31.850  24.823 0.0000000000
95708  51.148  32.051  23.443 0.0000000000
95731  52.715  31.398  21.727 0.0000000000
95745  53.301  31.164  21.043 0.0000000000
95759  53.673  31.033  20.119 0.0000000000
96435  48.444  32.425  24.252 0.0000000000
96437  46.669  32.281  24.262 0.0000000000
96445  48.016  32.706  23.757 0.0000000000
96448  45.560  32.948  23.793 0.0000000000
96480  49.255  32.289  20.800 0.0000000000
96494  49.028  32.189  20.105 0.0000000000
96505  48.047  32.604  18.731 0.0000000000
96506  47.496  33.070  18.945 0.0000000000
96544  45.226  32.253  15.904 0.0000000000
96545  44.319  31.990  15.774 0.0000000000
97132  44.002  32.889  24.271 0.0000000000
97145  45.437  33.926  22.356 0.0000000000
97146  44.796  34.170  22.653 0.0000000000
97153  46.506  33.502  21.788 0.0000000000
97165  47.151  33.079  20.516 0.0000000000
97166  46.463  33.612  20.884 0.0000000000
97178  46.732  33.736  19.612 0.0000000000
97195  43.625  33.645  17.254 0.0000000000
97196  42.870  33.855  17.162 0.0000000000
97785  44.113  34.543  23.004 0.0000000000
97792  43.893  35.234  22.740 0.0000000000
97813  46.460  34.424  19.622 0.0000000000
97837  44.147  34.206  17.640 0.0000000000
97839  42.619  34.583  17.564 0.0000000000
98464  44.268  35.488  22.160 0.0000000000
98497  42.721  35.643  18.556 0.0000000000
98505  51.363  35.761  15.437 0.0000000000
98508  42.363  35.259  18.040 0.0000000000
98518  47.402  35.327  16.384 0.0000000000
98519  41.579  35.863  17.117 0.0000000000
98526  51.149  35.808  14.444 0.0000000000
99015  44.290  36.180  22.237 0.0000000000
99030  47.415  36.770  19.750 0.0000000000
99045  48.275  36.015  18.590 0.0000000000
99047  45.972  36.053  17.760 0.0000000000
99048  44.625  36.091  18.605 0.0000000000
99050  42.416  36.341  18.850 0.0000000000
99062  46.682  36.355  17.492 0.0000000000
99080  51.399  36.576  14.990 0.0000000000
99521  44.980  37.805  23.006 0.0000000000
99531  44.550  36.974  22.503 0.0000000000
99538  47.852  37.530  20.255 0.0000000000
99541  51.235  38.286  18.403 0.0000000000
99546  42.945  37.322  19.412 0.0000000000
99559  42.336  37.096  19.142 0.0000000000
99583  51.093  37.145  15.316 0.0000000000
99986  47.500  38.806  26.792 0.0000000000
99987  47.173  38.645  26.997 0.0000000000
99990  48.056  38.850  25.731 0.0000000000
99997  47.121  38.363  24.868 0.0000000000
100004  45.690  38.275  23.718 0.0000000000
100010  50.209  39.113  22.533 0.0000000000
100020  49.646  38.722  21.757 0.0000000000
100027  48.523  38.207  20.855 0.0000000000
100030  51.025  38.566  19.371 0.0000000000
100039  51.402  38.407  17.652 0.0000000000
100042  46.701  38.281  18.626 0.0000000000
100048  51.348  38.396  17.050 0.0000000000
100462  49.105  39.075  24.630 0.0000000000
100463  48.595  39.040  25.234 0.0000000000
100466  49.649  39.798  23.376 0.0000000000
100467  49.578  39.240  24.002 0.0000000000
100488  51.073  39.000  20.831 0.0000000000
100500  45.357  39.574  19.495 0.0000000000
100502  43.363  39.585  19.656 0.0000000000
100527  51.114  39.123  17.502 0.0000000000
100907  45.871  40.122  26.226 0.0000000000
100991  50.915  40.653  18.852 0.0000000000
101004  51.119  40.114  18.535 0.0000000000
101435  47.491  41.584  24.198 0.0000000000
101437  45.828  42.532  23.944 0.0000000000
101467  48.341  42.818  23.176 0.0000000000
101468  45.163  41.865  22.297 0.0000000000
102484  49.063  44.878  20.343 0.0000000000
111213  46.358  26.125  27.691 0.0000000000
111427  44.921  27.807  26.455 0.0000000000
112774  53.360  29.096  15.347 0.0000000000
113122  47.569  43.206  24.139 0.0000000000
114100  54.868  20.326  20.849 0.0000000000
114563  53.668  21.418  17.806 0.0000000000
115391  51.944  31.787  22.099 0.0000000000
116435  52.372  19.198  30.979 0.0000000000
116586  51.017  23.805  26.381 0.0000000000
116878  54.707  29.464  20.391 0.0000000000
117800  45.054  25.736  10.908 0.0000000000
118489  54.450  21.964  17.443 0.0000000000
118501  58.143  23.472  21.584 0.0000000000
119273  50.644  19.430  30.386 0.0000000000
119798  52.747  18.661  29.026 0.0000000000
120159  51.637  23.560  17.684 0.0000000000
120631  47.099  29.678  25.485 0.0000000000
121244  52.328  25.696  23.445 0.0000000000
121469  44.927  35.758  21.219 0.0000000000
121483  57.798  24.035  22.824 0.0000000000
122241  47.942  28.276  26.514 0.0000000000
122588  43.223  40.932  19.646 0.0000000000
124817  54.493  25.974  25.344 0.0000000000
125383  46.612  27.058  13.242 0.0000000000
125423  57.721  18.612  24.796 0.0000000000
126770  52.380  31.477  22.491 0.0000000000
127024  41.191  28.385  23.147 0.0000000000
127778  53.932  16.333  24.328 0.0000000000
128057  50.132  27.428  23.435 0.0000000000
128223  52.119  23.609  22.092 0.0000000000
128435  48.645  23.821  27.478 0.0000000000
128455  47.669  31.164  13.876 0.0000000000
128583  51.146  22.001  17.961 0.0000000000
128744  55.359  20.118  31.769 0.0000000000
128856  57.450  24.938  21.768 0.0000000000
128965  56.634  25.125  24.120 0.0000000000
130939  53.541  25.784  25.809 0.0000000000
131046  53.583  28.975  16.686 0.0000000000
131591  43.896  40.059  19.695 0.0000000000
131738  49.848  36.888  18.199 0.0000000000
131741  47.159  29.435  16.025 0.0000000000
131923  49.381  26.197  24.260 0.0000000000
132182  44.517  29.843  13.344 0.0000000000
132309  48.731  32.488  21.185 0.0000000000
132359  47.617  31.389  24.790 0.0000000000
132618  55.839  20.223  30.499 0.0000000000
133209  50.503  32.261  23.852 0.0000000000
133404  51.228  19.399  30.921 0.0000000000
133413  52.407  29.547  26.039 0.0000000000
133502  42.845  27.074  10.569 0.0000000000
133818  52.320  30.693  17.685 0.0000000000
134062  51.278  27.943  12.787 0.0000000000
134422  47.131  33.501  19.193 0.0000000000
134506  49.542  27.963  27.129 0.0000000000
