#!ascii label  , from subject sub-v2s8x29186_ses-1 vox2ras=TkReg
863
58953  -18.529  -17.147  -42.842 0.5555555820
58954  -19.366  -17.192  -43.352 0.6666666865
59975  -20.242  -16.455  -44.158 0.7777777910
59981  -21.164  -16.620  -44.585 0.7777777910
60878  -20.938  -15.035  -45.286 0.8888888955
61818  -23.069  -14.841  -46.660 0.8888888955
58946  -17.629  -16.908  -42.259 0.5555555820
115388  -17.736  -16.242  -42.740 0.5555555820
59973  -18.607  -15.413  -43.508 0.6666666865
116665  -19.441  -15.443  -43.993 0.8888888955
110995  -21.260  -16.037  -45.086 0.8888888955
60887  -21.666  -15.032  -45.984 0.8888888955
62766  -22.093  -13.251  -46.568 1.0000000000
61825  -24.007  -14.717  -47.000 0.8888888955
115944  -24.231  -13.208  -47.501 1.0000000000
60865  -17.392  -14.460  -42.570 0.7777777910
61804  -18.985  -13.717  -43.990 1.0000000000
62751  -19.206  -13.005  -44.368 1.0000000000
114441  -19.842  -13.220  -44.752 1.0000000000
120843  -21.245  -12.402  -46.192 1.0000000000
62758  -19.595  -12.445  -44.950 1.0000000000
63734  -20.606  -11.620  -45.953 1.0000000000
63735  -21.391  -11.675  -46.507 1.0000000000
63742  -22.366  -11.839  -46.909 1.0000000000
63743  -23.496  -12.140  -47.212 1.0000000000
120813  -21.662  -10.948  -46.845 1.0000000000
64747  -22.702  -10.924  -47.192 1.0000000000
64748  -23.927  -11.273  -47.216 1.0000000000
65851  -22.622  -9.869  -47.402 1.0000000000
65852  -23.485  -9.551  -47.498 0.7777777910
63727  -18.375  -11.528  -44.355 0.8888888955
64738  -20.821  -10.927  -46.392 1.0000000000
64736  -19.169  -10.767  -45.370 1.0000000000
64745  -20.291  -10.235  -46.352 1.0000000000
131214  -21.246  -9.705  -47.241 1.0000000000
117802  -21.815  -10.182  -47.233 1.0000000000
65861  -22.632  -8.959  -47.573 1.0000000000
65862  -23.430  -8.655  -47.563 1.0000000000
66882  -24.169  -8.395  -47.467 0.7777777910
67842  -24.822  -8.096  -47.240 0.7777777910
64727  -17.796  -10.350  -44.537 0.5555555820
66879  -18.562  -8.544  -46.492 0.7777777910
65842  -18.970  -9.922  -45.734 0.8888888955
65850  -20.550  -9.610  -46.912 1.0000000000
64746  -21.043  -10.279  -46.880 1.0000000000
115264  -19.240  -8.877  -46.608 0.8888888955
66880  -20.044  -8.826  -47.122 1.0000000000
66881  -21.041  -9.027  -47.392 1.0000000000
66893  -22.652  -8.113  -47.609 1.0000000000
67852  -23.310  -7.827  -47.531 0.8888888955
124454  -22.669  -7.416  -47.600 1.0000000000
68770  -23.096  -6.991  -47.497 0.8888888955
69607  -24.160  -6.213  -46.462 0.7777777910
68748  -24.906  -6.692  -46.050 0.6666666865
66868  -17.303  -8.422  -45.461 0.4444444478
66869  -18.031  -8.843  -45.866 0.7777777910
66878  -17.756  -8.072  -46.343 0.6666666865
67848  -19.220  -7.533  -47.486 0.7777777910
67840  -19.236  -8.278  -47.024 0.8888888955
66890  -19.959  -7.952  -47.461 0.8888888955
66892  -21.768  -8.404  -47.601 1.0000000000
67849  -20.543  -7.408  -47.768 1.0000000000
120149  -21.337  -6.991  -47.782 1.0000000000
119775  -22.206  -6.683  -47.660 1.0000000000
113701  -22.057  -5.831  -47.616 0.8888888955
68759  -22.838  -6.007  -47.350 0.7777777910
69606  -23.510  -5.714  -46.764 0.7777777910
69599  -25.357  -6.088  -45.401 0.5555555820
70425  -23.512  -4.977  -46.286 0.7777777910
70418  -24.202  -4.922  -45.595 0.6666666865
67846  -17.551  -7.097  -47.256 0.6666666865
67838  -17.259  -7.399  -46.640 0.6666666865
67847  -18.289  -7.312  -47.401 0.7777777910
68766  -18.024  -6.688  -47.715 0.7777777910
109875  -19.803  -6.984  -47.933 0.8888888955
68777  -19.555  -6.047  -48.276 1.0000000000
68768  -20.522  -6.558  -47.998 1.0000000000
68769  -21.295  -6.046  -47.857 1.0000000000
69613  -22.309  -5.168  -47.371 0.8888888955
69605  -22.953  -5.110  -46.921 0.8888888955
70432  -21.890  -4.370  -47.447 0.8888888955
70433  -22.543  -4.417  -47.050 0.7777777910
70424  -23.066  -4.371  -46.528 0.7777777910
120389  -23.552  -4.247  -45.831 0.7777777910
71261  -24.215  -4.054  -45.200 0.6666666865
68758  -16.939  -6.803  -46.988 0.6666666865
67837  -16.709  -7.012  -46.179 0.5555555820
68765  -17.334  -6.475  -47.549 0.7777777910
68776  -18.459  -6.151  -48.173 0.8888888955
69620  -19.343  -5.215  -48.590 1.0000000000
69611  -20.777  -5.199  -48.049 1.0000000000
69612  -21.577  -5.183  -47.723 0.8888888955
71277  -22.285  -3.671  -47.105 0.7777777910
71270  -22.662  -3.247  -46.588 0.7777777910
71260  -23.567  -3.396  -45.449 0.6666666865
71240  -24.287  -3.287  -44.705 0.5555555820
69610  -17.240  -5.820  -47.909 0.7777777910
69609  -16.661  -5.335  -47.611 0.6666666865
69618  -17.893  -5.561  -48.389 0.8888888955
70439  -18.709  -4.733  -48.823 1.0000000000
70440  -19.544  -4.565  -48.725 1.0000000000
121176  -20.420  -3.547  -48.117 0.8888888955
70431  -21.053  -4.387  -47.845 0.8888888955
72118  -20.844  -2.617  -47.699 0.8888888955
71269  -22.186  -2.861  -47.012 0.7777777910
72992  -22.103  -2.076  -46.749 0.7777777910
72104  -22.600  -2.521  -46.327 0.7777777910
130921  -23.357  -2.813  -45.469 0.5555555820
72991  -21.583  -1.650  -47.090 0.7777777910
72981  -22.535  -1.724  -46.010 0.5555555820
111150  -23.692  -1.800  -44.518 0.5555555820
118437  -22.415  -1.015  -45.812 0.6666666865
70423  -15.547  -4.400  -46.366 0.4444444478
70429  -15.996  -4.688  -47.093 0.5555555820
70437  -17.302  -4.250  -48.652 0.7777777910
70438  -17.898  -4.798  -48.708 0.8888888955
127635  -18.550  -3.458  -49.261 1.0000000000
71286  -19.692  -3.214  -48.629 0.8888888955
72128  -19.996  -2.627  -48.158 0.8888888955
72113  -21.612  -2.405  -47.300 0.8888888955
72980  -22.001  -1.314  -46.454 0.6666666865
72966  -23.067  -1.160  -45.139 0.5555555820
72123  -15.770  -1.919  -48.046 0.6666666865
71281  -16.103  -2.965  -47.933 0.6666666865
72125  -17.271  -2.444  -48.934 0.7777777910
71291  -18.549  -2.865  -49.277 0.8888888955
72126  -18.432  -2.158  -49.068 0.7777777910
73009  -19.025  -1.674  -48.729 0.7777777910
72127  -19.232  -2.555  -48.879 0.8888888955
128461  -18.879  -0.971  -48.525 0.7777777910
73010  -19.648  -1.948  -48.327 0.8888888955
72999  -19.687  -1.106  -48.280 0.7777777910
73000  -20.395  -1.756  -47.861 0.7777777910
72990  -20.993  -1.265  -47.424 0.6666666865
74827  -19.754  0.260  -48.177 0.6666666865
73921  -20.824  -0.508  -47.242 0.6666666865
116650  -21.426  -0.912  -46.815 0.5555555820
75755  -20.430  1.059  -46.717 0.6666666865
74816  -20.620  0.255  -46.990 0.5555555820
128498  -21.599  0.244  -45.958 0.5555555820
73913  -22.576  -0.356  -45.304 0.4444444478
74817  -21.026  0.634  -46.241 0.5555555820
74825  -15.160  -0.006  -47.776 0.3333333433
72997  -14.932  -0.723  -47.340 0.3333333433
73929  -15.829  -0.277  -48.396 0.5555555820
73006  -16.148  -1.040  -48.373 0.6666666865
73936  -15.917  0.398  -48.543 0.5555555820
73938  -17.337  -0.817  -48.611 0.7777777910
74837  -17.613  0.663  -48.496 0.6666666865
73939  -18.145  -0.332  -48.528 0.6666666865
73940  -19.264  -0.339  -48.385 0.6666666865
119782  -19.384  1.184  -48.019 0.6666666865
75770  -19.935  1.512  -47.279 0.6666666865
75756  -21.022  1.563  -46.074 0.5555555820
74826  -15.609  0.802  -48.401 0.4444444478
74814  -14.570  0.662  -45.485 0.4444444478
73935  -15.633  0.460  -48.388 0.4444444478
75768  -15.742  1.640  -48.475 0.5555555820
74835  -16.145  0.815  -48.641 0.6666666865
74836  -16.911  0.229  -48.560 0.6666666865
121491  -16.391  1.055  -48.665 0.6666666865
74838  -18.814  0.446  -48.371 0.6666666865
120919  -19.490  1.931  -47.672 0.6666666865
76732  -19.963  2.367  -47.312 0.6666666865
117979  -20.558  2.955  -46.855 0.5555555820
76716  -21.116  2.575  -46.152 0.6666666865
75781  -16.094  1.517  -48.718 0.6666666865
76749  -16.981  2.144  -48.449 0.6666666865
75782  -17.218  1.443  -48.510 0.6666666865
60877  -20.189  -14.502  -44.639 0.8888888955
60871  -18.803  -14.540  -43.737 1.0000000000
61809  -19.680  -13.772  -44.461 1.0000000000
62759  -20.420  -13.183  -45.242 1.0000000000
62774  -23.129  -13.075  -47.182 1.0000000000
67826  -16.997  -7.698  -45.842 0.5555555820
68764  -16.754  -6.119  -47.299 0.5555555820
114229  -15.515  -3.889  -46.862 0.5555555820
69617  -17.233  -5.088  -48.292 0.7777777910
71284  -19.000  -3.993  -49.154 1.0000000000
71268  -15.265  -3.834  -46.071 0.2222222239
73008  -18.236  -1.339  -48.778 0.7777777910
73912  -21.920  -0.471  -46.068 0.4444444478
125206  -15.977  1.279  -48.689 0.6666666865
76748  -16.156  2.106  -48.597 0.6666666865
68757  -16.470  -6.312  -46.478 0.4444444478
116770  -21.733  3.110  -45.679 0.5555555820
76700  -21.813  2.245  -45.472 0.5555555820
74815  -14.677  1.350  -45.195 0.2222222239
75753  -14.743  1.163  -46.609 0.3333333433
130177  -18.598  -18.106  -42.232 0.5555555820
57972  -19.519  -18.084  -43.022 0.5555555820
58960  -20.222  -17.230  -43.720 0.5555555820
58961  -21.259  -17.316  -44.018 0.5555555820
59983  -22.731  -16.104  -45.207 0.7777777910
60889  -23.478  -15.316  -46.286 0.8888888955
57960  -17.845  -18.335  -41.392 0.5555555820
60879  -22.016  -15.805  -45.578 0.8888888955
61826  -24.701  -14.241  -47.186 0.7777777910
62776  -24.907  -13.530  -47.394 0.8888888955
58938  -16.665  -16.718  -40.804 0.4444444478
59960  -16.607  -15.087  -41.549 0.5555555820
63744  -24.618  -12.500  -47.381 1.0000000000
60860  -16.774  -14.353  -41.831 0.2222222239
61797  -17.603  -13.725  -42.853 0.6666666865
117208  -24.468  -10.341  -47.429 0.8888888955
65853  -25.220  -9.751  -47.490 0.6666666865
67843  -26.010  -8.615  -47.436 0.6666666865
62749  -17.491  -12.378  -43.194 0.5555555820
67827  -25.373  -7.672  -46.688 0.6666666865
63726  -17.617  -11.062  -44.037 0.4444444478
65827  -16.161  -9.398  -44.013 0.2222222239
69583  -24.921  -5.310  -45.078 0.5555555820
66867  -16.564  -8.040  -45.053 0.4444444478
71241  -24.895  -3.993  -44.432 0.5555555820
67824  -15.881  -6.835  -44.924 0.3333333433
69603  -15.738  -5.033  -46.181 0.4444444478
72092  -24.457  -2.383  -44.055 0.4444444478
70413  -15.412  -4.514  -45.764 0.3333333433
73897  -23.209  -0.175  -44.439 0.4444444478
73920  -14.677  -0.643  -46.599 0.3333333433
72116  -14.994  -1.650  -47.152 0.4444444478
74801  -22.151  0.299  -45.467 0.4444444478
75739  -22.387  1.727  -44.983 0.4444444478
76701  -22.437  3.139  -45.228 0.2222222239
75754  -14.748  2.039  -45.917 0.3333333433
76747  -15.845  2.179  -48.465 0.6666666865
76750  -18.066  2.100  -48.368 0.6666666865
76730  -18.666  2.804  -48.154 0.6666666865
77688  -19.199  3.576  -48.029 0.6666666865
77689  -19.959  3.248  -47.581 0.6666666865
77675  -21.283  3.669  -46.238 0.4444444478
77702  -15.919  3.053  -48.120 0.5555555820
59969  -18.500  -16.300  -43.244 0.6666666865
57978  -20.191  -17.903  -43.349 0.6666666865
59974  -19.341  -16.342  -43.708 0.7777777910
60873  -20.357  -15.511  -44.581 0.8888888955
61816  -21.107  -14.101  -45.598 1.0000000000
61810  -20.356  -13.926  -44.961 1.0000000000
60888  -22.540  -15.303  -46.224 0.8888888955
57966  -17.410  -17.384  -41.561 0.4444444478
58945  -16.956  -16.572  -41.666 0.4444444478
59961  -16.999  -15.959  -42.170 0.5555555820
131856  -17.380  -15.678  -42.590 0.6666666865
59968  -17.773  -15.398  -42.953 0.5555555820
60872  -19.569  -14.538  -44.207 0.8888888955
61817  -22.066  -14.374  -46.415 1.0000000000
62767  -23.138  -14.148  -47.026 1.0000000000
62765  -21.224  -13.237  -45.871 1.0000000000
62775  -24.233  -13.997  -47.414 1.0000000000
60866  -18.062  -14.541  -43.201 0.8888888955
59967  -17.140  -15.133  -42.308 0.6666666865
61803  -18.294  -13.728  -43.444 0.8888888955
62750  -18.394  -12.842  -43.735 0.8888888955
62757  -18.761  -12.207  -44.358 1.0000000000
62764  -20.468  -12.382  -45.554 1.0000000000
121373  -22.004  -12.416  -46.654 1.0000000000
63733  -19.775  -11.609  -45.415 1.0000000000
64737  -20.038  -10.891  -45.874 1.0000000000
122869  -23.415  -10.372  -47.358 1.0000000000
121315  -24.366  -9.269  -47.529 0.7777777910
64728  -18.432  -10.906  -44.693 1.0000000000
63720  -17.961  -11.910  -43.814 0.6666666865
63728  -19.007  -11.580  -44.867 1.0000000000
64744  -19.595  -10.267  -45.931 1.0000000000
65860  -21.846  -9.345  -47.463 1.0000000000
67841  -23.878  -7.502  -47.338 0.8888888955
68761  -24.435  -7.134  -46.798 0.6666666865
64726  -17.139  -10.378  -44.023 0.5555555820
65829  -17.888  -9.787  -44.922 0.6666666865
64735  -18.444  -10.211  -45.123 0.7777777910
65841  -18.285  -9.534  -45.500 0.7777777910
65848  -18.755  -9.229  -46.117 0.8888888955
65849  -19.617  -9.566  -46.395 1.0000000000
66891  -20.785  -8.222  -47.555 1.0000000000
67851  -22.006  -7.545  -47.670 1.0000000000
68760  -23.640  -6.578  -47.120 0.8888888955
69597  -23.969  -5.515  -46.157 0.6666666865
69598  -24.568  -5.796  -45.728 0.6666666865
66855  -16.059  -8.395  -44.516 0.3333333433
66856  -16.657  -8.840  -44.660 0.3333333433
65840  -17.591  -9.167  -45.111 0.4444444478
127390  -17.802  -7.611  -46.980 0.6666666865
67839  -18.448  -7.921  -46.981 0.7777777910
128895  -19.897  -7.469  -47.700 0.8888888955
67850  -21.307  -7.710  -47.696 1.0000000000
70419  -24.675  -4.637  -44.928 0.5555555820
68767  -18.903  -6.780  -47.819 0.8888888955
120332  -20.460  -5.819  -48.158 1.0000000000
71271  -23.097  -3.672  -46.196 0.7777777910
67825  -16.390  -7.295  -45.355 0.4444444478
69619  -18.710  -5.487  -48.506 0.8888888955
69621  -20.036  -5.232  -48.436 1.0000000000
70441  -20.271  -4.483  -48.374 0.8888888955
71259  -23.039  -2.983  -45.925 0.6666666865
72091  -23.709  -2.660  -44.924 0.5555555820
69604  -16.249  -5.559  -46.769 0.5555555820
70430  -16.624  -4.513  -47.998 0.6666666865
124526  -18.287  -5.150  -48.624 0.8888888955
120547  -19.700  -3.880  -48.773 1.0000000000
71276  -21.492  -3.405  -47.507 0.8888888955
72105  -23.154  -2.225  -45.518 0.6666666865
73001  -21.149  -1.922  -47.513 0.8888888955
70444  -18.092  -3.962  -49.158 1.0000000000
71283  -17.359  -3.394  -48.964 0.7777777910
71282  -16.689  -3.677  -48.378 0.7777777910
71285  -19.148  -3.342  -49.113 0.8888888955
71290  -17.940  -3.109  -49.312 0.7777777910
109266  -23.700  -0.875  -43.977 0.5555555820
72117  -15.322  -2.565  -47.333 0.5555555820
72998  -15.419  -0.935  -48.060 0.4444444478
72124  -16.504  -2.425  -48.438 0.6666666865
113035  -16.553  -1.816  -48.492 0.6666666865
112193  -16.772  -2.995  -48.653 0.7777777910
71275  -16.055  -3.855  -47.611 0.7777777910
119273  -15.539  -3.302  -47.300 0.6666666865
73013  -17.688  -1.823  -48.936 0.7777777910
72133  -17.962  -2.525  -49.230 0.7777777910
73930  -19.979  -0.376  -48.203 0.6666666865
121654  -20.405  -0.829  -47.853 0.6666666865
73931  -20.330  -0.079  -47.805 0.6666666865
74828  -20.099  0.698  -47.545 0.6666666865
73922  -21.198  -0.152  -46.525 0.5555555820
75738  -21.712  1.070  -45.555 0.4444444478
74784  -22.735  0.471  -44.777 0.4444444478
73928  -15.462  -0.147  -48.188 0.5555555820
73937  -16.416  -0.174  -48.511 0.6666666865
76715  -20.464  1.978  -46.696 0.6666666865
120684  -15.889  1.085  -48.632 0.5555555820
75780  -15.899  1.569  -48.636 0.6666666865
75783  -18.388  1.299  -48.360 0.6666666865
75769  -18.912  2.010  -48.150 0.6666666865
76731  -19.364  2.655  -47.830 0.6666666865
68756  -16.013  -5.757  -45.875 0.4444444478
71267  -15.182  -3.103  -46.574 0.3333333433
68746  -16.225  -6.528  -45.634 0.4444444478
128497  -22.574  2.527  -44.932 0.3333333433
77664  -22.232  3.802  -45.641 0.3333333433
60880  -23.221  -15.712  -45.603 0.6666666865
57959  -17.074  -17.707  -40.846 0.4444444478
57958  -16.598  -17.389  -40.111 0.3333333433
58944  -16.500  -15.857  -41.228 0.4444444478
66883  -25.370  -8.995  -47.544 0.6666666865
65828  -17.131  -9.694  -44.398 0.3333333433
64725  -16.433  -10.042  -43.698 0.1111111119
117993  -15.944  -8.855  -44.181 0.1111111119
119397  -15.751  -6.035  -45.164 0.3333333433
126530  -15.013  -2.344  -46.621 0.3333333433
77674  -20.530  3.918  -47.089 0.6666666865
58939  -21.501  -16.903  -41.143 0.4444444478
59954  -21.806  -16.142  -40.362 0.2222222239
57100  -19.454  -19.066  -42.100 0.4444444478
57101  -20.183  -18.937  -42.260 0.4444444478
57973  -20.471  -18.429  -42.884 0.4444444478
58947  -21.704  -17.037  -42.141 0.4444444478
59970  -22.172  -16.262  -42.279 0.4444444478
59963  -22.352  -15.392  -41.484 0.2222222239
57980  -21.586  -17.487  -43.495 0.4444444478
58955  -22.078  -17.177  -43.235 0.4444444478
61798  -23.137  -14.185  -42.004 0.1111111119
61782  -23.136  -14.104  -41.189 0.1111111119
59976  -22.530  -16.778  -43.897 0.4444444478
123234  -23.101  -14.875  -42.725 0.3333333433
58962  -22.017  -17.229  -43.989 0.4444444478
109832  -22.987  -15.918  -43.640 0.3333333433
60867  -23.422  -14.848  -44.009 0.3333333433
121821  -22.806  -16.375  -44.460 0.4444444478
58970  -21.697  -17.008  -44.337 0.5555555820
62752  -24.121  -13.276  -43.838 0.2222222239
63710  -24.931  -11.831  -43.378 0.1111111119
61811  -24.133  -14.315  -45.017 0.3333333433
62760  -24.474  -13.369  -44.875 0.3333333433
118350  -24.236  -14.814  -46.452 0.4444444478
61827  -25.085  -13.703  -47.181 0.5555555820
62777  -25.109  -13.206  -47.199 0.6666666865
63730  -25.476  -11.260  -45.216 0.4444444478
63745  -25.023  -12.623  -47.233 0.6666666865
64740  -26.888  -9.813  -46.597 0.3333333433
63746  -25.134  -11.551  -47.116 0.6666666865
64750  -25.791  -10.478  -47.034 0.5555555820
119041  -24.913  -11.566  -47.306 0.6666666865
65854  -26.167  -9.549  -47.472 0.5555555820
65855  -27.325  -9.166  -48.152 0.5555555820
65843  -26.667  -9.597  -47.281 0.4444444478
64749  -25.349  -10.544  -47.286 0.5555555820
67828  -26.534  -8.279  -47.134 0.4444444478
66885  -27.308  -8.910  -48.221 0.4444444478
68749  -25.970  -7.140  -45.981 0.4444444478
77704  -17.808  2.848  -48.251 0.5555555820
77687  -18.431  3.410  -48.139 0.5555555820
78478  -19.412  4.597  -47.947 0.5555555820
57962  -21.108  -17.792  -40.987 0.4444444478
59962  -21.907  -16.127  -41.299 0.2222222239
61805  -23.692  -13.872  -43.649 0.2222222239
62744  -23.831  -13.324  -42.790 0.1111111119
62761  -24.801  -12.775  -45.319 0.4444444478
63721  -25.005  -11.900  -44.547 0.3333333433
61812  -24.740  -13.856  -46.251 0.4444444478
63736  -25.148  -12.380  -46.907 0.6666666865
63737  -25.410  -11.356  -46.428 0.4444444478
67829  -27.824  -8.613  -48.245 0.3333333433
128300  -26.926  -7.869  -46.612 0.4444444478
69584  -25.730  -5.461  -44.785 0.4444444478
78488  -17.653  3.590  -48.014 0.5555555820
120692  -17.565  4.380  -47.653 0.5555555820
57979  -20.953  -17.836  -43.415 0.4444444478
116329  -19.882  4.017  -47.769 0.5555555820
115245  -20.388  -19.360  -40.674 0.4444444478
57952  -20.789  -18.366  -40.237 0.4444444478
122301  -21.454  -16.874  -40.305 0.2222222239
58932  -21.832  -16.409  -39.430 0.2222222239
113933  -22.379  -15.778  -38.931 0.1111111119
57093  -19.206  -19.403  -41.363 0.4444444478
57094  -20.037  -19.375  -41.506 0.4444444478
60854  -22.681  -14.679  -40.793 0.1111111119
59947  -22.282  -15.558  -39.655 0.1111111119
61783  -23.580  -13.602  -40.865 0.1111111119
62734  -24.073  -12.938  -42.045 0.1111111119
63697  -25.087  -11.917  -42.374 0.1111111119
63711  -25.607  -11.429  -42.914 0.1111111119
63722  -25.480  -11.264  -43.929 0.1111111119
64729  -26.042  -10.623  -44.550 0.2222222239
65844  -27.657  -9.387  -48.039 0.1111111119
64730  -26.658  -9.967  -45.204 0.2222222239
66870  -28.041  -9.037  -48.619 0.2222222239
130338  -27.654  -7.925  -46.754 0.3333333433
68739  -26.279  -6.246  -45.188 0.4444444478
69585  -26.674  -5.483  -44.605 0.3333333433
70401  -26.082  -4.772  -44.321 0.3333333433
70400  -25.277  -4.760  -44.585 0.4444444478
72967  -24.288  -1.442  -43.788 0.4444444478
76729  -15.711  2.600  -48.116 0.4444444478
78476  -16.487  3.933  -47.715 0.5555555820
78477  -18.550  4.086  -48.049 0.5555555820
117106  -18.654  4.949  -47.825 0.5555555820
78475  -15.681  4.770  -47.365 0.5555555820
124178  -19.755  -18.835  -42.704 0.4444444478
59982  -22.096  -16.631  -44.722 0.5555555820
66884  -26.676  -9.053  -47.804 0.5555555820
121154  -25.598  -4.239  -44.160 0.4444444478
116989  -22.350  0.964  -45.049 0.3333333433
60881  -23.717  -15.345  -45.514 0.3333333433
60874  -23.221  -15.867  -44.797 0.3333333433
57968  -21.309  -17.677  -41.893 0.4444444478
59955  -22.247  -15.390  -40.542 0.1111111119
57961  -20.588  -18.835  -41.401 0.4444444478
57967  -20.836  -18.390  -42.154 0.4444444478
57974  -21.311  -17.812  -42.818 0.4444444478
125327  -22.546  -16.430  -43.133 0.4444444478
59971  -22.636  -15.561  -42.466 0.4444444478
60861  -22.781  -14.728  -41.733 0.1111111119
61792  -23.551  -13.542  -41.802 0.1111111119
61799  -23.413  -14.044  -42.788 0.2222222239
62753  -24.538  -12.549  -44.072 0.1111111119
62745  -24.403  -12.558  -42.850 0.1111111119
62768  -25.097  -13.049  -46.611 0.4444444478
63729  -25.056  -12.049  -45.814 0.4444444478
64739  -26.112  -10.480  -46.127 0.3333333433
68750  -26.951  -7.154  -45.739 0.4444444478
77703  -16.787  2.931  -48.204 0.5555555820
120505  -16.303  5.038  -47.446 0.5555555820
57953  -21.269  -17.375  -39.759 0.4444444478
57092  -18.238  -19.143  -41.104 0.4444444478
60845  -22.729  -14.818  -39.882 0.1111111119
61784  -24.211  -13.031  -41.132 0.1111111119
52090  -21.110  -23.477  -34.874 0.1111111119
129727  -19.512  -22.389  -37.940 0.3333333433
52991  -20.235  -22.770  -35.891 0.2222222239
52976  -20.721  -22.658  -35.146 0.2222222239
52977  -21.328  -22.582  -34.554 0.1111111119
53989  -21.003  -21.839  -34.827 0.1111111119
55060  -18.393  -21.402  -38.565 0.3333333433
54020  -18.049  -21.990  -38.083 0.3333333433
112067  -18.898  -22.470  -38.271 0.3333333433
54023  -20.159  -21.261  -37.379 0.3333333433
53006  -20.168  -22.196  -36.318 0.2222222239
54010  -20.370  -21.361  -36.284 0.2222222239
54000  -20.493  -21.949  -35.556 0.2222222239
55032  -20.877  -21.050  -35.246 0.2222222239
56124  -17.275  -19.937  -38.812 0.2222222239
55072  -17.786  -20.711  -38.650 0.2222222239
54021  -18.957  -21.910  -38.520 0.3333333433
54022  -19.647  -21.869  -38.140 0.3333333433
55045  -20.712  -20.580  -35.910 0.1111111119
56137  -17.631  -19.671  -39.555 0.2222222239
110304  -18.282  -20.412  -39.352 0.3333333433
56138  -18.654  -20.113  -40.031 0.3333333433
55086  -19.510  -20.600  -39.669 0.3333333433
55073  -18.949  -21.046  -39.091 0.3333333433
55075  -20.208  -20.430  -38.591 0.3333333433
56125  -20.101  -20.460  -39.501 0.3333333433
56115  -20.532  -19.657  -37.861 0.3333333433
56126  -20.405  -19.555  -38.916 0.3333333433
56105  -20.674  -19.762  -36.941 0.1111111119
56106  -20.936  -18.996  -37.142 0.2222222239
57090  -16.737  -18.139  -39.903 0.2222222239
56136  -17.064  -18.877  -39.762 0.2222222239
57091  -17.336  -18.529  -40.562 0.3333333433
56147  -18.927  -19.770  -40.688 0.3333333433
56139  -20.004  -20.359  -40.140 0.3333333433
56140  -20.247  -19.972  -40.056 0.3333333433
57082  -20.556  -18.964  -39.603 0.3333333433
57057  -20.789  -18.856  -38.014 0.3333333433
57951  -16.426  -17.753  -39.463 0.3333333433
57099  -18.628  -18.974  -41.778 0.3333333433
56148  -19.927  -19.946  -40.748 0.3333333433
57941  -21.061  -17.988  -38.994 0.3333333433
68740  -27.303  -6.333  -45.101 0.2222222239
113912  -24.890  -3.216  -43.944 0.3333333433
71242  -25.532  -3.550  -43.782 0.2222222239
54009  -19.954  -22.148  -37.276 0.3333333433
56123  -16.796  -19.188  -39.023 0.3333333433
55061  -20.020  -21.147  -38.309 0.3333333433
55062  -20.336  -20.463  -37.624 0.3333333433
57068  -20.755  -18.676  -38.722 0.3333333433
51191  -21.095  -24.482  -35.496 0.1111111119
112843  -21.746  -24.298  -34.766 0.1111111119
53022  -18.264  -23.156  -37.970 0.3333333433
52106  -19.388  -23.979  -37.423 0.3333333433
52097  -20.041  -23.643  -36.430 0.3333333433
52098  -20.548  -23.520  -35.550 0.3333333433
51176  -22.417  -24.108  -34.233 0.1111111119
52959  -21.987  -22.523  -34.014 0.1111111119
115682  -21.637  -21.815  -34.262 0.1111111119
56114  -16.883  -20.176  -38.062 0.2222222239
55033  -21.594  -20.521  -34.664 0.1111111119
56095  -20.923  -19.907  -36.127 0.1111111119
57058  -21.332  -18.318  -37.413 0.1111111119
57069  -21.104  -18.244  -38.167 0.1111111119
115722  -16.459  -17.130  -39.342 0.1111111119
72077  -25.504  -2.605  -43.491 0.2222222239
62743  -17.782  -13.095  -43.163 0.5555555820
126531  -16.903  -17.925  -40.392 0.3333333433
70402  -27.002  -4.697  -44.086 0.2222222239
121878  -21.778  -23.347  -34.352 0.1111111119
53023  -19.348  -23.015  -37.816 0.3333333433
53005  -19.872  -22.905  -36.874 0.3333333433
55059  -17.298  -21.045  -37.827 0.2222222239
131555  -18.197  -22.609  -38.069 0.3333333433
55052  -20.504  -20.541  -36.689 0.2222222239
54041  -19.444  -21.497  -38.712 0.3333333433
55046  -21.225  -20.170  -35.391 0.1111111119
57081  -17.917  -19.394  -40.312 0.3333333433
116659  -19.568  -20.225  -40.289 0.3333333433
55074  -19.914  -21.040  -39.091 0.3333333433
128620  -21.170  -19.216  -36.374 0.1111111119
57080  -16.443  -18.336  -39.164 0.2222222239
51192  -22.063  -25.321  -35.604 0.1111111119
114193  -20.458  -24.256  -36.077 0.2222222239
52114  -18.546  -23.814  -37.841 0.3333333433
132001  -17.987  -23.731  -37.800 0.2222222239
54008  -16.954  -21.795  -37.379 0.2222222239
68741  -28.485  -6.465  -45.307 0.1111111119
69587  -29.006  -5.612  -44.946 0.1111111119
70403  -27.876  -4.543  -44.054 0.1111111119
70386  -28.308  -3.900  -43.889 0.1111111119
71243  -26.348  -3.961  -43.741 0.1111111119
71223  -26.866  -3.210  -43.416 0.1111111119
71224  -27.737  -3.217  -43.543 0.1111111119
71222  -26.126  -3.164  -43.484 0.1111111119
113322  -23.443  0.815  -44.027 0.1111111119
75723  -22.962  1.351  -44.555 0.1111111119
73898  -23.992  0.098  -43.609 0.1111111119
74785  -24.489  1.173  -43.592 0.1111111119
114395  -23.174  2.275  -44.528 0.1111111119
78474  -15.565  4.405  -47.237 0.4444444478
77686  -15.740  3.905  -47.524 0.4444444478
76687  -23.260  3.127  -44.776 0.1111111119
78466  -21.188  4.654  -46.718 0.3333333433
78467  -22.029  4.480  -46.137 0.2222222239
78459  -22.870  4.379  -45.745 0.1111111119
76702  -23.884  3.584  -44.977 0.1111111119
78465  -17.388  5.157  -47.335 0.4444444478
125726  -16.103  5.658  -47.234 0.4444444478
79259  -17.096  5.812  -46.720 0.4444444478
79271  -19.239  5.822  -47.908 0.4444444478
129155  -19.350  5.224  -47.937 0.4444444478
79272  -19.963  5.530  -47.877 0.4444444478
122005  -21.060  5.485  -47.289 0.2222222239
79260  -22.040  5.302  -46.696 0.2222222239
79261  -22.999  5.300  -46.670 0.2222222239
78468  -22.686  4.851  -46.255 0.2222222239
80913  -22.214  7.579  -50.184 0.1111111119
80138  -23.012  6.299  -49.078 0.1111111119
116266  -23.710  4.979  -46.830 0.1111111119
78463  -15.484  5.487  -46.831 0.4444444478
79257  -15.621  5.890  -46.857 0.4444444478
78464  -15.579  5.660  -47.111 0.4444444478
79258  -15.708  6.002  -46.841 0.3333333433
80124  -18.731  6.405  -47.494 0.4444444478
114720  -18.532  7.307  -47.139 0.3333333433
80127  -20.808  6.315  -47.807 0.3333333433
80136  -21.652  6.592  -47.993 0.1111111119
79273  -21.771  6.006  -47.382 0.1111111119
131408  -22.284  6.242  -47.742 0.1111111119
79274  -22.561  5.785  -47.234 0.1111111119
80128  -22.825  6.065  -47.958 0.1111111119
79256  -15.570  5.808  -45.711 0.2222222239
80112  -16.597  6.629  -46.146 0.3333333433
80125  -19.316  6.853  -48.016 0.4444444478
80895  -19.363  7.617  -48.419 0.2222222239
80896  -19.895  7.149  -48.587 0.2222222239
80135  -20.870  7.017  -48.247 0.2222222239
80903  -19.745  7.814  -49.107 0.1111111119
80904  -20.740  7.477  -48.774 0.1111111119
80137  -22.377  6.575  -48.465 0.1111111119
80911  -21.114  7.985  -49.485 0.1111111119
80905  -21.700  7.216  -48.837 0.1111111119
80111  -15.790  6.426  -45.859 0.3333333433
80876  -15.571  7.647  -44.648 0.3333333433
80104  -17.003  7.645  -45.894 0.3333333433
120098  -17.854  7.794  -46.378 0.3333333433
80894  -18.811  7.982  -47.719 0.2222222239
81626  -19.111  8.644  -48.381 0.1111111119
81639  -19.973  8.377  -49.817 0.1111111119
80912  -21.794  8.196  -50.712 0.1111111119
126569  -21.673  8.796  -53.892 0.1111111119
80866  -16.295  8.389  -43.532 0.1111111119
80877  -16.444  8.310  -45.224 0.2222222239
81608  -17.029  9.391  -46.054 0.2222222239
80878  -16.950  9.118  -46.165 0.3333333433
128528  -17.117  10.142  -46.476 0.2222222239
81617  -17.228  10.188  -46.779 0.3333333433
81625  -18.321  9.369  -47.380 0.1111111119
82350  -18.707  9.999  -47.871 0.1111111119
82358  -19.313  9.452  -48.770 0.1111111119
81634  -19.497  8.718  -49.340 0.1111111119
81645  -20.141  8.991  -50.706 0.1111111119
82368  -19.341  9.697  -51.162 0.1111111119
127294  -20.946  8.516  -50.250 0.1111111119
109447  -22.622  7.724  -51.655 0.1111111119
81589  -16.870  8.691  -43.943 0.1111111119
81590  -17.843  8.935  -43.695 0.1111111119
81599  -18.481  9.451  -44.350 0.1111111119
82330  -18.318  10.881  -46.084 0.1111111119
82341  -17.720  11.123  -46.834 0.1111111119
81616  -17.284  10.715  -46.662 0.2222222239
83088  -18.517  10.795  -47.354 0.1111111119
83108  -19.755  10.415  -49.104 0.1111111119
125088  -19.366  9.871  -49.156 0.1111111119
121884  -19.027  10.181  -49.816 0.1111111119
82367  -18.904  10.077  -50.461 0.1111111119
81591  -18.962  9.010  -43.429 0.1111111119
122731  -19.900  8.931  -43.240 0.1111111119
81600  -19.720  9.243  -44.045 0.1111111119
82319  -19.035  10.026  -45.055 0.1111111119
82331  -20.002  10.154  -45.715 0.1111111119
82342  -19.103  10.978  -46.829 0.1111111119
131971  -20.195  10.643  -47.011 0.1111111119
83089  -19.957  10.600  -47.593 0.1111111119
81601  -20.933  8.968  -44.256 0.1111111119
81602  -21.771  8.922  -44.082 0.1111111119
128745  -21.064  9.240  -45.019 0.1111111119
68742  -29.637  -6.204  -45.598 0.1111111119
69586  -27.861  -5.406  -44.553 0.1111111119
70404  -29.005  -4.695  -44.541 0.1111111119
126918  -26.018  -1.848  -43.224 0.1111111119
72078  -26.437  -2.481  -43.320 0.1111111119
72952  -25.180  -1.492  -43.352 0.1111111119
75724  -23.768  1.840  -43.980 0.1111111119
78479  -20.330  4.745  -47.514 0.4444444478
78469  -23.395  4.706  -46.184 0.1111111119
79275  -23.224  5.520  -47.379 0.2222222239
79289  -23.324  5.653  -48.386 0.1111111119
80113  -17.886  6.666  -46.597 0.3333333433
82328  -17.110  10.249  -46.208 0.2222222239
82349  -17.676  10.815  -47.174 0.1111111119
82332  -21.360  9.602  -45.673 0.1111111119
82320  -21.919  9.251  -44.791 0.1111111119
116030  -31.100  -4.584  -45.499 0.1111111119
69588  -30.296  -5.248  -45.458 0.1111111119
76688  -24.049  2.780  -44.353 0.1111111119
77685  -15.702  3.452  -47.592 0.4444444478
79270  -18.279  5.689  -47.330 0.4444444478
111535  -19.883  6.236  -48.115 0.4444444478
80126  -20.126  6.648  -48.307 0.2222222239
80868  -19.609  8.779  -42.772 0.1111111119
81593  -21.307  8.715  -43.471 0.1111111119
81609  -20.212  9.449  -44.821 0.1111111119
68751  -27.980  -7.413  -45.877 0.1111111119
130874  -29.240  -6.868  -45.724 0.1111111119
70406  -31.403  -3.970  -45.245 0.1111111119
69590  -31.283  -4.917  -45.327 0.1111111119
71245  -30.557  -3.329  -45.384 0.1111111119
71225  -28.635  -3.228  -43.972 0.1111111119
72093  -28.966  -2.640  -44.578 0.1111111119
72080  -28.089  -2.582  -43.677 0.1111111119
117053  -26.107  -1.087  -43.234 0.1111111119
72953  -26.866  -1.711  -43.317 0.1111111119
72079  -27.266  -2.507  -43.390 0.1111111119
118361  -26.175  -0.398  -43.354 0.1111111119
74786  -25.584  0.931  -43.594 0.1111111119
75725  -25.381  1.733  -43.999 0.1111111119
129084  -24.541  2.088  -43.936 0.1111111119
76689  -25.045  2.492  -44.493 0.1111111119
78470  -24.195  4.402  -46.202 0.1111111119
76703  -24.677  3.233  -45.009 0.1111111119
122475  -15.200  4.012  -45.879 0.4444444478
77705  -24.848  3.734  -47.762 0.1111111119
78480  -23.793  5.039  -47.793 0.1111111119
79254  -15.229  5.914  -44.869 0.2222222239
80101  -15.279  6.378  -44.936 0.2222222239
80102  -15.449  7.014  -45.048 0.2222222239
79300  -23.329  5.862  -49.669 0.1111111119
80865  -15.674  8.093  -43.700 0.1111111119
80147  -23.407  6.441  -50.929 0.1111111119
80155  -23.239  7.153  -51.926 0.1111111119
80088  -15.770  6.740  -41.482 0.1111111119
80862  -17.155  7.832  -41.487 0.1111111119
80867  -18.314  8.865  -43.077 0.1111111119
80918  -22.301  8.172  -52.765 0.1111111119
81573  -19.184  8.563  -41.436 0.1111111119
126572  -21.072  8.400  -42.142 0.1111111119
83867  -18.745  11.694  -50.736 0.1111111119
83121  -18.889  12.097  -52.602 0.1111111119
82378  -20.341  10.254  -54.198 0.1111111119
82379  -21.137  9.712  -54.575 0.1111111119
81583  -20.659  8.621  -42.819 0.1111111119
82343  -20.888  10.501  -46.928 0.1111111119
83101  -21.007  11.591  -48.248 0.1111111119
82333  -22.250  9.686  -45.417 0.1111111119
77665  -23.096  3.769  -45.260 0.1111111119
70385  -27.342  -3.936  -43.667 0.1111111119
71244  -29.339  -3.775  -44.577 0.1111111119
72951  -24.568  -0.641  -43.462 0.1111111119
74769  -24.945  0.249  -43.308 0.1111111119
78460  -23.681  4.185  -45.579 0.1111111119
77666  -24.367  3.850  -45.566 0.1111111119
80146  -22.687  6.912  -49.755 0.1111111119
78490  -24.270  4.436  -48.234 0.1111111119
78481  -24.351  4.495  -47.202 0.1111111119
80103  -15.954  7.380  -45.505 0.3333333433
80886  -18.067  8.579  -46.795 0.2222222239
81646  -21.346  8.765  -51.478 0.1111111119
82369  -20.566  9.322  -52.203 0.1111111119
82375  -20.876  9.528  -54.315 0.1111111119
80861  -16.222  7.669  -41.660 0.1111111119
119643  -17.221  8.694  -43.335 0.1111111119
80871  -15.999  8.273  -44.137 0.1111111119
81597  -16.971  9.077  -45.145 0.1111111119
82317  -17.307  10.053  -45.668 0.1111111119
83099  -19.388  10.267  -48.325 0.1111111119
82363  -19.333  9.554  -49.662 0.1111111119
82364  -19.532  9.177  -50.127 0.1111111119
82374  -19.886  10.184  -52.704 0.1111111119
81598  -17.522  9.386  -44.709 0.1111111119
82318  -17.908  10.239  -45.400 0.1111111119
82329  -17.424  10.756  -46.306 0.1111111119
83100  -20.295  10.782  -48.305 0.1111111119
83114  -18.618  10.935  -50.624 0.1111111119
83118  -18.780  10.852  -51.604 0.1111111119
81592  -20.545  8.849  -43.553 0.1111111119
127629  -20.650  10.224  -46.447 0.1111111119
112680  -20.891  10.942  -47.543 0.1111111119
70405  -30.384  -4.228  -45.269 0.1111111119
73882  -25.451  -0.499  -43.266 0.1111111119
78489  -23.624  5.045  -48.863 0.1111111119
83109  -20.427  11.267  -49.145 0.1111111119
82344  -21.696  10.103  -46.238 0.1111111119
130915  -31.129  -3.858  -45.420 0.1111111119
122325  -20.472  8.445  -42.050 0.1111111119
77690  -24.769  3.924  -46.652 0.1111111119
78501  -23.896  4.400  -49.249 0.1111111119
80870  -15.330  7.768  -44.028 0.1111111119
80094  -16.034  5.718  -41.378 0.1111111119
83869  -18.770  12.261  -51.819 0.1111111119
83122  -19.602  11.192  -53.191 0.1111111119
83843  -21.606  11.653  -47.495 0.1111111119
51225  -18.523  -24.867  -37.935 0.2222222239
63708  -16.750  -12.069  -42.651 0.2222222239
63718  -16.318  -10.935  -42.857 0.2222222239
63719  -16.974  -11.521  -43.208 0.3333333433
76714  -14.746  2.803  -45.895 0.3333333433
77648  -14.858  4.422  -45.038 0.1111111119
78455  -14.418  5.087  -44.533 0.1111111119
78458  -15.489  5.554  -45.563 0.2222222239
72112  -14.738  -1.900  -46.114 0.2222222239
116768  -14.941  -2.555  -46.072 0.1111111119
62742  -17.022  -12.839  -42.540 0.2222222239
72099  -14.829  -2.380  -45.714 0.1111111119
74798  -14.782  0.870  -44.669 0.1111111119
112527  -15.096  2.432  -44.481 0.1111111119
77649  -15.827  3.788  -44.649 0.1111111119
78456  -15.493  4.576  -44.193 0.1111111119
78449  -14.922  5.704  -44.368 0.1111111119
75734  -14.896  1.713  -44.757 0.1111111119
59959  -16.053  -15.012  -40.735 0.2222222239
61796  -16.935  -13.639  -42.174 0.2222222239
120542  -14.769  2.438  -45.199 0.1111111119
66854  -15.645  -8.384  -43.985 0.1111111119
67815  -15.885  -7.707  -44.600 0.3333333433
77673  -14.932  3.314  -45.831 0.3333333433
77660  -15.099  3.762  -45.584 0.1111111119
76697  -14.809  3.013  -45.272 0.1111111119
77661  -15.088  3.596  -45.341 0.1111111119
120190  -15.291  1.203  -44.834 0.1111111119
75735  -15.807  1.803  -44.897 0.1111111119
122544  -16.164  2.421  -45.006 0.1111111119
76698  -15.721  3.009  -44.751 0.1111111119
51226  -18.604  -26.076  -38.082 0.1111111119
51214  -19.358  -25.394  -37.814 0.1111111119
51215  -20.346  -25.939  -37.501 0.1111111119
51213  -17.058  -25.422  -37.214 0.1111111119
52105  -16.697  -24.653  -37.266 0.1111111119
52113  -17.734  -24.405  -37.721 0.1111111119
53021  -17.341  -22.759  -37.650 0.1111111119
59953  -15.724  -14.918  -40.057 0.1111111119
63707  -16.245  -11.482  -42.410 0.1111111119
69593  -15.548  -5.239  -45.423 0.2222222239
69575  -15.576  -5.551  -45.040 0.2222222239
70395  -15.413  -4.663  -45.416 0.2222222239
64714  -16.708  -10.713  -43.466 0.1111111119
50235  -17.105  -25.698  -37.087 0.1111111119
50266  -18.883  -26.810  -38.033 0.1111111119
50253  -19.534  -26.570  -37.914 0.1111111119
51201  -20.059  -24.686  -37.079 0.1111111119
51198  -16.460  -24.803  -36.915 0.1111111119
53004  -16.267  -22.641  -37.067 0.1111111119
55051  -16.518  -20.923  -36.931 0.1111111119
55058  -16.541  -20.258  -37.254 0.1111111119
114553  -16.674  -19.449  -38.265 0.1111111119
59946  -16.076  -15.610  -39.531 0.1111111119
60853  -15.740  -14.229  -40.382 0.1111111119
62733  -16.394  -12.908  -41.821 0.1111111119
70380  -15.523  -4.257  -44.291 0.2222222239
125983  -15.276  -3.179  -44.553 0.1111111119
49316  -18.844  -27.096  -37.733 0.1111111119
71254  -15.261  -3.952  -45.744 0.2222222239
71253  -15.085  -3.163  -45.862 0.1111111119
68733  -15.676  -6.368  -44.692 0.2222222239
56113  -16.514  -19.557  -37.491 0.1111111119
123015  -16.509  -18.941  -37.717 0.1111111119
58931  -16.243  -16.494  -39.871 0.1111111119
118918  -16.041  -15.775  -40.353 0.1111111119
123008  -17.339  -23.708  -37.624 0.1111111119
62741  -16.125  -12.153  -41.933 0.1111111119
60859  -16.118  -14.284  -41.096 0.1111111119
51224  -17.646  -25.591  -37.723 0.1111111119
50265  -18.220  -26.413  -37.839 0.1111111119
50252  -18.014  -26.472  -37.499 0.1111111119
52104  -15.958  -24.091  -36.881 0.1111111119
122489  -16.271  -23.619  -37.263 0.1111111119
118734  -15.826  -14.961  -39.720 0.1111111119
69561  -15.576  -4.869  -43.958 0.1111111119
54007  -16.260  -21.573  -36.533 0.1111111119
71218  -16.023  -3.637  -44.002 0.1111111119
72074  -15.469  -2.915  -44.356 0.1111111119
72989  -14.590  -1.179  -46.268 0.1111111119
131869  -15.560  -6.430  -43.341 0.1111111119
72975  -14.539  -1.530  -45.732 0.1111111119
73907  -14.526  -1.053  -45.944 0.1111111119
74797  -14.545  0.233  -44.765 0.1111111119
50264  -17.551  -25.989  -37.527 0.1111111119
59992  -22.856  -15.717  -45.838 0.7777777910
68775  -17.756  -6.162  -47.985 0.8888888955
70381  -15.850  -4.266  -43.967 0.2222222239
71217  -15.573  -3.660  -44.313 0.1111111119
71234  -15.250  -4.016  -45.767 0.2222222239
72086  -15.000  -2.466  -44.442 0.1111111119
73007  -16.934  -1.314  -48.628 0.6666666865
83115  -19.068  10.954  -49.827 0.1111111119
114775  -15.120  -3.283  -45.757 0.1111111119
118917  -22.727  -3.864  -46.714 0.7777777910
130907  -21.470  9.074  -44.529 0.1111111119
