#!ascii label  , from subject sub-v2s8x29186_ses-1 vox2ras=TkReg
1809
33777  19.548  -43.416  30.231 0.0000000000
55806  44.992  -21.588  8.542 0.0000000000
45630  34.573  -31.401  22.565 0.0000000000
44595  45.987  -31.709  28.875 0.0000000000
39703  30.983  -36.805  21.836 0.0000000000
34790  30.959  -42.619  32.294 0.0000000000
63841  52.655  -12.320  7.946 0.0000000000
55834  51.840  -21.089  6.811 0.0000000000
53597  43.810  -23.825  17.205 0.0000000000
67764  55.788  -8.697  -1.354 0.0000000000
45563  32.537  -31.632  27.625 0.0000000000
35818  24.767  -41.403  30.518 0.0000000000
60008  50.984  -18.469  10.920 0.0000000000
60030  47.907  -17.024  7.098 0.0000000000
55722  47.063  -20.419  12.979 0.0000000000
54626  52.067  -22.965  14.711 0.0000000000
54658  42.573  -22.073  13.095 0.0000000000
45653  42.631  -31.697  20.283 0.0000000000
44646  39.981  -32.392  25.426 0.0000000000
40713  32.236  -36.718  28.545 0.0000000000
34787  35.455  -42.574  33.778 0.0000000000
35858  32.162  -41.513  27.506 0.0000000000
35903  25.441  -41.260  25.496 0.0000000000
45645  30.661  -30.964  21.708 0.0000000000
64776  57.636  -11.560  9.334 0.0000000000
61908  55.032  -15.458  8.762 0.0000000000
54767  50.000  -22.172  8.678 0.0000000000
56607  43.669  -20.393  19.985 0.0000000000
49592  46.793  -27.732  22.213 0.0000000000
63925  55.244  -12.301  2.373 0.0000000000
65766  59.888  -10.417  3.449 0.0000000000
67746  62.301  -6.599  0.343 0.0000000000
42577  32.867  -34.109  31.829 0.0000000000
120267  21.457  -42.206  30.029 0.0000000000
121245  24.388  -39.899  34.185 0.0000000000
35779  21.701  -41.332  33.861 0.0000000000
61930  48.425  -14.572  6.953 0.0000000000
55684  47.747  -19.993  15.247 0.0000000000
56676  50.242  -19.018  15.093 0.0000000000
29710  14.955  -47.322  33.540 0.0000000000
53709  42.016  -23.546  10.284 0.0000000000
44732  35.302  -32.546  20.674 0.0000000000
43663  38.722  -33.208  21.429 0.0000000000
44669  36.823  -32.056  24.152 0.0000000000
122342  31.460  -37.121  24.991 0.0000000000
37799  32.310  -39.309  28.799 0.0000000000
37832  31.292  -39.270  23.975 0.0000000000
120144  31.660  -34.018  20.982 0.0000000000
132057  31.735  -34.341  24.433 0.0000000000
33759  33.636  -43.553  32.127 0.0000000000
133678  54.586  -11.531  8.634 0.0000000000
61878  57.306  -14.289  12.373 0.0000000000
62877  54.842  -14.163  12.159 0.0000000000
58486  50.284  -19.021  6.839 0.0000000000
60037  50.866  -17.702  6.427 0.0000000000
114959  44.093  -19.524  6.634 0.0000000000
58481  46.720  -19.104  6.984 0.0000000000
55767  48.255  -21.559  9.505 0.0000000000
54614  40.333  -22.372  16.682 0.0000000000
56667  40.131  -20.524  16.862 0.0000000000
54568  42.519  -22.401  19.368 0.0000000000
44661  44.679  -31.934  24.522 0.0000000000
47627  44.995  -29.696  20.934 0.0000000000
46574  46.218  -30.229  24.721 0.0000000000
118508  51.998  -12.161  4.167 0.0000000000
63927  53.197  -12.116  2.500 0.0000000000
63871  54.147  -12.234  5.061 0.0000000000
111541  56.332  -11.659  5.780 0.0000000000
122909  59.015  -6.815  -1.523 0.0000000000
130100  58.987  -8.606  -1.154 0.0000000000
66735  61.993  -7.741  1.625 0.0000000000
65798  58.132  -10.816  0.370 0.0000000000
47566  32.586  -29.316  25.099 0.0000000000
46559  35.313  -30.507  25.816 0.0000000000
47530  34.155  -29.407  28.612 0.0000000000
35789  27.801  -40.596  31.515 0.0000000000
34760  30.975  -42.048  35.813 0.0000000000
36789  28.137  -39.793  35.176 0.0000000000
63862  50.860  -12.612  6.312 0.0000000000
61909  51.614  -13.941  9.750 0.0000000000
61919  50.425  -14.538  8.089 0.0000000000
60020  49.342  -17.702  8.775 0.0000000000
58479  49.164  -19.672  8.734 0.0000000000
127952  46.141  -22.342  11.102 0.0000000000
54705  48.549  -22.353  11.459 0.0000000000
54629  49.207  -21.977  14.171 0.0000000000
51731  44.363  -25.474  15.582 0.0000000000
46504  46.052  -28.759  30.301 0.0000000000
31701  17.486  -45.229  29.678 0.0000000000
33719  19.506  -43.352  34.303 0.0000000000
31652  17.475  -45.507  33.505 0.0000000000
55807  43.210  -22.001  7.960 0.0000000000
53706  44.212  -23.503  10.465 0.0000000000
54656  44.992  -22.851  13.683 0.0000000000
54596  46.316  -22.137  15.985 0.0000000000
43719  39.961  -33.120  18.640 0.0000000000
114604  41.511  -32.764  23.247 0.0000000000
124854  42.979  -32.915  27.293 0.0000000000
45559  38.296  -31.528  27.723 0.0000000000
44583  41.454  -31.901  29.740 0.0000000000
39599  32.366  -37.439  31.895 0.0000000000
128990  34.215  -39.590  34.796 0.0000000000
37777  32.942  -39.442  31.376 0.0000000000
35814  33.705  -41.605  30.424 0.0000000000
34811  31.400  -42.834  29.818 0.0000000000
36914  28.851  -40.584  23.361 0.0000000000
35879  28.726  -41.655  26.426 0.0000000000
35829  28.506  -41.551  29.254 0.0000000000
35865  24.640  -41.522  27.453 0.0000000000
34859  22.126  -41.992  26.974 0.0000000000
33817  19.162  -43.174  26.643 0.0000000000
45668  33.555  -31.000  19.556 0.0000000000
47658  30.929  -28.590  19.346 0.0000000000
122753  31.911  -29.098  22.068 0.0000000000
45606  31.119  -30.862  24.510 0.0000000000
124151  32.876  -34.757  28.173 0.0000000000
61925  56.193  -14.551  7.420 0.0000000000
60016  53.366  -18.121  10.703 0.0000000000
60039  46.223  -16.270  6.764 0.0000000000
57675  47.940  -19.112  7.897 0.0000000000
54782  51.175  -22.077  7.890 0.0000000000
110948  51.127  -23.142  11.418 0.0000000000
114477  52.870  -22.497  10.925 0.0000000000
55739  40.524  -21.499  12.963 0.0000000000
56664  42.923  -20.447  16.064 0.0000000000
55622  46.616  -20.870  19.025 0.0000000000
48648  45.203  -28.099  18.697 0.0000000000
50660  47.253  -25.626  18.873 0.0000000000
49539  47.904  -27.585  26.529 0.0000000000
50592  49.555  -25.878  22.923 0.0000000000
53564  47.135  -24.191  19.939 0.0000000000
113884  45.480  -22.295  22.749 0.0000000000
56522  46.169  -20.243  23.918 0.0000000000
64888  55.886  -11.299  0.389 0.0000000000
64858  57.426  -11.558  3.127 0.0000000000
64819  59.697  -10.852  6.113 0.0000000000
42567  32.718  -34.621  33.348 0.0000000000
33783  19.997  -42.978  29.668 0.0000000000
35808  21.915  -41.720  32.009 0.0000000000
34793  20.562  -42.508  32.264 0.0000000000
56642  48.699  -20.074  16.744 0.0000000000
56661  48.908  -18.910  15.865 0.0000000000
27885  13.896  -49.236  31.309 0.0000000000
44716  34.888  -32.100  21.225 0.0000000000
44698  36.292  -32.458  22.415 0.0000000000
116553  35.508  -31.976  23.038 0.0000000000
127951  31.350  -36.503  23.395 0.0000000000
39667  31.350  -37.768  24.428 0.0000000000
38743  31.108  -38.163  22.950 0.0000000000
42737  31.412  -34.488  19.463 0.0000000000
41807  31.395  -35.374  21.433 0.0000000000
132892  31.568  -35.094  22.818 0.0000000000
33744  32.384  -43.500  32.187 0.0000000000
33727  32.528  -43.564  34.204 0.0000000000
64778  53.923  -11.595  8.224 0.0000000000
63833  54.762  -12.393  10.275 0.0000000000
62899  53.516  -12.672  9.589 0.0000000000
56816  51.350  -20.465  6.364 0.0000000000
57709  50.800  -18.950  6.043 0.0000000000
131104  44.813  -20.594  7.489 0.0000000000
56796  45.769  -20.433  7.718 0.0000000000
55805  45.801  -21.429  8.786 0.0000000000
53608  42.956  -23.767  15.945 0.0000000000
53599  42.217  -23.270  16.560 0.0000000000
54581  41.853  -22.438  18.178 0.0000000000
53580  43.211  -23.201  18.659 0.0000000000
132601  45.437  -32.361  26.446 0.0000000000
45601  45.410  -31.391  24.719 0.0000000000
45567  46.169  -31.410  26.689 0.0000000000
63873  52.285  -12.041  5.658 0.0000000000
63872  53.166  -12.270  5.114 0.0000000000
63859  53.008  -11.723  6.226 0.0000000000
64807  54.770  -11.602  6.763 0.0000000000
67762  57.599  -8.214  -1.541 0.0000000000
66760  57.201  -9.099  -1.281 0.0000000000
66751  58.380  -9.612  -0.673 0.0000000000
66752  56.800  -9.723  -0.847 0.0000000000
46562  31.808  -29.676  25.839 0.0000000000
47556  32.835  -29.075  26.657 0.0000000000
46527  32.530  -29.859  28.016 0.0000000000
35803  26.295  -41.014  31.089 0.0000000000
36803  28.107  -40.197  33.081 0.0000000000
36814  26.544  -40.360  32.449 0.0000000000
36777  24.353  -39.481  35.190 0.0000000000
37760  25.942  -39.244  35.246 0.0000000000
63875  49.773  -12.618  5.337 0.0000000000
62914  50.402  -13.725  7.453 0.0000000000
62915  49.755  -13.677  6.908 0.0000000000
60952  48.186  -15.217  7.218 0.0000000000
61921  49.004  -15.027  7.432 0.0000000000
60028  48.944  -17.733  8.200 0.0000000000
59239  49.344  -18.998  9.199 0.0000000000
59248  48.462  -17.895  7.596 0.0000000000
130078  46.675  -21.678  12.256 0.0000000000
115930  47.145  -21.615  12.139 0.0000000000
130805  47.422  -20.241  13.013 0.0000000000
63892  50.206  -12.183  4.715 0.0000000000
31675  17.604  -45.602  31.840 0.0000000000
119695  16.696  -46.457  30.989 0.0000000000
54783  41.802  -21.877  7.728 0.0000000000
53737  43.328  -23.243  9.057 0.0000000000
53738  42.461  -23.223  8.903 0.0000000000
53668  42.504  -23.026  11.817 0.0000000000
53667  43.473  -23.288  11.970 0.0000000000
54682  43.457  -22.740  12.800 0.0000000000
54634  45.031  -22.466  14.414 0.0000000000
55703  44.154  -21.702  14.751 0.0000000000
43720  38.336  -33.424  18.176 0.0000000000
44680  39.501  -32.628  23.635 0.0000000000
43652  39.588  -33.083  22.014 0.0000000000
131993  40.531  -32.647  24.191 0.0000000000
44644  42.137  -32.882  24.861 0.0000000000
44631  41.375  -32.621  26.180 0.0000000000
46539  36.218  -30.697  27.841 0.0000000000
45572  36.844  -31.339  26.508 0.0000000000
45526  37.844  -31.155  29.030 0.0000000000
45506  40.843  -31.186  30.983 0.0000000000
44566  42.587  -32.089  30.560 0.0000000000
40686  32.267  -37.066  30.264 0.0000000000
127564  32.736  -38.501  32.554 0.0000000000
38667  32.284  -38.304  30.762 0.0000000000
123293  32.295  -40.204  27.633 0.0000000000
36837  33.080  -40.658  29.498 0.0000000000
35840  32.910  -41.782  28.976 0.0000000000
122685  33.348  -42.686  30.505 0.0000000000
118248  31.673  -42.441  28.398 0.0000000000
37868  29.741  -39.898  22.033 0.0000000000
36917  25.499  -40.806  23.877 0.0000000000
36892  27.529  -40.660  24.222 0.0000000000
35902  26.687  -41.100  25.540 0.0000000000
35861  28.454  -41.636  27.378 0.0000000000
35862  27.485  -41.414  27.348 0.0000000000
118057  27.239  -41.360  29.028 0.0000000000
111431  25.341  -41.460  26.902 0.0000000000
127776  20.686  -42.424  27.013 0.0000000000
118748  33.440  -31.140  18.587 0.0000000000
46642  32.705  -30.135  17.933 0.0000000000
45669  30.791  -31.316  19.730 0.0000000000
46624  30.193  -29.904  20.690 0.0000000000
47631  31.358  -28.755  20.771 0.0000000000
123891  30.480  -29.451  21.354 0.0000000000
47604  30.983  -29.641  23.163 0.0000000000
45631  30.698  -30.783  22.645 0.0000000000
41722  32.369  -35.691  26.996 0.0000000000
42642  32.637  -34.321  26.455 0.0000000000
41709  32.569  -35.682  28.528 0.0000000000
41686  32.644  -35.529  30.076 0.0000000000
36802  34.717  -40.839  33.836 0.0000000000
33702  19.161  -43.040  36.084 0.0000000000
34742  20.183  -41.939  36.280 0.0000000000
63829  58.913  -11.898  11.426 0.0000000000
61896  56.640  -15.397  10.912 0.0000000000
61906  57.254  -15.127  9.937 0.0000000000
61916  55.743  -14.970  8.018 0.0000000000
61918  54.233  -14.993  6.985 0.0000000000
129845  51.643  -17.375  11.238 0.0000000000
60912  52.512  -17.777  12.025 0.0000000000
59213  51.992  -19.278  11.338 0.0000000000
114942  51.272  -17.049  5.688 0.0000000000
56776  48.068  -20.657  8.638 0.0000000000
112730  47.310  -19.497  7.710 0.0000000000
56775  48.968  -20.634  8.659 0.0000000000
56774  49.564  -20.759  8.152 0.0000000000
54766  50.638  -22.219  8.243 0.0000000000
53664  50.365  -23.249  12.729 0.0000000000
114192  50.106  -23.053  11.329 0.0000000000
54675  51.882  -23.161  12.872 0.0000000000
55727  38.620  -20.834  13.975 0.0000000000
56626  41.683  -20.682  18.627 0.0000000000
56680  41.914  -20.235  16.114 0.0000000000
56644  43.735  -20.339  17.790 0.0000000000
129310  45.226  -20.770  17.926 0.0000000000
56606  44.996  -20.270  20.126 0.0000000000
45680  42.012  -31.647  18.237 0.0000000000
46641  43.022  -30.976  19.115 0.0000000000
48595  45.847  -29.093  21.944 0.0000000000
47637  45.070  -28.920  19.833 0.0000000000
49624  45.816  -27.836  19.993 0.0000000000
49648  46.097  -26.834  18.779 0.0000000000
50612  47.094  -26.859  20.728 0.0000000000
48546  46.376  -28.008  28.747 0.0000000000
51603  50.451  -24.890  23.451 0.0000000000
51646  49.321  -24.910  21.046 0.0000000000
53537  49.337  -23.767  22.178 0.0000000000
53540  46.554  -23.326  21.792 0.0000000000
54530  48.299  -22.752  23.256 0.0000000000
113145  53.937  -12.336  2.596 0.0000000000
64880  55.902  -11.833  1.089 0.0000000000
64879  56.669  -11.819  1.522 0.0000000000
122455  56.663  -11.835  3.238 0.0000000000
64788  56.939  -11.504  7.958 0.0000000000
64821  57.944  -11.415  6.084 0.0000000000
64786  58.910  -11.421  8.365 0.0000000000
64785  60.224  -10.974  8.825 0.0000000000
68765  60.901  -6.344  -0.867 0.0000000000
65787  60.387  -9.818  2.069 0.0000000000
66719  61.784  -8.946  3.396 0.0000000000
65757  61.305  -9.850  5.020 0.0000000000
43583  33.199  -33.302  29.336 0.0000000000
45527  32.871  -31.038  29.581 0.0000000000
43543  33.029  -33.298  31.136 0.0000000000
119967  23.332  -41.622  30.110 0.0000000000
36816  24.707  -40.489  32.876 0.0000000000
35792  23.324  -41.148  32.254 0.0000000000
36794  22.868  -40.397  34.290 0.0000000000
116611  22.685  -39.801  36.149 0.0000000000
61931  47.731  -14.636  6.682 0.0000000000
60953  47.414  -15.417  6.973 0.0000000000
126702  47.012  -20.375  13.527 0.0000000000
56692  47.813  -19.395  13.647 0.0000000000
57593  48.664  -18.803  14.865 0.0000000000
57591  50.347  -18.466  15.857 0.0000000000
29722  15.870  -47.130  31.546 0.0000000000
28809  14.922  -48.083  31.368 0.0000000000
28803  13.974  -48.539  32.696 0.0000000000
124780  41.212  -23.262  9.225 0.0000000000
54710  40.635  -22.733  11.489 0.0000000000
43699  37.544  -33.425  19.563 0.0000000000
43665  36.541  -33.020  20.845 0.0000000000
44696  38.181  -32.690  22.816 0.0000000000
119114  38.184  -32.296  24.391 0.0000000000
40730  31.823  -37.127  27.085 0.0000000000
38681  32.071  -38.123  29.281 0.0000000000
38699  31.642  -38.293  26.949 0.0000000000
37818  31.662  -39.058  26.334 0.0000000000
36863  31.910  -40.731  26.426 0.0000000000
35905  23.992  -41.433  25.002 0.0000000000
35957  22.583  -41.435  23.778 0.0000000000
125106  31.496  -33.023  19.544 0.0000000000
121303  31.592  -33.092  21.520 0.0000000000
120038  31.449  -32.674  23.024 0.0000000000
43653  31.624  -33.756  22.922 0.0000000000
41743  31.768  -35.656  24.972 0.0000000000
34788  35.050  -43.143  33.022 0.0000000000
64777  56.035  -11.494  9.245 0.0000000000
63830  57.955  -11.954  11.631 0.0000000000
63832  55.794  -12.325  10.827 0.0000000000
62876  55.937  -13.742  12.452 0.0000000000
60909  55.962  -15.830  11.937 0.0000000000
59237  50.893  -19.696  10.304 0.0000000000
60018  51.423  -19.444  9.769 0.0000000000
59256  50.450  -18.624  6.908 0.0000000000
57708  51.521  -19.197  5.558 0.0000000000
59258  45.498  -17.910  6.522 0.0000000000
57695  45.858  -19.260  6.780 0.0000000000
56777  47.070  -20.618  8.430 0.0000000000
55782  49.297  -21.698  9.225 0.0000000000
54625  53.236  -22.636  14.506 0.0000000000
54617  38.105  -21.234  15.466 0.0000000000
56697  38.842  -20.540  15.243 0.0000000000
55672  39.502  -20.945  16.913 0.0000000000
55653  41.095  -21.169  18.529 0.0000000000
55604  43.243  -21.308  20.689 0.0000000000
45628  43.546  -31.613  22.252 0.0000000000
46620  43.788  -30.744  20.428 0.0000000000
46600  44.684  -30.725  22.421 0.0000000000
131511  45.702  -29.836  22.879 0.0000000000
47598  46.635  -28.771  23.470 0.0000000000
115497  51.218  -11.367  3.182 0.0000000000
64873  51.591  -11.162  2.461 0.0000000000
63914  52.631  -12.213  3.258 0.0000000000
63913  53.428  -12.446  3.315 0.0000000000
63888  54.684  -12.365  4.267 0.0000000000
63910  56.181  -11.996  3.768 0.0000000000
63870  55.024  -12.048  5.104 0.0000000000
64806  55.778  -11.641  6.629 0.0000000000
69702  58.115  -6.563  -1.667 0.0000000000
129214  59.009  -7.571  -1.457 0.0000000000
67747  60.962  -7.543  -0.214 0.0000000000
110941  61.661  -7.315  0.546 0.0000000000
66749  60.440  -8.563  -0.022 0.0000000000
65797  59.602  -10.182  0.831 0.0000000000
65788  59.688  -10.324  1.583 0.0000000000
46589  33.378  -29.995  23.571 0.0000000000
45605  34.921  -31.074  24.116 0.0000000000
46560  34.392  -29.873  25.605 0.0000000000
46541  34.833  -29.710  27.147 0.0000000000
119337  35.596  -30.059  29.275 0.0000000000
35787  29.538  -41.444  32.139 0.0000000000
126555  30.412  -41.958  33.547 0.0000000000
119515  29.334  -40.956  33.838 0.0000000000
35762  29.422  -40.857  34.871 0.0000000000
36791  26.234  -39.652  34.153 0.0000000000
36776  28.029  -39.563  36.472 0.0000000000
63861  51.544  -12.489  6.738 0.0000000000
62900  52.647  -13.216  9.040 0.0000000000
62913  51.175  -13.478  7.764 0.0000000000
61911  51.012  -14.675  8.758 0.0000000000
60934  50.824  -15.112  9.661 0.0000000000
61929  49.010  -14.029  6.792 0.0000000000
60943  49.881  -15.367  8.013 0.0000000000
60019  49.754  -18.612  9.646 0.0000000000
59238  50.024  -19.692  9.664 0.0000000000
57694  49.864  -19.813  7.773 0.0000000000
56817  50.514  -20.256  6.709 0.0000000000
54731  46.222  -22.197  10.417 0.0000000000
55768  46.904  -21.831  10.160 0.0000000000
54706  47.277  -21.908  11.317 0.0000000000
54677  48.998  -22.681  12.709 0.0000000000
54628  50.216  -22.441  14.887 0.0000000000
55683  49.421  -20.851  14.527 0.0000000000
54593  50.981  -21.683  15.993 0.0000000000
54591  52.576  -22.322  16.463 0.0000000000
52651  44.444  -24.477  16.593 0.0000000000
45521  45.835  -30.043  29.951 0.0000000000
65768  50.011  -10.717  2.883 0.0000000000
63916  50.595  -11.807  4.197 0.0000000000
116961  51.530  -12.177  5.987 0.0000000000
69703  54.247  -6.684  -1.255 0.0000000000
68771  53.992  -7.493  -0.682 0.0000000000
32746  18.184  -44.550  29.891 0.0000000000
33768  19.429  -43.669  31.754 0.0000000000
119798  18.593  -44.583  31.965 0.0000000000
32688  18.466  -44.411  34.362 0.0000000000
32670  18.022  -43.988  36.063 0.0000000000
30629  16.235  -46.410  33.498 0.0000000000
131545  44.181  -21.066  7.609 0.0000000000
130725  42.694  -20.965  7.281 0.0000000000
112896  44.109  -21.698  8.112 0.0000000000
54733  44.863  -22.759  9.558 0.0000000000
54732  44.926  -23.132  10.295 0.0000000000
54681  45.432  -23.003  12.533 0.0000000000
53708  42.705  -23.572  10.561 0.0000000000
125730  44.291  -23.438  11.804 0.0000000000
54655  45.652  -22.740  13.202 0.0000000000
54632  46.826  -22.089  14.233 0.0000000000
54594  47.683  -21.502  15.957 0.0000000000
118259  48.146  -21.591  17.723 0.0000000000
44747  41.397  -32.461  19.383 0.0000000000
43678  39.511  -33.382  20.135 0.0000000000
43676  41.069  -32.958  21.045 0.0000000000
44711  42.229  -32.364  21.739 0.0000000000
131477  42.897  -32.438  23.285 0.0000000000
111488  44.060  -32.834  25.646 0.0000000000
43610  44.922  -32.966  28.357 0.0000000000
45603  36.298  -31.653  24.690 0.0000000000
45586  37.338  -31.682  25.732 0.0000000000
45569  39.229  -31.927  26.872 0.0000000000
45508  39.117  -31.064  29.980 0.0000000000
45557  40.116  -31.745  28.417 0.0000000000
44619  40.420  -32.088  27.488 0.0000000000
125356  42.313  -32.522  28.642 0.0000000000
43578  43.926  -32.897  29.745 0.0000000000
43576  45.220  -32.006  30.359 0.0000000000
39581  32.611  -37.029  34.396 0.0000000000
38650  33.262  -38.464  34.559 0.0000000000
37772  33.571  -39.693  32.974 0.0000000000
36813  34.113  -40.578  32.840 0.0000000000
37791  32.466  -39.262  29.601 0.0000000000
36832  33.759  -40.925  30.966 0.0000000000
35800  34.278  -42.122  31.529 0.0000000000
34801  33.851  -43.028  31.431 0.0000000000
33760  32.811  -43.499  31.611 0.0000000000
34802  31.257  -42.864  30.812 0.0000000000
117656  30.555  -39.001  21.905 0.0000000000
36912  30.664  -40.302  23.478 0.0000000000
35897  31.105  -41.424  25.695 0.0000000000
36915  27.881  -40.453  23.442 0.0000000000
35926  28.839  -41.116  24.590 0.0000000000
34858  31.015  -42.112  27.060 0.0000000000
34834  30.818  -42.512  28.605 0.0000000000
34825  29.908  -42.223  29.626 0.0000000000
34813  29.679  -41.920  30.554 0.0000000000
35802  28.445  -40.992  30.940 0.0000000000
121926  26.237  -41.328  29.714 0.0000000000
35833  24.639  -41.529  29.079 0.0000000000
35884  23.651  -41.646  26.467 0.0000000000
35867  23.089  -41.782  27.086 0.0000000000
113497  23.156  -41.712  28.735 0.0000000000
34836  21.752  -42.060  28.699 0.0000000000
34838  20.529  -42.633  28.457 0.0000000000
33793  19.363  -43.335  28.407 0.0000000000
32755  18.322  -44.120  28.481 0.0000000000
31709  17.270  -45.172  28.692 0.0000000000
123531  34.375  -32.351  18.752 0.0000000000
114871  34.124  -31.699  19.965 0.0000000000
45644  33.748  -30.804  21.352 0.0000000000
46633  32.425  -29.299  19.708 0.0000000000
119519  33.060  -29.924  20.936 0.0000000000
46611  32.985  -29.819  21.923 0.0000000000
46590  32.556  -29.528  23.293 0.0000000000
122330  31.473  -29.826  24.999 0.0000000000
45575  31.676  -30.747  26.132 0.0000000000
44670  31.591  -32.740  24.543 0.0000000000
44650  32.192  -32.902  25.853 0.0000000000
44621  32.782  -32.599  27.316 0.0000000000
42608  32.896  -34.683  29.705 0.0000000000
41664  32.516  -35.983  31.498 0.0000000000
34782  20.508  -42.287  33.897 0.0000000000
35752  21.277  -41.007  35.582 0.0000000000
62888  58.549  -13.674  11.836 0.0000000000
61898  53.292  -14.603  10.975 0.0000000000
59977  54.354  -17.225  12.452 0.0000000000
133882  53.972  -16.935  9.864 0.0000000000
60017  52.368  -18.826  10.216 0.0000000000
60933  53.159  -16.966  9.280 0.0000000000
117245  53.224  -15.982  8.046 0.0000000000
121491  46.592  -15.550  6.752 0.0000000000
133148  47.312  -16.965  6.928 0.0000000000
59257  46.472  -17.782  6.627 0.0000000000
59249  47.378  -17.604  6.875 0.0000000000
132700  47.948  -17.695  7.147 0.0000000000
57674  48.653  -19.611  8.482 0.0000000000
56794  50.103  -20.741  7.439 0.0000000000
55819  51.461  -21.555  7.416 0.0000000000
127510  48.235  -21.873  10.166 0.0000000000
54728  49.693  -22.551  10.489 0.0000000000
113426  50.359  -22.644  9.853 0.0000000000
54674  52.599  -22.802  12.558 0.0000000000
129769  52.036  -22.860  11.128 0.0000000000
130232  50.642  -22.598  9.012 0.0000000000
129774  52.470  -22.422  9.504 0.0000000000
54764  52.366  -22.246  8.688 0.0000000000
54711  39.553  -22.532  11.630 0.0000000000
54659  41.543  -21.712  12.974 0.0000000000
55707  40.242  -20.575  14.431 0.0000000000
55706  41.297  -20.741  14.411 0.0000000000
55704  43.192  -21.286  14.634 0.0000000000
55687  44.361  -21.292  15.621 0.0000000000
55650  46.646  -21.534  17.512 0.0000000000
132105  48.037  -21.347  18.879 0.0000000000
47639  44.015  -29.878  19.084 0.0000000000
49672  45.048  -26.493  16.707 0.0000000000
50680  45.617  -25.968  17.218 0.0000000000
52639  45.934  -24.711  17.976 0.0000000000
125134  46.400  -29.739  27.112 0.0000000000
47563  46.883  -29.163  26.040 0.0000000000
49563  47.647  -27.609  24.414 0.0000000000
49562  48.472  -26.805  24.924 0.0000000000
50594  47.949  -26.729  22.240 0.0000000000
50628  48.530  -25.797  20.648 0.0000000000
52620  47.655  -24.796  19.272 0.0000000000
52632  45.891  -24.314  18.673 0.0000000000
53566  45.055  -23.699  20.065 0.0000000000
54544  44.472  -22.481  21.559 0.0000000000
55587  43.968  -21.260  21.901 0.0000000000
54508  48.046  -21.781  24.842 0.0000000000
54533  45.248  -20.951  23.289 0.0000000000
56555  44.952  -20.018  21.714 0.0000000000
114108  46.454  -20.152  21.187 0.0000000000
67749  55.089  -8.936  -1.018 0.0000000000
65810  56.383  -10.280  -0.489 0.0000000000
64886  57.384  -11.187  0.478 0.0000000000
64877  58.149  -11.269  1.616 0.0000000000
65767  58.998  -10.828  3.047 0.0000000000
64839  57.395  -11.465  4.615 0.0000000000
64838  58.304  -11.225  4.544 0.0000000000
65758  60.103  -10.391  4.467 0.0000000000
65733  61.035  -10.544  6.981 0.0000000000
40648  32.742  -36.210  35.312 0.0000000000
41647  32.703  -35.426  35.288 0.0000000000
124697  20.077  -42.944  30.336 0.0000000000
118978  20.442  -42.720  30.718 0.0000000000
33776  19.839  -43.158  31.047 0.0000000000
55647  48.997  -20.766  17.845 0.0000000000
56622  49.594  -20.309  18.313 0.0000000000
45643  34.422  -31.488  21.726 0.0000000000
44700  35.043  -31.937  22.105 0.0000000000
45629  35.162  -31.775  22.865 0.0000000000
40792  31.199  -36.656  22.580 0.0000000000
121720  31.183  -37.280  23.003 0.0000000000
39688  30.973  -37.477  22.377 0.0000000000
40823  31.112  -36.139  21.234 0.0000000000
113833  31.293  -35.978  22.009 0.0000000000
34789  31.845  -43.226  32.946 0.0000000000
123875  32.863  -43.789  33.486 0.0000000000
115424  53.281  -11.733  7.688 0.0000000000
63840  53.340  -12.156  8.587 0.0000000000
56792  52.836  -20.992  6.937 0.0000000000
132850  44.705  -21.222  7.934 0.0000000000
56779  45.402  -21.052  8.129 0.0000000000
53598  43.715  -24.084  16.267 0.0000000000
123171  43.010  -23.535  16.825 0.0000000000
53589  42.901  -23.168  17.799 0.0000000000
131632  43.525  -23.494  17.891 0.0000000000
44614  45.817  -32.343  27.803 0.0000000000
44627  45.859  -32.182  26.918 0.0000000000
44613  46.175  -31.641  27.719 0.0000000000
63860  52.196  -11.995  6.488 0.0000000000
63848  52.715  -11.770  7.098 0.0000000000
127063  53.331  -11.566  6.945 0.0000000000
67763  56.623  -8.497  -1.474 0.0000000000
66761  56.350  -9.197  -1.229 0.0000000000
46551  31.769  -30.088  26.429 0.0000000000
47557  32.133  -29.528  26.596 0.0000000000
122521  32.384  -30.596  27.890 0.0000000000
35804  25.384  -41.177  31.179 0.0000000000
36826  25.979  -40.738  31.837 0.0000000000
63876  48.811  -12.982  5.161 0.0000000000
62929  49.483  -13.219  6.127 0.0000000000
62930  48.692  -13.546  5.951 0.0000000000
60945  47.985  -16.041  7.228 0.0000000000
60944  48.693  -15.828  7.461 0.0000000000
60029  48.642  -16.792  7.513 0.0000000000
54653  46.861  -21.253  12.677 0.0000000000
122609  47.434  -21.218  12.666 0.0000000000
30664  16.560  -46.455  30.334 0.0000000000
54771  41.281  -22.463  8.226 0.0000000000
122410  42.093  -22.600  8.310 0.0000000000
116529  42.022  -22.341  12.360 0.0000000000
54683  42.775  -22.687  12.425 0.0000000000
54657  43.504  -22.226  13.533 0.0000000000
54635  44.267  -22.353  13.980 0.0000000000
132468  43.593  -21.816  14.159 0.0000000000
44666  39.928  -32.525  24.432 0.0000000000
125553  40.316  -32.693  23.684 0.0000000000
44665  40.784  -32.641  24.794 0.0000000000
44632  40.759  -32.499  25.826 0.0000000000
46523  36.294  -30.587  28.724 0.0000000000
45544  36.832  -31.045  28.130 0.0000000000
46522  37.036  -30.944  28.941 0.0000000000
39637  32.180  -37.328  29.350 0.0000000000
39624  32.146  -37.851  30.093 0.0000000000
36855  32.536  -40.900  27.906 0.0000000000
36845  32.907  -40.990  28.763 0.0000000000
35841  32.553  -41.618  28.317 0.0000000000
34833  32.490  -42.252  28.804 0.0000000000
34843  32.190  -42.049  28.062 0.0000000000
35930  25.462  -41.045  24.685 0.0000000000
35929  26.398  -40.889  24.822 0.0000000000
124855  25.995  -41.130  25.330 0.0000000000
35881  27.024  -41.308  26.461 0.0000000000
35882  25.951  -41.348  26.088 0.0000000000
111432  26.146  -41.399  26.839 0.0000000000
35883  25.025  -41.405  26.068 0.0000000000
45656  30.645  -31.014  20.698 0.0000000000
45657  30.326  -30.458  20.112 0.0000000000
46623  30.339  -30.184  21.349 0.0000000000
46613  30.447  -30.039  22.097 0.0000000000
122518  32.314  -36.158  27.746 0.0000000000
40699  32.427  -36.317  29.500 0.0000000000
35773  35.272  -41.649  33.992 0.0000000000
33694  18.959  -42.859  37.059 0.0000000000
34743  19.588  -42.428  36.638 0.0000000000
64775  58.762  -11.401  9.741 0.0000000000
64765  59.436  -11.534  10.639 0.0000000000
64766  58.415  -11.537  10.798 0.0000000000
61897  55.703  -15.890  10.425 0.0000000000
61907  56.224  -15.338  9.339 0.0000000000
61917  54.877  -14.948  7.493 0.0000000000
59992  51.830  -18.760  11.549 0.0000000000
59224  51.323  -19.431  10.947 0.0000000000
55802  48.697  -21.192  9.001 0.0000000000
55801  49.550  -21.395  8.555 0.0000000000
54651  51.780  -23.145  13.880 0.0000000000
53638  51.066  -23.260  13.243 0.0000000000
56608  42.918  -20.623  19.688 0.0000000000
56625  42.665  -20.431  18.838 0.0000000000
111375  43.774  -20.381  18.979 0.0000000000
111376  44.460  -20.346  19.566 0.0000000000
130506  44.234  -20.259  20.319 0.0000000000
45666  41.939  -31.931  19.032 0.0000000000
119128  42.481  -31.399  18.833 0.0000000000
45665  42.558  -31.541  19.507 0.0000000000
48594  46.266  -28.467  22.043 0.0000000000
48624  45.871  -28.187  20.727 0.0000000000
48611  46.347  -27.935  21.415 0.0000000000
49623  46.421  -27.424  20.607 0.0000000000
49607  46.897  -27.288  21.408 0.0000000000
51591  50.591  -25.070  24.296 0.0000000000
52589  50.039  -24.386  22.646 0.0000000000
53527  50.093  -23.761  23.120 0.0000000000
53529  48.752  -23.252  22.534 0.0000000000
53519  49.841  -22.998  23.723 0.0000000000
118553  54.628  -12.395  2.728 0.0000000000
63926  54.498  -12.207  2.054 0.0000000000
63935  55.182  -12.045  1.573 0.0000000000
63934  55.952  -12.157  1.906 0.0000000000
63924  56.000  -12.167  2.830 0.0000000000
64787  57.964  -11.514  8.453 0.0000000000
64804  57.672  -11.492  7.182 0.0000000000
68753  61.837  -6.401  -0.201 0.0000000000
69689  62.072  -5.875  -0.566 0.0000000000
68752  63.107  -6.372  0.160 0.0000000000
65776  60.624  -9.762  2.910 0.0000000000
65764  62.179  -9.207  4.416 0.0000000000
65765  60.884  -9.821  3.907 0.0000000000
42590  33.003  -34.029  30.501 0.0000000000
125757  33.190  -32.739  29.824 0.0000000000
34814  22.229  -41.838  30.412 0.0000000000
35820  23.037  -41.561  30.941 0.0000000000
35821  22.342  -41.689  31.264 0.0000000000
35794  21.803  -41.528  32.976 0.0000000000
35778  22.466  -40.956  33.462 0.0000000000
35763  22.193  -40.800  34.265 0.0000000000
36779  22.405  -40.382  35.057 0.0000000000
61932  46.924  -14.790  6.488 0.0000000000
55685  47.304  -20.017  14.423 0.0000000000
56678  47.858  -19.096  14.291 0.0000000000
56662  48.268  -19.234  15.417 0.0000000000
28814  15.097  -48.071  30.563 0.0000000000
28810  14.288  -48.609  31.752 0.0000000000
27877  13.488  -49.224  32.315 0.0000000000
43682  35.617  -32.878  20.214 0.0000000000
43681  36.217  -33.127  20.203 0.0000000000
44731  35.904  -32.833  20.859 0.0000000000
44683  36.622  -32.272  23.327 0.0000000000
44697  37.239  -32.574  22.676 0.0000000000
44682  37.577  -32.374  23.632 0.0000000000
44681  38.597  -32.536  23.615 0.0000000000
40748  31.770  -36.820  26.430 0.0000000000
39655  31.632  -37.579  26.667 0.0000000000
39661  31.535  -37.344  25.842 0.0000000000
38722  31.387  -38.614  24.626 0.0000000000
38715  31.506  -38.783  25.463 0.0000000000
126701  31.613  -39.477  25.590 0.0000000000
116623  31.776  -40.013  26.011 0.0000000000
123109  31.617  -40.098  25.325 0.0000000000
117200  31.572  -33.877  19.955 0.0000000000
122541  31.565  -33.054  20.528 0.0000000000
116568  31.585  -33.148  22.316 0.0000000000
43666  31.679  -33.876  21.970 0.0000000000
132444  31.481  -36.084  24.022 0.0000000000
41762  31.642  -35.491  24.334 0.0000000000
40771  31.566  -36.251  24.670 0.0000000000
40762  31.729  -36.360  25.528 0.0000000000
33758  34.427  -43.393  32.580 0.0000000000
32708  34.383  -44.099  33.786 0.0000000000
113713  55.268  -11.454  8.483 0.0000000000
64768  56.200  -11.740  10.161 0.0000000000
64769  55.224  -11.709  9.493 0.0000000000
62889  54.175  -13.182  10.727 0.0000000000
63824  55.332  -13.118  11.770 0.0000000000
61880  55.477  -14.631  12.348 0.0000000000
61866  54.809  -15.477  12.293 0.0000000000
59246  50.096  -19.685  8.726 0.0000000000
59245  50.539  -19.658  9.276 0.0000000000
112211  44.092  -18.880  6.508 0.0000000000
57696  44.883  -19.282  6.616 0.0000000000
56778  46.192  -20.860  8.338 0.0000000000
56795  46.472  -20.356  7.959 0.0000000000
55803  47.628  -21.166  8.934 0.0000000000
54637  38.214  -22.070  15.483 0.0000000000
54615  39.588  -22.190  16.345 0.0000000000
54600  39.284  -21.332  16.589 0.0000000000
54599  39.891  -21.518  17.061 0.0000000000
54580  42.401  -22.656  18.692 0.0000000000
54570  41.402  -21.656  18.691 0.0000000000
54569  41.847  -22.004  19.069 0.0000000000
54558  42.226  -21.555  19.530 0.0000000000
54557  42.754  -21.890  20.086 0.0000000000
45614  43.527  -32.057  23.208 0.0000000000
45627  44.229  -31.299  22.748 0.0000000000
45613  44.401  -31.603  23.597 0.0000000000
45600  45.953  -30.951  25.033 0.0000000000
46575  45.728  -30.690  24.304 0.0000000000
46585  46.066  -30.097  24.023 0.0000000000
47588  46.123  -29.633  23.450 0.0000000000
47577  46.520  -29.461  24.306 0.0000000000
63915  51.238  -11.746  3.861 0.0000000000
64860  51.852  -11.742  3.217 0.0000000000
63890  52.892  -12.474  4.143 0.0000000000
63889  53.761  -12.470  4.219 0.0000000000
63912  54.276  -12.473  3.400 0.0000000000
64790  54.613  -11.467  7.822 0.0000000000
64789  56.050  -11.475  8.211 0.0000000000
67761  58.582  -8.188  -1.429 0.0000000000
68767  58.289  -7.456  -1.591 0.0000000000
67760  59.424  -7.989  -1.264 0.0000000000
114615  59.798  -8.440  -0.715 0.0000000000
126729  59.640  -9.201  -0.327 0.0000000000
65808  58.142  -10.283  -0.284 0.0000000000
66750  59.036  -9.788  -0.291 0.0000000000
65807  58.988  -10.349  0.267 0.0000000000
65789  58.826  -10.818  1.037 0.0000000000
46577  33.448  -29.809  24.364 0.0000000000
46576  34.342  -30.329  24.636 0.0000000000
46561  33.614  -29.628  25.099 0.0000000000
47548  33.232  -29.118  27.460 0.0000000000
47555  33.907  -29.281  26.694 0.0000000000
47547  34.065  -29.303  27.706 0.0000000000
46525  34.892  -29.680  28.023 0.0000000000
47529  34.890  -29.684  28.911 0.0000000000
112043  28.689  -40.823  31.817 0.0000000000
35775  29.730  -41.439  33.222 0.0000000000
35776  28.878  -40.728  32.884 0.0000000000
36804  27.773  -39.937  33.888 0.0000000000
130892  28.630  -40.359  34.090 0.0000000000
36788  28.901  -40.294  35.335 0.0000000000
36787  29.489  -40.734  36.171 0.0000000000
119349  24.752  -40.070  33.669 0.0000000000
36806  25.467  -40.034  33.453 0.0000000000
36792  25.175  -39.660  34.441 0.0000000000
128152  51.541  -12.902  7.403 0.0000000000
62927  50.972  -13.073  7.032 0.0000000000
62902  50.859  -14.036  8.103 0.0000000000
60935  50.428  -15.615  8.863 0.0000000000
61947  48.194  -14.032  6.316 0.0000000000
118256  49.299  -16.391  7.870 0.0000000000
116165  49.788  -16.782  8.869 0.0000000000
58474  49.503  -19.655  9.106 0.0000000000
56818  49.981  -20.096  7.375 0.0000000000
111555  46.743  -21.999  10.901 0.0000000000
129247  48.425  -22.124  12.938 0.0000000000
122562  48.092  -22.067  12.287 0.0000000000
54652  49.208  -22.567  13.487 0.0000000000
53622  49.877  -22.747  14.149 0.0000000000
57601  48.481  -19.100  14.284 0.0000000000
56691  48.480  -19.515  13.799 0.0000000000
56677  49.321  -19.205  14.499 0.0000000000
56660  50.995  -20.292  15.758 0.0000000000
55665  51.590  -21.342  16.511 0.0000000000
54592  51.713  -22.159  16.347 0.0000000000
55663  53.097  -21.886  17.162 0.0000000000
51732  43.920  -25.004  15.117 0.0000000000
52658  44.204  -24.752  15.845 0.0000000000
51720  44.788  -25.184  16.334 0.0000000000
64861  50.488  -11.354  3.516 0.0000000000
63874  50.200  -12.735  6.011 0.0000000000
111616  50.731  -12.343  5.462 0.0000000000
68770  54.905  -7.454  -1.403 0.0000000000
32737  18.459  -44.476  30.708 0.0000000000
31689  17.850  -45.056  30.529 0.0000000000
31662  17.580  -45.596  32.668 0.0000000000
31651  18.110  -45.112  33.124 0.0000000000
32702  17.973  -44.965  33.943 0.0000000000
32677  18.277  -44.215  35.197 0.0000000000
32689  17.786  -44.783  34.780 0.0000000000
129206  15.297  -47.295  32.736 0.0000000000
29716  15.849  -46.974  32.248 0.0000000000
30642  15.719  -46.880  33.087 0.0000000000
56820  43.626  -19.993  6.760 0.0000000000
56798  43.120  -20.522  7.033 0.0000000000
55823  42.606  -21.568  7.581 0.0000000000
113582  42.049  -21.101  7.320 0.0000000000
55822  43.399  -21.207  7.501 0.0000000000
54768  44.561  -22.268  8.866 0.0000000000
54769  43.715  -22.498  8.594 0.0000000000
53724  43.749  -23.474  9.788 0.0000000000
133457  44.392  -23.290  9.857 0.0000000000
53682  44.803  -23.335  11.204 0.0000000000
54708  45.641  -22.796  11.696 0.0000000000
53726  41.896  -23.447  9.433 0.0000000000
53666  44.278  -23.220  12.490 0.0000000000
53641  44.994  -23.210  12.939 0.0000000000
113714  45.585  -22.673  13.992 0.0000000000
115111  46.232  -22.393  13.687 0.0000000000
54612  45.932  -22.297  15.438 0.0000000000
54611  46.810  -22.367  15.193 0.0000000000
54595  47.269  -22.081  15.849 0.0000000000
54578  48.094  -21.634  16.944 0.0000000000
54579  47.321  -21.908  16.827 0.0000000000
44748  40.762  -32.768  18.962 0.0000000000
44730  40.932  -32.836  19.759 0.0000000000
112026  37.965  -33.268  20.924 0.0000000000
43679  38.095  -33.415  20.063 0.0000000000
43651  40.542  -32.965  22.270 0.0000000000
43661  40.414  -33.143  21.303 0.0000000000
43660  41.088  -32.931  21.747 0.0000000000
44712  41.571  -32.665  21.289 0.0000000000
111181  41.600  -32.696  21.990 0.0000000000
44692  42.768  -32.282  22.609 0.0000000000
44678  42.309  -32.652  23.399 0.0000000000
132085  42.645  -32.951  25.906 0.0000000000
111917  43.140  -32.958  25.639 0.0000000000
44629  43.661  -32.998  26.281 0.0000000000
44628  44.365  -32.919  26.557 0.0000000000
44616  43.718  -33.049  27.132 0.0000000000
45589  35.095  -30.769  24.958 0.0000000000
45604  35.590  -31.428  24.413 0.0000000000
45588  35.797  -31.188  25.263 0.0000000000
45560  37.520  -31.437  27.257 0.0000000000
45570  38.436  -31.750  26.806 0.0000000000
45585  38.182  -31.889  25.871 0.0000000000
133001  38.952  -31.723  27.437 0.0000000000
45523  40.815  -31.572  29.988 0.0000000000
45541  40.284  -31.549  29.342 0.0000000000
44584  40.853  -31.825  29.054 0.0000000000
110819  40.941  -32.101  28.181 0.0000000000
113348  41.744  -32.460  27.861 0.0000000000
44599  41.557  -32.181  28.828 0.0000000000
44565  43.360  -32.389  30.458 0.0000000000
43577  44.664  -32.568  29.985 0.0000000000
39590  32.470  -37.243  33.077 0.0000000000
38651  32.730  -37.948  33.562 0.0000000000
114953  33.029  -39.217  32.235 0.0000000000
38659  33.077  -38.874  33.307 0.0000000000
36824  33.548  -40.163  31.826 0.0000000000
38689  32.038  -38.570  28.578 0.0000000000
132106  32.195  -38.732  29.243 0.0000000000
116770  33.388  -40.781  30.161 0.0000000000
35813  34.046  -41.683  31.070 0.0000000000
36823  34.179  -41.312  31.893 0.0000000000
34800  34.319  -42.744  31.889 0.0000000000
34809  33.888  -42.336  30.938 0.0000000000
33782  32.197  -42.940  29.883 0.0000000000
33774  32.607  -43.163  30.629 0.0000000000
33775  31.898  -43.101  30.431 0.0000000000
33761  32.071  -43.284  31.186 0.0000000000
36937  29.318  -40.284  22.660 0.0000000000
36936  30.163  -40.148  22.717 0.0000000000
36913  29.806  -40.563  23.338 0.0000000000
36889  30.884  -40.669  24.269 0.0000000000
35925  30.334  -41.112  24.507 0.0000000000
36939  27.394  -40.174  22.680 0.0000000000
36940  26.433  -40.179  22.656 0.0000000000
35900  28.409  -41.347  25.643 0.0000000000
35927  28.094  -40.904  24.926 0.0000000000
35899  29.447  -41.626  25.658 0.0000000000
35877  30.421  -41.766  25.994 0.0000000000
35878  29.786  -41.910  26.491 0.0000000000
34845  30.929  -42.336  27.820 0.0000000000
34846  30.177  -42.164  27.268 0.0000000000
35843  28.569  -41.673  28.356 0.0000000000
35828  29.388  -41.991  28.867 0.0000000000
125834  29.127  -41.738  29.831 0.0000000000
126708  28.955  -41.427  30.538 0.0000000000
35815  28.398  -41.274  30.100 0.0000000000
112361  25.335  -41.491  27.748 0.0000000000
35845  26.361  -41.425  28.921 0.0000000000
35846  25.429  -41.493  28.544 0.0000000000
35832  25.535  -41.447  29.375 0.0000000000
35847  24.684  -41.523  28.199 0.0000000000
35932  23.134  -41.554  24.568 0.0000000000
114122  24.215  -41.506  25.863 0.0000000000
130582  22.617  -41.862  27.622 0.0000000000
113914  23.352  -41.697  27.912 0.0000000000
35849  22.549  -41.854  28.290 0.0000000000
116689  22.465  -41.855  28.937 0.0000000000
34847  21.907  -42.015  27.850 0.0000000000
34850  19.948  -42.728  27.065 0.0000000000
34849  20.579  -42.530  27.680 0.0000000000
33802  19.936  -42.890  28.013 0.0000000000
33792  19.941  -42.984  28.856 0.0000000000
33803  19.306  -43.225  27.556 0.0000000000
32763  18.154  -44.122  27.647 0.0000000000
32756  17.704  -44.613  28.160 0.0000000000
45667  33.967  -31.837  19.109 0.0000000000
45654  34.286  -31.567  20.837 0.0000000000
45655  33.661  -30.899  20.450 0.0000000000
46643  31.905  -28.879  18.923 0.0000000000
47643  31.586  -28.728  19.912 0.0000000000
47618  31.084  -28.954  21.660 0.0000000000
46612  32.122  -29.025  21.350 0.0000000000
46602  32.307  -29.354  22.676 0.0000000000
46591  30.830  -29.933  23.635 0.0000000000
47591  31.318  -29.647  24.058 0.0000000000
46578  31.002  -30.113  24.310 0.0000000000
46563  31.526  -30.200  25.636 0.0000000000
45590  31.464  -31.108  25.363 0.0000000000
43644  31.565  -33.187  23.764 0.0000000000
43636  31.705  -33.668  24.457 0.0000000000
42634  32.862  -34.486  27.340 0.0000000000
43619  32.598  -33.479  26.306 0.0000000000
43612  32.910  -33.546  27.059 0.0000000000
44634  32.551  -32.715  26.573 0.0000000000
119701  33.076  -33.909  27.920 0.0000000000
42623  33.133  -34.120  28.870 0.0000000000
123215  32.369  -36.851  31.236 0.0000000000
41675  32.614  -35.521  30.874 0.0000000000
40666  32.465  -36.460  32.506 0.0000000000
37768  33.965  -38.916  35.374 0.0000000000
34776  30.997  -42.310  34.418 0.0000000000
34775  31.801  -42.998  34.271 0.0000000000
34759  31.787  -42.794  35.732 0.0000000000
33736  19.548  -43.467  33.436 0.0000000000
33735  19.997  -42.839  32.910 0.0000000000
34783  19.957  -42.835  33.773 0.0000000000
35739  20.621  -41.122  36.996 0.0000000000
35753  20.763  -41.413  35.930 0.0000000000
35738  21.355  -40.567  36.625 0.0000000000
36766  22.203  -39.763  36.985 0.0000000000
115917  21.777  -39.739  37.716 0.0000000000
63822  57.447  -12.645  12.366 0.0000000000
62873  58.278  -12.594  12.032 0.0000000000
61877  57.949  -14.254  12.014 0.0000000000
61915  56.744  -14.912  8.484 0.0000000000
62890  53.029  -13.700  10.144 0.0000000000
61899  52.528  -14.797  10.485 0.0000000000
59978  53.286  -17.859  12.411 0.0000000000
60911  53.347  -16.772  12.238 0.0000000000
59991  53.738  -17.978  12.411 0.0000000000
60005  54.392  -17.534  12.172 0.0000000000
60925  54.274  -17.471  11.170 0.0000000000
60026  51.199  -18.120  8.160 0.0000000000
60035  51.817  -16.712  7.283 0.0000000000
60942  52.568  -15.959  7.152 0.0000000000
60941  53.486  -15.348  7.003 0.0000000000
117948  45.372  -16.294  6.641 0.0000000000
60954  45.773  -15.612  6.580 0.0000000000
60038  47.152  -16.289  6.975 0.0000000000
117120  46.722  -16.976  6.781 0.0000000000
58488  46.203  -18.586  6.640 0.0000000000
128358  47.771  -19.709  8.153 0.0000000000
129010  47.385  -18.875  7.301 0.0000000000
111522  47.865  -18.328  7.298 0.0000000000
58480  48.447  -19.061  8.241 0.0000000000
55821  49.950  -21.289  7.896 0.0000000000
120677  49.643  -20.320  7.933 0.0000000000
55820  50.594  -21.553  7.644 0.0000000000
55799  51.890  -22.019  7.917 0.0000000000
54730  47.616  -21.939  10.656 0.0000000000
129552  47.622  -21.770  9.941 0.0000000000
54729  48.641  -22.206  10.798 0.0000000000
54727  50.606  -22.901  10.573 0.0000000000
54700  53.562  -22.320  11.604 0.0000000000
54701  52.745  -22.641  11.769 0.0000000000
54747  52.081  -22.679  10.181 0.0000000000
54748  51.655  -22.598  9.249 0.0000000000
54686  38.961  -21.846  12.387 0.0000000000
54685  40.071  -21.980  12.276 0.0000000000
56682  39.919  -20.290  15.951 0.0000000000
56696  39.594  -20.346  15.210 0.0000000000
56694  41.623  -20.457  15.222 0.0000000000
55689  42.621  -20.704  15.269 0.0000000000
55705  42.282  -21.018  14.497 0.0000000000
55688  43.529  -20.977  15.358 0.0000000000
55670  43.738  -20.713  16.045 0.0000000000
55634  45.956  -20.965  18.241 0.0000000000
124644  46.896  -21.353  18.168 0.0000000000
55621  47.609  -21.044  19.411 0.0000000000
127347  44.510  -30.195  20.705 0.0000000000
46631  43.612  -30.514  19.516 0.0000000000
46630  44.244  -30.071  19.889 0.0000000000
48636  44.846  -28.750  19.079 0.0000000000
47652  44.371  -29.247  18.671 0.0000000000
48649  44.670  -28.571  18.278 0.0000000000
48660  44.468  -28.377  17.427 0.0000000000
49650  44.989  -27.826  17.857 0.0000000000
50645  46.786  -26.400  19.153 0.0000000000
50662  45.910  -26.476  17.950 0.0000000000
50679  46.131  -25.765  17.768 0.0000000000
51702  45.854  -25.254  17.514 0.0000000000
51701  46.412  -25.253  18.038 0.0000000000
46521  45.900  -29.522  28.941 0.0000000000
117189  46.052  -29.333  28.120 0.0000000000
48551  47.404  -27.862  27.200 0.0000000000
47545  46.978  -28.622  26.959 0.0000000000
48555  47.376  -28.379  26.022 0.0000000000
48564  47.321  -28.265  24.818 0.0000000000
121051  47.837  -27.707  25.389 0.0000000000
50579  49.411  -26.126  23.828 0.0000000000
50566  49.085  -26.323  24.819 0.0000000000
112281  48.589  -26.627  24.062 0.0000000000
50580  48.068  -26.828  23.263 0.0000000000
50593  48.823  -26.300  22.524 0.0000000000
50610  48.706  -26.103  21.573 0.0000000000
52609  48.686  -24.573  20.511 0.0000000000
51666  48.376  -24.968  19.761 0.0000000000
52610  48.052  -24.529  19.914 0.0000000000
52621  46.663  -24.397  19.162 0.0000000000
53578  45.010  -23.899  19.189 0.0000000000
53565  46.051  -23.901  20.037 0.0000000000
53531  46.716  -22.882  22.774 0.0000000000
53541  45.394  -23.030  21.779 0.0000000000
54536  44.619  -21.781  22.300 0.0000000000
115302  49.438  -22.251  24.523 0.0000000000
54507  49.070  -21.514  25.379 0.0000000000
55556  45.897  -20.887  23.845 0.0000000000
56538  45.058  -20.170  22.580 0.0000000000
128803  45.704  -20.050  23.154 0.0000000000
132907  45.599  -19.978  21.492 0.0000000000
56554  45.650  -19.858  22.113 0.0000000000
68754  54.237  -8.370  -0.274 0.0000000000
63928  52.446  -11.593  2.326 0.0000000000
65779  52.080  -10.793  1.770 0.0000000000
115496  53.126  -11.669  1.927 0.0000000000
65801  55.833  -10.675  -0.160 0.0000000000
65811  55.771  -10.105  -0.504 0.0000000000
65800  56.677  -10.946  -0.001 0.0000000000
64870  57.447  -11.625  2.061 0.0000000000
64878  57.390  -11.503  1.173 0.0000000000
64869  58.219  -11.271  2.590 0.0000000000
65778  58.943  -10.862  2.065 0.0000000000
64840  56.486  -11.704  4.716 0.0000000000
112442  57.165  -11.498  5.394 0.0000000000
117684  58.979  -11.243  6.537 0.0000000000
128808  57.860  -11.383  5.198 0.0000000000
64820  58.636  -11.201  5.525 0.0000000000
64837  59.321  -10.812  5.009 0.0000000000
65745  60.523  -10.428  5.608 0.0000000000
64801  60.999  -10.667  8.293 0.0000000000
114090  58.865  -5.852  -1.663 0.0000000000
69701  60.061  -6.034  -1.405 0.0000000000
66742  61.076  -8.344  0.780 0.0000000000
34815  20.703  -42.603  30.026 0.0000000000
132755  21.738  -41.919  31.243 0.0000000000
111606  21.167  -42.292  30.793 0.0000000000
34792  21.169  -41.993  32.570 0.0000000000
34781  21.125  -41.853  33.433 0.0000000000
55666  48.216  -20.942  16.414 0.0000000000
56641  49.312  -19.582  17.097 0.0000000000
44715  35.605  -32.431  21.630 0.0000000000
44699  35.571  -32.158  22.553 0.0000000000
44684  35.884  -32.135  23.148 0.0000000000
118054  31.374  -36.894  24.203 0.0000000000
39676  31.270  -37.515  23.642 0.0000000000
38729  31.272  -38.404  23.807 0.0000000000
42721  31.422  -34.683  20.229 0.0000000000
129324  31.490  -34.841  20.974 0.0000000000
42709  31.577  -34.627  21.669 0.0000000000
41793  31.504  -35.209  22.187 0.0000000000
119584  31.429  -35.785  22.751 0.0000000000
123961  33.252  -43.821  32.796 0.0000000000
33726  33.554  -44.001  35.434 0.0000000000
63839  54.159  -11.959  9.208 0.0000000000
126909  54.098  -12.454  9.915 0.0000000000
62878  53.869  -14.128  11.185 0.0000000000
57693  50.364  -19.590  6.718 0.0000000000
57692  51.032  -19.729  6.132 0.0000000000
56815  52.285  -20.539  6.299 0.0000000000
56819  44.435  -19.981  6.876 0.0000000000
57677  45.344  -19.884  7.097 0.0000000000
55804  46.660  -21.249  8.870 0.0000000000
53600  41.249  -22.911  16.394 0.0000000000
54598  40.652  -22.101  17.266 0.0000000000
54597  41.551  -22.597  17.288 0.0000000000
53568  43.261  -22.886  19.652 0.0000000000
44642  44.600  -32.409  25.249 0.0000000000
44641  45.182  -31.989  25.288 0.0000000000
45583  46.077  -31.198  25.791 0.0000000000
46548  46.369  -30.558  26.442 0.0000000000
63891  51.639  -12.166  5.123 0.0000000000
125648  52.399  -12.280  4.825 0.0000000000
128144  53.729  -11.948  5.753 0.0000000000
64823  54.491  -11.896  5.838 0.0000000000
64808  53.867  -11.680  6.479 0.0000000000
64791  53.935  -11.502  7.316 0.0000000000
66759  58.201  -9.002  -1.215 0.0000000000
67748  58.992  -9.155  -0.761 0.0000000000
116333  57.638  -9.692  -0.793 0.0000000000
129141  31.888  -29.395  25.366 0.0000000000
47565  33.233  -29.201  25.865 0.0000000000
47567  32.319  -29.207  25.933 0.0000000000
47549  32.534  -29.472  27.347 0.0000000000
47531  33.382  -29.306  28.323 0.0000000000
112476  27.073  -40.828  31.036 0.0000000000
35788  28.215  -40.429  32.320 0.0000000000
133041  27.450  -40.273  32.436 0.0000000000
132271  26.962  -40.120  32.950 0.0000000000
125963  26.990  -39.877  33.600 0.0000000000
62928  50.275  -13.170  6.636 0.0000000000
59247  49.154  -18.861  8.843 0.0000000000
54707  46.436  -22.121  11.535 0.0000000000
54679  46.891  -21.767  11.792 0.0000000000
54630  48.290  -21.278  13.262 0.0000000000
30676  16.983  -45.929  29.971 0.0000000000
120575  17.389  -45.572  30.391 0.0000000000
30663  17.056  -46.027  30.695 0.0000000000
30653  17.083  -46.076  31.408 0.0000000000
30640  17.043  -46.086  32.201 0.0000000000
54770  42.515  -22.164  7.948 0.0000000000
115249  42.886  -22.648  8.445 0.0000000000
53725  42.823  -23.571  9.740 0.0000000000
53685  42.201  -23.341  11.089 0.0000000000
53642  44.286  -22.829  13.242 0.0000000000
54633  45.993  -22.530  14.661 0.0000000000
54613  45.094  -22.089  15.190 0.0000000000
111781  39.052  -33.395  18.852 0.0000000000
129417  38.701  -32.967  22.214 0.0000000000
44694  39.996  -32.858  22.921 0.0000000000
113321  40.791  -32.822  23.093 0.0000000000
44679  41.051  -32.768  23.914 0.0000000000
130762  41.749  -32.782  23.869 0.0000000000
44664  41.600  -32.793  24.506 0.0000000000
44645  41.599  -32.768  25.373 0.0000000000
44617  42.315  -32.772  27.109 0.0000000000
45562  36.164  -30.809  27.000 0.0000000000
45573  36.029  -30.972  26.129 0.0000000000
45561  36.782  -31.143  27.410 0.0000000000
132283  37.164  -31.260  27.735 0.0000000000
117204  38.275  -31.378  28.441 0.0000000000
45505  41.493  -31.528  30.756 0.0000000000
44567  41.971  -31.899  30.407 0.0000000000
38660  32.437  -37.968  32.319 0.0000000000
131131  32.301  -38.015  31.486 0.0000000000
127983  32.558  -38.624  31.582 0.0000000000
118197  32.497  -40.121  28.342 0.0000000000
36838  32.732  -40.033  29.134 0.0000000000
35827  33.280  -41.520  29.601 0.0000000000
117455  33.498  -42.142  30.160 0.0000000000
34821  33.044  -42.263  29.595 0.0000000000
34822  32.542  -42.579  29.462 0.0000000000
34823  31.993  -42.760  29.161 0.0000000000
36938  28.362  -40.233  22.672 0.0000000000
111990  25.933  -40.498  23.357 0.0000000000
36916  26.875  -40.461  23.552 0.0000000000
125920  26.829  -40.688  24.330 0.0000000000
35928  27.189  -40.827  24.927 0.0000000000
35880  27.913  -41.312  26.182 0.0000000000
35860  29.312  -41.914  27.061 0.0000000000
132321  27.909  -41.399  26.755 0.0000000000
111739  27.901  -41.453  28.008 0.0000000000
35844  27.859  -41.401  28.740 0.0000000000
35863  26.600  -41.414  27.363 0.0000000000
35864  25.885  -41.446  27.374 0.0000000000
34860  21.242  -42.202  26.588 0.0000000000
34848  21.284  -42.227  27.375 0.0000000000
34861  20.431  -42.409  26.354 0.0000000000
46632  32.926  -30.052  19.131 0.0000000000
46634  30.159  -29.648  19.953 0.0000000000
122970  30.427  -28.966  19.706 0.0000000000
47644  30.805  -28.730  20.189 0.0000000000
47645  30.375  -29.163  20.476 0.0000000000
47632  30.735  -28.904  20.887 0.0000000000
47603  31.323  -29.214  22.556 0.0000000000
47619  30.777  -29.554  22.301 0.0000000000
46603  30.631  -29.980  22.951 0.0000000000
45619  30.832  -30.594  23.613 0.0000000000
42652  32.190  -34.634  25.639 0.0000000000
42666  31.932  -34.138  25.034 0.0000000000
41742  32.354  -35.176  26.307 0.0000000000
113118  32.636  -35.004  26.931 0.0000000000
112642  32.846  -34.959  28.893 0.0000000000
40675  32.467  -36.241  30.538 0.0000000000
33711  19.361  -43.189  35.181 0.0000000000
34753  19.782  -42.583  35.682 0.0000000000
34734  19.994  -41.661  37.344 0.0000000000
60908  56.808  -15.017  11.998 0.0000000000
61895  57.449  -14.918  11.432 0.0000000000
61900  51.601  -15.368  10.166 0.0000000000
60926  52.415  -16.298  11.391 0.0000000000
60007  52.508  -19.030  11.303 0.0000000000
59266  51.253  -17.572  5.461 0.0000000000
60036  51.264  -17.065  6.632 0.0000000000
112531  45.860  -17.020  6.652 0.0000000000
57661  46.985  -20.061  7.950 0.0000000000
57660  47.659  -20.044  8.260 0.0000000000
57659  48.460  -20.081  8.468 0.0000000000
57658  49.203  -20.172  8.473 0.0000000000
55800  50.144  -21.763  8.154 0.0000000000
54676  49.645  -23.050  12.191 0.0000000000
54704  49.252  -22.672  11.395 0.0000000000
53663  51.184  -23.256  12.369 0.0000000000
54726  53.039  -22.326  10.118 0.0000000000
55740  39.400  -21.349  13.067 0.0000000000
56666  41.111  -20.153  17.138 0.0000000000
56681  40.839  -20.167  16.110 0.0000000000
56646  41.644  -20.265  17.779 0.0000000000
56665  42.215  -20.134  16.991 0.0000000000
56663  43.287  -20.330  16.853 0.0000000000
55652  44.897  -20.785  17.367 0.0000000000
56643  44.525  -20.503  18.114 0.0000000000
56624  44.922  -20.493  18.638 0.0000000000
56605  45.887  -20.438  19.818 0.0000000000
47613  45.427  -29.416  21.456 0.0000000000
112753  44.782  -29.549  20.240 0.0000000000
47626  45.380  -29.006  20.656 0.0000000000
125973  45.487  -28.450  20.139 0.0000000000
48635  45.352  -28.294  19.485 0.0000000000
49649  45.530  -27.322  18.329 0.0000000000
49638  45.692  -27.602  19.176 0.0000000000
49637  46.242  -27.147  19.656 0.0000000000
50630  46.921  -26.686  19.997 0.0000000000
47528  46.033  -28.510  29.093 0.0000000000
48534  46.408  -28.022  29.398 0.0000000000
48545  46.734  -27.831  28.019 0.0000000000
51604  50.092  -25.476  23.550 0.0000000000
50609  49.475  -25.621  21.997 0.0000000000
51627  49.963  -24.834  22.309 0.0000000000
52597  49.614  -24.491  21.878 0.0000000000
53550  48.483  -23.907  21.139 0.0000000000
53551  47.660  -23.888  20.744 0.0000000000
53539  47.699  -23.456  21.802 0.0000000000
53530  47.856  -23.072  22.655 0.0000000000
64872  53.753  -11.961  1.954 0.0000000000
114649  55.130  -11.518  0.870 0.0000000000
64887  56.641  -11.500  0.715 0.0000000000
64871  56.697  -11.908  2.431 0.0000000000
64805  56.648  -11.570  6.776 0.0000000000
111571  57.123  -11.523  6.182 0.0000000000
64803  58.502  -11.394  7.059 0.0000000000
64802  60.079  -11.027  7.367 0.0000000000
133493  59.333  -11.285  7.580 0.0000000000
68766  59.781  -7.147  -1.299 0.0000000000
65796  60.529  -9.371  1.296 0.0000000000
66726  61.513  -8.681  2.355 0.0000000000
66718  63.199  -8.444  3.794 0.0000000000
44601  32.921  -32.429  28.131 0.0000000000
45545  32.741  -31.391  28.564 0.0000000000
44600  33.064  -32.338  29.146 0.0000000000
44568  33.138  -32.583  30.621 0.0000000000
115490  32.990  -33.256  32.240 0.0000000000
35819  23.910  -41.468  30.697 0.0000000000
35805  24.485  -41.272  31.324 0.0000000000
35806  23.618  -41.347  31.498 0.0000000000
35791  24.166  -41.039  32.125 0.0000000000
36817  23.767  -40.719  32.847 0.0000000000
35793  22.557  -41.294  32.540 0.0000000000
129934  23.070  -40.934  32.901 0.0000000000
36793  23.681  -40.043  34.302 0.0000000000
113614  23.319  -39.789  35.378 0.0000000000
36764  23.375  -39.246  36.607 0.0000000000
54631  46.703  -21.225  13.080 0.0000000000
56693  47.441  -19.842  13.285 0.0000000000
56679  47.491  -19.543  13.673 0.0000000000
112776  49.380  -18.824  14.885 0.0000000000
57592  49.508  -18.685  15.390 0.0000000000
57600  50.286  -18.690  15.448 0.0000000000
29730  16.134  -46.969  30.833 0.0000000000
29731  15.600  -47.527  30.271 0.0000000000
29723  15.544  -47.593  31.081 0.0000000000
29717  15.272  -47.576  31.975 0.0000000000
28815  14.554  -48.627  30.892 0.0000000000
28802  14.624  -48.097  32.106 0.0000000000
29711  14.588  -47.845  32.942 0.0000000000
116937  14.188  -47.811  33.930 0.0000000000
53686  41.368  -23.261  10.899 0.0000000000
54709  41.643  -22.776  11.666 0.0000000000
43680  37.177  -33.268  20.331 0.0000000000
43664  37.164  -33.023  21.246 0.0000000000
44714  36.387  -32.754  21.503 0.0000000000
44713  36.970  -32.735  21.951 0.0000000000
114493  37.851  -32.948  21.888 0.0000000000
44647  39.333  -32.345  25.055 0.0000000000
40729  31.998  -36.995  27.728 0.0000000000
39649  31.987  -37.702  28.397 0.0000000000
38698  31.836  -38.402  27.767 0.0000000000
38707  31.510  -38.163  26.108 0.0000000000
37811  31.799  -38.952  27.200 0.0000000000
37810  32.059  -39.313  27.909 0.0000000000
37817  32.007  -39.856  26.935 0.0000000000
36862  32.251  -40.797  27.149 0.0000000000
35875  31.960  -41.228  26.826 0.0000000000
119033  25.033  -40.665  23.285 0.0000000000
35954  24.760  -41.072  23.981 0.0000000000
35931  24.575  -41.259  24.606 0.0000000000
35904  24.766  -41.326  25.277 0.0000000000
35955  23.972  -41.358  24.185 0.0000000000
44734  31.239  -32.148  20.125 0.0000000000
120758  31.234  -32.092  21.114 0.0000000000
44701  31.246  -32.094  22.206 0.0000000000
42667  31.632  -34.085  23.803 0.0000000000
42684  31.611  -34.618  23.238 0.0000000000
117959  31.657  -34.810  24.023 0.0000000000
42653  31.864  -34.920  24.845 0.0000000000
128184  32.009  -35.429  25.574 0.0000000000
40747  32.070  -36.481  27.056 0.0000000000
127094  56.705  -11.517  8.960 0.0000000000
64767  57.112  -11.670  10.254 0.0000000000
63831  56.851  -12.148  11.341 0.0000000000
63823  56.418  -12.852  12.312 0.0000000000
62875  56.962  -13.504  12.514 0.0000000000
61879  56.340  -14.599  12.324 0.0000000000
60027  50.581  -18.570  7.624 0.0000000000
58500  50.713  -18.220  6.064 0.0000000000
59267  50.828  -17.706  6.035 0.0000000000
58490  44.779  -18.434  6.503 0.0000000000
58489  45.468  -18.737  6.561 0.0000000000
57676  46.348  -19.787  7.442 0.0000000000
54606  53.184  -22.596  15.481 0.0000000000
116096  52.616  -22.786  14.893 0.0000000000
55709  38.213  -20.783  14.892 0.0000000000
55691  38.510  -20.830  15.722 0.0000000000
55690  38.976  -20.945  16.368 0.0000000000
54583  40.365  -21.334  17.622 0.0000000000
55654  40.556  -21.035  17.988 0.0000000000
56648  40.513  -20.645  17.566 0.0000000000
55624  42.176  -20.933  19.413 0.0000000000
56581  43.209  -20.741  20.289 0.0000000000
45642  42.738  -31.803  21.088 0.0000000000
45652  43.186  -31.334  20.583 0.0000000000
45641  43.532  -31.287  21.304 0.0000000000
45640  44.214  -30.986  21.910 0.0000000000
46609  44.873  -30.242  21.665 0.0000000000
45612  45.141  -31.158  23.935 0.0000000000
46599  45.203  -30.293  22.631 0.0000000000
118776  45.526  -29.689  22.205 0.0000000000
47599  46.115  -29.146  22.655 0.0000000000
133398  46.552  -28.359  22.686 0.0000000000
63911  55.240  -12.345  3.390 0.0000000000
63887  55.589  -12.095  4.411 0.0000000000
64841  55.771  -11.839  5.163 0.0000000000
64822  55.370  -11.810  5.865 0.0000000000
111911  56.160  -11.558  7.346 0.0000000000
68768  57.456  -7.252  -1.678 0.0000000000
67759  60.365  -7.433  -0.862 0.0000000000
66743  59.907  -9.546  0.290 0.0000000000
65777  59.753  -10.409  2.497 0.0000000000
45618  34.061  -30.754  23.059 0.0000000000
45617  34.744  -31.280  23.334 0.0000000000
46588  34.207  -30.607  23.835 0.0000000000
46550  34.845  -29.879  26.365 0.0000000000
46549  35.489  -30.357  26.651 0.0000000000
46540  35.562  -30.239  27.491 0.0000000000
46524  35.603  -30.160  28.359 0.0000000000
45528  32.698  -30.309  28.842 0.0000000000
46508  32.960  -29.900  29.449 0.0000000000
47515  33.473  -29.542  29.249 0.0000000000
46491  33.545  -29.911  30.681 0.0000000000
130633  34.216  -29.513  29.362 0.0000000000
39704  30.736  -37.631  21.592 0.0000000000
35774  30.284  -42.028  32.690 0.0000000000
118405  31.014  -42.527  33.285 0.0000000000
35761  30.133  -41.541  34.448 0.0000000000
112020  30.168  -41.390  35.853 0.0000000000
36815  25.680  -40.428  32.624 0.0000000000
36805  26.310  -40.063  33.179 0.0000000000
36790  27.183  -39.633  34.525 0.0000000000
37759  26.659  -39.362  35.068 0.0000000000
63849  52.091  -12.386  7.295 0.0000000000
62912  51.925  -13.153  8.141 0.0000000000
112978  51.992  -14.019  8.965 0.0000000000
62901  51.464  -14.025  8.607 0.0000000000
61910  51.124  -14.415  9.755 0.0000000000
60927  50.998  -16.632  10.287 0.0000000000
61920  49.703  -14.324  7.486 0.0000000000
60928  50.340  -17.247  9.917 0.0000000000
60009  50.448  -19.273  10.426 0.0000000000
58478  49.820  -19.668  8.195 0.0000000000
55784  45.351  -22.019  9.232 0.0000000000
112871  46.231  -21.794  9.561 0.0000000000
116526  48.025  -22.094  11.222 0.0000000000
54678  47.877  -22.064  11.739 0.0000000000
111126  48.762  -22.570  11.993 0.0000000000
53640  49.659  -23.073  12.982 0.0000000000
53621  50.746  -23.084  14.145 0.0000000000
54627  51.309  -22.898  14.907 0.0000000000
55702  47.871  -19.843  13.318 0.0000000000
55701  48.651  -20.621  13.688 0.0000000000
55682  50.233  -20.467  15.208 0.0000000000
54609  50.366  -21.792  15.446 0.0000000000
54608  51.094  -22.357  15.663 0.0000000000
54607  51.995  -22.659  15.627 0.0000000000
52660  42.779  -24.119  15.171 0.0000000000
44596  45.601  -31.999  29.618 0.0000000000
114674  51.071  -12.013  4.645 0.0000000000
122446  55.193  -8.274  -1.317 0.0000000000
32745  18.861  -43.967  30.068 0.0000000000
32736  19.096  -43.878  30.975 0.0000000000
32724  18.955  -44.134  31.672 0.0000000000
32700  19.081  -44.071  33.092 0.0000000000
31661  18.126  -45.112  32.295 0.0000000000
32714  18.611  -44.622  32.732 0.0000000000
32687  19.067  -43.992  33.931 0.0000000000
33720  18.948  -43.840  34.772 0.0000000000
33703  18.513  -43.455  36.539 0.0000000000
30654  16.459  -46.604  31.681 0.0000000000
30641  16.397  -46.493  32.609 0.0000000000
31653  16.776  -45.909  33.930 0.0000000000
31631  17.037  -45.164  35.248 0.0000000000
32678  17.543  -44.577  35.651 0.0000000000
33704  17.734  -43.797  37.045 0.0000000000
56797  43.912  -20.555  7.192 0.0000000000
54751  45.584  -22.496  9.957 0.0000000000
111673  45.603  -22.754  10.782 0.0000000000
54752  44.142  -23.069  9.237 0.0000000000
54680  46.114  -22.298  12.271 0.0000000000
54654  46.423  -21.939  12.763 0.0000000000
53739  41.645  -23.042  8.768 0.0000000000
53707  43.427  -23.605  10.486 0.0000000000
53684  43.039  -23.504  11.199 0.0000000000
53683  43.893  -23.612  11.196 0.0000000000
53665  44.932  -23.275  12.144 0.0000000000
54610  47.248  -21.833  14.935 0.0000000000
55648  48.444  -21.248  17.384 0.0000000000
55632  48.441  -21.342  18.360 0.0000000000
44765  41.317  -32.260  18.373 0.0000000000
44746  42.012  -32.146  19.886 0.0000000000
111415  38.238  -33.470  19.212 0.0000000000
43698  38.862  -33.446  19.710 0.0000000000
43662  39.520  -33.311  20.993 0.0000000000
123083  40.125  -33.269  20.512 0.0000000000
43696  40.270  -33.171  19.678 0.0000000000
43677  40.736  -33.042  20.445 0.0000000000
44729  41.405  -32.649  20.370 0.0000000000
44728  42.093  -32.267  20.777 0.0000000000
44710  42.946  -31.884  21.796 0.0000000000
44677  43.846  -32.291  24.092 0.0000000000
44663  42.271  -32.800  24.228 0.0000000000
44662  43.427  -32.668  24.545 0.0000000000
112928  44.043  -32.560  24.850 0.0000000000
110892  44.950  -32.510  25.994 0.0000000000
128118  45.236  -32.672  26.963 0.0000000000
129840  45.573  -32.486  28.606 0.0000000000
45616  35.420  -31.682  23.544 0.0000000000
45615  36.084  -31.912  23.887 0.0000000000
45587  36.541  -31.453  25.539 0.0000000000
45602  37.030  -31.837  24.934 0.0000000000
44668  37.470  -32.143  24.438 0.0000000000
44649  37.813  -32.042  25.095 0.0000000000
44648  38.607  -32.205  25.137 0.0000000000
44620  39.986  -32.180  26.564 0.0000000000
119233  38.676  -31.270  29.100 0.0000000000
45524  39.562  -31.410  29.197 0.0000000000
45542  39.085  -31.559  28.252 0.0000000000
45558  39.635  -31.861  27.509 0.0000000000
111166  40.848  -32.373  26.751 0.0000000000
44618  41.567  -32.572  26.929 0.0000000000
44598  42.589  -32.743  27.870 0.0000000000
124480  42.198  -32.247  29.595 0.0000000000
132657  42.950  -32.791  28.467 0.0000000000
44597  43.328  -32.963  27.897 0.0000000000
43595  44.458  -33.040  29.022 0.0000000000
43594  45.167  -32.620  29.289 0.0000000000
39574  32.859  -36.804  35.424 0.0000000000
111708  33.626  -39.300  34.133 0.0000000000
37767  34.086  -40.061  33.857 0.0000000000
35786  34.720  -41.526  33.009 0.0000000000
37784  32.591  -39.160  30.563 0.0000000000
37783  32.937  -39.970  29.934 0.0000000000
112426  33.182  -40.067  30.785 0.0000000000
122062  34.675  -42.305  32.373 0.0000000000
33773  33.287  -43.250  31.163 0.0000000000
114235  31.567  -43.099  31.752 0.0000000000
127660  30.882  -42.633  31.520 0.0000000000
38744  30.786  -38.289  22.133 0.0000000000
37866  30.857  -39.023  22.505 0.0000000000
37846  31.134  -39.084  23.223 0.0000000000
37847  30.772  -39.724  22.875 0.0000000000
36911  31.231  -40.094  24.061 0.0000000000
36888  31.350  -40.453  24.795 0.0000000000
36872  31.541  -40.799  25.591 0.0000000000
35876  31.581  -41.292  26.277 0.0000000000
36891  28.408  -40.790  24.095 0.0000000000
36890  29.438  -40.963  24.067 0.0000000000
35898  30.381  -41.440  25.251 0.0000000000
129826  31.090  -41.775  26.392 0.0000000000
35859  31.600  -41.672  26.925 0.0000000000
115857  31.317  -42.680  29.043 0.0000000000
35842  29.346  -41.967  27.847 0.0000000000
126676  30.177  -42.365  28.927 0.0000000000
34824  30.675  -42.560  29.363 0.0000000000
34812  30.520  -42.504  30.201 0.0000000000
34803  30.387  -42.327  31.044 0.0000000000
34791  30.289  -42.154  31.830 0.0000000000
34804  29.805  -41.828  31.359 0.0000000000
35801  29.178  -41.360  31.224 0.0000000000
35830  27.785  -41.240  29.555 0.0000000000
127345  27.621  -40.972  30.461 0.0000000000
35816  26.675  -41.116  30.388 0.0000000000
35817  25.683  -41.312  30.286 0.0000000000
122949  24.958  -41.460  29.812 0.0000000000
113139  24.465  -41.523  26.687 0.0000000000
35885  22.789  -41.838  26.246 0.0000000000
35866  23.895  -41.603  27.258 0.0000000000
112988  24.113  -41.561  27.871 0.0000000000
35848  23.951  -41.581  28.511 0.0000000000
121046  24.222  -41.530  29.902 0.0000000000
35835  22.827  -41.751  29.490 0.0000000000
34826  21.993  -41.969  29.491 0.0000000000
34837  21.155  -42.282  28.145 0.0000000000
125772  21.032  -42.373  28.787 0.0000000000
34827  21.239  -42.302  29.383 0.0000000000
34828  20.571  -42.660  29.208 0.0000000000
33784  19.320  -43.501  29.315 0.0000000000
33794  18.772  -43.694  27.989 0.0000000000
33785  18.868  -43.734  28.696 0.0000000000
113768  18.571  -44.059  29.258 0.0000000000
32747  17.914  -44.604  29.041 0.0000000000
31702  16.847  -45.798  29.149 0.0000000000
44768  34.986  -32.837  18.850 0.0000000000
44749  35.127  -32.686  19.835 0.0000000000
44750  34.540  -32.328  19.477 0.0000000000
44733  34.708  -32.221  20.335 0.0000000000
46621  33.063  -30.058  20.043 0.0000000000
46622  32.349  -29.155  20.464 0.0000000000
119699  33.887  -30.782  22.240 0.0000000000
46601  33.260  -30.033  22.796 0.0000000000
47578  32.296  -29.405  24.081 0.0000000000
47590  31.678  -29.342  23.304 0.0000000000
47579  31.823  -29.383  24.747 0.0000000000
45574  31.963  -30.866  26.959 0.0000000000
120975  31.080  -31.633  23.090 0.0000000000
44685  31.278  -31.940  23.899 0.0000000000
115810  31.407  -31.817  24.715 0.0000000000
43627  31.866  -33.294  25.152 0.0000000000
121461  31.715  -32.290  25.317 0.0000000000
129871  31.937  -31.768  26.175 0.0000000000
113340  32.349  -31.914  26.927 0.0000000000
43599  33.139  -33.240  28.514 0.0000000000
42607  33.137  -33.901  29.683 0.0000000000
42591  32.781  -34.816  30.747 0.0000000000
42578  32.686  -35.090  31.729 0.0000000000
134020  32.588  -35.525  32.484 0.0000000000
121430  32.740  -43.536  35.766 0.0000000000
33767  19.937  -43.017  31.976 0.0000000000
119644  20.610  -42.350  33.078 0.0000000000
35780  21.054  -41.694  34.268 0.0000000000
34752  20.342  -42.047  35.350 0.0000000000
35765  20.913  -41.563  35.067 0.0000000000
35764  21.605  -41.028  34.801 0.0000000000
36780  21.886  -40.424  35.787 0.0000000000
62887  59.249  -12.920  11.489 0.0000000000
61882  53.102  -15.549  11.513 0.0000000000
61881  54.015  -15.354  11.933 0.0000000000
60910  55.053  -16.734  12.275 0.0000000000
60924  55.130  -16.764  11.573 0.0000000000
114411  54.771  -16.421  10.002 0.0000000000
59236  51.694  -19.569  10.805 0.0000000000
60025  52.213  -17.278  8.526 0.0000000000
60932  54.006  -16.020  8.853 0.0000000000
60940  54.135  -15.373  7.784 0.0000000000
125562  46.137  -14.956  6.377 0.0000000000
58487  47.049  -18.426  6.834 0.0000000000
57673  49.449  -19.994  8.344 0.0000000000
56793  50.932  -20.974  6.979 0.0000000000
55818  52.351  -21.504  7.441 0.0000000000
55783  47.196  -21.532  9.448 0.0000000000
54750  49.041  -21.936  9.994 0.0000000000
54749  49.832  -22.348  9.472 0.0000000000
127173  52.437  -22.940  13.272 0.0000000000
54702  51.971  -23.071  12.005 0.0000000000
54673  53.361  -22.464  12.372 0.0000000000
112316  51.378  -22.898  10.617 0.0000000000
113310  51.097  -22.776  9.876 0.0000000000
54765  51.366  -22.394  8.451 0.0000000000
110798  52.655  -21.807  8.043 0.0000000000
54684  41.117  -22.112  12.257 0.0000000000
55708  39.131  -20.525  14.601 0.0000000000
55726  39.829  -20.927  13.749 0.0000000000
56695  40.572  -20.314  15.209 0.0000000000
55725  40.932  -21.094  13.665 0.0000000000
55724  41.934  -21.352  13.730 0.0000000000
55723  42.859  -21.578  13.897 0.0000000000
55686  45.257  -21.672  15.920 0.0000000000
55668  45.501  -21.442  16.675 0.0000000000
55667  46.485  -21.806  16.735 0.0000000000
55649  47.561  -21.669  17.584 0.0000000000
55633  47.670  -21.427  18.457 0.0000000000
45664  43.164  -31.146  19.891 0.0000000000
47638  44.555  -29.404  19.461 0.0000000000
50701  44.753  -25.986  16.070 0.0000000000
49659  45.331  -26.954  17.470 0.0000000000
50700  45.119  -25.726  16.635 0.0000000000
51719  45.335  -25.243  16.963 0.0000000000
52650  44.995  -24.788  16.883 0.0000000000
52641  44.703  -24.301  17.325 0.0000000000
45540  46.087  -30.842  28.584 0.0000000000
45556  46.197  -30.462  27.616 0.0000000000
128376  46.573  -29.840  26.165 0.0000000000
47546  46.356  -28.722  27.799 0.0000000000
47554  46.641  -29.261  26.770 0.0000000000
47564  46.586  -29.689  25.287 0.0000000000
48582  46.907  -28.721  24.297 0.0000000000
48581  47.157  -28.108  23.922 0.0000000000
49582  46.958  -27.883  23.101 0.0000000000
50558  48.882  -26.409  25.835 0.0000000000
49548  48.379  -27.049  25.930 0.0000000000
133061  48.103  -27.259  24.900 0.0000000000
49580  48.005  -27.075  24.170 0.0000000000
49581  47.494  -27.429  23.590 0.0000000000
130470  47.363  -27.266  22.756 0.0000000000
50611  47.721  -26.615  21.264 0.0000000000
50629  47.733  -26.271  20.272 0.0000000000
50644  47.562  -25.984  19.477 0.0000000000
51629  49.237  -25.337  21.121 0.0000000000
51648  48.273  -25.478  19.849 0.0000000000
51685  47.450  -25.086  18.867 0.0000000000
52631  46.571  -24.771  18.467 0.0000000000
53587  45.064  -24.186  18.180 0.0000000000
53579  44.083  -23.615  18.959 0.0000000000
53567  44.136  -23.358  19.886 0.0000000000
53552  46.335  -23.678  20.867 0.0000000000
53553  45.242  -23.423  20.888 0.0000000000
54556  43.458  -22.420  20.482 0.0000000000
54545  43.736  -21.877  21.226 0.0000000000
55603  43.680  -21.012  21.336 0.0000000000
56580  43.762  -20.515  20.787 0.0000000000
54519  48.863  -22.449  23.799 0.0000000000
54520  47.757  -22.248  24.098 0.0000000000
54531  46.987  -22.383  23.719 0.0000000000
55538  47.272  -21.125  25.320 0.0000000000
54522  46.323  -21.545  24.195 0.0000000000
54532  45.923  -21.919  23.562 0.0000000000
133806  44.751  -21.036  22.804 0.0000000000
55586  44.518  -20.557  22.187 0.0000000000
56579  44.547  -20.196  20.934 0.0000000000
111377  45.570  -20.195  20.785 0.0000000000
56604  46.662  -20.562  20.077 0.0000000000
115712  47.483  -20.262  21.215 0.0000000000
55602  47.509  -20.655  20.391 0.0000000000
67765  54.567  -8.278  -0.982 0.0000000000
128857  55.707  -9.251  -1.100 0.0000000000
66754  55.443  -9.581  -0.677 0.0000000000
66753  56.066  -9.708  -0.845 0.0000000000
65809  57.187  -10.324  -0.427 0.0000000000
65799  57.498  -10.767  -0.010 0.0000000000
64885  57.994  -11.207  0.890 0.0000000000
64859  56.970  -11.632  3.921 0.0000000000
124984  57.670  -11.417  3.964 0.0000000000
64857  58.283  -11.216  3.562 0.0000000000
65759  59.098  -10.811  4.015 0.0000000000
30628  16.938  -46.001  33.049 0.0000000000
31640  17.298  -45.365  34.364 0.0000000000
31674  18.119  -44.987  31.399 0.0000000000
31690  17.533  -45.577  31.050 0.0000000000
32701  18.578  -44.553  33.539 0.0000000000
32713  19.037  -44.116  32.302 0.0000000000
32725  18.640  -44.413  31.350 0.0000000000
33712  18.743  -43.642  35.624 0.0000000000
33751  19.530  -43.556  32.575 0.0000000000
34767  20.540  -42.045  34.637 0.0000000000
34768  19.991  -42.622  34.683 0.0000000000
34805  21.169  -42.175  31.712 0.0000000000
34806  20.504  -42.637  31.409 0.0000000000
34810  32.805  -42.731  29.973 0.0000000000
34835  30.144  -42.319  28.196 0.0000000000
34844  31.643  -42.075  27.587 0.0000000000
35777  23.295  -40.529  33.526 0.0000000000
35790  25.074  -40.887  31.998 0.0000000000
35807  22.794  -41.452  31.737 0.0000000000
35831  27.007  -41.231  29.678 0.0000000000
35834  23.702  -41.613  29.295 0.0000000000
35901  27.544  -41.102  25.619 0.0000000000
35924  31.056  -41.080  24.952 0.0000000000
35953  30.270  -40.776  23.899 0.0000000000
36807  24.076  -40.283  33.542 0.0000000000
36825  26.870  -40.584  31.714 0.0000000000
36893  26.178  -40.712  24.108 0.0000000000
37746  27.364  -39.393  35.678 0.0000000000
37891  29.300  -39.643  21.385 0.0000000000
38673  32.228  -38.559  29.931 0.0000000000
39610  32.272  -37.623  30.939 0.0000000000
39650  31.780  -37.691  27.453 0.0000000000
40806  30.752  -36.905  21.022 0.0000000000
41699  32.674  -35.455  29.315 0.0000000000
41723  32.058  -35.995  26.321 0.0000000000
41781  31.549  -35.451  23.505 0.0000000000
42695  31.614  -34.522  22.458 0.0000000000
43563  33.159  -33.332  30.140 0.0000000000
43596  43.629  -33.026  28.733 0.0000000000
43600  33.003  -33.177  27.762 0.0000000000
43611  44.123  -33.171  28.072 0.0000000000
43626  32.296  -33.813  25.714 0.0000000000
43650  41.243  -32.818  22.506 0.0000000000
43697  39.540  -33.357  19.397 0.0000000000
44582  42.996  -32.658  29.341 0.0000000000
44585  33.133  -31.939  30.072 0.0000000000
44615  44.596  -32.993  27.450 0.0000000000
44630  42.119  -32.838  26.175 0.0000000000
44633  39.110  -32.107  25.975 0.0000000000
44643  43.483  -32.813  25.088 0.0000000000
44667  39.029  -32.423  24.365 0.0000000000
44693  41.941  -32.636  22.594 0.0000000000
44695  39.102  -32.813  22.873 0.0000000000
45543  37.553  -31.289  28.172 0.0000000000
45568  45.685  -31.973  26.021 0.0000000000
45571  37.655  -31.616  26.439 0.0000000000
45584  45.659  -31.515  25.354 0.0000000000
46505  37.359  -30.796  29.782 0.0000000000
46526  32.888  -29.664  28.685 0.0000000000
46542  32.067  -30.001  27.243 0.0000000000
46558  46.325  -30.433  25.536 0.0000000000
46586  45.557  -30.371  23.469 0.0000000000
46587  44.879  -30.891  23.133 0.0000000000
46610  44.211  -30.705  21.183 0.0000000000
46640  43.434  -30.366  18.692 0.0000000000
47499  33.918  -29.601  30.155 0.0000000000
47532  32.824  -29.436  28.000 0.0000000000
48565  46.903  -28.944  25.108 0.0000000000
48612  45.860  -28.654  21.379 0.0000000000
49606  47.284  -27.138  22.008 0.0000000000
50661  46.594  -25.955  18.355 0.0000000000
51616  50.221  -24.769  22.849 0.0000000000
51617  50.023  -25.186  22.617 0.0000000000
51628  49.701  -25.047  21.726 0.0000000000
51647  48.868  -25.088  20.377 0.0000000000
51667  47.857  -25.261  19.251 0.0000000000
51686  46.965  -25.215  18.512 0.0000000000
52590  49.764  -23.932  22.503 0.0000000000
52598  49.136  -24.325  21.279 0.0000000000
52622  45.760  -24.023  19.404 0.0000000000
52630  47.146  -24.856  18.797 0.0000000000
52640  45.392  -24.731  17.409 0.0000000000
52659  43.524  -24.404  15.483 0.0000000000
53528  49.350  -23.222  22.946 0.0000000000
53538  48.720  -23.638  21.840 0.0000000000
53554  44.279  -23.003  20.767 0.0000000000
53588  44.090  -23.772  18.005 0.0000000000
53639  50.157  -23.121  13.502 0.0000000000
54521  46.935  -21.707  24.661 0.0000000000
54582  40.997  -21.733  18.010 0.0000000000
54616  38.694  -21.513  16.037 0.0000000000
54650  52.697  -22.839  14.018 0.0000000000
54703  50.470  -23.239  12.007 0.0000000000
55623  42.680  -21.107  20.020 0.0000000000
55635  41.654  -21.337  19.027 0.0000000000
55651  45.765  -21.256  17.414 0.0000000000
55669  44.431  -20.856  16.560 0.0000000000
55671  40.051  -20.978  17.453 0.0000000000
56556  44.167  -20.458  21.555 0.0000000000
56623  45.488  -20.511  19.203 0.0000000000
56645  42.487  -20.196  17.873 0.0000000000
56647  41.003  -20.599  18.045 0.0000000000
56668  39.485  -20.669  16.430 0.0000000000
56683  39.182  -20.592  15.821 0.0000000000
58421  50.823  -18.445  15.722 0.0000000000
60006  53.519  -18.326  11.825 0.0000000000
60893  55.346  -15.661  12.149 0.0000000000
60894  54.766  -16.469  12.382 0.0000000000
60895  54.237  -16.550  12.465 0.0000000000
62874  57.782  -13.416  12.455 0.0000000000
111725  32.637  -35.307  27.610 0.0000000000
112329  42.829  -32.868  24.803 0.0000000000
112362  26.096  -41.465  28.014 0.0000000000
112363  27.073  -41.406  28.191 0.0000000000
112915  31.416  -37.968  25.257 0.0000000000
112941  38.767  -33.385  20.545 0.0000000000
113054  42.950  -32.957  26.498 0.0000000000
113970  55.421  -11.509  7.510 0.0000000000
116019  31.485  -39.564  24.803 0.0000000000
117090  43.016  -32.610  23.926 0.0000000000
124116  52.774  -18.663  12.029 0.0000000000
125084  48.911  -26.392  23.305 0.0000000000
126870  27.474  -40.054  33.164 0.0000000000
127290  42.402  -32.916  25.437 0.0000000000
127655  41.082  -32.313  27.454 0.0000000000
128089  30.513  -41.982  26.631 0.0000000000
129135  29.546  -41.325  24.850 0.0000000000
129316  31.268  -30.336  24.968 0.0000000000
130310  42.320  -23.027  17.318 0.0000000000
130520  53.827  -17.400  12.528 0.0000000000
131433  31.100  -39.756  23.462 0.0000000000
131445  49.292  -24.043  21.723 0.0000000000
132133  42.749  -32.371  29.935 0.0000000000
132297  20.278  -42.588  33.416 0.0000000000
133124  45.295  -32.762  27.812 0.0000000000
134019  28.852  -41.321  25.116 0.0000000000
