#!ascii label  , from subject sub-v2s8x29186_ses-1 vox2ras=TkReg
644
55225  21.753  -22.457  -37.386 0.1428571492
55214  21.123  -23.145  -37.288 0.1428571492
56294  20.616  -21.801  -38.275 0.1428571492
55224  22.713  -22.163  -37.210 0.1428571492
129363  21.623  -21.176  -38.185 0.2857142985
112139  20.388  -22.583  -37.748 0.1428571492
58157  21.246  -20.324  -39.385 0.5714285970
121441  21.972  -20.549  -38.499 0.1428571492
58155  23.490  -19.616  -38.581 0.2857142985
58156  22.473  -19.837  -38.857 0.2857142985
58960  23.681  -18.571  -39.622 0.1428571492
58172  23.097  -19.217  -39.256 0.2857142985
59765  24.422  -17.245  -41.423 0.2857142985
59757  23.856  -17.654  -40.849 0.1428571492
58980  22.980  -17.990  -41.201 0.2857142985
60597  25.326  -16.210  -43.287 0.2857142985
60568  24.870  -16.864  -41.957 0.2857142985
61585  25.739  -15.776  -44.113 0.2857142985
61586  24.707  -16.032  -44.350 0.2857142985
61620  25.870  -15.236  -45.654 0.2857142985
112529  27.529  -14.330  -48.454 0.8571428657
62582  26.006  -14.630  -47.304 0.4285714328
61601  26.278  -15.470  -44.750 0.2857142985
63557  28.208  -14.155  -50.644 0.7142857313
62604  28.887  -14.854  -50.677 0.7142857313
62599  28.365  -14.666  -49.658 0.7142857313
62591  26.149  -14.264  -48.486 0.7142857313
119187  30.356  -14.058  -51.699 0.8571428657
63561  29.291  -14.151  -51.284 0.5714285970
64498  28.559  -13.003  -50.816 0.8571428657
63551  27.525  -14.173  -50.155 0.7142857313
62600  26.844  -14.076  -49.334 0.7142857313
128128  31.255  -11.901  -51.523 0.4285714328
115897  30.678  -12.891  -51.720 0.7142857313
64505  29.620  -13.073  -51.432 0.8571428657
119135  31.493  -8.426  -50.985 0.2857142985
66344  31.102  -11.517  -52.077 0.8571428657
67275  31.514  -10.149  -51.547 0.7142857313
114995  30.925  -12.081  -51.970 0.8571428657
70997  32.107  -6.046  -50.377 0.1428571492
129565  31.549  -7.743  -50.219 0.1428571492
69284  31.641  -7.691  -51.232 0.4285714328
68307  31.591  -9.367  -52.049 0.5714285970
67283  31.371  -10.113  -52.332 0.8571428657
71840  32.359  -4.467  -51.444 0.1428571492
71009  32.342  -5.212  -50.955 0.1428571492
70176  31.958  -6.916  -51.492 0.4285714328
68314  31.637  -9.106  -52.939 0.8571428657
73460  31.567  -2.117  -50.923 0.1428571492
73446  31.817  -2.662  -50.227 0.1428571492
124727  31.917  -2.921  -51.301 0.1428571492
71851  32.262  -4.738  -53.033 0.4285714328
70189  32.336  -7.145  -53.093 0.5714285970
69304  32.045  -8.070  -53.808 0.7142857313
68321  31.410  -9.056  -53.297 0.8571428657
74343  31.390  -1.586  -51.566 0.1428571492
74344  31.212  -1.003  -52.219 0.1428571492
72676  31.862  -3.160  -52.530 0.1428571492
118255  32.012  -3.978  -53.168 0.5714285970
70194  32.239  -7.221  -54.513 0.8571428657
123341  31.769  -8.694  -53.412 0.8571428657
75169  30.844  -0.322  -51.723 0.1428571492
74360  31.433  -1.746  -52.657 0.1428571492
73486  31.308  -1.973  -53.799 0.8571428657
71022  32.438  -6.228  -53.648 0.7142857313
71863  32.092  -4.694  -54.627 0.8571428657
113901  29.623  1.431  -52.323 0.1428571492
77866  29.214  2.115  -51.981 0.1428571492
75178  30.932  -0.429  -52.921 0.4285714328
75185  30.702  -0.765  -54.340 0.8571428657
72683  31.648  -4.505  -55.579 0.8571428657
71869  31.904  -5.188  -55.614 0.8571428657
119037  30.043  0.813  -52.886 0.4285714328
74373  30.611  -1.934  -54.984 0.8571428657
73494  31.134  -2.808  -54.718 0.8571428657
73499  30.393  -3.142  -55.933 0.8571428657
77867  28.724  2.822  -52.240 0.1428571492
78728  28.348  3.485  -52.524 0.2857142985
134157  29.349  1.772  -52.679 0.5714285970
76965  29.513  1.369  -53.483 0.8571428657
76036  29.938  0.560  -54.135 0.8571428657
75186  29.976  -0.320  -54.856 0.8571428657
74383  29.776  -2.413  -56.009 0.8571428657
79586  27.944  4.109  -52.931 0.2857142985
78732  28.200  3.319  -53.459 0.7142857313
76966  28.984  2.171  -53.097 0.5714285970
77874  28.511  2.564  -53.965 0.8571428657
76044  29.417  0.043  -55.255 0.8571428657
76050  28.689  -0.055  -56.303 0.8571428657
120035  29.693  -1.395  -55.731 0.8571428657
78737  27.854  2.928  -54.606 0.8571428657
76972  28.750  1.600  -54.641 0.8571428657
77887  27.496  1.408  -56.162 0.7142857313
76978  28.340  0.630  -56.202 0.7142857313
78733  27.675  3.791  -54.059 0.8571428657
79593  27.065  4.223  -54.878 0.8571428657
77880  28.085  2.111  -55.222 0.8571428657
78738  27.197  3.190  -55.408 0.8571428657
79594  26.150  3.882  -55.774 0.8571428657
77881  27.298  2.277  -55.818 0.7142857313
132147  26.407  6.504  -54.845 0.7142857313
80447  25.877  4.682  -55.695 0.8571428657
81257  25.760  5.778  -55.613 0.8571428657
81258  24.712  5.356  -56.492 0.8571428657
82132  24.386  6.406  -56.770 0.7142857313
83727  26.787  9.143  -57.216 0.1428571492
82120  25.432  6.746  -55.896 0.8571428657
82133  23.845  7.401  -57.391 0.7142857313
83761  26.433  9.246  -59.852 0.1428571492
82946  25.026  8.552  -57.140 0.5714285970
83747  23.980  8.656  -59.362 0.5714285970
83748  23.322  8.763  -60.036 0.5714285970
83762  25.356  9.015  -60.044 0.1428571492
84558  27.641  10.202  -60.170 0.1428571492
83772  22.684  9.570  -59.715 0.5714285970
84551  26.767  10.910  -58.497 0.1428571492
111321  27.883  11.248  -58.181 0.1428571492
83771  24.608  9.683  -60.461 0.1428571492
84538  27.149  10.985  -56.987 0.1428571492
83764  23.389  9.158  -60.228 0.5714285970
126882  26.162  10.711  -57.206 0.1428571492
111323  27.766  10.739  -55.989 0.1428571492
84539  26.149  10.592  -56.273 0.1428571492
55213  22.275  -22.906  -36.962 0.1428571492
57265  22.497  -20.935  -37.890 0.1428571492
57276  22.979  -20.281  -38.232 0.2857142985
58970  23.317  -18.279  -40.395 0.1428571492
61602  25.153  -15.661  -45.173 0.2857142985
114770  27.005  -14.459  -47.667 0.4285714328
62570  25.420  -14.998  -46.542 0.5714285970
64504  31.246  -13.671  -51.663 0.2857142985
62601  26.055  -14.056  -49.110 0.7142857313
66343  31.345  -10.982  -51.163 0.1428571492
66345  30.555  -11.341  -52.053 0.8571428657
69298  31.770  -8.565  -52.440 0.7142857313
122388  31.173  -0.907  -51.188 0.1428571492
73485  31.561  -2.558  -53.228 0.8571428657
71039  32.055  -6.095  -55.486 0.8571428657
71873  31.219  -4.508  -55.910 0.8571428657
81250  26.460  5.750  -54.910 0.8571428657
83746  24.867  9.033  -58.033 0.2857142985
83763  24.371  9.037  -60.353 0.1428571492
129138  26.263  10.255  -60.242 0.1428571492
111324  28.761  10.997  -56.301 0.1428571492
128123  20.545  -23.880  -37.100 0.1428571492
59764  25.379  -17.272  -41.444 0.2857142985
60582  25.432  -16.668  -42.387 0.2857142985
59776  24.035  -16.938  -42.160 0.2857142985
60583  24.565  -16.577  -42.704 0.2857142985
72652  32.275  -3.610  -50.582 0.1428571492
74331  31.143  -0.969  -50.325 0.1428571492
76028  29.987  0.910  -51.778 0.1428571492
76027  30.480  0.262  -52.305 0.2857142985
76959  29.572  1.553  -51.350 0.1428571492
74361  31.200  -1.218  -53.505 0.8571428657
69305  31.742  -7.598  -54.557 1.0000000000
79582  27.563  4.837  -53.459 0.2857142985
75196  28.583  -0.530  -56.404 0.8571428657
80439  27.139  5.157  -54.133 0.5714285970
82119  26.172  7.037  -55.140 0.5714285970
82929  25.365  7.866  -56.291 0.7142857313
82928  26.431  8.357  -55.699 0.2857142985
82945  26.072  8.674  -56.524 0.2857142985
83728  25.846  9.051  -57.491 0.1428571492
111230  25.719  9.264  -58.581 0.1428571492
83770  25.481  9.415  -60.399 0.1428571492
84553  24.462  10.543  -58.736 0.2857142985
83773  26.412  9.648  -60.403 0.1428571492
133478  25.735  10.586  -59.584 0.1428571492
84552  25.484  10.608  -57.981 0.1428571492
84540  24.972  10.589  -56.505 0.1428571492
84550  27.724  10.834  -59.442 0.1428571492
84522  26.769  10.567  -55.654 0.1428571492
84506  26.570  10.617  -54.551 0.1428571492
84505  27.454  10.526  -54.379 0.1428571492
80431  27.369  5.825  -53.454 0.4285714328
81246  26.775  6.564  -54.237 0.4285714328
82106  26.735  7.270  -54.460 0.4285714328
129513  26.058  7.700  -55.519 0.5714285970
111816  21.874  -21.729  -37.691 0.1428571492
57277  20.840  -21.060  -38.774 0.4285714328
58173  22.098  -19.539  -39.645 0.1428571492
58961  22.720  -18.873  -39.982 0.1428571492
119666  27.170  -13.811  -50.184 0.7142857313
65442  31.116  -12.464  -51.801 0.8571428657
65443  29.882  -12.018  -51.395 0.8571428657
68294  31.473  -9.198  -50.613 0.5714285970
119989  32.061  -7.866  -52.630 0.5714285970
72662  32.181  -3.772  -51.928 0.2857142985
114576  32.369  -5.319  -52.314 0.1428571492
119053  32.357  -5.665  -54.738 0.8571428657
73493  31.613  -3.627  -54.178 0.8571428657
75179  30.496  0.103  -53.560 0.8571428657
76971  29.135  0.698  -54.951 0.8571428657
75195  29.152  -0.674  -56.135 0.8571428657
80440  26.644  4.966  -54.914 0.8571428657
83745  26.637  9.269  -58.472 0.1428571492
82956  22.511  8.140  -58.876 0.5714285970
84549  28.462  10.936  -59.179 0.1428571492
84564  23.670  9.842  -60.118 0.4285714328
84537  28.216  11.238  -57.088 0.1428571492
83775  25.719  9.757  -60.517 0.1428571492
84559  24.356  10.340  -59.872 0.1428571492
59756  24.814  -17.624  -40.766 0.1428571492
80432  26.897  5.833  -54.128 0.5714285970
60598  24.206  -16.378  -43.637 0.5714285970
111320  24.273  10.437  -57.289 0.1428571492
59787  22.857  -17.184  -43.423 0.5714285970
59788  22.179  -17.435  -43.548 0.5714285970
59779  21.630  -17.881  -43.211 0.2857142985
60599  23.300  -16.719  -44.014 0.5714285970
60600  22.418  -16.941  -44.176 0.5714285970
58991  21.017  -18.470  -42.836 0.4285714328
124995  20.927  -17.952  -43.301 0.2857142985
59789  21.579  -17.316  -43.755 0.4285714328
61603  24.201  -15.978  -45.220 0.4285714328
122335  23.551  -16.056  -45.225 0.5714285970
61604  22.968  -16.052  -45.141 0.5714285970
60615  22.391  -16.397  -44.662 0.4285714328
61621  24.360  -15.506  -45.824 0.5714285970
62571  24.212  -15.023  -46.310 0.5714285970
62584  24.702  -14.741  -46.803 0.7142857313
62583  25.097  -14.693  -47.119 0.4285714328
123753  21.860  -16.728  -44.274 0.4285714328
60601  21.180  -16.605  -43.867 0.2857142985
59790  20.696  -17.224  -43.425 0.2857142985
61629  24.714  -15.045  -46.505 0.7142857313
63544  25.300  -13.884  -48.035 0.7142857313
64482  24.851  -13.427  -47.344 0.4285714328
64480  25.815  -12.708  -48.490 0.7142857313
125711  25.542  -12.124  -47.641 0.5714285970
65418  26.001  -11.501  -47.872 0.7142857313
63543  25.664  -14.089  -48.689 0.5714285970
132551  25.538  -13.596  -48.546 0.7142857313
126716  26.841  -12.338  -49.430 0.7142857313
66324  27.086  -10.691  -48.828 0.7142857313
66334  27.617  -10.711  -49.645 0.7142857313
67267  27.565  -9.778  -49.174 0.7142857313
66325  26.423  -10.681  -48.160 0.4285714328
68282  26.866  -8.922  -48.852 0.4285714328
64492  26.777  -13.229  -49.943 0.5714285970
65436  27.749  -11.524  -50.104 0.5714285970
67266  28.094  -10.094  -49.952 0.7142857313
114228  28.292  -9.284  -49.838 0.7142857313
116183  29.089  -8.402  -51.750 0.7142857313
122434  27.825  -8.912  -49.299 0.7142857313
68295  28.316  -8.341  -49.826 0.5714285970
69285  28.854  -7.473  -51.258 0.5714285970
66354  30.945  -10.639  -52.363 0.7142857313
67276  29.760  -10.570  -52.081 0.5714285970
66333  28.155  -10.843  -50.546 0.5714285970
114837  29.216  -9.815  -51.899 0.7142857313
67277  28.671  -10.101  -50.970 0.7142857313
68315  29.724  -8.786  -52.884 0.8571428657
133062  29.962  -7.644  -53.328 0.7142857313
70190  29.252  -6.831  -52.081 0.7142857313
121042  30.091  -6.849  -53.664 0.7142857313
70177  28.507  -6.678  -50.979 0.5714285970
71023  29.247  -6.052  -52.469 0.7142857313
68309  28.822  -9.022  -50.929 0.7142857313
127963  30.375  -8.390  -53.535 0.8571428657
69306  30.973  -7.937  -54.305 0.8571428657
71034  30.741  -6.502  -54.847 0.7142857313
71035  29.708  -5.672  -53.579 0.5714285970
117825  29.013  -4.339  -53.874 0.2857142985
123114  31.446  -8.467  -53.828 0.7142857313
72686  29.209  -2.914  -55.664 0.7142857313
70195  31.392  -7.208  -54.991 0.7142857313
71041  30.748  -5.669  -55.209 0.8571428657
73495  29.799  -2.952  -56.046 0.8571428657
71871  30.634  -4.818  -55.617 0.8571428657
72677  29.733  -4.084  -55.293 0.5714285970
72685  30.186  -3.566  -56.103 0.8571428657
131739  29.388  -2.372  -56.081 0.8571428657
74374  28.811  -1.865  -56.000 0.7142857313
71870  31.481  -5.188  -55.680 0.8571428657
73500  29.257  -1.973  -56.143 0.8571428657
119333  28.993  -1.185  -56.368 0.8571428657
74384  28.847  -1.090  -56.330 0.7142857313
78739  26.466  3.212  -55.886 0.7142857313
78746  26.394  2.289  -56.251 0.7142857313
77883  25.612  2.335  -56.284 0.7142857313
79600  25.157  3.389  -56.487 0.7142857313
80448  24.956  4.346  -56.446 0.7142857313
81264  23.573  4.833  -57.142 0.7142857313
79601  24.234  3.306  -56.967 0.7142857313
81266  21.744  5.579  -57.196 0.7142857313
114681  22.205  4.894  -57.034 0.5714285970
118397  23.112  5.704  -57.379 0.7142857313
82134  21.967  6.018  -57.647 0.7142857313
81259  21.751  5.379  -56.980 0.5714285970
82144  20.778  7.145  -58.196 0.4285714328
81260  21.176  6.409  -57.416 0.5714285970
124103  21.777  6.334  -56.560 0.5714285970
81252  22.645  5.952  -55.809 0.5714285970
82136  20.436  8.145  -58.259 0.5714285970
82122  20.655  7.925  -57.327 0.5714285970
82121  21.477  7.708  -56.502 0.5714285970
82108  22.533  7.475  -55.638 0.4285714328
82107  23.530  7.360  -54.721 0.5714285970
82914  23.207  8.651  -55.016 0.5714285970
82948  19.790  9.234  -57.903 0.5714285970
82913  23.987  8.466  -54.113 0.4285714328
81247  24.575  6.330  -53.375 0.4285714328
83694  23.426  9.418  -54.533 0.5714285970
84481  23.764  10.909  -52.953 0.4285714328
66346  29.200  -11.130  -51.276 0.5714285970
84496  23.327  10.578  -53.962 0.2857142985
83676  24.350  9.957  -52.819 0.4285714328
83667  24.404  10.250  -51.948 0.2857142985
59778  22.413  -17.664  -42.908 0.5714285970
58990  21.849  -18.234  -42.538 0.5714285970
61622  23.681  -15.548  -45.562 0.4285714328
61605  22.281  -15.722  -44.806 0.2857142985
63534  24.459  -13.834  -46.759 0.5714285970
133495  29.379  -15.917  -50.908 0.2857142985
66296  24.260  -11.762  -46.474 0.2857142985
71040  31.640  -6.366  -55.397 0.8571428657
71864  29.750  -4.925  -54.415 0.7142857313
77888  26.878  1.586  -56.294 0.7142857313
76985  27.361  1.024  -56.399 0.7142857313
81265  22.482  4.781  -57.157 0.7142857313
80442  22.492  4.751  -56.749 0.5714285970
82092  24.394  7.431  -53.540 0.2857142985
82143  21.304  6.914  -58.237 0.5714285970
82142  22.608  7.427  -58.050 0.5714285970
82957  21.291  7.995  -58.690 0.5714285970
82930  22.066  9.108  -55.773 0.5714285970
83695  22.322  10.046  -55.272 0.2857142985
62572  23.538  -14.761  -45.653 0.4285714328
132317  29.106  -12.383  -51.095 0.7142857313
63552  26.574  -13.764  -49.593 0.5714285970
67284  31.056  -9.984  -52.673 0.7142857313
67293  30.733  -9.062  -53.443 0.7142857313
126806  30.124  -9.327  -52.911 0.7142857313
71874  30.769  -4.251  -56.051 0.7142857313
62592  25.480  -14.274  -47.877 0.5714285970
75197  28.372  -0.360  -56.450 0.7142857313
64499  27.514  -13.273  -50.366 0.5714285970
60613  23.785  -16.322  -44.626 0.5714285970
60614  22.993  -16.488  -44.811 0.5714285970
58982  21.208  -18.843  -42.193 0.5714285970
130664  23.931  -15.821  -45.526 0.5714285970
123727  24.530  -14.550  -46.733 0.5714285970
62593  24.875  -14.310  -47.334 0.5714285970
64481  25.306  -13.034  -47.882 0.5714285970
64469  24.972  -12.235  -47.090 0.4285714328
64470  24.469  -12.772  -46.527 0.4285714328
63553  25.871  -13.704  -49.106 0.7142857313
64493  26.220  -13.014  -49.411 0.7142857313
65419  25.368  -11.371  -47.361 0.2857142985
65429  26.607  -11.738  -48.667 0.7142857313
132143  27.915  -12.339  -50.396 0.7142857313
123116  27.235  -11.509  -49.351 0.7142857313
122219  28.553  -11.797  -50.807 0.5714285970
69286  28.708  -8.072  -50.672 0.7142857313
68308  29.385  -9.249  -52.281 0.5714285970
69299  29.445  -7.861  -52.465 0.7142857313
120028  27.963  -6.631  -50.409 0.2857142985
71865  29.069  -4.828  -53.213 0.5714285970
71852  27.820  -4.587  -51.758 0.2857142985
80450  24.037  3.962  -57.128 0.7142857313
82931  20.544  9.712  -56.614 0.7142857313
83683  24.043  9.483  -53.687 0.4285714328
133576  22.249  -14.816  -44.733 0.1428571492
62573  22.765  -14.251  -44.986 0.4285714328
56305  19.484  -21.708  -39.070 0.4285714328
60596  26.400  -16.114  -43.454 0.1428571492
62569  26.539  -14.864  -46.196 0.1428571492
62581  27.350  -14.672  -46.769 0.1428571492
131082  26.629  -15.710  -44.023 0.1428571492
62580  28.221  -14.964  -46.578 0.1428571492
61619  26.971  -15.133  -45.271 0.1428571492
61600  27.433  -15.577  -44.446 0.1428571492
112794  28.010  -14.590  -47.402 0.1428571492
62603  30.126  -16.047  -51.555 0.2857142985
63559  30.942  -15.115  -51.872 0.1428571492
76984  27.812  0.722  -56.567 0.5714285970
85287  27.045  11.633  -52.726 0.1428571492
74385  28.401  -1.056  -56.053 0.4285714328
86080  26.081  12.762  -53.161 0.1428571492
112389  25.550  10.656  -55.388 0.1428571492
76059  27.219  0.943  -56.345 0.4285714328
125612  26.783  1.442  -56.228 0.5714285970
119726  22.070  11.915  -55.778 0.2857142985
111194  21.114  11.611  -56.257 0.2857142985
83730  19.607  10.584  -57.460 0.2857142985
84542  21.261  11.551  -56.592 0.2857142985
77868  26.164  1.902  -53.411 0.1428571492
78748  24.663  2.973  -56.492 0.5714285970
80451  23.297  3.887  -57.062 0.5714285970
85298  21.530  11.343  -55.572 0.2857142985
82958  20.276  9.328  -58.446 0.4285714328
78734  25.155  2.888  -54.822 0.4285714328
79603  23.325  3.975  -56.629 0.5714285970
84525  21.229  10.710  -55.515 0.2857142985
79587  24.987  3.823  -54.027 0.4285714328
79588  24.419  4.127  -54.796 0.2857142985
116525  22.383  11.207  -54.576 0.1428571492
84509  21.950  10.908  -55.070 0.1428571492
80433  24.849  4.810  -53.486 0.1428571492
81251  23.899  6.237  -54.555 0.4285714328
85294  22.837  11.534  -53.705 0.1428571492
86083  21.976  11.770  -54.551 0.1428571492
127140  21.819  11.377  -54.943 0.1428571492
80427  24.797  5.641  -53.166 0.2857142985
85277  23.622  11.566  -52.155 0.2857142985
84464  23.791  11.021  -51.147 0.1428571492
86077  22.822  12.119  -52.859 0.1428571492
122822  22.349  12.758  -52.056 0.1428571492
86078  21.987  12.493  -53.578 0.1428571492
86079  21.683  13.302  -52.590 0.1428571492
57288  19.863  -21.144  -39.765 0.4285714328
58186  19.525  -20.334  -41.082 0.2857142985
61618  27.886  -15.279  -45.157 0.1428571492
62590  28.571  -14.917  -48.340 0.1428571492
76052  27.695  0.251  -56.377 0.2857142985
82955  23.867  8.416  -57.906 0.4285714328
84554  21.702  10.612  -57.849 0.2857142985
85295  21.049  11.928  -55.582 0.2857142985
84524  22.187  11.629  -56.005 0.2857142985
86085  20.428  12.185  -55.877 0.2857142985
57296  18.923  -20.710  -40.589 0.2857142985
58969  24.269  -18.050  -40.143 0.1428571492
60567  25.428  -16.938  -41.914 0.1428571492
60566  25.993  -17.026  -41.960 0.1428571492
63560  30.143  -15.268  -51.724 0.1428571492
75187  27.888  -0.565  -55.581 0.4285714328
77869  25.657  2.522  -53.882 0.2857142985
82966  22.409  8.759  -59.661 0.4285714328
86086  21.606  12.040  -56.061 0.2857142985
84541  22.719  11.173  -56.237 0.2857142985
85297  22.507  11.612  -55.629 0.2857142985
85293  24.583  11.902  -54.406 0.1428571492
86082  24.415  12.594  -54.245 0.1428571492
84495  25.534  10.871  -54.540 0.1428571492
86796  21.358  12.865  -54.294 0.2857142985
86087  20.878  11.954  -56.180 0.2857142985
85296  24.383  11.408  -54.881 0.1428571492
85292  25.569  11.279  -54.018 0.1428571492
84507  24.557  10.982  -55.179 0.1428571492
63558  31.392  -14.741  -51.516 0.2857142985
84560  22.986  10.189  -59.376 0.4285714328
86802  21.957  12.212  -55.661 0.2857142985
112806  23.101  10.445  -57.473 0.2857142985
84523  23.833  10.987  -55.760 0.1428571492
58174  20.147  -20.567  -40.485 0.4285714328
83765  21.569  9.459  -59.129 0.2857142985
76979  26.519  1.281  -55.828 0.4285714328
78749  23.857  3.305  -56.942 0.5714285970
80452  22.906  4.257  -57.039 0.5714285970
83749  20.457  10.137  -58.425 0.2857142985
84463  24.175  10.879  -51.876 0.2857142985
83684  22.692  10.476  -54.714 0.2857142985
76058  27.793  0.664  -56.548 0.5714285970
79609  23.522  3.615  -57.014 0.5714285970
80441  23.344  5.019  -55.576 0.5714285970
83710  20.864  11.095  -55.811 0.2857142985
62568  27.677  -14.936  -45.858 0.1428571492
61584  27.302  -16.075  -43.708 0.1428571492
85299  21.634  10.984  -55.511 0.2857142985
83729  20.893  11.337  -57.125 0.2857142985
84543  20.236  11.605  -57.180 0.2857142985
77876  25.526  2.237  -55.683 0.2857142985
78740  24.927  2.717  -56.227 0.4285714328
79595  24.569  3.218  -55.573 0.4285714328
78741  24.149  3.164  -56.624 0.5714285970
129254  23.816  4.305  -55.476 0.5714285970
80434  24.306  5.248  -54.304 0.4285714328
57289  19.182  -21.012  -40.420 0.2857142985
61635  28.664  -15.286  -47.504 0.1428571492
120650  27.440  -0.777  -54.313 0.2857142985
84508  22.952  11.517  -55.653 0.2857142985
69271  28.332  -7.377  -50.276 0.4285714328
71036  28.680  -5.198  -52.285 0.2857142985
110404  20.811  15.384  -55.452 0.1428571492
115014  21.046  12.490  -56.138 0.1428571492
88041  21.962  16.630  -55.337 0.1428571492
87436  20.249  15.390  -52.441 0.1428571492
110522  21.522  17.368  -54.861 0.1428571492
126564  20.266  13.773  -56.237 0.1428571492
87446  21.084  13.764  -55.573 0.1428571492
87442  20.654  15.277  -54.295 0.1428571492
88032  20.709  16.340  -53.993 0.1428571492
87447  19.837  14.653  -56.375 0.1428571492
88663  20.945  17.259  -54.082 0.1428571492
126022  22.149  18.163  -55.406 0.1428571492
86807  19.984  13.701  -56.337 0.1428571492
110745  20.681  15.514  -55.305 0.1428571492
88653  21.478  17.173  -52.794 0.1428571492
89304  21.577  17.961  -54.470 0.1428571492
71024  28.611  -5.962  -51.575 0.2857142985
88643  20.412  16.598  -52.040 0.1428571492
88661  22.115  18.123  -54.281 0.1428571492
88040  23.164  16.940  -55.629 0.1428571492
86803  20.408  12.724  -56.253 0.1428571492
87445  22.529  14.051  -54.863 0.1428571492
88037  22.143  15.394  -55.161 0.1428571492
89300  21.326  17.467  -53.460 0.1428571492
88642  20.961  16.802  -51.886 0.1428571492
129008  25.043  -15.345  -46.012 0.4285714328
58981  22.113  -18.434  -41.696 0.4285714328
58971  22.384  -18.620  -40.827 0.2857142985
59767  22.693  -17.800  -42.047 0.2857142985
59777  23.227  -17.294  -42.521 0.2857142985
58184  21.757  -19.310  -40.503 0.2857142985
60584  23.693  -16.757  -43.020 0.2857142985
58972  21.444  -19.096  -41.403 0.4285714328
59766  23.531  -17.436  -41.652 0.1428571492
124073  20.589  -19.877  -41.199 0.2857142985
58185  20.601  -19.441  -41.956 0.2857142985
62585  24.107  -14.263  -46.143 0.2857142985
64471  24.070  -13.184  -45.907 0.2857142985
66311  25.707  -10.603  -47.678 0.1428571492
67236  25.991  -9.893  -48.096 0.1428571492
67250  26.717  -9.860  -48.537 0.2857142985
68296  27.368  -8.222  -49.357 0.1428571492
71842  27.320  -5.104  -51.137 0.1428571492
72663  28.466  -4.174  -52.715 0.1428571492
73487  28.256  -2.770  -53.849 0.1428571492
72679  28.142  -3.277  -52.741 0.1428571492
74362  28.466  -2.108  -54.698 0.1428571492
74363  27.748  -1.981  -53.517 0.1428571492
76046  26.857  0.530  -53.788 0.1428571492
77882  26.068  1.786  -56.154 0.1428571492
76967  26.542  1.225  -52.914 0.1428571492
76973  26.505  1.251  -54.322 0.1428571492
81239  24.977  6.274  -52.396 0.1428571492
126387  24.426  8.462  -53.247 0.1428571492
82894  24.648  8.459  -51.649 0.1428571492
82901  24.541  8.946  -52.591 0.1428571492
74345  27.577  -1.606  -52.104 0.1428571492
77875  26.023  1.767  -54.932 0.1428571492
56315  18.913  -21.479  -39.760 0.2857142985
61623  22.932  -15.296  -45.215 0.2857142985
63521  23.332  -13.541  -45.387 0.2857142985
126527  23.428  -12.689  -45.608 0.2857142985
67252  25.413  -9.248  -48.411 0.1428571492
70167  27.520  -7.013  -49.964 0.1428571492
70178  27.192  -6.368  -50.344 0.1428571492
71011  27.853  -5.901  -50.820 0.1428571492
71843  26.389  -5.032  -51.032 0.1428571492
72664  27.637  -3.763  -52.011 0.1428571492
118184  27.575  -3.041  -52.092 0.1428571492
76038  26.994  0.481  -52.449 0.1428571492
82077  24.793  7.093  -52.474 0.1428571492
131984  21.165  -19.888  -40.187 0.2857142985
72678  28.708  -3.625  -54.045 0.1428571492
74375  28.092  -1.309  -54.695 0.1428571492
76053  26.911  0.619  -55.405 0.1428571492
58192  19.922  -19.839  -41.958 0.2857142985
71853  26.870  -4.265  -51.472 0.1428571492
57278  18.552  -21.522  -39.395 0.1428571492
125069  18.717  -21.159  -40.059 0.1428571492
58159  18.427  -21.267  -39.317 0.1428571492
65441  31.490  -12.656  -51.248 0.1428571492
64503  31.764  -13.654  -51.083 0.1428571492
81245  27.247  6.666  -53.625 0.1428571492
56306  18.601  -21.866  -38.946 0.1428571492
58187  18.915  -20.054  -40.946 0.1428571492
58193  19.508  -19.924  -41.604 0.1428571492
132547  20.496  -18.389  -42.762 0.1428571492
82105  27.277  7.810  -54.140 0.1428571492
59780  20.231  -17.730  -42.856 0.1428571492
115919  27.839  4.965  -52.371 0.1428571492
116984  31.461  -11.668  -50.515 0.1428571492
60616  21.667  -16.095  -44.370 0.1428571492
58983  20.321  -19.116  -42.435 0.1428571492
63556  29.299  -14.975  -51.248 0.4285714328
66353  31.325  -10.745  -52.098 0.8571428657
67251  26.179  -9.325  -48.522 0.2857142985
67285  30.164  -9.927  -52.550 0.7142857313
67291  31.364  -9.509  -52.765 0.8571428657
67292  30.887  -9.507  -53.001 0.8571428657
69272  27.794  -7.667  -49.697 0.4285714328
69273  26.989  -7.501  -49.601 0.1428571492
70168  26.635  -6.856  -49.971 0.1428571492
70199  32.013  -6.917  -55.222 0.7142857313
71010  32.316  -6.100  -51.916 0.1428571492
71033  32.301  -6.560  -55.043 0.8571428657
71841  28.077  -5.295  -51.413 0.1428571492
72665  27.027  -3.257  -51.674 0.1428571492
72684  31.153  -3.841  -55.854 0.8571428657
72687  30.527  -3.862  -56.116 0.8571428657
73470  31.613  -2.335  -51.956 0.1428571492
76045  27.308  -0.077  -54.825 0.1428571492
76051  28.163  0.170  -56.645 0.5714285970
77889  26.294  1.812  -56.240 0.5714285970
78747  25.633  2.746  -56.363 0.7142857313
79602  23.697  3.373  -56.871 0.5714285970
79608  23.735  3.468  -57.062 0.5714285970
80426  25.137  5.450  -52.423 0.1428571492
81270  21.132  6.460  -57.802 0.4285714328
82091  27.131  7.237  -53.926 0.1428571492
82135  20.423  7.539  -57.957 0.5714285970
82947  20.005  9.009  -57.586 0.7142857313
82967  21.359  8.899  -59.162 0.4285714328
82968  20.865  9.448  -58.805 0.4285714328
82972  22.355  9.099  -59.752 0.4285714328
83731  19.676  10.556  -57.810 0.2857142985
83769  26.139  9.395  -60.322 0.1428571492
83774  26.007  9.568  -60.451 0.1428571492
83776  25.338  9.724  -60.537 0.1428571492
84521  27.369  10.502  -55.084 0.1428571492
84555  20.065  11.099  -57.846 0.2857142985
84561  21.564  10.114  -58.733 0.2857142985
84562  26.133  9.911  -60.486 0.1428571492
84563  25.474  10.130  -60.349 0.1428571492
86084  20.942  12.071  -55.325 0.1428571492
86787  20.469  14.690  -52.195 0.1428571492
86804  20.443  13.279  -56.140 0.1428571492
86805  19.825  13.928  -56.360 0.1428571492
86806  19.668  14.148  -56.283 0.1428571492
86808  19.839  14.302  -56.473 0.1428571492
87448  20.856  14.918  -55.567 0.1428571492
87449  20.125  14.476  -56.241 0.1428571492
88026  21.971  16.675  -52.015 0.1428571492
88027  20.296  16.096  -52.660 0.1428571492
88654  20.937  17.056  -52.580 0.1428571492
88655  20.714  16.802  -53.003 0.1428571492
88662  21.021  17.370  -53.451 0.1428571492
88666  21.073  16.492  -54.621 0.1428571492
89309  21.997  18.560  -55.224 0.1428571492
110329  20.040  14.605  -56.572 0.1428571492
110330  20.393  14.536  -56.142 0.1428571492
110331  21.278  16.579  -54.793 0.1428571492
110332  21.188  15.914  -55.092 0.1428571492
111319  26.911  10.541  -59.947 0.1428571492
112205  26.919  9.973  -60.398 0.1428571492
115720  23.378  10.435  -58.937 0.2857142985
116252  31.726  -7.012  -50.242 0.1428571492
117199  22.904  18.231  -55.752 0.1428571492
119753  23.882  3.462  -56.184 0.5714285970
121717  28.104  1.327  -55.889 0.7142857313
123147  26.442  11.916  -53.019 0.1428571492
124678  27.369  -12.317  -49.868 0.7142857313
125796  31.351  -1.452  -50.767 0.1428571492
126023  20.064  14.854  -56.195 0.1428571492
126175  21.638  16.635  -55.151 0.1428571492
128042  31.997  -8.409  -53.246 0.8571428657
130323  28.571  2.876  -53.012 0.2857142985
130485  20.791  8.523  -58.693 0.4285714328
133223  32.395  -5.457  -53.393 0.7142857313
133793  19.842  11.419  -57.359 0.2857142985
