#!ascii label  , from subject sub-v2s8x29240_ses-1 vox2ras=TkReg
842
130204  -25.717  -29.020  -36.873 0.4285714328
53931  -25.522  -27.321  -36.823 0.2857142985
53073  -26.105  -28.629  -37.015 0.4285714328
53932  -26.565  -27.922  -37.027 0.4285714328
124004  -27.114  -27.235  -36.922 0.4285714328
123590  -26.381  -26.609  -36.839 0.2857142985
55733  -27.209  -26.280  -36.820 0.4285714328
132766  -27.364  -25.435  -36.935 0.4285714328
124401  -26.441  -24.396  -37.760 0.4285714328
56634  -27.191  -24.694  -37.284 0.4285714328
56663  -27.215  -23.927  -37.715 0.4285714328
57535  -27.976  -23.613  -37.659 0.4285714328
58479  -27.620  -22.672  -39.631 0.5714285970
57590  -27.743  -22.776  -38.807 0.5714285970
57562  -28.348  -22.874  -38.247 0.4285714328
58455  -28.978  -22.226  -38.718 0.2857142985
58498  -28.194  -22.255  -40.179 0.7142857313
59476  -28.874  -21.859  -39.593 0.7142857313
58482  -30.380  -21.462  -39.639 0.7142857313
58481  -29.600  -21.734  -39.180 0.5714285970
59499  -31.450  -20.883  -40.756 0.5714285970
59497  -29.629  -21.510  -40.322 0.5714285970
59498  -30.592  -21.202  -40.613 0.5714285970
60504  -30.873  -20.745  -41.378 0.5714285970
59515  -30.091  -21.170  -41.346 0.5714285970
59500  -32.304  -20.781  -40.501 0.4285714328
126346  -31.956  -19.823  -41.668 0.5714285970
60526  -33.968  -20.509  -42.014 0.5714285970
60545  -30.690  -20.176  -42.502 0.7142857313
60525  -32.985  -19.973  -41.662 0.7142857313
61518  -33.616  -20.078  -41.985 0.7142857313
61519  -34.494  -20.832  -42.478 0.5714285970
60524  -31.147  -20.167  -41.899 0.5714285970
133900  -29.354  -20.728  -42.534 0.5714285970
61532  -31.787  -19.350  -42.328 0.8571428657
123586  -34.609  -20.842  -42.751 0.5714285970
61531  -30.923  -19.641  -42.841 0.7142857313
62543  -34.214  -19.562  -42.450 0.7142857313
121032  -35.185  -21.264  -43.064 0.5714285970
61533  -32.766  -19.494  -42.091 0.7142857313
61534  -33.752  -20.015  -42.253 0.7142857313
62544  -34.902  -18.681  -42.341 0.5714285970
62542  -32.844  -19.077  -42.359 0.7142857313
130096  -35.595  -19.256  -42.541 0.5714285970
62541  -32.074  -18.928  -42.532 0.5714285970
63465  -34.068  -18.297  -42.338 0.7142857313
63467  -35.750  -17.975  -42.230 0.7142857313
121066  -33.260  -18.115  -42.480 0.7142857313
63466  -34.788  -17.524  -42.194 0.7142857313
64288  -36.199  -16.228  -42.000 0.7142857313
119970  -36.205  -17.105  -42.201 0.5714285970
126307  -33.875  -17.250  -42.343 0.7142857313
63463  -31.779  -18.233  -42.887 0.5714285970
65113  -37.051  -15.937  -42.444 0.5714285970
64298  -33.636  -16.278  -42.364 0.8571428657
116998  -32.857  -17.048  -42.620 0.8571428657
64289  -36.454  -15.394  -42.001 0.7142857313
65102  -35.808  -15.535  -41.814 0.7142857313
65112  -34.370  -15.683  -42.061 0.8571428657
64287  -35.266  -15.978  -41.866 0.7142857313
66873  -35.542  -13.378  -41.786 0.8571428657
65990  -37.045  -14.339  -42.373 0.5714285970
65988  -35.645  -14.305  -41.762 0.8571428657
65987  -34.721  -14.351  -41.870 0.8571428657
65101  -35.126  -15.104  -41.798 0.8571428657
67776  -35.781  -12.419  -41.868 0.8571428657
68657  -36.063  -11.463  -42.153 0.8571428657
69511  -35.999  -10.561  -42.369 0.8571428657
117715  -35.083  -13.921  -41.786 0.8571428657
68656  -35.022  -11.886  -42.066 0.8571428657
69509  -33.935  -11.000  -42.555 1.0000000000
69510  -34.999  -10.947  -42.309 1.0000000000
67775  -34.821  -12.766  -41.981 0.8571428657
122551  -34.368  -10.266  -42.548 1.0000000000
130888  -34.321  -11.584  -42.380 1.0000000000
116015  -33.994  -9.628  -42.816 1.0000000000
133647  -32.501  -8.347  -44.195 0.7142857313
70473  -33.027  -9.531  -43.376 1.0000000000
70474  -33.896  -8.877  -43.214 1.0000000000
73294  -33.051  -6.027  -44.872 1.0000000000
74263  -32.491  -5.594  -45.512 0.8571428657
75164  -32.327  -4.351  -46.269 0.8571428657
75151  -32.813  -4.794  -45.712 1.0000000000
77670  -32.575  -1.875  -47.833 0.8571428657
75991  -32.098  -3.140  -47.042 0.8571428657
75973  -32.683  -3.569  -46.505 1.0000000000
78460  -32.590  -0.803  -48.667 0.8571428657
130702  -32.795  -1.381  -48.142 0.8571428657
78459  -31.466  -0.849  -49.116 0.7142857313
77683  -31.008  -1.382  -48.661 0.5714285970
79298  -31.284  -0.017  -50.063 0.7142857313
122467  -32.166  0.310  -49.727 0.5714285970
78470  -29.751  -0.100  -49.805 0.5714285970
78457  -29.756  -0.564  -49.285 0.5714285970
131249  -29.350  0.299  -49.296 0.4285714328
80200  -29.830  0.924  -50.682 0.4285714328
133194  -29.930  1.503  -51.066 0.4285714328
80171  -29.430  2.467  -47.067 0.2857142985
80180  -29.524  2.170  -48.194 0.2857142985
81023  -29.994  2.998  -46.223 0.2857142985
134055  -31.522  -20.355  -41.405 0.5714285970
115512  -37.050  -15.060  -42.375 0.5714285970
132252  -36.348  -12.941  -41.953 0.8571428657
128363  -32.987  -7.834  -44.096 0.8571428657
133680  -31.488  3.243  -45.288 0.1428571492
54861  -25.661  -26.191  -37.022 0.2857142985
121781  -26.372  -25.407  -37.195 0.2857142985
125738  -27.754  -24.253  -37.348 0.4285714328
57561  -27.484  -23.298  -38.285 0.4285714328
57589  -27.117  -23.182  -39.162 0.5714285970
59514  -29.205  -21.519  -41.464 0.5714285970
60490  -33.210  -20.770  -40.214 0.4285714328
60522  -29.806  -21.109  -41.976 0.7142857313
60523  -30.443  -20.695  -42.017 0.7142857313
60505  -32.215  -20.285  -41.208 0.7142857313
60506  -33.125  -20.319  -41.226 0.5714285970
60507  -33.945  -20.564  -41.453 0.4285714328
60547  -32.478  -19.593  -41.895 0.7142857313
129857  -30.288  -20.118  -42.871 0.5714285970
62545  -36.291  -19.145  -42.643 0.5714285970
61535  -35.819  -20.756  -43.168 0.5714285970
130274  -33.516  -19.093  -42.370 0.7142857313
63468  -36.610  -17.916  -42.452 0.5714285970
64299  -34.577  -16.568  -42.120 0.7142857313
66874  -36.549  -13.741  -42.028 0.5714285970
113222  -34.048  -14.226  -42.162 1.0000000000
69535  -35.284  -10.004  -42.477 1.0000000000
68655  -33.572  -11.803  -42.631 1.0000000000
70501  -32.316  -8.995  -43.940 0.8571428657
72377  -31.849  -7.164  -45.135 0.7142857313
73279  -32.800  -6.986  -44.598 1.0000000000
72360  -33.697  -7.254  -43.938 1.0000000000
73293  -32.200  -6.411  -45.322 0.7142857313
73280  -33.789  -6.476  -44.336 1.0000000000
76825  -32.341  -2.488  -47.438 0.8571428657
75165  -33.195  -4.050  -45.988 1.0000000000
80199  -29.580  0.548  -49.958 0.7142857313
78458  -30.427  -0.701  -49.320 0.5714285970
78471  -30.145  -0.245  -50.027 0.7142857313
79297  -30.542  0.043  -50.388 0.7142857313
79280  -29.170  -0.327  -48.991 0.4285714328
114233  -29.862  2.561  -48.538 0.2857142985
123086  -29.747  1.829  -50.480 0.4285714328
79312  -31.219  0.544  -50.519 0.4285714328
81034  -30.129  2.913  -47.487 0.2857142985
81038  -29.865  2.572  -49.395 0.4285714328
59513  -28.164  -22.106  -41.356 0.4285714328
59524  -28.699  -21.554  -41.978 0.4285714328
80189  -29.541  1.668  -49.484 0.4285714328
79296  -30.008  0.197  -50.413 0.7142857313
53074  -27.008  -28.917  -37.426 0.4285714328
53072  -25.103  -28.391  -36.821 0.2857142985
127801  -27.428  -28.264  -37.416 0.4285714328
57560  -26.592  -23.754  -38.539 0.4285714328
58480  -28.255  -22.327  -39.102 0.4285714328
59496  -28.806  -21.826  -40.585 0.5714285970
60527  -34.532  -21.094  -42.389 0.5714285970
60544  -29.927  -20.650  -42.494 0.7142857313
60546  -31.478  -19.703  -42.192 0.7142857313
121497  -34.994  -20.142  -42.755 0.5714285970
62540  -31.324  -18.826  -42.960 0.7142857313
63464  -32.411  -18.133  -42.677 0.8571428657
64300  -35.486  -16.849  -42.062 0.7142857313
63481  -31.935  -17.266  -42.960 0.8571428657
65989  -36.498  -14.638  -41.980 0.8571428657
66872  -34.504  -13.632  -42.030 0.8571428657
117348  -34.182  -14.879  -42.082 0.8571428657
125784  -34.162  -12.305  -42.349 1.0000000000
72359  -32.234  -7.780  -44.578 0.8571428657
77684  -32.038  -1.447  -48.500 0.8571428657
78473  -31.866  -0.353  -49.471 0.7142857313
78472  -30.878  -0.377  -49.858 0.5714285970
79270  -28.789  0.711  -48.340 0.4285714328
80188  -29.285  1.188  -48.877 0.4285714328
81003  -29.215  2.600  -46.038 0.2857142985
81005  -30.732  3.258  -45.242 0.1428571492
56633  -25.747  -24.812  -37.813 0.2857142985
79311  -30.350  0.490  -50.735 0.5714285970
83355  -30.596  4.893  -51.571 0.2857142985
83953  -30.929  6.064  -51.600 0.1428571492
81885  -29.962  3.425  -51.681 0.2857142985
82677  -30.987  4.431  -52.007 0.2857142985
83345  -30.784  5.288  -50.866 0.1428571492
83944  -31.849  6.158  -50.359 0.1428571492
81873  -30.357  3.420  -49.277 0.1428571492
81045  -29.898  3.165  -51.320 0.2857142985
128505  -30.668  4.131  -49.674 0.1428571492
120469  -32.186  3.106  -51.192 0.2857142985
81896  -30.907  3.818  -52.014 0.2857142985
80204  -35.703  1.758  -49.398 0.2857142985
81048  -33.424  2.604  -50.446 0.2857142985
83342  -31.656  5.503  -49.890 0.1428571492
80233  -30.230  1.926  -51.250 0.2857142985
79299  -33.190  0.677  -49.332 0.2857142985
81057  -31.337  2.698  -51.374 0.2857142985
81055  -30.097  2.717  -51.425 0.2857142985
78463  -35.788  0.075  -48.207 0.1428571492
80202  -33.527  1.402  -49.621 0.2857142985
80223  -32.867  1.824  -50.241 0.2857142985
82662  -30.956  4.931  -50.109 0.1428571492
80222  -31.646  1.412  -50.741 0.2857142985
81056  -30.554  2.428  -51.417 0.2857142985
76836  -37.909  -1.922  -48.406 0.1428571492
78446  -36.998  -0.812  -48.009 0.1428571492
79283  -34.926  0.542  -48.587 0.4285714328
80201  -32.443  1.026  -50.017 0.2857142985
132980  -35.287  -2.687  -46.360 0.2857142985
78443  -34.301  -0.787  -47.800 0.4285714328
79281  -32.884  -0.019  -49.003 0.2857142985
80220  -30.506  1.150  -51.039 0.2857142985
75977  -37.026  -3.535  -46.217 0.1428571492
77658  -35.623  -1.696  -46.828 0.2857142985
78461  -33.618  -0.419  -48.398 0.4285714328
76827  -34.008  -1.886  -47.158 0.5714285970
75155  -36.596  -4.498  -45.352 0.1428571492
75965  -36.251  -3.709  -45.690 0.1428571492
131165  -33.427  -1.057  -48.012 0.7142857313
74254  -37.283  -5.900  -44.994 0.2857142985
75145  -36.237  -5.034  -44.780 0.7142857313
76826  -33.195  -2.232  -47.265 0.7142857313
75152  -33.727  -4.520  -45.497 0.8571428657
75153  -34.652  -4.332  -45.326 0.8571428657
76810  -33.880  -2.580  -46.716 0.5714285970
72378  -37.558  -7.485  -45.164 0.2857142985
73295  -37.449  -6.608  -44.995 0.2857142985
75975  -34.655  -3.074  -46.260 0.7142857313
76824  -31.336  -2.712  -47.623 0.5714285970
75974  -33.609  -3.334  -46.363 0.8571428657
71449  -37.545  -8.323  -44.905 0.1428571492
74252  -35.751  -5.556  -44.359 0.7142857313
70502  -37.594  -9.169  -44.735 0.1428571492
67800  -31.060  -12.084  -44.168 0.5714285970
69533  -32.603  -10.515  -43.370 0.8571428657
69558  -32.052  -9.867  -43.796 0.8571428657
69532  -31.697  -10.837  -43.779 0.4285714328
72346  -34.604  -7.491  -43.488 0.8571428657
74250  -33.990  -5.661  -44.643 0.8571428657
70478  -37.375  -9.215  -43.834 0.2857142985
73269  -35.319  -6.885  -43.593 0.8571428657
74251  -34.898  -5.303  -44.578 0.8571428657
75963  -34.169  -3.809  -45.811 0.8571428657
117784  -37.609  -10.098  -45.181 0.4285714328
72362  -36.838  -7.294  -43.798 0.7142857313
73282  -35.967  -6.274  -43.857 0.7142857313
67799  -30.330  -12.381  -44.564 0.2857142985
68677  -32.341  -11.398  -43.400 0.5714285970
68676  -31.656  -11.710  -43.717 0.5714285970
69534  -33.459  -10.333  -42.890 0.8571428657
71408  -34.752  -8.314  -43.171 0.8571428657
71407  -33.797  -8.039  -43.536 0.8571428657
72361  -34.462  -6.804  -43.795 0.8571428657
70477  -36.947  -9.325  -43.147 0.4285714328
71410  -36.450  -8.658  -43.145 0.8571428657
73270  -36.192  -7.073  -43.572 0.8571428657
69559  -37.591  -10.584  -44.514 0.4285714328
117203  -30.912  -16.233  -43.565 0.7142857313
65121  -30.555  -15.615  -43.954 0.4285714328
64312  -31.283  -16.886  -43.261 0.7142857313
65123  -32.038  -15.309  -43.173 0.8571428657
65998  -31.546  -14.725  -43.550 0.5714285970
66894  -30.464  -13.920  -44.342 0.5714285970
66893  -29.728  -13.933  -44.785 0.4285714328
65985  -32.822  -14.168  -42.786 0.8571428657
66882  -32.173  -13.785  -43.319 0.5714285970
67789  -31.629  -12.486  -43.679 0.5714285970
112798  -34.047  -13.043  -42.320 0.8571428657
67790  -32.384  -12.839  -43.251 0.7142857313
68658  -36.880  -11.507  -42.571 0.7142857313
119742  -36.667  -10.921  -42.543 0.7142857313
70476  -36.061  -9.375  -42.675 0.7142857313
71409  -35.670  -8.562  -42.951 0.8571428657
67801  -37.624  -12.463  -44.555 0.2857142985
68679  -37.479  -11.735  -43.742 0.4285714328
117038  -37.479  -10.990  -43.865 0.5714285970
62558  -30.606  -18.923  -43.227 0.4285714328
63478  -29.895  -17.750  -43.490 0.4285714328
64310  -29.613  -16.777  -43.809 0.4285714328
64297  -32.682  -15.949  -42.699 0.7142857313
65111  -33.512  -15.372  -42.386 0.7142857313
66871  -33.557  -13.699  -42.464 0.8571428657
67778  -37.272  -12.746  -42.811 0.7142857313
67792  -37.505  -12.554  -43.554 0.2857142985
67777  -36.708  -12.271  -42.344 0.5714285970
61530  -30.139  -19.501  -43.155 0.4285714328
62557  -29.184  -18.145  -43.492 0.5714285970
63480  -31.264  -17.746  -43.144 0.5714285970
122622  -30.530  -17.081  -43.478 0.5714285970
66000  -37.542  -14.650  -42.971 0.4285714328
66883  -37.696  -13.970  -43.628 0.4285714328
66896  -37.721  -13.354  -44.289 0.4285714328
128725  -37.525  -13.227  -43.354 0.4285714328
60543  -28.704  -20.821  -42.440 0.5714285970
60549  -35.649  -21.604  -43.104 0.4285714328
64315  -38.288  -16.723  -43.661 0.4285714328
64301  -36.828  -16.891  -42.423 0.4285714328
134954  -37.432  -15.382  -42.797 0.4285714328
57536  -28.839  -23.511  -37.621 0.1428571492
63469  -37.361  -17.733  -42.823 0.4285714328
63482  -38.102  -17.639  -43.414 0.4285714328
57563  -29.321  -22.790  -38.010 0.1428571492
57564  -30.362  -22.645  -38.052 0.1428571492
59478  -32.465  -21.222  -39.521 0.2857142985
60510  -36.072  -21.374  -42.019 0.2857142985
60552  -38.769  -20.634  -43.357 0.2857142985
60530  -36.973  -21.465  -43.166 0.2857142985
123900  -34.965  -21.402  -42.475 0.4285714328
61536  -38.267  -20.730  -43.486 0.2857142985
60551  -37.327  -21.280  -43.268 0.2857142985
61547  -38.203  -19.810  -43.597 0.2857142985
122041  -37.556  -20.526  -43.491 0.4285714328
57537  -29.894  -23.609  -37.548 0.1428571492
58457  -31.166  -22.109  -38.491 0.2857142985
59456  -31.860  -21.572  -38.858 0.2857142985
59480  -34.598  -21.176  -39.457 0.2857142985
60493  -35.899  -20.801  -40.428 0.2857142985
60492  -34.995  -20.765  -40.348 0.2857142985
60491  -34.154  -20.710  -40.315 0.2857142985
57538  -30.931  -23.459  -37.589 0.1428571492
58460  -33.926  -22.446  -38.282 0.2857142985
57565  -31.290  -22.761  -37.909 0.2857142985
59458  -33.468  -21.761  -38.682 0.2857142985
59457  -32.675  -21.698  -38.700 0.2857142985
58456  -30.342  -21.829  -38.760 0.2857142985
59479  -33.774  -21.217  -39.388 0.2857142985
55735  -28.831  -24.846  -37.141 0.1428571492
55734  -28.054  -24.966  -36.943 0.2857142985
56636  -29.256  -24.297  -37.350 0.1428571492
52218  -26.468  -29.312  -36.889 0.2857142985
117832  -26.172  -29.338  -36.316 0.2857142985
126078  -25.791  -29.169  -36.748 0.2857142985
124696  -28.049  -26.036  -36.842 0.2857142985
52234  -26.594  -29.176  -37.118 0.1428571492
52199  -25.617  -29.282  -35.847 0.2857142985
57566  -32.721  -22.912  -37.808 0.2857142985
59459  -34.277  -21.762  -38.739 0.2857142985
60494  -36.955  -20.836  -40.582 0.2857142985
114072  -36.947  -21.125  -42.140 0.2857142985
60548  -35.108  -21.354  -42.846 0.4285714328
60550  -36.439  -21.515  -43.189 0.4285714328
61548  -39.106  -20.030  -44.013 0.2857142985
62559  -37.943  -18.559  -43.342 0.4285714328
134953  -31.676  -13.210  -43.611 0.5714285970
64314  -37.545  -16.767  -42.904 0.4285714328
66875  -37.305  -13.642  -42.726 0.4285714328
66884  -37.926  -14.174  -44.494 0.2857142985
67802  -37.831  -13.282  -45.415 0.2857142985
75972  -31.793  -3.829  -46.718 0.7142857313
74264  -33.367  -5.271  -45.232 0.8571428657
77669  -31.672  -2.007  -48.068 0.5714285970
131708  -37.621  -11.542  -44.803 0.2857142985
74265  -34.224  -4.956  -45.007 0.8571428657
76809  -32.963  -2.851  -46.811 0.8571428657
73284  -37.114  -6.420  -44.564 0.5714285970
131943  -35.630  -3.094  -46.097 0.4285714328
77657  -34.893  -2.201  -46.658 0.4285714328
82663  -31.707  4.910  -49.265 0.1428571492
78445  -36.304  -0.612  -47.740 0.1428571492
81880  -33.039  3.204  -50.880 0.2857142985
52235  -27.383  -29.229  -37.569 0.1428571492
54862  -27.952  -27.341  -37.209 0.1428571492
57539  -31.983  -23.345  -37.647 0.1428571492
59477  -31.704  -21.213  -39.786 0.2857142985
59482  -36.379  -21.211  -39.664 0.2857142985
122251  -29.935  -18.649  -43.365 0.5714285970
60508  -34.584  -20.963  -41.577 0.2857142985
61537  -39.500  -20.171  -43.864 0.2857142985
62561  -39.710  -19.298  -44.645 0.2857142985
64313  -31.765  -16.231  -43.163 0.5714285970
66013  -29.350  -14.655  -44.809 0.4285714328
65997  -30.711  -14.812  -44.061 0.5714285970
62560  -38.838  -18.769  -43.928 0.4285714328
66895  -30.946  -13.034  -44.140 0.5714285970
63483  -38.870  -17.658  -44.258 0.2857142985
116032  -31.812  -14.255  -43.473 0.7142857313
68690  -30.525  -11.449  -44.505 0.2857142985
64325  -38.897  -16.803  -44.903 0.1428571492
65136  -38.637  -15.749  -45.091 0.4285714328
66001  -38.066  -14.892  -44.083 0.4285714328
118481  -38.349  -14.822  -45.432 0.1428571492
68659  -37.281  -11.934  -42.890 0.5714285970
69537  -37.331  -10.126  -43.505 0.5714285970
72348  -36.551  -7.915  -43.467 0.7142857313
70515  -37.515  -9.568  -45.741 0.2857142985
72349  -37.227  -7.842  -43.894 0.4285714328
118760  -37.611  -8.270  -45.778 0.1428571492
75154  -35.649  -4.394  -45.158 0.5714285970
116589  -37.568  -6.814  -45.746 0.1428571492
74266  -36.940  -5.199  -45.120 0.1428571492
75156  -37.218  -4.675  -45.746 0.1428571492
81874  -31.110  3.968  -48.809 0.1428571492
75976  -36.411  -3.109  -46.216 0.1428571492
79282  -33.905  0.289  -48.734 0.2857142985
78444  -35.311  -0.612  -47.680 0.2857142985
77659  -36.312  -1.680  -46.915 0.2857142985
76828  -37.001  -2.112  -46.958 0.1428571492
76829  -37.588  -1.983  -47.617 0.1428571492
77674  -36.843  -1.345  -47.466 0.1428571492
79301  -35.258  1.188  -48.946 0.2857142985
80190  -36.235  1.170  -49.021 0.2857142985
79284  -36.581  0.474  -48.727 0.1428571492
78464  -36.799  -0.254  -48.386 0.1428571492
53933  -28.191  -28.692  -38.012 0.1428571492
134126  -30.010  -24.528  -37.391 0.1428571492
133730  -37.523  -21.167  -42.744 0.2857142985
127728  -37.709  -1.306  -48.703 0.1428571492
80205  -36.636  1.571  -49.644 0.2857142985
53056  -25.071  -28.804  -36.702 0.2857142985
113463  -31.053  -21.252  -39.975 0.4285714328
59455  -31.078  -21.484  -39.158 0.2857142985
123767  -29.701  -22.231  -38.529 0.1428571492
65124  -37.735  -15.970  -43.120 0.4285714328
133836  -32.292  -16.608  -42.853 0.7142857313
65986  -33.474  -14.551  -42.432 0.7142857313
132659  -36.039  -10.016  -42.508 0.7142857313
68678  -33.064  -11.170  -42.919 0.8571428657
67774  -33.307  -12.746  -42.668 0.8571428657
70475  -34.896  -9.175  -42.710 0.8571428657
71428  -33.054  -8.580  -43.662 0.8571428657
77671  -33.325  -1.637  -47.649 0.7142857313
80221  -31.015  1.893  -51.275 0.2857142985
56635  -28.425  -24.218  -37.322 0.1428571492
59525  -29.313  -21.155  -42.194 0.5714285970
62546  -37.211  -19.153  -43.112 0.4285714328
67791  -32.788  -12.017  -43.035 0.5714285970
123750  -29.857  2.744  -50.371 0.2857142985
81046  -29.908  2.234  -51.105 0.2857142985
65110  -32.772  -14.975  -42.713 0.8571428657
82676  -30.258  4.325  -51.549 0.2857142985
83348  -30.612  5.147  -51.501 0.1428571492
82670  -30.268  4.430  -51.463 0.2857142985
82666  -29.929  3.984  -51.352 0.2857142985
82671  -31.699  4.235  -51.819 0.2857142985
117966  -30.333  4.289  -50.483 0.1428571492
81877  -30.088  3.602  -50.428 0.1428571492
81887  -31.544  3.471  -51.557 0.2857142985
80203  -34.613  1.652  -49.442 0.2857142985
82653  -31.238  4.474  -49.249 0.1428571492
79300  -34.222  0.976  -49.072 0.2857142985
81047  -32.216  2.377  -50.865 0.2857142985
78462  -34.634  -0.142  -48.231 0.2857142985
77675  -37.468  -1.316  -48.086 0.1428571492
77673  -35.907  -1.123  -47.188 0.1428571492
78465  -37.394  -0.737  -48.571 0.1428571492
129806  -35.781  0.728  -48.632 0.1428571492
76811  -36.049  -2.377  -46.483 0.1428571492
119783  -33.978  -1.345  -47.552 0.5714285970
77672  -34.863  -1.363  -47.243 0.4285714328
75978  -37.688  -3.438  -46.794 0.1428571492
75964  -35.172  -3.683  -45.650 0.5714285970
74253  -36.608  -5.854  -44.502 0.5714285970
75144  -35.540  -4.983  -44.720 0.7142857313
128143  -34.998  -4.750  -44.902 0.7142857313
72363  -37.266  -7.135  -44.356 0.5714285970
71429  -37.456  -8.456  -44.141 0.4285714328
73281  -34.890  -6.106  -44.112 0.8571428657
123489  -32.177  -12.097  -43.433 0.5714285970
69557  -31.258  -10.150  -44.266 0.4285714328
68691  -31.048  -10.891  -44.277 0.4285714328
72347  -35.614  -7.769  -43.297 0.8571428657
71411  -37.091  -8.569  -43.595 0.4285714328
121280  -37.531  -9.817  -44.299 0.5714285970
73283  -36.702  -6.635  -44.027 0.8571428657
64311  -30.114  -16.192  -43.976 0.4285714328
65122  -31.243  -15.478  -43.581 0.7142857313
65999  -32.201  -14.536  -43.194 0.7142857313
66881  -31.324  -13.963  -43.783 0.5714285970
66870  -32.828  -13.456  -42.846 0.8571428657
69512  -37.261  -11.017  -42.956 0.5714285970
69536  -36.743  -10.159  -42.710 0.7142857313
63479  -30.675  -18.129  -43.280 0.5714285970
66897  -37.962  -13.959  -45.181 0.2857142985
125507  -36.778  -20.612  -43.357 0.4285714328
65125  -38.307  -15.848  -43.965 0.4285714328
118638  -33.108  -21.316  -39.246 0.2857142985
60529  -36.103  -21.625  -43.083 0.2857142985
122581  -37.680  -21.061  -43.308 0.2857142985
60528  -35.505  -21.611  -42.839 0.2857142985
60509  -35.300  -21.162  -41.591 0.2857142985
58458  -32.097  -22.390  -38.230 0.2857142985
59481  -35.464  -21.161  -39.543 0.2857142985
58459  -33.062  -22.385  -38.251 0.2857142985
52200  -26.807  -29.388  -36.190 0.1428571492
52219  -27.199  -29.382  -37.192 0.1428571492
82654  -31.745  4.376  -48.613 0.1428571492
132635  -30.887  3.561  -48.368 0.1428571492
75177  -30.827  -4.010  -47.011 0.5714285970
74277  -31.107  -5.454  -46.347 0.4285714328
75162  -30.512  -4.926  -46.732 0.4285714328
75163  -31.419  -4.640  -46.520 0.5714285970
72376  -31.042  -7.310  -45.535 0.4285714328
73292  -31.313  -6.628  -45.658 0.4285714328
73291  -30.559  -6.868  -46.024 0.4285714328
74262  -31.601  -5.892  -45.810 0.5714285970
74278  -31.951  -5.134  -46.047 0.5714285970
60553  -40.328  -20.400  -43.161 0.1428571492
58478  -26.951  -23.118  -40.173 0.2857142985
59504  -42.554  -22.234  -41.732 0.1428571492
60532  -39.802  -20.635  -42.304 0.1428571492
60533  -42.348  -21.293  -42.193 0.1428571492
121246  -41.405  -20.856  -42.686 0.1428571492
60534  -42.568  -21.346  -41.985 0.1428571492
57588  -26.373  -23.568  -39.658 0.2857142985
59501  -37.845  -21.162  -40.283 0.1428571492
59503  -39.756  -21.438  -41.031 0.1428571492
60511  -37.952  -20.842  -41.180 0.1428571492
59516  -40.998  -21.352  -41.891 0.1428571492
59505  -42.848  -22.145  -41.099 0.1428571492
60478  -40.792  -20.657  -38.968 0.1428571492
60495  -41.783  -21.048  -40.312 0.1428571492
118767  -40.802  -19.915  -39.630 0.1428571492
56681  -25.887  -23.995  -39.230 0.2857142985
58462  -35.628  -22.393  -38.499 0.1428571492
58483  -36.757  -21.909  -39.084 0.1428571492
59483  -37.323  -21.466  -39.701 0.1428571492
58485  -39.675  -22.675  -40.029 0.1428571492
59484  -38.417  -21.830  -39.839 0.1428571492
58500  -42.707  -22.996  -41.306 0.1428571492
59485  -39.418  -21.845  -40.443 0.1428571492
122117  -43.056  -22.901  -41.180 0.1428571492
59463  -41.647  -22.435  -39.148 0.1428571492
59462  -40.752  -21.373  -38.407 0.1428571492
59486  -41.725  -21.683  -39.699 0.1428571492
56680  -25.179  -24.372  -39.309 0.2857142985
55757  -25.107  -24.849  -38.457 0.2857142985
57569  -35.387  -23.176  -38.006 0.1428571492
134623  -36.310  -22.308  -38.675 0.1428571492
132094  -36.998  -22.629  -38.676 0.1428571492
58484  -37.646  -22.251  -39.196 0.1428571492
57602  -42.870  -23.419  -40.754 0.1428571492
59487  -42.628  -22.750  -40.436 0.1428571492
58487  -42.958  -23.345  -40.860 0.1428571492
60460  -40.312  -20.450  -37.782 0.1428571492
57567  -33.492  -23.008  -37.801 0.1428571492
57568  -34.400  -23.105  -37.863 0.1428571492
58463  -37.020  -23.366  -38.301 0.1428571492
57543  -35.566  -23.902  -37.733 0.1428571492
57573  -39.790  -24.145  -39.408 0.1428571492
121198  -40.221  -23.575  -39.858 0.1428571492
58464  -37.949  -23.107  -38.763 0.1428571492
58486  -41.664  -23.548  -40.673 0.1428571492
58465  -41.531  -23.128  -38.619 0.1428571492
57575  -42.583  -24.152  -40.201 0.1428571492
119788  -40.690  -22.091  -37.895 0.1428571492
57541  -33.878  -23.830  -37.590 0.1428571492
56644  -36.679  -24.887  -37.799 0.1428571492
56643  -36.101  -24.341  -37.745 0.1428571492
57542  -34.840  -23.833  -37.667 0.1428571492
57571  -37.720  -23.953  -38.355 0.1428571492
56682  -40.572  -24.997  -39.568 0.1428571492
56667  -39.307  -24.753  -38.938 0.1428571492
56683  -41.949  -25.254  -40.029 0.1428571492
123946  -42.503  -24.957  -39.651 0.1428571492
57592  -41.336  -24.452  -40.129 0.1428571492
57593  -42.370  -24.407  -40.269 0.1428571492
55742  -36.368  -25.610  -37.774 0.1428571492
56642  -35.315  -24.594  -37.632 0.1428571492
55758  -38.015  -25.439  -38.233 0.1428571492
55743  -37.187  -25.538  -37.940 0.1428571492
55760  -39.987  -25.609  -39.205 0.1428571492
55759  -38.906  -25.434  -38.626 0.1428571492
57574  -42.310  -24.208  -39.360 0.1428571492
56684  -42.394  -25.206  -39.802 0.1428571492
56665  -37.468  -24.740  -38.085 0.1428571492
115451  -36.262  -22.911  -38.327 0.1428571492
57572  -38.665  -23.928  -38.763 0.1428571492
57591  -39.074  -23.285  -39.265 0.1428571492
59442  -40.266  -21.168  -37.240 0.1428571492
121801  -40.294  -19.696  -37.333 0.1428571492
58501  -42.984  -22.662  -41.380 0.1428571492
60531  -38.547  -20.689  -42.149 0.1428571492
60554  -41.851  -20.459  -43.125 0.1428571492
56662  -25.821  -24.350  -38.472 0.2857142985
57544  -41.217  -23.757  -38.072 0.1428571492
61430  -40.502  -19.362  -36.710 0.1428571492
72358  -31.433  -7.856  -44.948 0.4285714328
61485  -40.300  -19.728  -38.284 0.1428571492
60513  -42.025  -20.681  -41.086 0.1428571492
60563  -40.831  -20.176  -43.786 0.1428571492
121414  -39.831  -19.761  -44.371 0.1428571492
75989  -30.687  -3.252  -47.519 0.4285714328
80206  -37.276  1.241  -50.091 0.1428571492
75990  -31.368  -3.390  -47.199 0.4285714328
81042  -36.181  2.261  -49.900 0.1428571492
59460  -35.106  -21.739  -38.831 0.1428571492
57540  -32.932  -23.610  -37.614 0.1428571492
58461  -34.789  -22.461  -38.352 0.1428571492
63484  -39.574  -18.533  -45.020 0.1428571492
63492  -39.377  -17.800  -45.350 0.1428571492
60512  -39.191  -20.940  -41.432 0.1428571492
59517  -42.819  -22.041  -41.728 0.1428571492
61520  -42.285  -20.712  -42.567 0.1428571492
129329  -42.605  -21.542  -41.430 0.1428571492
59502  -38.693  -21.282  -40.605 0.1428571492
58499  -41.054  -22.338  -41.139 0.1428571492
59461  -35.933  -21.735  -38.968 0.1428571492
128164  -38.509  -22.604  -39.361 0.1428571492
127679  -43.029  -23.034  -41.133 0.1428571492
58466  -42.596  -23.530  -39.965 0.1428571492
56641  -34.465  -24.511  -37.569 0.1428571492
56664  -36.889  -24.123  -37.982 0.1428571492
56666  -38.321  -24.663  -38.447 0.1428571492
53020  -24.096  -28.984  -34.969 0.1428571492
52198  -24.990  -29.060  -36.372 0.1428571492
53038  -23.799  -28.594  -35.624 0.1428571492
53055  -24.326  -28.535  -36.493 0.1428571492
53071  -24.356  -28.192  -36.865 0.1428571492
129180  -24.813  -26.469  -37.229 0.1428571492
54860  -23.970  -26.798  -37.655 0.1428571492
54885  -24.235  -25.981  -37.972 0.1428571492
55732  -25.174  -25.502  -37.627 0.1428571492
56661  -24.359  -24.855  -39.240 0.1428571492
121812  -24.619  -24.175  -39.853 0.1428571492
121578  -25.513  -23.821  -40.028 0.1428571492
57601  -26.220  -23.274  -40.466 0.1428571492
58496  -26.800  -22.811  -40.869 0.1428571492
133843  -27.320  -22.430  -41.210 0.2857142985
61529  -28.286  -19.886  -42.796 0.4285714328
61546  -29.315  -19.075  -43.264 0.4285714328
70500  -31.531  -9.257  -44.336 0.2857142985
71426  -31.031  -8.580  -44.830 0.2857142985
71427  -31.846  -8.467  -44.462 0.2857142985
74286  -28.965  -5.440  -47.106 0.2857142985
74287  -29.673  -5.197  -46.938 0.2857142985
128765  -30.148  -3.696  -47.457 0.4285714328
57600  -25.469  -23.120  -40.571 0.1428571492
58495  -26.075  -22.702  -40.994 0.2857142985
58497  -27.493  -22.613  -40.645 0.1428571492
53930  -23.806  -27.507  -37.270 0.1428571492
55770  -23.998  -25.304  -39.013 0.1428571492
57587  -24.771  -23.496  -40.239 0.1428571492
59495  -25.261  -22.250  -40.890 0.2857142985
58506  -26.680  -22.291  -41.345 0.2857142985
61528  -27.367  -19.606  -42.671 0.2857142985
69556  -30.523  -10.519  -44.583 0.2857142985
70499  -30.565  -9.495  -44.763 0.2857142985
117740  -29.398  -8.445  -45.918 0.2857142985
71448  -30.671  -7.932  -45.414 0.2857142985
73306  -30.082  -6.485  -46.422 0.2857142985
73318  -28.605  -6.131  -46.979 0.2857142985
59512  -27.339  -21.925  -41.677 0.2857142985
70498  -29.934  -10.129  -44.956 0.2857142985
71425  -30.185  -8.598  -45.368 0.2857142985
71447  -29.944  -7.878  -45.900 0.2857142985
134543  -29.163  -7.312  -46.537 0.2857142985
72375  -30.387  -7.414  -45.854 0.2857142985
72392  -29.852  -7.235  -46.308 0.2857142985
73305  -29.317  -6.706  -46.611 0.2857142985
73307  -30.809  -6.199  -46.180 0.2857142985
71462  -28.717  -8.306  -46.385 0.2857142985
71463  -29.301  -7.819  -46.343 0.2857142985
115405  -29.375  -20.096  -42.919 0.4285714328
59523  -28.016  -21.518  -42.097 0.4285714328
123166  -24.453  -27.501  -37.072 0.1428571492
74276  -30.284  -5.735  -46.551 0.2857142985
129098  -24.427  -28.889  -35.856 0.1428571492
55756  -24.403  -25.352  -38.525 0.1428571492
55755  -23.731  -25.626  -38.634 0.1428571492
74275  -29.485  -5.957  -46.708 0.2857142985
131934  -28.636  -7.669  -46.605 0.2857142985
123610  -27.939  -18.154  -43.442 0.2857142985
62556  -28.552  -18.552  -43.358 0.2857142985
122670  -29.035  -17.242  -43.709 0.2857142985
82680  -35.659  5.026  -51.966 0.1428571492
82674  -35.872  4.375  -51.640 0.1428571492
81890  -34.650  3.943  -51.022 0.1428571492
133129  -35.138  2.826  -50.245 0.1428571492
83360  -35.473  5.749  -52.401 0.1428571492
81881  -34.062  3.310  -50.665 0.1428571492
81888  -32.630  3.878  -51.328 0.1428571492
83967  -33.071  6.717  -52.184 0.1428571492
81051  -36.506  2.584  -50.540 0.1428571492
81892  -36.421  3.742  -51.594 0.1428571492
81041  -35.137  2.375  -49.858 0.1428571492
81049  -35.133  3.315  -50.574 0.1428571492
81050  -35.744  2.814  -50.283 0.1428571492
81040  -33.969  2.120  -49.940 0.1428571492
123633  -34.469  2.765  -50.275 0.1428571492
83350  -33.636  5.131  -51.714 0.1428571492
83349  -32.607  4.829  -51.768 0.1428571492
83357  -31.971  5.566  -52.080 0.1428571492
83965  -31.123  6.373  -52.050 0.1428571492
133569  -28.680  -19.333  -43.111 0.2857142985
82673  -35.148  4.539  -51.481 0.1428571492
81891  -35.588  3.901  -51.151 0.1428571492
81889  -33.674  3.893  -51.087 0.1428571492
114738  -34.224  4.550  -51.404 0.1428571492
83368  -35.390  6.343  -52.440 0.1428571492
82672  -33.380  4.460  -51.407 0.1428571492
81882  -36.099  3.284  -50.810 0.1428571492
70513  -28.642  -9.698  -45.821 0.1428571492
70514  -29.536  -9.356  -45.415 0.1428571492
71446  -28.835  -8.915  -45.967 0.1428571492
72403  -27.986  -7.358  -46.894 0.1428571492
73304  -26.443  -6.658  -47.007 0.1428571492
73315  -26.870  -6.136  -47.305 0.1428571492
73317  -27.950  -6.599  -47.152 0.1428571492
74283  -26.598  -5.322  -47.254 0.1428571492
74284  -27.161  -5.004  -47.446 0.1428571492
75173  -27.241  -4.259  -47.494 0.2857142985
65135  -29.851  -15.347  -44.384 0.2857142985
65134  -28.957  -15.391  -44.695 0.1428571492
67811  -29.107  -12.141  -45.336 0.1428571492
68689  -29.755  -11.831  -44.941 0.1428571492
69569  -29.270  -10.358  -45.358 0.1428571492
69570  -37.570  -11.028  -45.554 0.1428571492
70525  -28.125  -8.948  -46.414 0.1428571492
132758  -27.958  -5.969  -47.388 0.1428571492
75175  -28.941  -4.592  -47.443 0.1428571492
75174  -28.007  -4.387  -47.683 0.1428571492
76822  -28.845  -2.777  -48.034 0.2857142985
78456  -28.454  -0.811  -48.515 0.2857142985
78442  -27.751  -0.336  -47.800 0.2857142985
79279  -28.440  -0.069  -48.305 0.2857142985
81864  -30.347  3.118  -48.391 0.1428571492
132898  -29.326  2.364  -44.177 0.1428571492
75987  -28.423  -3.660  -47.747 0.2857142985
76835  -30.666  -2.055  -48.224 0.2857142985
76833  -28.937  -1.795  -48.480 0.2857142985
130621  -27.785  -1.780  -48.262 0.2857142985
77680  -28.384  -1.485  -48.487 0.2857142985
77679  -27.727  -1.127  -48.119 0.2857142985
80179  -29.076  1.727  -47.763 0.1428571492
78428  -27.306  0.004  -46.690 0.2857142985
81865  -30.907  3.435  -47.587 0.1428571492
81849  -31.642  3.626  -46.969 0.1428571492
78427  -27.104  -0.787  -47.320 0.1428571492
77656  -26.684  -1.338  -46.976 0.1428571492
75985  -26.642  -3.494  -47.196 0.2857142985
80178  -28.635  1.416  -47.129 0.1428571492
79269  -28.151  0.602  -47.249 0.2857142985
80170  -28.676  1.982  -46.131 0.1428571492
80160  -28.381  1.518  -45.544 0.1428571492
75161  -25.698  -4.647  -46.491 0.2857142985
124664  -27.633  0.313  -45.733 0.1428571492
80125  -29.659  2.045  -43.687 0.1428571492
79253  -28.104  0.874  -45.094 0.1428571492
74243  -24.255  -4.575  -44.660 0.1428571492
67798  -29.627  -12.650  -44.975 0.1428571492
121891  -27.818  -11.114  -46.006 0.1428571492
69568  -28.513  -10.702  -45.757 0.1428571492
70524  -27.296  -9.113  -46.485 0.1428571492
71461  -26.904  -8.329  -46.601 0.1428571492
72391  -28.102  -8.103  -46.669 0.1428571492
72388  -25.842  -7.200  -46.583 0.1428571492
73316  -27.484  -6.151  -47.351 0.1428571492
74282  -25.975  -5.365  -46.868 0.1428571492
74285  -28.241  -5.297  -47.466 0.1428571492
75172  -26.617  -4.416  -47.236 0.2857142985
76821  -27.843  -2.889  -47.948 0.1428571492
76832  -28.157  -2.174  -48.306 0.2857142985
124227  -27.858  0.342  -45.018 0.1428571492
78416  -27.253  -0.282  -46.044 0.2857142985
79261  -27.857  0.825  -46.098 0.1428571492
131299  -28.937  2.109  -46.825 0.1428571492
80145  -28.995  1.829  -43.972 0.1428571492
80161  -28.957  2.387  -44.954 0.1428571492
67812  -37.676  -12.458  -45.603 0.1428571492
68701  -37.563  -11.826  -45.825 0.1428571492
77682  -29.903  -1.334  -48.691 0.2857142985
81004  -29.686  3.037  -45.263 0.1428571492
81035  -30.854  3.364  -46.537 0.1428571492
125286  -30.441  -2.643  -47.868 0.2857142985
130208  -29.485  -13.333  -45.011 0.1428571492
66892  -28.970  -13.880  -45.205 0.1428571492
69555  -29.847  -10.947  -44.922 0.1428571492
66907  -38.242  -14.283  -46.414 0.1428571492
75176  -29.913  -4.392  -47.242 0.1428571492
75988  -29.350  -3.698  -47.611 0.1428571492
113790  -27.603  -8.444  -46.616 0.1428571492
72390  -27.448  -7.766  -46.788 0.1428571492
69577  -27.754  -10.067  -46.260 0.1428571492
72402  -27.276  -6.903  -47.127 0.1428571492
115435  -27.162  -5.644  -47.415 0.1428571492
68700  -29.174  -11.297  -45.351 0.1428571492
75171  -26.173  -4.714  -46.971 0.1428571492
117186  -27.638  -5.512  -47.476 0.1428571492
134031  -27.679  -4.897  -47.568 0.1428571492
68699  -28.491  -11.600  -45.630 0.1428571492
75986  -27.486  -3.560  -47.644 0.2857142985
76823  -29.855  -3.041  -47.800 0.2857142985
78415  -26.876  -0.712  -46.667 0.1428571492
80985  -29.910  2.714  -44.425 0.1428571492
76834  -29.715  -2.252  -48.221 0.2857142985
77668  -27.209  -1.562  -47.705 0.1428571492
77681  -29.089  -1.048  -48.825 0.2857142985
80169  -28.309  1.288  -46.407 0.2857142985
123442  -27.040  -2.802  -47.524 0.1428571492
76831  -27.438  -2.249  -47.971 0.2857142985
59494  -24.407  -21.647  -40.597 0.1428571492
58505  -25.870  -21.844  -41.304 0.1428571492
60503  -24.443  -20.893  -40.894 0.1428571492
61510  -24.207  -20.069  -41.076 0.1428571492
113435  -24.897  -20.076  -41.478 0.1428571492
60519  -25.611  -20.719  -41.563 0.1428571492
61525  -25.203  -19.036  -42.088 0.1428571492
60521  -27.135  -21.095  -42.051 0.1428571492
61526  -25.805  -19.217  -42.305 0.1428571492
61527  -26.540  -19.408  -42.510 0.1428571492
60542  -27.723  -20.517  -42.430 0.1428571492
62538  -26.235  -18.660  -42.684 0.1428571492
62539  -26.982  -18.814  -42.917 0.1428571492
64309  -28.240  -16.809  -43.871 0.1428571492
124850  -28.916  -16.557  -44.031 0.1428571492
75970  -26.138  -3.992  -46.808 0.1428571492
59511  -26.495  -21.447  -41.671 0.1428571492
58493  -24.053  -22.185  -40.214 0.1428571492
60502  -23.712  -20.746  -40.508 0.1428571492
60518  -24.823  -20.642  -41.232 0.1428571492
64324  -29.310  -16.067  -44.299 0.1428571492
121356  -27.858  -18.917  -43.099 0.1428571492
59510  -25.053  -21.342  -41.103 0.1428571492
117373  -25.362  -19.706  -41.839 0.1428571492
61517  -26.075  -19.981  -42.093 0.1428571492
60520  -26.412  -20.695  -41.927 0.1428571492
62537  -25.501  -18.481  -42.452 0.1428571492
60541  -26.858  -20.201  -42.308 0.1428571492
62530  -24.056  -18.480  -41.681 0.1428571492
57570  -36.201  -23.623  -37.962 0.1428571492
65976  -35.928  -14.996  -41.784 0.8571428657
66014  -30.013  -14.542  -44.503 0.4285714328
72404  -28.584  -6.970  -46.755 0.1428571492
75166  -36.977  -4.072  -45.813 0.1428571492
81886  -30.540  3.163  -51.702 0.2857142985
81895  -30.289  3.815  -51.891 0.2857142985
82667  -30.421  4.697  -50.890 0.1428571492
82669  -29.941  3.884  -51.692 0.2857142985
82678  -31.659  4.919  -52.021 0.1428571492
83356  -31.131  5.483  -52.099 0.1428571492
83954  -31.182  5.795  -50.718 0.1428571492
83964  -30.841  5.610  -51.826 0.1428571492
115996  -31.562  2.900  -44.860 0.1428571492
119276  -30.089  -13.210  -44.645 0.1428571492
119710  -37.430  -7.825  -44.416 0.1428571492
119805  -26.385  -29.334  -35.296 0.1428571492
125388  -31.190  -11.406  -44.118 0.5714285970
129458  -36.903  -13.039  -42.374 0.8571428657
132465  -34.631  -9.761  -42.596 1.0000000000
133539  -30.300  -18.374  -43.354 0.5714285970
133656  -37.806  -15.331  -43.351 0.4285714328
134010  -36.098  -8.217  -43.173 0.8571428657
134873  -29.911  3.635  -51.704 0.2857142985
134961  -31.458  5.988  -52.020 0.1428571492
