#!ascii label  , from subject sub-v2s8x29254_ses-1 vox2ras=TkReg
836
40588  22.266  -26.196  45.913 0.0000000000
42320  32.290  -24.193  52.223 0.0000000000
57672  37.574  -7.816  33.984 0.0000000000
113355  28.203  -15.742  39.524 0.0000000000
46871  29.620  -19.295  48.352 0.0000000000
116316  48.848  0.546  26.268 0.0000000000
54134  38.394  -11.621  35.396 0.0000000000
53199  33.643  -12.670  34.495 0.0000000000
119891  18.567  -26.733  44.890 0.0000000000
39645  26.652  -27.605  48.285 0.0000000000
41431  28.822  -25.756  46.207 0.0000000000
39703  24.355  -27.759  44.408 0.0000000000
100523  42.856  -3.449  30.752 0.0000000000
40489  24.359  -26.658  51.276 0.0000000000
40502  20.629  -25.516  50.633 0.0000000000
59566  42.233  -5.207  34.286 0.0000000000
39638  16.803  -27.855  49.035 0.0000000000
36213  14.294  -31.219  47.759 0.0000000000
53125  32.295  -12.180  39.536 0.0000000000
48689  28.532  -17.860  44.398 0.0000000000
117168  28.248  -21.690  42.775 0.0000000000
42383  30.755  -24.165  44.381 0.0000000000
52226  38.096  -13.137  36.738 0.0000000000
53184  36.383  -12.617  35.349 0.0000000000
53152  35.845  -12.026  37.092 0.0000000000
53164  40.702  -12.644  36.895 0.0000000000
39723  21.299  -27.338  42.915 0.0000000000
38819  20.006  -28.234  42.924 0.0000000000
41445  20.420  -25.638  45.410 0.0000000000
39659  24.644  -27.260  47.870 0.0000000000
118046  25.472  -27.402  46.429 0.0000000000
120074  23.742  -27.368  45.046 0.0000000000
38818  23.203  -28.456  42.884 0.0000000000
58616  37.540  -6.556  31.359 0.0000000000
57652  39.470  -7.708  35.346 0.0000000000
58588  39.325  -6.536  33.932 0.0000000000
59582  39.763  -5.584  32.324 0.0000000000
40472  19.643  -26.323  52.760 0.0000000000
40505  17.985  -26.687  49.888 0.0000000000
39615  17.424  -27.323  51.394 0.0000000000
37039  13.574  -30.603  51.945 0.0000000000
105100  14.390  -30.418  49.840 0.0000000000
35316  13.099  -31.811  49.407 0.0000000000
34360  12.019  -33.670  47.754 0.0000000000
33305  10.823  -34.116  49.172 0.0000000000
119221  30.704  -16.143  46.421 0.0000000000
47763  28.768  -18.160  46.084 0.0000000000
46939  27.691  -19.467  43.854 0.0000000000
45189  28.897  -21.218  45.274 0.0000000000
109548  26.806  -25.734  43.577 0.0000000000
41441  30.335  -24.842  45.934 0.0000000000
41472  28.325  -24.935  42.664 0.0000000000
42400  28.874  -24.450  42.234 0.0000000000
51326  29.768  -13.957  39.264 0.0000000000
113125  30.003  -13.118  36.802 0.0000000000
51359  28.436  -15.057  36.523 0.0000000000
66606  51.275  2.967  23.794 0.0000000000
64881  48.795  1.063  23.884 0.0000000000
55927  37.419  -9.833  34.916 0.0000000000
55060  35.788  -10.988  34.042 0.0000000000
55912  39.675  -9.628  36.344 0.0000000000
39631  29.457  -27.471  50.067 0.0000000000
40529  30.288  -26.053  49.084 0.0000000000
40547  27.859  -27.051  47.177 0.0000000000
40585  26.490  -26.705  45.467 0.0000000000
40631  24.806  -27.134  41.875 0.0000000000
62377  44.908  -2.884  33.040 0.0000000000
63235  45.492  -1.842  30.812 0.0000000000
63247  46.001  -1.061  28.078 0.0000000000
64084  46.786  -0.821  25.992 0.0000000000
40532  23.396  -26.366  48.601 0.0000000000
40534  21.781  -25.622  48.256 0.0000000000
106609  22.593  -26.033  51.109 0.0000000000
39634  25.775  -27.469  49.759 0.0000000000
61420  43.024  -3.921  32.441 0.0000000000
40552  18.998  -25.786  47.881 0.0000000000
39673  17.234  -27.330  46.547 0.0000000000
117841  15.969  -28.924  46.392 0.0000000000
38744  15.969  -28.512  51.335 0.0000000000
37907  15.237  -29.632  48.441 0.0000000000
32335  8.292  -35.909  50.264 0.0000000000
54086  34.566  -11.471  39.557 0.0000000000
50449  30.195  -14.911  41.923 0.0000000000
50420  30.586  -15.818  44.541 0.0000000000
49604  28.748  -16.733  42.431 0.0000000000
47833  27.355  -18.811  41.600 0.0000000000
119031  27.495  -20.955  41.597 0.0000000000
43378  28.616  -23.427  40.003 0.0000000000
42351  31.496  -23.914  48.335 0.0000000000
44259  31.311  -22.647  47.121 0.0000000000
45172  30.448  -21.797  46.722 0.0000000000
44307  30.271  -22.936  43.777 0.0000000000
114276  28.925  -23.782  41.479 0.0000000000
54127  32.946  -11.534  36.867 0.0000000000
52255  31.077  -13.296  34.424 0.0000000000
53149  37.868  -12.844  37.818 0.0000000000
53151  36.649  -12.605  36.724 0.0000000000
53139  36.507  -12.164  37.686 0.0000000000
52224  39.541  -13.216  37.133 0.0000000000
40604  22.170  -26.254  44.893 0.0000000000
40606  20.595  -26.317  43.832 0.0000000000
40589  21.311  -25.814  45.413 0.0000000000
40587  23.111  -26.557  46.352 0.0000000000
119037  23.829  -26.979  46.458 0.0000000000
39689  23.028  -26.733  45.276 0.0000000000
39722  22.191  -27.220  43.411 0.0000000000
57697  37.097  -6.980  32.019 0.0000000000
57653  38.705  -7.959  35.063 0.0000000000
57669  39.939  -6.997  35.036 0.0000000000
120950  38.658  -6.942  33.991 0.0000000000
58599  38.630  -6.531  33.228 0.0000000000
36164  12.747  -31.689  50.920 0.0000000000
36174  13.258  -31.268  50.679 0.0000000000
35301  12.530  -32.229  49.863 0.0000000000
34345  12.646  -32.900  48.000 0.0000000000
100941  11.964  -32.730  49.983 0.0000000000
33317  11.433  -33.885  48.443 0.0000000000
48638  29.467  -17.765  47.427 0.0000000000
118464  29.064  -19.085  47.389 0.0000000000
46895  28.557  -19.808  46.179 0.0000000000
46051  28.922  -20.490  46.412 0.0000000000
42332  32.100  -24.008  51.278 0.0000000000
40629  25.924  -25.979  42.307 0.0000000000
41464  27.531  -25.343  43.178 0.0000000000
41474  26.683  -25.552  41.841 0.0000000000
41488  27.436  -25.295  41.346 0.0000000000
51327  29.299  -14.600  39.840 0.0000000000
51341  28.897  -14.292  37.799 0.0000000000
64077  48.116  0.054  27.188 0.0000000000
64855  50.128  0.970  27.022 0.0000000000
64868  49.959  1.156  26.275 0.0000000000
65727  49.507  1.521  24.410 0.0000000000
64876  48.978  1.008  24.942 0.0000000000
55053  37.894  -10.651  35.177 0.0000000000
55065  36.101  -10.302  34.022 0.0000000000
54140  36.995  -11.696  34.624 0.0000000000
53186  34.749  -12.425  35.281 0.0000000000
53207  34.985  -12.210  34.218 0.0000000000
53209  33.800  -12.843  33.819 0.0000000000
120153  39.498  -12.305  35.913 0.0000000000
113400  39.038  -11.237  35.712 0.0000000000
55918  38.953  -9.466  35.792 0.0000000000
106843  19.335  -26.845  43.929 0.0000000000
39707  18.187  -27.732  44.302 0.0000000000
39632  28.700  -27.900  49.762 0.0000000000
39642  29.188  -27.272  49.161 0.0000000000
39656  27.337  -27.461  47.700 0.0000000000
39687  24.352  -27.486  45.219 0.0000000000
39685  25.953  -27.217  45.982 0.0000000000
39702  25.041  -27.413  44.857 0.0000000000
40603  25.628  -26.838  44.334 0.0000000000
107924  24.280  -28.072  43.650 0.0000000000
105205  23.983  -28.813  42.315 0.0000000000
111467  27.078  -19.259  39.803 0.0000000000
62383  44.201  -2.781  31.381 0.0000000000
63228  45.612  -1.904  31.720 0.0000000000
62389  44.420  -2.463  30.615 0.0000000000
63242  44.865  -1.890  28.106 0.0000000000
63248  45.390  -1.543  27.446 0.0000000000
112197  46.112  -1.083  27.222 0.0000000000
39623  23.885  -26.543  50.330 0.0000000000
40516  22.816  -26.019  49.325 0.0000000000
111237  23.422  -26.330  51.087 0.0000000000
119741  25.320  -27.256  50.252 0.0000000000
39648  24.260  -26.872  48.770 0.0000000000
61413  43.770  -4.018  33.789 0.0000000000
60482  42.446  -4.772  33.669 0.0000000000
59600  40.026  -5.053  30.804 0.0000000000
106633  21.358  -25.536  49.926 0.0000000000
119429  20.227  -25.519  47.467 0.0000000000
101304  20.136  -25.468  48.837 0.0000000000
39637  17.391  -27.293  49.403 0.0000000000
40538  17.821  -26.721  48.025 0.0000000000
39649  17.320  -27.290  48.525 0.0000000000
39674  16.735  -27.954  46.135 0.0000000000
38777  16.223  -28.380  47.575 0.0000000000
37889  15.325  -29.150  51.729 0.0000000000
36201  14.036  -31.104  48.548 0.0000000000
37060  14.981  -29.849  49.324 0.0000000000
37080  14.770  -30.648  47.457 0.0000000000
104313  15.153  -30.090  47.276 0.0000000000
51300  30.845  -14.221  41.777 0.0000000000
49572  29.747  -16.651  45.401 0.0000000000
49571  30.303  -16.196  45.181 0.0000000000
103615  29.476  -16.650  44.080 0.0000000000
49603  29.351  -16.280  42.773 0.0000000000
49590  28.997  -16.761  43.087 0.0000000000
48733  28.217  -17.424  42.214 0.0000000000
47818  28.052  -18.021  42.846 0.0000000000
46116  27.983  -20.933  43.294 0.0000000000
46117  27.558  -20.266  42.742 0.0000000000
45222  27.734  -21.137  42.245 0.0000000000
44336  27.693  -22.071  40.609 0.0000000000
103067  28.132  -22.485  41.208 0.0000000000
41409  30.029  -25.769  48.228 0.0000000000
41408  30.725  -25.250  48.645 0.0000000000
41418  30.472  -25.037  47.754 0.0000000000
42376  31.164  -24.205  45.329 0.0000000000
42375  31.512  -23.987  46.007 0.0000000000
43330  31.450  -23.437  45.605 0.0000000000
44271  31.019  -22.402  46.477 0.0000000000
104641  31.052  -22.822  45.137 0.0000000000
44281  30.262  -22.299  44.960 0.0000000000
43336  30.529  -23.593  43.905 0.0000000000
117262  28.590  -24.735  40.289 0.0000000000
42399  29.017  -24.061  41.994 0.0000000000
53124  33.081  -11.895  39.847 0.0000000000
54103  33.581  -11.426  38.339 0.0000000000
101799  32.050  -11.958  38.659 0.0000000000
52249  29.434  -13.917  35.493 0.0000000000
53174  30.440  -12.992  35.849 0.0000000000
66623  51.083  3.020  22.853 0.0000000000
53182  38.523  -12.640  35.665 0.0000000000
53195  37.289  -12.234  34.935 0.0000000000
53168  36.899  -12.839  35.915 0.0000000000
53169  35.955  -12.621  36.061 0.0000000000
53171  34.345  -12.037  36.023 0.0000000000
52223  40.491  -13.144  37.325 0.0000000000
53165  39.408  -13.062  36.396 0.0000000000
39724  20.547  -27.708  42.809 0.0000000000
119890  19.977  -26.674  43.605 0.0000000000
39706  19.111  -26.388  44.719 0.0000000000
39658  25.297  -27.502  47.920 0.0000000000
103041  25.935  -27.533  47.658 0.0000000000
104701  25.231  -27.467  47.153 0.0000000000
105610  24.391  -27.302  46.106 0.0000000000
39704  23.985  -27.892  44.441 0.0000000000
38817  23.912  -28.577  43.176 0.0000000000
120346  22.972  -27.948  43.425 0.0000000000
39740  22.095  -28.010  42.709 0.0000000000
61460  42.281  -3.407  28.973 0.0000000000
40478  24.351  -26.588  52.324 0.0000000000
57650  40.966  -7.080  35.948 0.0000000000
58586  41.106  -6.193  34.893 0.0000000000
59552  41.016  -5.865  34.295 0.0000000000
59580  41.120  -5.256  33.192 0.0000000000
58598  39.569  -6.059  33.184 0.0000000000
58608  38.324  -6.164  31.722 0.0000000000
40494  19.671  -25.939  51.965 0.0000000000
108083  19.219  -25.904  50.552 0.0000000000
101925  19.073  -26.132  51.355 0.0000000000
39624  17.723  -26.997  50.714 0.0000000000
104899  17.084  -27.571  50.654 0.0000000000
37890  14.791  -29.723  51.197 0.0000000000
37047  13.695  -30.745  51.114 0.0000000000
36187  13.792  -31.064  49.400 0.0000000000
36202  13.752  -31.711  48.114 0.0000000000
35328  13.404  -32.342  47.672 0.0000000000
48656  29.278  -17.571  46.580 0.0000000000
48672  28.666  -17.936  45.257 0.0000000000
47783  28.018  -18.662  44.163 0.0000000000
119658  28.470  -18.684  45.606 0.0000000000
46087  28.327  -20.525  44.878 0.0000000000
45214  28.392  -21.142  44.107 0.0000000000
41444  27.793  -25.844  45.121 0.0000000000
41430  29.632  -25.401  46.499 0.0000000000
41453  28.438  -25.338  44.505 0.0000000000
41462  29.172  -24.868  43.934 0.0000000000
115600  29.068  -24.609  43.104 0.0000000000
112720  29.473  -24.178  42.800 0.0000000000
41487  28.309  -24.917  41.732 0.0000000000
41506  28.166  -25.032  40.806 0.0000000000
52194  31.102  -13.066  39.931 0.0000000000
53141  31.382  -12.376  38.227 0.0000000000
52227  30.095  -13.265  37.885 0.0000000000
52228  29.371  -13.689  37.330 0.0000000000
66607  50.777  2.432  24.358 0.0000000000
65726  50.009  2.072  23.885 0.0000000000
56801  37.288  -8.544  34.349 0.0000000000
56814  36.160  -8.764  33.099 0.0000000000
55937  36.087  -9.579  33.651 0.0000000000
54142  35.448  -11.757  34.100 0.0000000000
54149  34.853  -11.798  33.461 0.0000000000
55037  41.224  -10.742  37.502 0.0000000000
55905  40.863  -9.799  37.388 0.0000000000
56767  40.646  -9.073  37.082 0.0000000000
56778  39.508  -8.904  36.093 0.0000000000
56789  38.376  -8.768  35.340 0.0000000000
41391  30.638  -26.289  50.649 0.0000000000
41390  31.235  -25.355  50.658 0.0000000000
40513  30.350  -26.299  49.852 0.0000000000
40530  29.605  -26.534  48.676 0.0000000000
40563  28.324  -26.412  46.701 0.0000000000
39670  26.165  -27.408  46.806 0.0000000000
40565  26.747  -26.977  46.219 0.0000000000
40584  27.254  -26.401  45.704 0.0000000000
40602  26.302  -26.483  44.684 0.0000000000
40615  25.508  -26.523  43.295 0.0000000000
40630  25.236  -26.592  42.347 0.0000000000
64065  46.610  -0.997  30.796 0.0000000000
62395  44.558  -2.238  29.781 0.0000000000
63237  45.788  -1.427  29.637 0.0000000000
64069  46.483  -0.933  29.719 0.0000000000
64072  47.334  -0.321  28.379 0.0000000000
64078  47.418  -0.316  27.508 0.0000000000
64083  47.445  -0.325  26.606 0.0000000000
64093  47.810  0.084  25.128 0.0000000000
40566  22.910  -26.279  47.141 0.0000000000
40550  21.638  -25.676  47.384 0.0000000000
40533  22.608  -25.921  48.449 0.0000000000
108828  22.215  -25.779  50.042 0.0000000000
40501  21.653  -25.720  51.004 0.0000000000
40491  22.973  -26.193  51.837 0.0000000000
40492  21.255  -25.779  52.128 0.0000000000
101831  20.931  -25.903  52.868 0.0000000000
104562  31.556  -25.719  52.286 0.0000000000
40488  30.543  -26.794  51.459 0.0000000000
39621  28.958  -28.034  50.794 0.0000000000
38759  28.203  -28.296  50.352 0.0000000000
38751  27.073  -27.920  50.852 0.0000000000
38769  26.242  -27.595  49.109 0.0000000000
39647  25.039  -27.374  48.572 0.0000000000
39660  23.893  -26.757  47.845 0.0000000000
61411  44.909  -3.176  33.737 0.0000000000
107662  44.311  -3.181  32.575 0.0000000000
61435  42.925  -3.659  31.534 0.0000000000
60499  41.069  -4.844  31.995 0.0000000000
60511  41.579  -4.437  31.514 0.0000000000
61450  41.690  -3.890  30.099 0.0000000000
40551  20.846  -25.575  47.086 0.0000000000
41420  20.058  -25.531  46.780 0.0000000000
40590  18.574  -26.408  45.559 0.0000000000
40537  18.452  -26.174  48.414 0.0000000000
40553  18.367  -26.234  47.549 0.0000000000
40572  17.812  -26.833  46.020 0.0000000000
105009  17.313  -27.528  45.594 0.0000000000
38794  16.470  -28.968  45.135 0.0000000000
38743  16.736  -27.866  51.358 0.0000000000
38762  16.190  -28.468  49.648 0.0000000000
108224  15.487  -29.201  49.941 0.0000000000
38771  15.722  -28.979  48.048 0.0000000000
38778  15.803  -28.912  47.133 0.0000000000
118738  9.382  -34.958  50.059 0.0000000000
54100  35.942  -11.564  39.112 0.0000000000
53105  32.153  -12.722  40.718 0.0000000000
52181  30.695  -13.606  40.484 0.0000000000
51301  30.293  -14.262  41.066 0.0000000000
50468  29.192  -15.155  40.748 0.0000000000
50437  30.401  -15.301  42.794 0.0000000000
50438  29.755  -15.664  42.408 0.0000000000
50451  28.863  -15.863  41.296 0.0000000000
120185  27.920  -16.923  40.844 0.0000000000
47842  27.266  -18.406  40.505 0.0000000000
46971  27.132  -19.246  40.702 0.0000000000
46940  27.551  -19.461  43.086 0.0000000000
46956  27.388  -19.568  42.237 0.0000000000
46140  27.182  -20.671  39.807 0.0000000000
44344  27.644  -22.077  39.816 0.0000000000
44343  28.185  -22.716  39.436 0.0000000000
46870  29.843  -20.044  48.511 0.0000000000
41400  31.350  -24.740  49.958 0.0000000000
42344  31.684  -23.886  49.818 0.0000000000
43304  31.804  -23.066  49.356 0.0000000000
42361  31.071  -24.469  47.187 0.0000000000
119103  31.567  -23.467  47.873 0.0000000000
44245  31.470  -22.370  48.507 0.0000000000
45158  31.149  -22.104  47.876 0.0000000000
45159  30.511  -21.566  47.493 0.0000000000
45160  29.974  -21.228  47.107 0.0000000000
45188  29.653  -21.689  45.525 0.0000000000
45205  29.433  -21.834  44.806 0.0000000000
44308  29.540  -22.575  43.434 0.0000000000
43357  29.543  -23.757  42.756 0.0000000000
44325  29.134  -23.617  42.206 0.0000000000
44326  28.825  -23.035  41.915 0.0000000000
43385  29.016  -23.931  39.597 0.0000000000
54101  35.657  -11.644  38.204 0.0000000000
54115  34.342  -11.601  36.959 0.0000000000
102246  33.320  -11.816  36.017 0.0000000000
53155  31.404  -12.200  37.342 0.0000000000
109130  31.846  -12.313  35.631 0.0000000000
53200  32.061  -12.779  34.690 0.0000000000
64099  47.763  -0.169  23.596 0.0000000000
116095  37.819  -12.560  38.585 0.0000000000
53137  37.157  -12.301  38.326 0.0000000000
53136  38.435  -12.872  38.332 0.0000000000
40605  21.385  -26.131  44.340 0.0000000000
116803  37.156  -7.465  33.029 0.0000000000
57698  36.581  -7.650  32.239 0.0000000000
57686  36.559  -8.055  32.858 0.0000000000
57671  38.323  -7.518  34.368 0.0000000000
57685  37.999  -7.149  33.588 0.0000000000
35285  12.299  -32.249  50.625 0.0000000000
34330  11.542  -33.381  49.369 0.0000000000
47697  29.760  -18.625  48.659 0.0000000000
47710  29.388  -18.668  47.824 0.0000000000
46894  28.855  -19.585  46.908 0.0000000000
46026  29.376  -19.722  47.730 0.0000000000
41465  26.756  -25.590  42.719 0.0000000000
107628  26.096  -25.885  41.458 0.0000000000
40641  26.036  -26.078  40.784 0.0000000000
50480  28.729  -15.221  39.957 0.0000000000
51328  28.621  -15.047  39.157 0.0000000000
64870  48.828  0.403  26.923 0.0000000000
64869  49.450  0.748  26.654 0.0000000000
106832  49.267  0.874  25.874 0.0000000000
64877  48.536  0.533  25.494 0.0000000000
55058  37.211  -10.803  34.699 0.0000000000
54135  37.619  -11.633  34.965 0.0000000000
53198  34.373  -12.518  34.516 0.0000000000
54133  39.108  -12.086  35.675 0.0000000000
54125  39.645  -11.577  36.044 0.0000000000
55052  38.616  -10.486  35.586 0.0000000000
117607  18.664  -27.064  44.402 0.0000000000
39726  18.910  -27.578  43.804 0.0000000000
39633  27.927  -28.073  49.467 0.0000000000
39644  27.608  -27.696  48.559 0.0000000000
39719  24.927  -27.369  44.021 0.0000000000
46982  27.140  -19.970  39.320 0.0000000000
61434  43.478  -3.171  31.095 0.0000000000
62390  43.866  -2.789  30.694 0.0000000000
62418  45.067  -1.934  26.537 0.0000000000
105747  25.250  -27.097  51.065 0.0000000000
39622  24.667  -26.911  50.325 0.0000000000
59550  42.485  -5.335  34.884 0.0000000000
60471  42.827  -4.855  34.378 0.0000000000
60481  43.137  -4.470  33.919 0.0000000000
40503  20.432  -25.453  49.728 0.0000000000
39650  16.710  -27.790  48.050 0.0000000000
37880  15.310  -29.181  52.643 0.0000000000
37070  14.526  -30.628  48.225 0.0000000000
48688  29.163  -17.102  44.742 0.0000000000
49580  29.862  -16.409  44.631 0.0000000000
48708  28.915  -17.124  43.756 0.0000000000
107483  28.572  -17.322  42.988 0.0000000000
48709  28.329  -17.921  43.585 0.0000000000
45230  28.183  -22.080  42.058 0.0000000000
40562  29.092  -26.052  47.000 0.0000000000
41419  29.806  -25.576  47.363 0.0000000000
43331  31.094  -23.537  44.721 0.0000000000
44280  31.226  -22.751  45.822 0.0000000000
44294  30.693  -22.926  44.368 0.0000000000
54104  32.859  -11.630  38.970 0.0000000000
53166  38.692  -13.096  36.140 0.0000000000
53167  37.802  -12.960  35.881 0.0000000000
109248  37.353  -12.941  36.456 0.0000000000
53170  35.179  -12.412  35.810 0.0000000000
53153  35.130  -12.025  36.548 0.0000000000
53135  41.271  -13.050  37.503 0.0000000000
52225  38.655  -13.163  37.427 0.0000000000
52238  38.905  -13.210  36.678 0.0000000000
41455  20.533  -25.844  44.607 0.0000000000
41456  19.844  -26.199  44.184 0.0000000000
41446  19.789  -25.775  44.960 0.0000000000
39671  24.324  -27.177  46.998 0.0000000000
39688  23.748  -27.107  45.764 0.0000000000
39721  23.752  -28.243  43.746 0.0000000000
39705  23.188  -27.388  44.301 0.0000000000
57634  40.501  -7.880  36.282 0.0000000000
57651  40.223  -7.451  35.637 0.0000000000
105846  39.807  -6.622  34.453 0.0000000000
58579  40.705  -6.720  35.299 0.0000000000
58587  40.480  -6.398  34.654 0.0000000000
58597  40.225  -6.087  33.915 0.0000000000
59568  40.882  -5.615  33.694 0.0000000000
119564  37.759  -6.534  32.084 0.0000000000
58607  38.916  -6.042  32.474 0.0000000000
39614  18.120  -26.784  51.453 0.0000000000
37046  14.181  -30.205  51.589 0.0000000000
36188  13.368  -31.342  49.995 0.0000000000
119684  13.560  -31.561  48.789 0.0000000000
35317  13.157  -32.157  48.522 0.0000000000
111983  10.334  -34.684  48.980 0.0000000000
48671  29.193  -17.344  45.715 0.0000000000
46070  28.590  -20.461  45.718 0.0000000000
46908  28.324  -19.557  45.476 0.0000000000
45206  28.755  -21.358  44.668 0.0000000000
41443  28.617  -25.554  45.375 0.0000000000
41454  27.493  -25.593  44.183 0.0000000000
41463  28.335  -25.097  43.601 0.0000000000
41507  27.281  -25.485  40.461 0.0000000000
52195  30.444  -13.513  39.676 0.0000000000
53127  30.822  -13.090  39.248 0.0000000000
52211  30.250  -13.428  38.820 0.0000000000
51351  28.801  -14.289  36.884 0.0000000000
65741  49.361  1.585  23.406 0.0000000000
64888  48.771  1.033  22.866 0.0000000000
114880  37.112  -9.214  34.574 0.0000000000
56802  36.617  -8.976  34.022 0.0000000000
107412  35.216  -11.064  33.361 0.0000000000
53196  36.692  -12.357  34.854 0.0000000000
53197  35.819  -12.333  34.736 0.0000000000
53208  34.383  -12.421  33.529 0.0000000000
54150  34.511  -11.965  32.824 0.0000000000
118476  41.310  -12.432  37.330 0.0000000000
54112  41.572  -11.697  37.604 0.0000000000
54113  41.032  -11.678  37.081 0.0000000000
55046  39.999  -10.608  36.482 0.0000000000
55045  40.657  -10.711  36.965 0.0000000000
55911  40.315  -9.753  36.824 0.0000000000
56777  40.156  -8.805  36.520 0.0000000000
55919  38.124  -9.658  35.356 0.0000000000
56790  37.654  -8.991  34.991 0.0000000000
40499  30.055  -26.892  50.343 0.0000000000
40514  29.834  -26.754  49.527 0.0000000000
39655  28.148  -27.347  47.964 0.0000000000
40531  28.886  -26.979  48.313 0.0000000000
40546  28.606  -26.704  47.491 0.0000000000
40586  25.757  -27.049  45.190 0.0000000000
40564  27.539  -26.701  46.449 0.0000000000
40601  26.986  -26.120  44.933 0.0000000000
39738  24.761  -27.266  42.970 0.0000000000
38834  23.431  -28.996  42.341 0.0000000000
62369  45.523  -2.646  33.676 0.0000000000
104719  46.025  -1.503  31.063 0.0000000000
117125  46.888  -0.862  31.532 0.0000000000
63234  45.972  -1.416  30.355 0.0000000000
108566  43.626  -2.654  29.325 0.0000000000
63241  45.473  -1.479  28.338 0.0000000000
63238  45.191  -1.753  29.095 0.0000000000
63240  45.936  -1.239  28.938 0.0000000000
64073  46.609  -0.745  28.708 0.0000000000
63251  46.197  -1.211  26.366 0.0000000000
105584  46.772  -0.718  26.930 0.0000000000
40548  23.137  -26.286  47.789 0.0000000000
40549  22.420  -25.902  47.633 0.0000000000
40500  22.995  -26.135  50.267 0.0000000000
114008  22.378  -25.897  50.603 0.0000000000
40490  23.704  -26.432  51.821 0.0000000000
40480  22.597  -26.136  52.515 0.0000000000
41382  31.111  -26.129  51.603 0.0000000000
116389  26.097  -27.506  50.749 0.0000000000
38761  26.637  -27.747  49.962 0.0000000000
102061  25.535  -27.443  49.060 0.0000000000
56815  35.701  -8.929  32.360 0.0000000000
60496  43.088  -4.231  33.268 0.0000000000
100555  43.722  -3.710  32.915 0.0000000000
107087  43.698  -3.328  32.006 0.0000000000
59581  40.669  -5.224  32.534 0.0000000000
110282  41.291  -4.947  32.674 0.0000000000
60521  40.540  -4.643  30.221 0.0000000000
60512  40.780  -4.690  31.157 0.0000000000
60520  41.300  -4.285  30.613 0.0000000000
100507  19.824  -25.568  48.037 0.0000000000
116739  19.528  -25.649  47.326 0.0000000000
40570  19.181  -25.829  46.420 0.0000000000
113318  18.860  -25.913  47.178 0.0000000000
102144  18.708  -26.140  50.029 0.0000000000
40519  19.440  -25.706  49.636 0.0000000000
40520  18.587  -26.152  49.273 0.0000000000
40554  17.786  -26.750  47.060 0.0000000000
38785  16.287  -28.416  46.676 0.0000000000
106793  16.347  -28.599  45.858 0.0000000000
37922  15.975  -29.287  45.763 0.0000000000
38752  16.450  -28.159  50.552 0.0000000000
38753  15.843  -28.674  50.458 0.0000000000
37053  14.319  -30.315  50.710 0.0000000000
37896  14.911  -29.819  50.306 0.0000000000
37069  14.799  -30.146  48.595 0.0000000000
38763  15.642  -29.116  49.023 0.0000000000
37913  15.399  -29.535  47.584 0.0000000000
33306  10.083  -34.500  49.855 0.0000000000
32334  9.051  -35.479  49.721 0.0000000000
54068  33.864  -11.732  40.140 0.0000000000
52179  32.162  -12.981  41.337 0.0000000000
52180  31.475  -13.172  40.783 0.0000000000
51315  29.714  -14.567  40.626 0.0000000000
51302  29.765  -14.845  41.216 0.0000000000
50428  30.532  -15.565  43.604 0.0000000000
49618  29.147  -16.081  42.069 0.0000000000
49619  28.620  -16.510  41.710 0.0000000000
49637  28.296  -16.459  40.886 0.0000000000
119527  28.438  -16.922  41.980 0.0000000000
48734  27.751  -18.164  42.176 0.0000000000
48758  27.690  -17.861  41.479 0.0000000000
47802  27.793  -18.692  43.400 0.0000000000
46126  27.416  -20.406  41.860 0.0000000000
46132  27.295  -20.682  40.926 0.0000000000
45238  27.410  -21.422  40.303 0.0000000000
44335  28.153  -22.701  40.352 0.0000000000
43386  28.739  -23.364  39.036 0.0000000000
117776  30.875  -25.516  49.683 0.0000000000
42333  31.663  -24.443  50.620 0.0000000000
42352  31.094  -24.507  48.096 0.0000000000
41407  31.343  -24.527  49.053 0.0000000000
103518  31.622  -23.713  49.000 0.0000000000
41442  29.453  -25.227  45.645 0.0000000000
41429  30.393  -24.945  46.845 0.0000000000
43326  31.566  -23.584  46.312 0.0000000000
42369  31.505  -24.013  46.689 0.0000000000
43319  31.557  -23.356  47.097 0.0000000000
104292  31.539  -22.855  47.937 0.0000000000
44260  30.912  -22.111  47.124 0.0000000000
45173  29.691  -21.327  46.384 0.0000000000
104141  29.943  -22.422  44.219 0.0000000000
45213  29.053  -21.901  44.149 0.0000000000
42398  30.058  -23.936  43.287 0.0000000000
42411  28.940  -24.096  41.074 0.0000000000
44316  29.426  -23.151  42.703 0.0000000000
115192  28.641  -23.339  40.951 0.0000000000
43377  28.939  -23.918  40.564 0.0000000000
114654  35.222  -11.410  39.052 0.0000000000
54102  34.569  -11.400  38.539 0.0000000000
54116  33.575  -11.447  37.416 0.0000000000
114215  34.214  -11.449  37.759 0.0000000000
54126  33.705  -11.607  36.634 0.0000000000
53156  30.737  -12.732  37.577 0.0000000000
108131  30.842  -12.591  36.667 0.0000000000
53189  31.123  -12.779  35.193 0.0000000000
116790  31.139  -12.543  35.957 0.0000000000
67461  51.668  3.382  22.334 0.0000000000
67463  52.289  3.650  21.761 0.0000000000
117623  47.612  -0.150  24.326 0.0000000000
53150  37.260  -12.735  37.291 0.0000000000
40617  21.373  -26.654  43.561 0.0000000000
39672  23.536  -26.678  47.094 0.0000000000
119834  22.634  -26.686  44.639 0.0000000000
40616  22.174  -26.605  44.140 0.0000000000
57670  39.161  -7.178  34.619 0.0000000000
58600  37.774  -6.790  32.761 0.0000000000
39602  19.075  -26.794  53.176 0.0000000000
40483  18.763  -26.534  52.183 0.0000000000
36175  12.865  -31.741  50.236 0.0000000000
34329  12.425  -32.632  49.097 0.0000000000
34346  12.018  -33.277  48.549 0.0000000000
34331  10.733  -33.840  50.026 0.0000000000
48623  29.728  -17.902  48.256 0.0000000000
119295  28.946  -18.510  46.957 0.0000000000
47748  28.548  -19.033  46.234 0.0000000000
41473  27.519  -25.262  42.245 0.0000000000
41489  26.623  -25.636  41.020 0.0000000000
51314  30.022  -14.050  40.183 0.0000000000
102488  29.078  -14.415  38.760 0.0000000000
51342  28.499  -14.934  38.251 0.0000000000
64857  48.789  0.359  27.691 0.0000000000
64847  48.691  0.370  28.496 0.0000000000
107999  50.513  1.568  25.845 0.0000000000
65713  49.739  1.347  25.404 0.0000000000
55928  36.661  -9.895  34.400 0.0000000000
55059  36.503  -10.904  34.377 0.0000000000
106283  35.136  -12.403  34.806 0.0000000000
52263  33.843  -13.056  32.904 0.0000000000
111823  39.886  -12.549  36.277 0.0000000000
54124  40.396  -11.678  36.544 0.0000000000
55051  39.315  -10.469  36.019 0.0000000000
39725  19.759  -27.426  43.310 0.0000000000
38803  17.811  -28.493  44.281 0.0000000000
39643  28.419  -27.612  48.841 0.0000000000
39686  25.119  -27.421  45.755 0.0000000000
39757  24.643  -27.713  41.500 0.0000000000
39739  24.269  -28.178  42.523 0.0000000000
110863  27.171  -18.560  39.312 0.0000000000
114715  44.805  -2.574  32.102 0.0000000000
62382  44.940  -2.291  31.188 0.0000000000
62388  44.966  -2.143  30.479 0.0000000000
62400  44.328  -2.235  28.737 0.0000000000
62410  44.155  -2.347  27.788 0.0000000000
109369  45.663  -1.479  26.683 0.0000000000
40515  23.608  -26.447  49.477 0.0000000000
39635  24.949  -27.205  49.468 0.0000000000
39636  24.276  -26.788  49.657 0.0000000000
120374  44.016  -4.082  34.322 0.0000000000
60497  42.415  -4.442  32.827 0.0000000000
59590  40.303  -5.131  31.704 0.0000000000
40518  21.103  -25.469  48.976 0.0000000000
40535  20.812  -25.483  48.003 0.0000000000
40536  19.219  -25.739  48.686 0.0000000000
40521  17.917  -26.730  48.935 0.0000000000
39661  17.233  -27.273  47.539 0.0000000000
39662  16.687  -27.832  47.060 0.0000000000
38734  15.889  -28.649  52.336 0.0000000000
37895  15.367  -29.184  50.821 0.0000000000
37061  14.400  -30.518  48.996 0.0000000000
37079  14.954  -30.115  47.943 0.0000000000
52165  31.540  -13.600  41.697 0.0000000000
52152  31.872  -13.779  42.471 0.0000000000
51291  31.314  -14.131  42.265 0.0000000000
51292  30.870  -14.655  42.486 0.0000000000
49561  30.394  -16.271  45.925 0.0000000000
104261  29.981  -16.152  43.897 0.0000000000
50429  29.922  -15.923  43.152 0.0000000000
49589  29.446  -16.475  43.452 0.0000000000
46104  27.899  -20.307  44.081 0.0000000000
46105  27.645  -20.101  43.467 0.0000000000
44327  27.627  -21.569  41.294 0.0000000000
42377  30.182  -24.718  45.034 0.0000000000
42370  31.119  -24.405  46.286 0.0000000000
44270  31.482  -23.014  46.345 0.0000000000
45187  30.506  -22.155  45.844 0.0000000000
42412  28.750  -24.445  41.186 0.0000000000
42423  28.885  -24.279  40.172 0.0000000000
54087  33.734  -11.518  39.272 0.0000000000
54117  32.672  -11.528  37.914 0.0000000000
104766  29.785  -13.395  35.983 0.0000000000
52248  29.970  -13.432  35.425 0.0000000000
66624  50.545  2.559  23.368 0.0000000000
53183  37.808  -12.387  35.321 0.0000000000
112548  37.136  -12.603  35.379 0.0000000000
53185  35.571  -12.547  35.324 0.0000000000
53187  33.773  -12.378  35.237 0.0000000000
116119  40.063  -13.032  36.711 0.0000000000
53181  39.231  -12.755  35.918 0.0000000000
40618  20.562  -26.951  43.241 0.0000000000
39646  25.766  -27.541  48.419 0.0000000000
114122  24.904  -27.426  46.478 0.0000000000
39720  24.040  -28.248  43.920 0.0000000000
61449  42.388  -3.475  29.962 0.0000000000
61448  43.293  -3.019  30.211 0.0000000000
111881  42.907  -3.119  29.427 0.0000000000
39613  25.161  -26.877  52.015 0.0000000000
58561  41.670  -6.784  36.246 0.0000000000
59535  42.147  -5.796  35.335 0.0000000000
59551  41.738  -5.704  34.718 0.0000000000
59567  41.628  -5.338  33.850 0.0000000000
59569  40.381  -5.616  33.161 0.0000000000
59583  39.039  -5.767  31.796 0.0000000000
59592  38.779  -5.794  31.057 0.0000000000
105885  19.824  -25.680  51.104 0.0000000000
119305  19.899  -25.563  50.345 0.0000000000
40504  18.469  -26.421  50.780 0.0000000000
118269  18.599  -26.456  51.439 0.0000000000
118039  17.401  -27.282  50.104 0.0000000000
107289  16.872  -27.767  49.901 0.0000000000
37054  13.796  -30.841  50.278 0.0000000000
48655  29.819  -17.019  47.036 0.0000000000
49562  29.749  -16.830  46.220 0.0000000000
109468  28.286  -18.700  44.928 0.0000000000
109672  27.973  -19.565  44.615 0.0000000000
44309  28.620  -21.814  43.443 0.0000000000
40583  28.035  -26.093  45.941 0.0000000000
41452  29.301  -25.073  44.778 0.0000000000
42384  30.010  -24.594  44.176 0.0000000000
42390  30.368  -24.172  43.761 0.0000000000
42391  29.792  -24.393  43.471 0.0000000000
53106  31.820  -12.647  40.094 0.0000000000
53126  31.461  -12.589  39.198 0.0000000000
53142  30.805  -12.906  38.521 0.0000000000
52212  29.543  -13.816  38.297 0.0000000000
52239  29.312  -13.749  36.403 0.0000000000
65712  50.268  1.863  24.886 0.0000000000
65744  49.356  1.529  22.463 0.0000000000
56813  36.874  -8.235  33.582 0.0000000000
54141  36.236  -11.765  34.455 0.0000000000
54159  34.763  -11.277  32.617 0.0000000000
55904  41.453  -9.841  37.915 0.0000000000
56776  40.846  -8.313  36.913 0.0000000000
56787  39.814  -8.212  35.927 0.0000000000
56788  39.123  -8.497  35.621 0.0000000000
56800  37.966  -8.236  34.735 0.0000000000
42321  31.724  -24.985  51.587 0.0000000000
40545  29.336  -26.282  47.837 0.0000000000
39657  26.623  -27.470  47.463 0.0000000000
39669  27.060  -27.233  46.944 0.0000000000
40613  26.738  -25.977  44.266 0.0000000000
40614  26.195  -26.217  43.894 0.0000000000
120402  26.207  -25.937  43.161 0.0000000000
40642  25.439  -26.431  41.419 0.0000000000
49650  28.068  -16.238  40.095 0.0000000000
64054  47.297  -0.456  31.056 0.0000000000
110627  43.948  -2.606  30.139 0.0000000000
62394  45.330  -1.798  30.032 0.0000000000
64064  47.218  -0.447  30.201 0.0000000000
64068  47.245  -0.384  29.279 0.0000000000
64067  47.952  0.044  28.879 0.0000000000
64079  46.693  -0.668  27.812 0.0000000000
64071  48.057  0.031  28.030 0.0000000000
64087  48.120  0.158  26.208 0.0000000000
64088  47.352  -0.360  25.610 0.0000000000
40567  22.320  -26.030  46.824 0.0000000000
40517  21.994  -25.681  49.157 0.0000000000
40479  23.431  -26.367  52.662 0.0000000000
40493  20.573  -25.658  51.582 0.0000000000
40482  20.378  -25.884  52.463 0.0000000000
113923  20.309  -26.245  53.178 0.0000000000
118270  19.742  -26.603  53.401 0.0000000000
42308  32.068  -25.072  52.673 0.0000000000
106865  30.203  -26.984  51.055 0.0000000000
39609  29.687  -27.454  50.974 0.0000000000
38768  27.116  -27.802  49.239 0.0000000000
38760  27.503  -28.122  50.135 0.0000000000
56831  36.139  -8.347  32.284 0.0000000000
61412  44.370  -3.471  33.374 0.0000000000
60483  41.780  -4.870  33.125 0.0000000000
60498  41.760  -4.622  32.377 0.0000000000
60510  42.332  -4.196  31.961 0.0000000000
60519  42.168  -3.931  30.925 0.0000000000
61461  41.668  -3.795  29.315 0.0000000000
40568  21.534  -25.783  46.508 0.0000000000
40569  20.681  -25.596  46.212 0.0000000000
41432  19.871  -25.608  45.866 0.0000000000
119517  19.278  -25.957  45.465 0.0000000000
40571  18.398  -26.299  46.637 0.0000000000
40591  18.038  -27.139  45.029 0.0000000000
39708  17.472  -27.919  44.794 0.0000000000
38804  17.082  -28.687  44.673 0.0000000000
38793  16.840  -28.232  45.304 0.0000000000
39604  17.122  -27.607  52.095 0.0000000000
38770  16.216  -28.446  48.555 0.0000000000
37923  15.536  -29.579  46.630 0.0000000000
32347  9.753  -35.089  49.300 0.0000000000
32348  9.393  -35.736  48.791 0.0000000000
53123  36.753  -11.797  39.157 0.0000000000
105538  32.558  -12.353  40.319 0.0000000000
52166  30.938  -13.740  41.175 0.0000000000
51285  31.032  -14.953  43.240 0.0000000000
50450  29.490  -15.417  41.632 0.0000000000
50469  28.549  -15.754  40.458 0.0000000000
49638  27.718  -16.888  40.151 0.0000000000
48757  28.113  -17.051  41.440 0.0000000000
48778  27.640  -17.458  40.718 0.0000000000
109516  27.085  -19.941  40.281 0.0000000000
47819  27.583  -18.767  42.597 0.0000000000
112160  27.219  -19.776  41.281 0.0000000000
45246  27.355  -21.360  39.327 0.0000000000
44353  27.693  -22.016  38.876 0.0000000000
44352  28.392  -22.605  38.487 0.0000000000
104496  31.949  -23.729  50.582 0.0000000000
43290  31.989  -23.149  50.274 0.0000000000
44218  31.896  -22.450  50.121 0.0000000000
42360  31.472  -23.988  47.533 0.0000000000
43312  31.649  -23.283  48.518 0.0000000000
101970  31.641  -22.781  48.713 0.0000000000
44230  31.639  -22.241  49.279 0.0000000000
45131  31.387  -21.526  49.420 0.0000000000
45145  30.658  -21.332  48.291 0.0000000000
107065  30.302  -20.686  48.626 0.0000000000
46025  29.940  -20.777  47.854 0.0000000000
46038  29.408  -20.548  47.088 0.0000000000
46069  29.085  -21.098  45.896 0.0000000000
44317  28.830  -22.422  42.730 0.0000000000
43347  29.979  -23.347  43.300 0.0000000000
42438  29.016  -24.376  38.990 0.0000000000
43397  29.212  -23.870  38.617 0.0000000000
53138  36.411  -11.839  38.497 0.0000000000
54114  34.978  -11.612  37.504 0.0000000000
53140  31.878  -11.862  37.873 0.0000000000
53154  32.109  -11.720  37.117 0.0000000000
53173  31.615  -12.145  36.488 0.0000000000
53172  32.420  -11.851  36.222 0.0000000000
53188  32.765  -12.261  35.408 0.0000000000
101742  33.083  -12.618  34.764 0.0000000000
64882  48.224  0.434  24.382 0.0000000000
64889  48.300  0.438  23.315 0.0000000000
43273  32.413  -23.412  51.875 0.0000000000
114663  38.272  -6.392  32.474 0.0000000000
118511  44.251  -2.954  32.016 0.0000000000
