#!ascii label  , from subject sub-v2s8x29210_ses-1 vox2ras=TkReg
883
40857  -36.292  -36.903  51.360 0.0000000000
38976  -22.886  -39.078  49.521 0.0000000000
37990  -29.051  -40.914  50.828 0.0000000000
112155  -45.935  -16.339  40.023 0.0000000000
62091  -51.188  -13.813  36.284 0.0000000000
37954  -16.112  -40.499  53.295 0.0000000000
59435  -41.789  -17.927  41.836 0.0000000000
44510  -35.100  -33.707  51.565 0.0000000000
38009  -33.457  -40.090  50.748 0.0000000000
37985  -19.513  -40.282  51.857 0.0000000000
34013  -19.125  -44.304  55.701 0.0000000000
40855  -33.382  -37.322  51.537 0.0000000000
43546  -31.835  -34.998  51.028 0.0000000000
40870  -25.692  -36.587  50.538 0.0000000000
117647  -29.970  -38.982  52.095 0.0000000000
50242  -38.277  -27.612  40.947 0.0000000000
122899  -41.018  -23.524  41.630 0.0000000000
55733  -44.342  -21.447  39.524 0.0000000000
34028  -10.085  -43.825  54.559 0.0000000000
32046  -5.354  -46.423  54.601 0.0000000000
46564  -31.390  -31.591  48.993 0.0000000000
46603  -32.131  -31.772  46.126 0.0000000000
46641  -35.563  -30.870  42.564 0.0000000000
34008  -14.581  -44.491  55.430 0.0000000000
36945  -23.162  -41.416  52.465 0.0000000000
113814  -23.704  -38.328  51.976 0.0000000000
38965  -35.269  -38.763  50.698 0.0000000000
42651  -20.627  -35.518  50.353 0.0000000000
38955  -20.745  -39.536  50.186 0.0000000000
35920  -21.387  -42.584  52.419 0.0000000000
40819  -33.152  -37.392  54.021 0.0000000000
39943  -32.267  -38.605  52.195 0.0000000000
52949  -37.508  -23.885  41.754 0.0000000000
129193  -39.367  -25.294  41.038 0.0000000000
54789  -38.583  -21.730  41.924 0.0000000000
57524  -42.264  -19.294  40.036 0.0000000000
120854  -44.854  -18.866  38.925 0.0000000000
56652  -46.685  -20.672  39.115 0.0000000000
58527  -46.922  -18.460  38.499 0.0000000000
58531  -48.257  -17.905  37.701 0.0000000000
121246  -30.069  -32.655  52.319 0.0000000000
133838  -30.868  -33.055  50.128 0.0000000000
46547  -29.514  -31.141  50.629 0.0000000000
48286  -30.927  -29.255  46.453 0.0000000000
48296  -31.850  -29.400  44.738 0.0000000000
46621  -33.977  -32.023  44.042 0.0000000000
49233  -33.648  -28.849  43.613 0.0000000000
50230  -35.549  -27.694  42.131 0.0000000000
38958  -27.422  -39.268  50.693 0.0000000000
35896  -13.255  -42.021  53.699 0.0000000000
34964  -15.475  -43.110  53.466 0.0000000000
27858  -6.019  -50.551  56.327 0.0000000000
25706  -3.862  -51.868  55.983 0.0000000000
124969  -40.044  -19.348  43.419 0.0000000000
46541  -34.410  -31.412  51.987 0.0000000000
36982  -31.284  -41.185  50.908 0.0000000000
116783  -18.013  -40.754  52.477 0.0000000000
35899  -17.396  -42.889  52.870 0.0000000000
35918  -19.633  -42.510  52.543 0.0000000000
63754  -53.211  -12.661  35.458 0.0000000000
40876  -34.546  -37.546  50.399 0.0000000000
42657  -34.376  -35.516  50.224 0.0000000000
42619  -32.399  -35.595  51.654 0.0000000000
43567  -22.832  -34.640  48.649 0.0000000000
40891  -24.229  -37.132  49.741 0.0000000000
42667  -25.642  -35.064  49.486 0.0000000000
125118  -27.527  -36.268  50.283 0.0000000000
39977  -28.509  -38.628  50.536 0.0000000000
41681  -29.186  -37.349  51.923 0.0000000000
39979  -29.858  -39.115  50.897 0.0000000000
38962  -31.833  -39.622  50.666 0.0000000000
39982  -33.792  -38.475  50.570 0.0000000000
47501  -39.462  -30.528  42.037 0.0000000000
56629  -40.492  -20.483  40.972 0.0000000000
54813  -42.254  -21.908  40.672 0.0000000000
59470  -49.946  -16.894  36.584 0.0000000000
33041  -7.220  -45.109  54.418 0.0000000000
29939  -7.574  -48.574  56.488 0.0000000000
44522  -33.192  -33.732  50.169 0.0000000000
45520  -33.042  -32.635  50.112 0.0000000000
110709  -33.577  -31.568  49.988 0.0000000000
48269  -29.713  -29.367  48.893 0.0000000000
46592  -31.605  -31.308  47.652 0.0000000000
130892  -33.647  -31.969  48.194 0.0000000000
112166  -34.786  -33.210  46.064 0.0000000000
44594  -35.876  -33.243  44.893 0.0000000000
46634  -37.720  -31.877  42.964 0.0000000000
48329  -36.551  -29.028  41.364 0.0000000000
51224  -36.239  -26.173  41.836 0.0000000000
40839  -24.805  -37.396  52.665 0.0000000000
36905  -10.907  -41.652  54.521 0.0000000000
34007  -12.715  -43.988  55.143 0.0000000000
34034  -17.109  -44.444  54.742 0.0000000000
25682  -0.983  -53.290  57.453 0.0000000000
38002  -22.939  -40.317  50.400 0.0000000000
112707  -23.551  -39.410  51.706 0.0000000000
39974  -23.419  -38.768  49.947 0.0000000000
39962  -35.832  -38.248  50.975 0.0000000000
41731  -21.630  -36.681  48.966 0.0000000000
40888  -20.568  -37.275  49.979 0.0000000000
38974  -21.649  -39.360  49.540 0.0000000000
38001  -22.285  -40.647  50.255 0.0000000000
54770  -37.431  -22.572  43.370 0.0000000000
53912  -37.692  -23.087  42.018 0.0000000000
55691  -38.292  -21.271  42.624 0.0000000000
60287  -44.937  -16.679  40.650 0.0000000000
59455  -44.273  -17.673  39.715 0.0000000000
59456  -45.007  -17.477  39.397 0.0000000000
58523  -45.528  -18.569  38.798 0.0000000000
59459  -46.253  -17.275  38.943 0.0000000000
60294  -46.797  -16.842  38.909 0.0000000000
45498  -29.742  -31.934  51.897 0.0000000000
50199  -32.246  -27.689  45.517 0.0000000000
120443  -33.015  -28.964  43.921 0.0000000000
49226  -33.497  -28.195  44.299 0.0000000000
121444  -34.906  -27.687  44.408 0.0000000000
124774  -27.843  -39.885  50.588 0.0000000000
128870  -27.427  -40.513  51.384 0.0000000000
36963  -28.490  -41.648  51.772 0.0000000000
36919  -14.486  -41.183  53.393 0.0000000000
36920  -15.345  -41.396  52.941 0.0000000000
110366  -51.050  -14.830  36.351 0.0000000000
26798  -4.570  -51.706  56.093 0.0000000000
43532  -35.801  -34.160  52.118 0.0000000000
44491  -34.506  -32.550  52.128 0.0000000000
36983  -32.102  -40.924  50.794 0.0000000000
36968  -33.274  -41.221  52.015 0.0000000000
39953  -19.851  -38.534  51.765 0.0000000000
38924  -19.252  -39.473  52.300 0.0000000000
38923  -18.615  -39.448  52.867 0.0000000000
37969  -18.782  -40.268  52.383 0.0000000000
36942  -19.170  -41.731  52.203 0.0000000000
36958  -19.815  -41.223  51.762 0.0000000000
35901  -22.334  -42.608  53.401 0.0000000000
34957  -21.792  -42.982  53.739 0.0000000000
40875  -33.887  -37.226  50.659 0.0000000000
41713  -33.917  -36.253  50.409 0.0000000000
42620  -32.939  -36.321  52.152 0.0000000000
44531  -23.635  -33.628  49.248 0.0000000000
42676  -24.253  -35.074  48.722 0.0000000000
44533  -25.222  -33.643  49.770 0.0000000000
43556  -27.429  -34.687  50.529 0.0000000000
42654  -28.332  -36.032  50.610 0.0000000000
41712  -28.231  -36.991  50.544 0.0000000000
132470  -28.720  -36.187  51.025 0.0000000000
39940  -29.593  -38.890  52.843 0.0000000000
40840  -29.436  -38.287  52.063 0.0000000000
39958  -29.625  -38.644  51.370 0.0000000000
39959  -30.396  -39.169  51.441 0.0000000000
119199  -31.091  -39.891  50.676 0.0000000000
38944  -30.989  -39.422  50.972 0.0000000000
40854  -32.983  -37.991  51.851 0.0000000000
39961  -32.499  -38.652  51.160 0.0000000000
127422  -33.383  -38.043  50.905 0.0000000000
132793  -34.006  -37.931  50.523 0.0000000000
123371  -38.905  -29.027  41.264 0.0000000000
48332  -40.200  -29.337  41.593 0.0000000000
50243  -39.459  -27.910  41.118 0.0000000000
52961  -40.493  -24.401  41.472 0.0000000000
52093  -40.731  -25.851  41.256 0.0000000000
58491  -40.720  -18.602  42.543 0.0000000000
57513  -39.628  -19.598  41.927 0.0000000000
57515  -40.898  -19.184  41.088 0.0000000000
56649  -43.730  -20.156  39.382 0.0000000000
55731  -42.627  -20.856  39.855 0.0000000000
55717  -43.612  -21.913  39.996 0.0000000000
54794  -43.408  -22.570  41.655 0.0000000000
59463  -48.736  -17.457  37.250 0.0000000000
60299  -49.329  -16.231  36.941 0.0000000000
60307  -50.036  -15.890  36.680 0.0000000000
34945  -9.597  -43.030  54.423 0.0000000000
34943  -7.696  -43.677  54.570 0.0000000000
33043  -8.575  -44.259  54.464 0.0000000000
30984  -8.447  -47.247  56.325 0.0000000000
28901  -7.377  -49.400  57.690 0.0000000000
42655  -32.746  -35.097  50.506 0.0000000000
43559  -33.604  -34.701  50.230 0.0000000000
43558  -32.180  -34.536  50.383 0.0000000000
45537  -30.525  -32.417  49.914 0.0000000000
45519  -32.158  -32.839  49.628 0.0000000000
45539  -32.069  -32.014  49.358 0.0000000000
46550  -33.542  -31.837  50.341 0.0000000000
46565  -32.336  -31.687  49.134 0.0000000000
49178  -30.026  -28.275  48.745 0.0000000000
117748  -31.165  -30.112  46.013 0.0000000000
47454  -31.120  -30.623  46.936 0.0000000000
46602  -31.627  -31.318  46.698 0.0000000000
46593  -32.409  -31.737  47.924 0.0000000000
111357  -32.657  -32.061  46.973 0.0000000000
133116  -33.978  -32.332  47.618 0.0000000000
45593  -33.455  -32.566  45.549 0.0000000000
46631  -34.367  -31.553  43.444 0.0000000000
45605  -34.424  -32.670  44.501 0.0000000000
45617  -35.618  -32.320  43.503 0.0000000000
45607  -36.343  -32.798  44.028 0.0000000000
46642  -36.533  -31.139  42.420 0.0000000000
47499  -37.130  -30.601  41.978 0.0000000000
48320  -35.996  -29.563  41.774 0.0000000000
51213  -35.953  -26.155  43.284 0.0000000000
51212  -35.748  -26.800  42.474 0.0000000000
52073  -36.252  -25.367  43.448 0.0000000000
41709  -24.894  -36.583  50.148 0.0000000000
40850  -24.409  -37.354  51.452 0.0000000000
39956  -25.457  -37.416  51.998 0.0000000000
34950  -14.294  -43.540  54.257 0.0000000000
35881  -12.895  -42.736  54.184 0.0000000000
133546  -13.393  -44.139  55.198 0.0000000000
34954  -18.307  -43.880  54.194 0.0000000000
34048  -16.959  -43.956  53.912 0.0000000000
34012  -18.329  -44.531  55.547 0.0000000000
36922  -23.193  -41.335  53.444 0.0000000000
37943  -23.327  -40.331  53.905 0.0000000000
38914  -23.486  -39.426  53.525 0.0000000000
40814  -23.882  -37.913  54.175 0.0000000000
38945  -34.547  -39.731  50.967 0.0000000000
37973  -33.835  -40.733  51.855 0.0000000000
41691  -20.317  -35.954  51.069 0.0000000000
40867  -20.399  -37.980  50.618 0.0000000000
38940  -20.507  -39.994  50.743 0.0000000000
36959  -20.683  -41.525  51.313 0.0000000000
36978  -21.414  -41.352  50.803 0.0000000000
116554  -22.688  -41.840  51.855 0.0000000000
40842  -33.175  -37.380  52.464 0.0000000000
123116  -33.168  -36.832  52.861 0.0000000000
39941  -30.443  -39.240  52.811 0.0000000000
39960  -31.516  -39.084  51.543 0.0000000000
40841  -32.812  -38.047  52.833 0.0000000000
52089  -37.199  -25.407  41.341 0.0000000000
121131  -38.886  -25.861  40.874 0.0000000000
52091  -38.586  -24.993  41.054 0.0000000000
53914  -39.036  -23.465  41.350 0.0000000000
121067  -39.662  -22.814  41.411 0.0000000000
58512  -42.283  -18.391  40.579 0.0000000000
59449  -42.937  -17.935  40.482 0.0000000000
124872  -43.477  -18.798  39.563 0.0000000000
56650  -44.661  -20.422  39.193 0.0000000000
55734  -45.304  -21.350  39.341 0.0000000000
57538  -45.415  -19.576  38.895 0.0000000000
57539  -46.378  -19.119  38.687 0.0000000000
57545  -47.330  -19.198  38.560 0.0000000000
58528  -47.659  -18.360  38.181 0.0000000000
60296  -47.937  -16.513  38.035 0.0000000000
33023  -10.937  -45.073  55.802 0.0000000000
117054  -9.815  -45.042  55.202 0.0000000000
32024  -10.709  -45.820  56.857 0.0000000000
44507  -30.801  -33.942  51.495 0.0000000000
43557  -31.434  -34.219  50.628 0.0000000000
44506  -30.386  -33.238  51.457 0.0000000000
45517  -30.054  -32.361  50.615 0.0000000000
46548  -29.883  -31.796  50.187 0.0000000000
50165  -30.681  -27.986  47.461 0.0000000000
50182  -31.035  -27.984  46.770 0.0000000000
48295  -31.375  -29.132  45.581 0.0000000000
47478  -31.955  -30.492  44.626 0.0000000000
46613  -32.778  -31.978  45.189 0.0000000000
47479  -32.833  -30.674  43.925 0.0000000000
47487  -33.636  -30.387  43.434 0.0000000000
47488  -34.310  -30.232  43.027 0.0000000000
48319  -35.296  -29.341  42.191 0.0000000000
49234  -34.369  -28.706  43.125 0.0000000000
40871  -26.471  -37.267  50.865 0.0000000000
39939  -26.197  -38.263  52.048 0.0000000000
37987  -27.023  -40.049  51.613 0.0000000000
125222  -14.052  -42.021  53.431 0.0000000000
132989  -14.993  -43.576  53.969 0.0000000000
29964  -5.257  -48.247  54.767 0.0000000000
30994  -4.370  -47.499  54.941 0.0000000000
28913  -4.146  -49.854  55.386 0.0000000000
28912  -3.569  -50.109  55.823 0.0000000000
27848  -2.259  -51.098  57.398 0.0000000000
110955  -34.500  -31.022  51.332 0.0000000000
36980  -29.735  -41.049  50.875 0.0000000000
36964  -29.236  -41.543  51.367 0.0000000000
37956  -17.981  -39.420  53.555 0.0000000000
126977  -17.420  -40.490  52.702 0.0000000000
35916  -16.365  -41.968  52.622 0.0000000000
36941  -18.112  -41.663  52.391 0.0000000000
34975  -18.262  -43.035  52.952 0.0000000000
34968  -19.576  -43.348  53.591 0.0000000000
35919  -20.527  -42.586  52.456 0.0000000000
34969  -20.414  -43.258  53.611 0.0000000000
115095  -20.563  -43.626  55.036 0.0000000000
62916  -51.604  -13.179  35.903 0.0000000000
114875  -35.122  -36.932  50.376 0.0000000000
42658  -35.132  -35.993  50.339 0.0000000000
41714  -34.606  -36.306  50.259 0.0000000000
42637  -33.118  -35.905  50.870 0.0000000000
42602  -32.520  -35.836  52.823 0.0000000000
43531  -31.749  -35.134  52.287 0.0000000000
43530  -31.270  -34.550  51.764 0.0000000000
44475  -30.722  -33.841  53.136 0.0000000000
41732  -22.479  -36.719  48.621 0.0000000000
40890  -23.611  -37.808  49.436 0.0000000000
41734  -24.028  -35.988  48.732 0.0000000000
42666  -24.841  -35.586  49.262 0.0000000000
41710  -25.587  -36.239  49.988 0.0000000000
43554  -25.974  -33.889  49.992 0.0000000000
41726  -26.418  -35.338  49.777 0.0000000000
116924  -26.763  -36.703  50.440 0.0000000000
40872  -27.452  -37.432  50.508 0.0000000000
39976  -27.730  -38.507  50.511 0.0000000000
38959  -28.669  -39.582  50.520 0.0000000000
41680  -28.863  -36.358  51.902 0.0000000000
40853  -29.189  -37.859  51.236 0.0000000000
39978  -29.180  -39.028  50.642 0.0000000000
38005  -29.407  -40.279  50.612 0.0000000000
38006  -30.815  -40.505  50.695 0.0000000000
38007  -31.565  -40.397  50.628 0.0000000000
38963  -32.742  -39.684  50.599 0.0000000000
39980  -31.853  -39.107  50.910 0.0000000000
39981  -32.386  -39.151  50.746 0.0000000000
133792  -33.462  -39.457  50.607 0.0000000000
38964  -34.618  -39.203  50.644 0.0000000000
40877  -35.268  -37.911  50.515 0.0000000000
42664  -21.657  -35.269  49.114 0.0000000000
51240  -40.465  -26.667  41.127 0.0000000000
56611  -38.836  -20.284  42.677 0.0000000000
55701  -39.155  -21.043  41.657 0.0000000000
55703  -40.895  -21.910  41.047 0.0000000000
57523  -41.475  -19.650  40.481 0.0000000000
54812  -41.478  -21.510  40.678 0.0000000000
54792  -41.694  -22.279  41.127 0.0000000000
131171  -42.478  -22.866  41.948 0.0000000000
59471  -50.903  -17.206  36.430 0.0000000000
61223  -50.682  -15.562  36.489 0.0000000000
130415  -50.595  -14.169  36.703 0.0000000000
34942  -6.969  -43.779  54.798 0.0000000000
113169  -6.765  -45.833  54.477 0.0000000000
33020  -8.773  -45.831  55.232 0.0000000000
32032  -7.810  -46.754  55.354 0.0000000000
30995  -6.641  -47.806  55.109 0.0000000000
29938  -6.830  -49.018  55.913 0.0000000000
43561  -35.095  -35.149  50.392 0.0000000000
43560  -34.418  -34.742  50.292 0.0000000000
44523  -34.009  -33.954  50.398 0.0000000000
44521  -32.304  -33.735  49.970 0.0000000000
44508  -33.647  -32.844  50.656 0.0000000000
45500  -33.648  -32.056  50.907 0.0000000000
46540  -34.078  -31.598  51.205 0.0000000000
46551  -34.126  -31.232  50.499 0.0000000000
47427  -29.554  -30.380  49.542 0.0000000000
47428  -29.978  -30.760  49.147 0.0000000000
48278  -30.185  -29.286  47.788 0.0000000000
47443  -30.287  -30.343  48.475 0.0000000000
46579  -31.617  -31.377  48.584 0.0000000000
46580  -32.437  -31.603  48.812 0.0000000000
46581  -33.242  -31.738  48.742 0.0000000000
45594  -34.164  -32.866  45.380 0.0000000000
44575  -35.606  -33.407  45.746 0.0000000000
46644  -38.264  -31.379  42.447 0.0000000000
47506  -37.741  -30.080  41.600 0.0000000000
49253  -37.158  -28.471  41.086 0.0000000000
49251  -35.769  -28.161  41.715 0.0000000000
50240  -36.389  -27.429  41.298 0.0000000000
114915  -36.672  -26.711  41.210 0.0000000000
52088  -36.679  -25.412  41.774 0.0000000000
53893  -36.764  -23.847  43.155 0.0000000000
40868  -23.997  -37.726  50.556 0.0000000000
40838  -24.239  -37.573  52.525 0.0000000000
39925  -25.970  -38.513  52.896 0.0000000000
34946  -10.603  -43.142  54.442 0.0000000000
35880  -11.797  -41.780  54.282 0.0000000000
34947  -11.529  -43.250  54.549 0.0000000000
34029  -10.991  -43.907  54.722 0.0000000000
34006  -12.186  -44.359  55.728 0.0000000000
129637  -16.184  -43.044  53.188 0.0000000000
34952  -16.241  -43.685  53.673 0.0000000000
34010  -16.274  -44.714  55.207 0.0000000000
24571  -4.141  -53.788  57.678 0.0000000000
25694  -2.197  -52.958  57.130 0.0000000000
27847  -1.281  -51.059  58.053 0.0000000000
38957  -22.994  -39.657  49.906 0.0000000000
114893  -23.372  -39.600  50.640 0.0000000000
40856  -35.804  -37.393  50.824 0.0000000000
40895  -22.060  -37.423  48.813 0.0000000000
39993  -21.722  -38.117  49.104 0.0000000000
39994  -22.297  -38.778  49.259 0.0000000000
38975  -22.378  -39.557  49.604 0.0000000000
55682  -37.758  -21.926  43.871 0.0000000000
55686  -37.844  -21.881  43.070 0.0000000000
55687  -38.182  -21.257  43.491 0.0000000000
128955  -45.352  -16.617  40.122 0.0000000000
59452  -44.862  -17.017  39.935 0.0000000000
59457  -45.592  -16.953  39.493 0.0000000000
58525  -45.548  -17.720  38.963 0.0000000000
60292  -46.380  -16.542  39.419 0.0000000000
38004  -28.509  -40.401  50.672 0.0000000000
37989  -28.458  -41.067  51.146 0.0000000000
37967  -15.933  -40.944  52.865 0.0000000000
62092  -51.794  -15.098  36.049 0.0000000000
133429  -51.623  -14.460  36.021 0.0000000000
44492  -35.164  -33.111  52.615 0.0000000000
38008  -32.786  -40.513  50.801 0.0000000000
36967  -32.670  -41.167  51.370 0.0000000000
37991  -33.369  -40.683  51.313 0.0000000000
38939  -19.933  -39.406  51.555 0.0000000000
126548  -19.503  -38.805  52.169 0.0000000000
121854  -19.163  -40.920  52.032 0.0000000000
41693  -33.364  -36.665  51.240 0.0000000000
126332  -33.271  -36.865  52.123 0.0000000000
44532  -24.468  -33.533  49.509 0.0000000000
42617  -28.147  -34.960  51.881 0.0000000000
42635  -28.109  -35.136  50.840 0.0000000000
42636  -28.535  -35.658  51.325 0.0000000000
49254  -38.116  -28.646  41.132 0.0000000000
119176  -38.901  -28.405  41.143 0.0000000000
53915  -40.027  -23.604  41.399 0.0000000000
117601  -41.748  -23.661  41.899 0.0000000000
58492  -41.506  -18.123  42.496 0.0000000000
58501  -40.345  -19.011  41.830 0.0000000000
58502  -41.167  -18.446  41.675 0.0000000000
133217  -44.042  -20.779  39.403 0.0000000000
55732  -43.416  -21.022  39.618 0.0000000000
61213  -48.977  -15.695  37.564 0.0000000000
122692  -9.290  -43.758  54.490 0.0000000000
34003  -9.561  -44.447  54.724 0.0000000000
45538  -31.105  -32.078  49.316 0.0000000000
46611  -31.496  -31.035  46.006 0.0000000000
46604  -32.982  -32.364  46.165 0.0000000000
47489  -34.739  -30.903  43.009 0.0000000000
46632  -35.136  -31.641  43.150 0.0000000000
117088  -36.008  -31.695  42.940 0.0000000000
47498  -36.246  -30.349  42.048 0.0000000000
133779  -35.581  -30.050  42.190 0.0000000000
115287  -24.877  -36.894  51.033 0.0000000000
40852  -25.422  -36.999  51.327 0.0000000000
34031  -14.071  -44.092  54.939 0.0000000000
121860  -13.781  -44.455  55.628 0.0000000000
34036  -18.758  -44.085  54.951 0.0000000000
33039  -5.562  -45.658  54.679 0.0000000000
127551  -4.971  -46.008  54.813 0.0000000000
43549  -36.226  -34.853  51.866 0.0000000000
37957  -23.404  -40.467  53.012 0.0000000000
38925  -23.529  -39.546  52.673 0.0000000000
117172  -23.582  -38.781  53.166 0.0000000000
39923  -23.660  -38.389  53.818 0.0000000000
119232  -23.698  -38.175  53.145 0.0000000000
38946  -35.077  -39.475  51.060 0.0000000000
37993  -34.696  -39.954  51.433 0.0000000000
42634  -20.412  -35.052  51.002 0.0000000000
38973  -20.980  -39.102  49.680 0.0000000000
39973  -20.551  -38.816  50.271 0.0000000000
122561  -20.393  -39.282  50.791 0.0000000000
37999  -20.841  -40.796  50.672 0.0000000000
38956  -21.067  -40.195  50.170 0.0000000000
36962  -23.103  -41.185  51.582 0.0000000000
131117  -22.735  -41.454  51.347 0.0000000000
36944  -22.911  -42.111  53.009 0.0000000000
40830  -33.110  -37.450  53.273 0.0000000000
41671  -33.150  -36.885  53.550 0.0000000000
39942  -31.418  -39.080  52.577 0.0000000000
40829  -32.843  -38.151  53.722 0.0000000000
52958  -37.063  -24.730  41.755 0.0000000000
119249  -37.714  -24.765  41.321 0.0000000000
54788  -38.114  -22.512  41.970 0.0000000000
53913  -38.189  -23.263  41.625 0.0000000000
115173  -38.777  -22.603  41.587 0.0000000000
54790  -39.378  -21.943  41.486 0.0000000000
59450  -43.621  -17.543  40.437 0.0000000000
58521  -44.130  -18.606  39.275 0.0000000000
133127  -44.180  -19.862  39.211 0.0000000000
57537  -44.504  -19.468  39.076 0.0000000000
58526  -46.251  -18.105  38.657 0.0000000000
60295  -47.328  -16.693  38.552 0.0000000000
44489  -30.490  -33.499  52.335 0.0000000000
46539  -29.516  -31.199  51.534 0.0000000000
45516  -29.740  -31.863  51.047 0.0000000000
49218  -31.988  -28.422  45.018 0.0000000000
49217  -31.621  -28.235  45.691 0.0000000000
47477  -31.476  -29.983  45.207 0.0000000000
48304  -32.478  -29.654  44.106 0.0000000000
48310  -33.191  -29.682  43.644 0.0000000000
48311  -33.927  -29.550  43.228 0.0000000000
48318  -34.607  -29.482  42.745 0.0000000000
50221  -34.792  -28.001  43.505 0.0000000000
39975  -27.034  -38.308  50.813 0.0000000000
38942  -26.862  -39.096  51.242 0.0000000000
115476  -27.833  -41.080  51.571 0.0000000000
37988  -27.285  -40.823  52.008 0.0000000000
122260  -14.907  -42.115  53.132 0.0000000000
128745  -14.567  -42.882  53.628 0.0000000000
28915  -5.997  -49.383  55.508 0.0000000000
28927  -4.567  -48.917  54.986 0.0000000000
28914  -5.055  -49.760  55.314 0.0000000000
26811  -4.135  -51.199  55.707 0.0000000000
26810  -3.734  -51.302  55.859 0.0000000000
122636  -3.016  -50.375  56.758 0.0000000000
26797  -3.141  -51.779  56.429 0.0000000000
45481  -34.389  -31.755  52.391 0.0000000000
36981  -30.484  -41.132  50.899 0.0000000000
129114  -30.753  -41.557  51.275 0.0000000000
37968  -18.036  -40.057  52.815 0.0000000000
37955  -17.376  -40.025  53.206 0.0000000000
36940  -17.256  -41.102  52.486 0.0000000000
35917  -18.717  -42.463  52.585 0.0000000000
34976  -19.153  -43.028  52.980 0.0000000000
34967  -18.684  -43.434  53.548 0.0000000000
35932  -21.008  -42.230  51.797 0.0000000000
34956  -21.437  -43.234  54.460 0.0000000000
34970  -21.175  -43.161  53.657 0.0000000000
122864  -20.742  -43.407  54.194 0.0000000000
124427  -34.407  -36.846  50.380 0.0000000000
42603  -32.890  -36.366  53.287 0.0000000000
42590  -32.585  -35.830  53.853 0.0000000000
124796  -31.590  -34.869  53.715 0.0000000000
133877  -31.609  -35.013  53.055 0.0000000000
43515  -31.235  -34.555  52.911 0.0000000000
44490  -30.865  -34.109  52.330 0.0000000000
115505  -22.670  -35.945  48.535 0.0000000000
41733  -23.259  -36.383  48.575 0.0000000000
42675  -23.328  -35.389  48.520 0.0000000000
115281  -24.937  -34.696  49.189 0.0000000000
113821  -25.076  -36.136  49.688 0.0000000000
41725  -25.684  -35.737  49.717 0.0000000000
42653  -27.637  -35.436  50.306 0.0000000000
42652  -27.031  -34.978  49.934 0.0000000000
131073  -27.079  -35.576  50.018 0.0000000000
41711  -26.457  -36.058  50.032 0.0000000000
114199  -28.166  -37.861  50.501 0.0000000000
133091  -27.965  -39.231  50.454 0.0000000000
131754  -29.128  -36.967  52.684 0.0000000000
41692  -28.799  -36.875  50.982 0.0000000000
40874  -29.185  -38.467  50.836 0.0000000000
38960  -29.501  -39.534  50.615 0.0000000000
118113  -30.146  -40.569  50.704 0.0000000000
38961  -30.265  -39.834  50.660 0.0000000000
119733  -32.216  -40.243  50.595 0.0000000000
119987  -33.158  -38.910  50.653 0.0000000000
125061  -33.943  -39.024  50.508 0.0000000000
39983  -34.514  -38.418  50.480 0.0000000000
44530  -22.157  -33.876  49.588 0.0000000000
43566  -21.550  -34.163  49.886 0.0000000000
42674  -22.396  -35.267  48.636 0.0000000000
42673  -21.971  -35.968  48.693 0.0000000000
46645  -39.083  -31.285  42.521 0.0000000000
49256  -40.398  -28.717  41.469 0.0000000000
116821  -40.669  -29.709  42.040 0.0000000000
51239  -39.362  -26.869  40.941 0.0000000000
123694  -39.837  -25.969  41.040 0.0000000000
56606  -39.291  -20.095  43.679 0.0000000000
57497  -38.960  -20.152  43.179 0.0000000000
57505  -39.255  -19.806  42.587 0.0000000000
57514  -40.275  -19.697  41.299 0.0000000000
56619  -39.697  -20.340  41.451 0.0000000000
55702  -40.068  -21.302  41.206 0.0000000000
58511  -41.609  -18.815  40.789 0.0000000000
55715  -42.070  -21.132  40.246 0.0000000000
54793  -42.553  -22.513  41.465 0.0000000000
55735  -46.247  -21.384  39.358 0.0000000000
59464  -49.487  -17.697  36.879 0.0000000000
61215  -50.201  -14.913  36.854 0.0000000000
34027  -7.705  -44.498  54.427 0.0000000000
34026  -7.025  -44.382  54.554 0.0000000000
33040  -6.344  -45.161  54.554 0.0000000000
32033  -9.657  -45.773  55.682 0.0000000000
132380  -9.090  -46.215  55.713 0.0000000000
30983  -7.786  -47.751  56.086 0.0000000000
30997  -7.973  -47.138  55.807 0.0000000000
30996  -7.330  -47.366  55.342 0.0000000000
29951  -7.095  -48.208  55.651 0.0000000000
118570  -6.187  -48.509  55.165 0.0000000000
28892  -7.040  -49.767  58.170 0.0000000000
43547  -34.831  -34.300  50.672 0.0000000000
44520  -30.845  -33.542  50.679 0.0000000000
115083  -31.459  -33.403  50.015 0.0000000000
46549  -33.025  -31.856  49.637 0.0000000000
48254  -29.410  -29.582  49.633 0.0000000000
47442  -29.774  -30.014  48.999 0.0000000000
49204  -30.730  -28.594  46.938 0.0000000000
49192  -30.314  -28.718  47.605 0.0000000000
48285  -30.527  -29.278  47.182 0.0000000000
47453  -30.482  -29.974  47.615 0.0000000000
47444  -30.919  -30.753  47.997 0.0000000000
131665  -31.992  -31.490  48.365 0.0000000000
46594  -33.209  -32.051  47.736 0.0000000000
46567  -33.952  -31.429  49.580 0.0000000000
122680  -34.110  -31.812  48.597 0.0000000000
45576  -34.868  -32.849  47.126 0.0000000000
46620  -33.171  -31.665  44.298 0.0000000000
45604  -33.633  -32.379  44.786 0.0000000000
45606  -35.297  -32.812  44.261 0.0000000000
45595  -34.989  -33.125  45.124 0.0000000000
45618  -37.125  -32.412  43.446 0.0000000000
45608  -37.363  -32.902  44.190 0.0000000000
45619  -38.018  -32.462  43.607 0.0000000000
46635  -38.586  -31.851  43.071 0.0000000000
47505  -36.819  -29.835  41.606 0.0000000000
48330  -37.461  -29.288  41.304 0.0000000000
49243  -35.348  -28.507  42.114 0.0000000000
51223  -36.011  -27.043  41.700 0.0000000000
120472  -36.763  -25.935  41.392 0.0000000000
41723  -23.735  -36.977  48.880 0.0000000000
40851  -24.758  -37.239  51.871 0.0000000000
40827  -24.350  -37.656  53.336 0.0000000000
38926  -26.577  -39.292  52.237 0.0000000000
36948  -29.088  -42.087  51.913 0.0000000000
35878  -10.266  -42.374  54.484 0.0000000000
36917  -12.974  -41.450  53.876 0.0000000000
36907  -12.430  -41.275  54.171 0.0000000000
35895  -12.535  -41.945  53.980 0.0000000000
34948  -12.423  -43.369  54.650 0.0000000000
34030  -11.871  -43.900  54.999 0.0000000000
34005  -11.369  -44.467  55.384 0.0000000000
128094  -17.133  -42.029  52.519 0.0000000000
35898  -16.600  -42.615  52.830 0.0000000000
34965  -16.840  -43.333  53.299 0.0000000000
34033  -16.326  -44.252  54.322 0.0000000000
62917  -52.379  -13.087  35.558 0.0000000000
24569  -1.617  -54.092  57.445 0.0000000000
130464  -1.319  -52.402  57.573 0.0000000000
123420  -1.337  -51.694  57.825 0.0000000000
26784  -0.972  -52.260  57.625 0.0000000000
38941  -23.296  -40.419  51.166 0.0000000000
37970  -23.392  -40.484  52.061 0.0000000000
39955  -23.694  -38.634  51.043 0.0000000000
41722  -20.942  -36.591  49.556 0.0000000000
41708  -20.539  -36.382  50.288 0.0000000000
40889  -21.248  -37.385  49.297 0.0000000000
133436  -21.482  -38.721  49.377 0.0000000000
131410  -21.212  -39.692  49.816 0.0000000000
38024  -21.756  -40.109  49.829 0.0000000000
53894  -37.198  -23.298  42.647 0.0000000000
54774  -37.705  -22.544  42.534 0.0000000000
54775  -38.089  -21.978  42.398 0.0000000000
58522  -44.838  -18.114  39.048 0.0000000000
59460  -46.972  -17.576  38.481 0.0000000000
45480  -29.790  -31.919  52.613 0.0000000000
49225  -32.570  -28.700  44.422 0.0000000000
50211  -34.236  -28.169  43.925 0.0000000000
38943  -27.309  -39.969  50.935 0.0000000000
38003  -27.811  -40.528  50.953 0.0000000000
35897  -15.795  -42.264  52.865 0.0000000000
61224  -51.495  -15.822  36.234 0.0000000000
26800  -6.199  -51.078  57.013 0.0000000000
27872  -5.320  -50.553  55.784 0.0000000000
26785  -5.758  -51.858  57.235 0.0000000000
25697  -5.049  -52.233  56.752 0.0000000000
25696  -4.222  -52.481  56.473 0.0000000000
45501  -34.001  -32.052  51.622 0.0000000000
115327  -31.894  -41.558  51.386 0.0000000000
40847  -19.897  -37.112  52.100 0.0000000000
39936  -19.573  -37.996  52.386 0.0000000000
39935  -19.062  -38.700  52.901 0.0000000000
128485  -18.631  -41.059  52.240 0.0000000000
35921  -22.289  -42.392  52.531 0.0000000000
35900  -21.665  -42.842  53.098 0.0000000000
35864  -21.988  -42.911  55.094 0.0000000000
43568  -22.811  -33.968  49.060 0.0000000000
43582  -23.574  -34.412  48.696 0.0000000000
129387  -24.941  -34.015  49.320 0.0000000000
43570  -25.522  -34.277  49.553 0.0000000000
43544  -26.991  -33.985  51.073 0.0000000000
40873  -28.668  -37.749  50.739 0.0000000000
123649  -29.156  -38.046  52.890 0.0000000000
48331  -38.387  -29.524  41.380 0.0000000000
47508  -39.357  -29.669  41.521 0.0000000000
49255  -39.652  -28.776  41.306 0.0000000000
50244  -40.169  -28.225  41.288 0.0000000000
52960  -39.414  -24.439  41.211 0.0000000000
52092  -40.125  -25.190  41.250 0.0000000000
57499  -40.525  -18.921  43.287 0.0000000000
57506  -39.944  -19.208  42.642 0.0000000000
56648  -42.844  -20.176  39.655 0.0000000000
55716  -42.816  -21.538  40.102 0.0000000000
54814  -43.046  -22.187  40.739 0.0000000000
120164  -43.831  -22.451  40.760 0.0000000000
133512  -48.188  -17.130  37.613 0.0000000000
115294  -49.149  -16.961  36.858 0.0000000000
61214  -49.576  -15.405  37.196 0.0000000000
34944  -8.673  -43.340  54.500 0.0000000000
33042  -8.124  -45.234  54.554 0.0000000000
113815  -7.672  -49.058  57.187 0.0000000000
42656  -33.572  -35.462  50.344 0.0000000000
111506  -32.779  -34.361  50.194 0.0000000000
45518  -31.350  -32.680  49.634 0.0000000000
132415  -32.798  -32.114  49.776 0.0000000000
49177  -29.895  -28.900  48.324 0.0000000000
47462  -30.825  -29.854  46.823 0.0000000000
124919  -32.030  -31.706  47.033 0.0000000000
45575  -33.304  -32.401  46.980 0.0000000000
45585  -33.873  -32.783  46.402 0.0000000000
46622  -34.754  -32.253  43.755 0.0000000000
131833  -36.390  -32.257  43.315 0.0000000000
46633  -36.874  -31.805  42.890 0.0000000000
46643  -37.426  -31.306  42.398 0.0000000000
50222  -35.272  -27.563  42.952 0.0000000000
132241  -36.040  -26.127  42.465 0.0000000000
52080  -36.298  -25.490  42.511 0.0000000000
40869  -24.509  -37.068  50.621 0.0000000000
34963  -13.723  -42.822  53.886 0.0000000000
34949  -13.372  -43.561  54.609 0.0000000000
127258  -12.999  -44.429  55.754 0.0000000000
34966  -17.707  -43.536  53.533 0.0000000000
34953  -17.589  -44.045  54.211 0.0000000000
34011  -17.653  -44.631  55.362 0.0000000000
36908  -22.869  -41.597  54.797 0.0000000000
36909  -23.139  -41.132  54.313 0.0000000000
129494  -23.209  -40.230  54.618 0.0000000000
37992  -34.100  -40.239  51.250 0.0000000000
41690  -20.069  -36.270  51.873 0.0000000000
123027  -20.298  -36.988  51.111 0.0000000000
40848  -20.076  -37.868  51.546 0.0000000000
37986  -20.189  -40.549  51.308 0.0000000000
36960  -21.426  -41.853  51.311 0.0000000000
36979  -22.073  -41.163  50.600 0.0000000000
36961  -22.179  -41.644  51.143 0.0000000000
36921  -22.864  -42.092  54.005 0.0000000000
113160  -30.749  -39.144  52.087 0.0000000000
39929  -32.158  -38.719  53.211 0.0000000000
51237  -37.314  -26.131  41.023 0.0000000000
51238  -38.202  -26.480  40.853 0.0000000000
52090  -37.941  -25.580  40.987 0.0000000000
52959  -38.355  -24.115  41.308 0.0000000000
132861  -40.466  -22.988  41.428 0.0000000000
58503  -41.835  -18.224  41.254 0.0000000000
59446  -42.442  -17.744  41.346 0.0000000000
58520  -42.880  -18.611  39.926 0.0000000000
58513  -43.514  -18.154  39.845 0.0000000000
57535  -43.140  -19.379  39.577 0.0000000000
56651  -45.772  -20.571  39.083 0.0000000000
119264  -46.252  -19.993  38.873 0.0000000000
59461  -47.660  -17.351  38.009 0.0000000000
34004  -10.440  -44.593  55.087 0.0000000000
33022  -10.280  -45.239  55.577 0.0000000000
33002  -10.497  -45.606  56.172 0.0000000000
44519  -30.404  -32.921  50.657 0.0000000000
45499  -30.010  -32.539  51.343 0.0000000000
46563  -30.393  -31.575  49.398 0.0000000000
49205  -31.180  -28.466  46.273 0.0000000000
50183  -31.626  -27.628  46.260 0.0000000000
47470  -31.562  -30.628  45.381 0.0000000000
46612  -31.954  -31.298  45.226 0.0000000000
46619  -32.446  -31.309  44.564 0.0000000000
46630  -33.646  -31.243  43.684 0.0000000000
133662  -34.126  -30.881  43.304 0.0000000000
47497  -34.982  -30.158  42.572 0.0000000000
49242  -34.893  -28.858  42.545 0.0000000000
49235  -35.026  -28.251  42.710 0.0000000000
51203  -35.528  -27.028  43.523 0.0000000000
39957  -26.338  -37.814  51.390 0.0000000000
34032  -14.973  -44.123  54.632 0.0000000000
34014  -19.933  -43.997  55.814 0.0000000000
31008  -5.138  -47.362  54.613 0.0000000000
32045  -4.703  -46.682  54.823 0.0000000000
29963  -4.676  -48.072  54.797 0.0000000000
29949  -4.033  -48.322  55.126 0.0000000000
122535  -3.775  -49.194  55.481 0.0000000000
27871  -4.486  -50.499  55.563 0.0000000000
28906  -3.198  -49.478  56.686 0.0000000000
28905  -2.468  -50.063  57.770 0.0000000000
57489  -39.823  -19.788  43.877 0.0000000000
58470  -41.283  -18.526  43.360 0.0000000000
58471  -42.087  -18.086  43.098 0.0000000000
36965  -30.105  -41.607  51.335 0.0000000000
127340  -16.695  -40.581  52.838 0.0000000000
36939  -16.509  -41.319  52.601 0.0000000000
124597  -17.923  -42.462  52.620 0.0000000000
34955  -19.166  -43.714  54.268 0.0000000000
36943  -20.140  -42.038  51.981 0.0000000000
34977  -20.039  -42.983  53.013 0.0000000000
34978  -20.885  -42.960  53.016 0.0000000000
111359  -20.023  -43.570  54.293 0.0000000000
34037  -19.608  -43.873  55.041 0.0000000000
41694  -35.747  -36.495  50.772 0.0000000000
43516  -32.012  -35.396  53.267 0.0000000000
131478  -32.155  -35.530  52.515 0.0000000000
39998  -22.558  -38.010  48.897 0.0000000000
39995  -23.033  -38.407  49.191 0.0000000000
40897  -23.148  -37.658  48.850 0.0000000000
41724  -24.492  -36.427  49.331 0.0000000000
44517  -25.480  -33.340  50.495 0.0000000000
42668  -26.261  -34.615  49.770 0.0000000000
43555  -26.696  -34.284  50.274 0.0000000000
38010  -34.044  -39.640  50.709 0.0000000000
43553  -20.924  -34.641  50.312 0.0000000000
43565  -21.417  -34.745  49.618 0.0000000000
42663  -21.067  -35.308  49.719 0.0000000000
124524  -21.314  -35.947  49.284 0.0000000000
48321  -40.034  -29.953  41.826 0.0000000000
123020  -40.284  -27.519  41.182 0.0000000000
56610  -38.522  -20.651  43.061 0.0000000000
55700  -38.703  -20.967  42.132 0.0000000000
56618  -39.035  -20.296  42.079 0.0000000000
54791  -40.272  -22.291  41.290 0.0000000000
120801  -41.065  -22.670  41.367 0.0000000000
57522  -40.853  -19.891  40.788 0.0000000000
56631  -42.065  -20.278  40.048 0.0000000000
56630  -41.300  -20.575  40.506 0.0000000000
55714  -40.804  -21.144  40.801 0.0000000000
60308  -50.734  -16.353  36.443 0.0000000000
62906  -50.640  -13.430  36.822 0.0000000000
34025  -6.329  -44.363  54.913 0.0000000000
34024  -5.758  -45.025  54.855 0.0000000000
114690  -6.027  -46.042  54.475 0.0000000000
33021  -9.099  -45.100  54.916 0.0000000000
32021  -8.516  -46.576  55.666 0.0000000000
32049  -8.013  -46.118  54.970 0.0000000000
127786  -7.459  -45.761  54.593 0.0000000000
32048  -7.211  -46.518  54.789 0.0000000000
32047  -6.481  -46.488  54.568 0.0000000000
31009  -5.896  -46.864  54.539 0.0000000000
28908  -6.537  -49.818  56.299 0.0000000000
28909  -7.221  -49.323  56.790 0.0000000000
28900  -6.933  -49.842  57.269 0.0000000000
27859  -6.522  -50.394  56.901 0.0000000000
44509  -34.316  -33.241  51.103 0.0000000000
122286  -29.333  -30.423  51.109 0.0000000000
48246  -29.304  -29.519  50.737 0.0000000000
47420  -29.331  -30.375  50.198 0.0000000000
46562  -29.647  -31.057  49.797 0.0000000000
48270  -30.026  -29.627  48.340 0.0000000000
46578  -30.732  -31.034  48.763 0.0000000000
46566  -33.144  -31.707  49.395 0.0000000000
111093  -34.700  -31.060  49.890 0.0000000000
45563  -34.893  -32.091  48.126 0.0000000000
116126  -38.696  -30.863  42.111 0.0000000000
47500  -37.991  -30.772  42.006 0.0000000000
47507  -38.626  -30.278  41.700 0.0000000000
131684  -37.635  -28.079  41.000 0.0000000000
48328  -35.834  -28.782  41.685 0.0000000000
50239  -35.972  -27.684  41.593 0.0000000000
49252  -36.352  -28.161  41.299 0.0000000000
50241  -37.082  -27.617  40.971 0.0000000000
117068  -37.466  -26.893  40.905 0.0000000000
123696  -36.664  -24.856  42.217 0.0000000000
52948  -36.893  -24.176  42.363 0.0000000000
40849  -23.942  -37.770  51.764 0.0000000000
40837  -23.801  -37.907  52.627 0.0000000000
40826  -23.924  -37.823  53.416 0.0000000000
39938  -25.510  -37.751  52.628 0.0000000000
38915  -25.740  -38.726  53.756 0.0000000000
39924  -25.127  -37.804  53.383 0.0000000000
39912  -25.008  -38.055  54.230 0.0000000000
125638  -9.532  -42.314  54.568 0.0000000000
118347  -12.058  -42.592  54.342 0.0000000000
35879  -11.173  -42.433  54.393 0.0000000000
33003  -11.698  -44.865  56.214 0.0000000000
33004  -12.577  -44.852  56.469 0.0000000000
36938  -15.954  -41.536  52.728 0.0000000000
34951  -15.631  -43.946  54.058 0.0000000000
117186  -15.739  -44.373  54.651 0.0000000000
34009  -15.400  -44.607  55.283 0.0000000000
33991  -18.587  -44.805  56.361 0.0000000000
33028  -17.808  -44.985  56.045 0.0000000000
33025  -15.742  -44.983  55.945 0.0000000000
62099  -51.909  -13.862  35.760 0.0000000000
24572  -4.783  -53.369  57.799 0.0000000000
24582  -3.830  -53.327  57.014 0.0000000000
24570  -3.184  -54.293  57.638 0.0000000000
24581  -2.842  -53.605  57.199 0.0000000000
25695  -3.371  -52.585  56.612 0.0000000000
26796  -2.124  -52.066  57.220 0.0000000000
25693  -0.784  -53.003  57.274 0.0000000000
26783  -0.771  -52.116  57.428 0.0000000000
27846  -0.943  -51.469  57.898 0.0000000000
25683  -4.631  -53.017  57.171 0.0000000000
26799  -5.457  -51.312  56.391 0.0000000000
26812  -4.804  -51.057  55.818 0.0000000000
27857  -3.343  -50.928  56.144 0.0000000000
27870  -3.875  -50.668  55.650 0.0000000000
28907  -5.831  -50.050  55.749 0.0000000000
29950  -5.382  -48.975  55.052 0.0000000000
29965  -5.921  -47.669  54.717 0.0000000000
31010  -6.579  -47.145  54.770 0.0000000000
33018  -4.645  -46.139  55.280 0.0000000000
34035  -17.952  -44.286  54.820 0.0000000000
35933  -21.857  -42.196  51.769 0.0000000000
38000  -21.528  -40.738  50.337 0.0000000000
38025  -22.498  -40.114  49.923 0.0000000000
39937  -23.630  -38.602  52.575 0.0000000000
39954  -20.233  -38.644  51.128 0.0000000000
39992  -20.855  -38.227  49.642 0.0000000000
40896  -22.701  -37.416  48.700 0.0000000000
42665  -22.077  -34.512  49.138 0.0000000000
43569  -24.363  -34.175  48.960 0.0000000000
56617  -38.657  -20.677  42.508 0.0000000000
57498  -39.504  -19.665  43.235 0.0000000000
57536  -43.844  -19.368  39.320 0.0000000000
118006  -23.119  -37.094  48.630 0.0000000000
128463  -22.769  -41.064  50.859 0.0000000000
132806  -2.824  -52.332  56.752 0.0000000000
132828  -20.818  -35.927  49.799 0.0000000000
133642  -22.834  -42.004  52.447 0.0000000000
