#!ascii label  , from subject sub-v2s8x29210_ses-1 vox2ras=TkReg
383
24309  56.813  -47.576  0.992 0.0000000000
15805  45.354  -57.488  0.095 0.0000000000
20622  51.687  -52.119  3.979 0.0000000000
23388  48.810  -50.112  0.551 0.0000000000
16746  46.399  -56.516  2.264 0.0000000000
21540  46.846  -52.122  2.878 0.0000000000
18717  44.024  -54.341  2.489 0.0000000000
19700  46.612  -53.517  0.192 0.0000000000
24291  46.603  -48.587  2.814 0.0000000000
20698  55.800  -51.874  -0.222 0.0000000000
117670  51.481  -51.689  0.211 0.0000000000
19682  48.493  -53.625  0.550 0.0000000000
15785  50.069  -57.218  2.303 0.0000000000
12279  47.665  -61.362  2.782 0.0000000000
24271  52.776  -48.576  3.717 0.0000000000
21511  55.511  -51.612  3.169 0.0000000000
19629  55.007  -53.922  4.302 0.0000000000
26242  50.660  -46.851  2.944 0.0000000000
20606  44.991  -51.898  4.461 0.0000000000
18738  45.500  -54.635  0.164 0.0000000000
130802  44.877  -52.738  0.904 0.0000000000
20640  53.857  -52.490  2.223 0.0000000000
21512  52.013  -51.379  2.429 0.0000000000
18715  46.018  -54.198  2.445 0.0000000000
20642  48.215  -52.183  1.829 0.0000000000
123743  47.748  -54.770  2.022 0.0000000000
17745  48.648  -55.433  1.415 0.0000000000
15777  48.366  -57.098  2.600 0.0000000000
122195  50.620  -60.359  3.233 0.0000000000
21477  55.502  -51.969  4.820 0.0000000000
19642  56.500  -53.395  2.705 0.0000000000
18693  56.142  -54.134  4.718 0.0000000000
23386  50.982  -49.836  0.044 0.0000000000
130193  49.681  -48.068  1.901 0.0000000000
25244  44.979  -47.162  4.253 0.0000000000
26234  46.863  -46.647  3.855 0.0000000000
20586  50.009  -52.399  5.509 0.0000000000
21496  49.111  -51.134  4.176 0.0000000000
21498  47.310  -51.265  4.344 0.0000000000
19646  45.035  -53.138  2.998 0.0000000000
17734  44.889  -55.842  1.998 0.0000000000
21583  47.336  -51.727  0.381 0.0000000000
23342  47.336  -48.984  2.209 0.0000000000
122585  46.005  -51.026  1.537 0.0000000000
23345  44.542  -50.129  2.989 0.0000000000
14065  45.314  -59.190  -0.810 0.0000000000
23383  56.471  -49.522  -0.162 0.0000000000
22468  52.473  -51.033  -0.403 0.0000000000
22470  50.769  -51.289  -0.415 0.0000000000
21537  49.956  -50.918  2.395 0.0000000000
21580  50.218  -52.083  0.325 0.0000000000
21601  49.207  -52.260  -0.473 0.0000000000
19720  48.255  -53.493  -0.107 0.0000000000
17747  47.621  -55.157  0.457 0.0000000000
126710  47.955  -57.484  0.625 0.0000000000
14027  46.498  -59.501  2.351 0.0000000000
14025  48.846  -59.299  2.996 0.0000000000
125288  50.243  -58.457  2.017 0.0000000000
14049  47.316  -59.234  0.575 0.0000000000
115682  54.900  -47.547  3.656 0.0000000000
24289  54.730  -48.819  2.198 0.0000000000
22415  54.040  -49.678  2.464 0.0000000000
22432  55.194  -49.983  1.381 0.0000000000
138154  56.334  -51.852  0.728 0.0000000000
19681  55.984  -53.433  1.622 0.0000000000
19630  53.171  -53.055  4.276 0.0000000000
130963  53.418  -53.802  5.866 0.0000000000
20584  51.707  -53.004  5.500 0.0000000000
25256  48.124  -47.135  3.223 0.0000000000
24288  56.621  -47.784  1.566 0.0000000000
25267  57.001  -47.217  1.368 0.0000000000
25291  56.710  -47.284  1.113 0.0000000000
16776  45.977  -56.342  0.267 0.0000000000
119703  44.641  -54.345  0.200 0.0000000000
20641  52.796  -52.102  2.875 0.0000000000
21535  52.900  -51.795  2.093 0.0000000000
131449  52.064  -51.833  3.298 0.0000000000
17720  45.888  -55.717  2.245 0.0000000000
18714  47.013  -54.200  2.206 0.0000000000
128274  46.963  -55.794  2.346 0.0000000000
16745  47.632  -56.383  2.441 0.0000000000
15778  47.000  -57.221  2.408 0.0000000000
10500  50.012  -63.396  3.399 0.0000000000
20601  56.792  -52.910  4.187 0.0000000000
23387  49.496  -49.817  0.459 0.0000000000
24313  50.341  -48.568  1.187 0.0000000000
132928  48.950  -49.477  0.923 0.0000000000
125440  45.707  -46.043  4.390 0.0000000000
21481  48.743  -51.526  4.935 0.0000000000
21483  46.943  -51.483  5.151 0.0000000000
19647  44.196  -53.031  3.449 0.0000000000
20624  44.871  -52.483  3.682 0.0000000000
19667  44.501  -53.690  2.767 0.0000000000
18716  45.040  -54.480  2.432 0.0000000000
17721  44.464  -55.129  2.182 0.0000000000
21584  46.479  -52.185  0.591 0.0000000000
21557  46.587  -51.317  1.034 0.0000000000
21558  45.828  -51.670  1.255 0.0000000000
21559  44.222  -51.563  1.950 0.0000000000
22403  43.785  -50.283  3.084 0.0000000000
23327  43.906  -49.682  3.428 0.0000000000
22464  56.216  -50.405  -0.386 0.0000000000
23398  55.468  -49.703  -0.601 0.0000000000
21595  55.203  -51.269  -0.501 0.0000000000
22469  51.474  -51.144  -0.387 0.0000000000
116904  51.185  -51.688  -0.145 0.0000000000
21516  48.695  -50.901  3.438 0.0000000000
21515  49.515  -50.872  3.324 0.0000000000
21538  48.465  -51.304  2.526 0.0000000000
20662  48.139  -53.028  1.438 0.0000000000
21556  49.034  -51.843  1.455 0.0000000000
20661  48.871  -52.850  0.600 0.0000000000
126396  49.541  -52.516  -0.286 0.0000000000
129173  49.279  -52.893  -0.156 0.0000000000
20700  48.315  -53.041  -0.314 0.0000000000
19698  48.565  -53.431  0.196 0.0000000000
120402  49.293  -56.363  1.776 0.0000000000
17746  48.285  -55.026  0.724 0.0000000000
16773  49.182  -56.519  1.430 0.0000000000
16775  47.313  -56.043  0.435 0.0000000000
15799  49.056  -57.232  1.164 0.0000000000
9629  45.500  -64.902  3.207 0.0000000000
11366  47.600  -62.343  2.934 0.0000000000
11367  46.690  -62.559  2.670 0.0000000000
12280  46.712  -61.250  2.459 0.0000000000
121432  47.182  -60.892  2.589 0.0000000000
14861  47.634  -58.938  2.646 0.0000000000
13175  47.999  -60.371  2.814 0.0000000000
13173  51.329  -60.425  2.984 0.0000000000
115590  50.875  -59.573  3.021 0.0000000000
14034  50.060  -59.270  1.943 0.0000000000
14048  48.843  -59.134  1.342 0.0000000000
13190  48.843  -60.125  1.280 0.0000000000
25241  53.584  -47.440  4.435 0.0000000000
25254  53.616  -48.035  3.710 0.0000000000
128565  54.741  -48.029  3.125 0.0000000000
24270  53.792  -48.611  3.091 0.0000000000
21492  54.852  -51.511  4.092 0.0000000000
22401  53.451  -50.060  3.207 0.0000000000
22400  54.348  -50.780  3.044 0.0000000000
22414  54.592  -50.232  2.033 0.0000000000
22413  55.448  -50.875  1.573 0.0000000000
21551  56.207  -51.541  1.112 0.0000000000
21532  56.200  -51.827  2.261 0.0000000000
133394  56.198  -53.779  3.096 0.0000000000
19662  56.110  -53.677  2.472 0.0000000000
19644  55.246  -53.779  3.342 0.0000000000
20619  54.609  -53.330  2.789 0.0000000000
123762  53.958  -53.512  4.512 0.0000000000
129028  51.534  -54.876  6.544 0.0000000000
18657  52.115  -54.116  6.393 0.0000000000
19612  52.538  -53.526  5.894 0.0000000000
132669  46.625  -49.288  2.395 0.0000000000
24290  47.977  -48.340  2.339 0.0000000000
25276  46.967  -47.866  3.098 0.0000000000
27242  48.100  -46.024  4.182 0.0000000000
121387  46.418  -54.222  0.210 0.0000000000
20663  45.616  -52.297  0.936 0.0000000000
20677  55.212  -52.550  0.512 0.0000000000
21575  54.845  -51.937  -0.125 0.0000000000
21534  53.494  -51.913  1.328 0.0000000000
122038  51.653  -51.240  1.449 0.0000000000
20644  46.493  -52.812  2.640 0.0000000000
21539  47.531  -51.749  2.733 0.0000000000
19665  46.494  -53.591  2.417 0.0000000000
19664  47.341  -53.402  1.991 0.0000000000
19683  48.175  -53.711  1.336 0.0000000000
18726  48.435  -54.426  1.118 0.0000000000
17718  48.443  -55.080  1.650 0.0000000000
16744  49.057  -56.338  2.292 0.0000000000
15776  49.789  -57.150  2.450 0.0000000000
115589  49.171  -60.843  3.201 0.0000000000
12278  50.312  -61.519  3.333 0.0000000000
11348  51.561  -61.558  3.167 0.0000000000
20602  56.204  -52.200  3.949 0.0000000000
133139  56.458  -52.215  3.043 0.0000000000
116691  56.586  -53.492  3.535 0.0000000000
18694  55.825  -54.240  4.436 0.0000000000
25296  50.681  -47.890  1.801 0.0000000000
25272  50.198  -47.423  2.444 0.0000000000
25259  45.569  -47.703  3.746 0.0000000000
25258  46.504  -47.363  3.561 0.0000000000
26235  45.915  -46.776  4.119 0.0000000000
26215  46.450  -46.023  4.318 0.0000000000
20604  50.415  -52.082  4.833 0.0000000000
21494  50.853  -51.657  4.071 0.0000000000
20605  49.597  -51.759  4.898 0.0000000000
21497  48.227  -51.102  4.240 0.0000000000
21518  46.810  -51.566  3.600 0.0000000000
21519  45.859  -51.679  4.086 0.0000000000
20623  46.189  -52.143  3.328 0.0000000000
19666  45.801  -53.345  2.677 0.0000000000
126630  45.789  -54.940  2.360 0.0000000000
23389  48.011  -50.353  0.826 0.0000000000
23363  48.387  -49.606  1.171 0.0000000000
119396  47.309  -50.232  1.346 0.0000000000
23365  46.957  -49.742  1.854 0.0000000000
24292  45.929  -49.244  2.797 0.0000000000
22435  45.187  -51.196  1.924 0.0000000000
121642  45.061  -50.539  2.444 0.0000000000
23326  44.906  -49.296  3.315 0.0000000000
24273  44.796  -48.386  3.749 0.0000000000
24260  43.906  -48.088  4.203 0.0000000000
14902  44.995  -58.529  -0.497 0.0000000000
24336  56.563  -48.655  -0.022 0.0000000000
25310  56.490  -47.944  0.609 0.0000000000
24349  56.221  -48.961  -0.383 0.0000000000
22452  50.281  -50.455  -0.172 0.0000000000
22453  49.440  -50.710  -0.080 0.0000000000
21554  50.744  -51.339  1.225 0.0000000000
21555  49.849  -51.469  1.380 0.0000000000
21579  50.584  -52.060  -0.090 0.0000000000
21599  50.479  -51.896  -0.259 0.0000000000
21600  49.789  -52.130  -0.421 0.0000000000
22454  48.723  -50.938  0.110 0.0000000000
22455  48.052  -51.291  0.269 0.0000000000
20680  47.460  -52.596  -0.033 0.0000000000
19721  47.540  -53.292  -0.087 0.0000000000
18735  48.327  -54.410  0.783 0.0000000000
18736  47.876  -54.478  0.429 0.0000000000
18737  47.030  -54.632  0.265 0.0000000000
17748  46.579  -55.363  0.285 0.0000000000
15801  46.749  -57.241  0.464 0.0000000000
15786  44.973  -57.393  1.784 0.0000000000
10520  46.548  -63.524  3.017 0.0000000000
14862  46.496  -58.654  2.336 0.0000000000
127094  46.464  -57.904  2.296 0.0000000000
119440  47.718  -57.986  2.621 0.0000000000
14860  49.456  -58.299  2.952 0.0000000000
14859  50.268  -58.059  2.761 0.0000000000
13174  49.796  -59.790  3.227 0.0000000000
14024  50.230  -58.868  3.037 0.0000000000
14873  50.210  -57.719  2.420 0.0000000000
14887  49.712  -57.864  1.582 0.0000000000
14889  46.999  -58.277  0.523 0.0000000000
14890  45.908  -58.326  0.224 0.0000000000
14050  45.758  -59.114  -0.229 0.0000000000
26213  54.913  -47.047  4.599 0.0000000000
24269  55.570  -48.121  2.347 0.0000000000
24310  56.056  -48.512  1.256 0.0000000000
115879  53.080  -50.289  3.863 0.0000000000
129427  52.897  -48.983  3.402 0.0000000000
23324  53.496  -49.199  2.964 0.0000000000
23341  54.927  -49.438  1.739 0.0000000000
23361  55.999  -49.208  0.825 0.0000000000
22431  56.033  -50.261  0.618 0.0000000000
22430  56.303  -50.991  0.279 0.0000000000
21574  56.177  -52.003  0.011 0.0000000000
20638  56.696  -53.012  2.187 0.0000000000
20656  56.308  -53.019  1.426 0.0000000000
20657  55.949  -52.872  0.718 0.0000000000
20639  55.154  -53.256  1.827 0.0000000000
20620  53.531  -52.813  3.290 0.0000000000
123802  52.158  -52.689  4.574 0.0000000000
131120  53.275  -53.440  5.146 0.0000000000
19631  52.553  -53.119  5.081 0.0000000000
24315  48.135  -48.982  1.728 0.0000000000
25274  48.560  -47.695  2.596 0.0000000000
26244  48.938  -47.037  3.098 0.0000000000
25257  47.319  -47.226  3.384 0.0000000000
26232  48.515  -46.539  3.642 0.0000000000
11349  50.735  -62.488  3.271 0.0000000000
11350  49.641  -62.772  3.449 0.0000000000
12277  51.370  -60.840  3.175 0.0000000000
13176  46.726  -60.524  2.436 0.0000000000
13189  50.343  -59.959  2.224 0.0000000000
14023  50.386  -58.846  2.800 0.0000000000
14026  47.269  -59.801  2.590 0.0000000000
14888  48.378  -58.169  0.893 0.0000000000
15775  50.195  -57.543  2.422 0.0000000000
15798  49.933  -57.134  1.850 0.0000000000
15800  48.298  -56.643  0.689 0.0000000000
15806  44.386  -57.697  -0.525 0.0000000000
16742  50.055  -57.138  2.291 0.0000000000
16743  49.774  -56.714  2.065 0.0000000000
16759  49.913  -56.892  2.025 0.0000000000
16774  48.400  -55.759  0.757 0.0000000000
16786  44.699  -56.638  -0.174 0.0000000000
17717  49.070  -55.963  1.909 0.0000000000
17719  46.820  -54.979  2.305 0.0000000000
17735  43.950  -55.753  1.831 0.0000000000
17752  45.422  -55.504  0.082 0.0000000000
18703  56.133  -54.046  3.811 0.0000000000
18713  47.891  -54.226  1.667 0.0000000000
18745  47.474  -53.921  0.156 0.0000000000
18746  44.590  -55.118  -0.045 0.0000000000
19613  51.728  -53.535  6.144 0.0000000000
19627  56.556  -53.648  4.401 0.0000000000
19628  55.773  -54.117  3.744 0.0000000000
19643  55.929  -53.969  3.118 0.0000000000
19645  54.234  -53.425  3.728 0.0000000000
19661  56.326  -53.343  2.054 0.0000000000
19663  55.611  -53.672  2.484 0.0000000000
19699  48.154  -53.888  0.291 0.0000000000
19719  48.870  -53.191  -0.158 0.0000000000
20581  56.599  -53.108  5.013 0.0000000000
20582  56.300  -52.573  4.879 0.0000000000
20603  51.260  -52.407  4.762 0.0000000000
20618  56.871  -52.799  3.152 0.0000000000
20621  52.557  -52.461  3.738 0.0000000000
20643  47.393  -52.525  2.277 0.0000000000
20645  45.643  -52.674  3.140 0.0000000000
20658  55.549  -53.085  1.091 0.0000000000
20659  54.590  -52.594  1.207 0.0000000000
20660  49.610  -52.420  0.380 0.0000000000
20676  56.239  -52.379  0.627 0.0000000000
20678  49.985  -52.284  -0.243 0.0000000000
20679  49.851  -52.446  -0.167 0.0000000000
20681  46.783  -52.906  0.205 0.0000000000
20682  45.859  -52.918  0.487 0.0000000000
20699  49.037  -52.799  -0.335 0.0000000000
21482  47.863  -51.451  4.996 0.0000000000
21495  49.979  -51.349  4.111 0.0000000000
21510  56.635  -52.529  2.482 0.0000000000
21513  51.316  -51.393  3.242 0.0000000000
21517  47.786  -51.161  3.459 0.0000000000
21533  55.108  -51.085  2.421 0.0000000000
21541  43.548  -51.182  2.290 0.0000000000
21550  56.425  -52.441  1.588 0.0000000000
21573  56.277  -51.564  0.155 0.0000000000
21576  54.127  -52.040  0.449 0.0000000000
21581  48.753  -51.705  -0.328 0.0000000000
21582  48.337  -52.272  -0.302 0.0000000000
21594  56.170  -51.296  -0.215 0.0000000000
22388  52.467  -50.031  4.165 0.0000000000
22416  45.779  -50.516  2.051 0.0000000000
22417  44.241  -50.830  2.527 0.0000000000
22433  47.280  -50.868  0.875 0.0000000000
22434  46.594  -50.504  1.549 0.0000000000
22450  56.385  -50.600  -0.109 0.0000000000
22451  56.537  -50.047  0.022 0.0000000000
22465  55.707  -50.456  -0.596 0.0000000000
22471  50.043  -51.443  -0.434 0.0000000000
22472  49.336  -51.573  -0.412 0.0000000000
23343  46.238  -49.875  2.225 0.0000000000
23344  45.431  -49.931  2.631 0.0000000000
23360  56.596  -49.192  0.131 0.0000000000
23362  49.435  -48.942  1.165 0.0000000000
23364  47.679  -49.637  1.513 0.0000000000
23397  56.212  -49.602  -0.446 0.0000000000
23402  51.060  -50.633  -0.354 0.0000000000
24272  45.704  -48.540  3.305 0.0000000000
24314  48.791  -48.409  1.910 0.0000000000
24337  56.146  -48.285  -0.068 0.0000000000
24341  50.969  -48.976  0.621 0.0000000000
24342  50.219  -49.392  0.517 0.0000000000
25255  52.671  -47.958  4.182 0.0000000000
25260  44.700  -47.765  4.111 0.0000000000
25273  49.360  -47.496  2.556 0.0000000000
25275  47.705  -47.735  2.863 0.0000000000
26214  47.282  -46.021  4.239 0.0000000000
26233  47.695  -46.591  3.737 0.0000000000
26243  49.770  -46.954  3.033 0.0000000000
116596  43.980  -48.924  3.772 0.0000000000
118326  50.934  -59.771  3.027 0.0000000000
119134  49.247  -52.165  5.554 0.0000000000
119926  49.282  -51.166  2.158 0.0000000000
120022  44.970  -51.989  1.445 0.0000000000
120483  47.316  -48.285  2.658 0.0000000000
121573  51.108  -51.557  -0.277 0.0000000000
121615  46.461  -59.595  0.039 0.0000000000
124026  45.272  -53.760  2.634 0.0000000000
124361  48.165  -55.506  2.192 0.0000000000
125637  49.191  -57.648  2.770 0.0000000000
125648  56.498  -48.294  0.490 0.0000000000
126010  49.168  -50.856  2.792 0.0000000000
126070  55.882  -51.101  -0.456 0.0000000000
126703  45.215  -55.243  2.247 0.0000000000
127720  50.084  -57.744  2.734 0.0000000000
128661  48.691  -55.638  1.157 0.0000000000
128806  46.377  -58.939  0.276 0.0000000000
129231  48.732  -49.074  1.379 0.0000000000
129319  45.480  -52.106  3.747 0.0000000000
132636  47.887  -59.869  0.765 0.0000000000
132692  46.192  -54.836  0.211 0.0000000000
132780  46.895  -61.857  2.587 0.0000000000
135719  46.282  -48.008  3.296 0.0000000000
135916  56.005  -52.386  0.195 0.0000000000
136056  55.669  -52.390  0.161 0.0000000000
136134  49.091  -47.904  2.256 0.0000000000
136529  50.950  -53.318  6.144 0.0000000000
137671  56.432  -49.074  -0.254 0.0000000000
138351  48.954  -53.295  0.015 0.0000000000
