#!ascii label  , from subject sub-v2s8x29229_ses-1 vox2ras=TkReg
1644
125977  -34.110  -32.560  12.801 0.0000000000
57059  -49.414  -24.330  7.872 0.0000000000
51529  -43.406  -30.378  8.608 0.0000000000
36612  -7.256  -45.388  33.218 0.0000000000
45449  -33.227  -36.184  19.739 0.0000000000
35702  -23.016  -46.275  34.102 0.0000000000
32924  -32.541  -49.468  28.397 0.0000000000
123839  -32.852  -40.698  28.241 0.0000000000
42565  -36.130  -39.207  25.790 0.0000000000
114725  -14.935  -41.387  28.937 0.0000000000
123630  -18.457  -43.455  34.886 0.0000000000
37618  -18.843  -44.243  28.732 0.0000000000
35832  -28.100  -45.887  25.427 0.0000000000
40549  -28.946  -42.340  28.523 0.0000000000
51391  -38.519  -30.047  19.452 0.0000000000
114215  -42.226  -32.913  17.845 0.0000000000
54388  -46.861  -27.480  7.516 0.0000000000
49707  -38.256  -31.883  10.049 0.0000000000
59663  -44.759  -21.118  2.581 0.0000000000
33785  -3.770  -48.081  35.119 0.0000000000
47534  -37.700  -34.795  22.520 0.0000000000
50462  -32.722  -31.539  16.483 0.0000000000
36716  -22.964  -45.633  26.775 0.0000000000
34805  -26.844  -47.834  31.042 0.0000000000
49597  -46.602  -32.136  14.376 0.0000000000
61479  -53.249  -18.921  -0.199 0.0000000000
42541  -30.454  -39.460  27.216 0.0000000000
41573  -32.286  -40.525  25.212 0.0000000000
39582  -16.553  -42.248  28.699 0.0000000000
40566  -27.924  -40.797  27.161 0.0000000000
42493  -28.274  -38.996  29.315 0.0000000000
41491  -29.992  -40.077  30.541 0.0000000000
50465  -35.981  -31.219  16.841 0.0000000000
49506  -39.428  -32.365  18.941 0.0000000000
112504  -38.237  -32.634  14.730 0.0000000000
119752  -48.196  -26.014  7.726 0.0000000000
53457  -51.762  -28.654  9.394 0.0000000000
58772  -50.911  -22.589  8.187 0.0000000000
36645  -6.126  -45.973  31.112 0.0000000000
35708  -5.489  -46.632  33.794 0.0000000000
44474  -34.724  -37.691  22.169 0.0000000000
45365  -36.869  -36.887  24.120 0.0000000000
132451  -34.986  -35.222  20.802 0.0000000000
133140  -35.206  -33.321  20.005 0.0000000000
48573  -32.551  -33.388  18.188 0.0000000000
37533  -20.440  -44.508  34.553 0.0000000000
37497  -20.086  -44.028  37.879 0.0000000000
36584  -22.494  -45.303  36.608 0.0000000000
35690  -25.015  -46.571  35.909 0.0000000000
37675  -20.993  -44.309  24.840 0.0000000000
37678  -23.908  -44.543  24.452 0.0000000000
34845  -30.005  -47.667  27.004 0.0000000000
128999  -27.643  -47.626  28.437 0.0000000000
33840  -28.951  -49.273  30.324 0.0000000000
32854  -28.934  -49.077  33.453 0.0000000000
39547  -11.256  -42.733  30.502 0.0000000000
39507  -11.806  -41.130  33.145 0.0000000000
130295  -11.917  -40.742  36.072 0.0000000000
120060  -41.187  -31.169  9.466 0.0000000000
120597  -42.714  -32.359  12.433 0.0000000000
50531  -45.884  -31.581  12.244 0.0000000000
63155  -54.678  -16.995  -1.077 0.0000000000
37491  -6.674  -44.719  37.557 0.0000000000
40503  -34.834  -41.972  30.339 0.0000000000
41495  -37.299  -40.911  29.312 0.0000000000
41528  -34.911  -41.186  27.139 0.0000000000
42599  -33.914  -39.362  23.404 0.0000000000
40480  -14.586  -41.401  31.187 0.0000000000
39497  -16.594  -42.274  34.446 0.0000000000
123501  -16.409  -42.411  31.130 0.0000000000
37577  -18.726  -44.090  31.372 0.0000000000
36652  -20.655  -45.368  31.433 0.0000000000
37692  -26.222  -44.163  23.473 0.0000000000
39636  -28.346  -42.896  24.306 0.0000000000
36738  -30.226  -44.586  25.888 0.0000000000
35813  -32.327  -46.057  27.212 0.0000000000
38607  -31.356  -43.688  30.107 0.0000000000
40483  -31.580  -41.620  31.426 0.0000000000
133288  -13.448  -41.828  28.184 0.0000000000
49446  -40.284  -31.803  22.560 0.0000000000
51328  -43.671  -29.991  24.396 0.0000000000
51376  -41.271  -29.714  21.123 0.0000000000
50409  -44.420  -31.065  20.524 0.0000000000
52533  -45.461  -29.653  7.732 0.0000000000
50553  -47.730  -31.022  11.288 0.0000000000
51515  -50.136  -30.202  10.371 0.0000000000
29971  -0.366  -53.453  39.386 0.0000000000
49642  -36.399  -32.546  11.998 0.0000000000
50617  -37.062  -31.132  7.631 0.0000000000
53509  -41.106  -27.946  5.838 0.0000000000
115916  -42.565  -26.357  5.139 0.0000000000
130717  -44.184  -25.109  4.760 0.0000000000
57974  -45.269  -22.722  4.511 0.0000000000
58810  -47.066  -21.417  4.750 0.0000000000
60582  -43.286  -20.208  3.597 0.0000000000
34691  -5.187  -46.621  37.817 0.0000000000
33743  -3.665  -48.379  37.974 0.0000000000
31866  -1.655  -50.783  38.833 0.0000000000
47465  -40.796  -34.697  27.343 0.0000000000
43484  -37.990  -37.995  27.843 0.0000000000
46393  -38.877  -35.954  26.132 0.0000000000
48511  -39.989  -33.952  24.081 0.0000000000
129633  -37.724  -32.476  21.210 0.0000000000
111723  -35.207  -30.879  17.535 0.0000000000
50491  -33.416  -31.941  15.182 0.0000000000
38508  -17.851  -42.710  37.820 0.0000000000
36702  -20.886  -45.207  27.700 0.0000000000
35772  -22.612  -46.483  30.395 0.0000000000
36718  -25.529  -45.820  26.512 0.0000000000
35788  -25.371  -46.878  29.151 0.0000000000
34788  -25.184  -47.322  32.049 0.0000000000
129117  -27.381  -47.641  33.873 0.0000000000
36662  -7.221  -45.399  30.644 0.0000000000
38589  -9.556  -44.025  30.648 0.0000000000
38565  -8.786  -43.515  32.999 0.0000000000
113006  -40.197  -32.527  13.768 0.0000000000
112094  -44.211  -32.388  15.877 0.0000000000
48586  -47.906  -32.979  17.153 0.0000000000
49628  -48.949  -32.058  13.473 0.0000000000
60545  -48.012  -19.214  4.085 0.0000000000
61423  -50.350  -19.849  4.411 0.0000000000
61425  -52.189  -19.033  4.338 0.0000000000
60633  -51.123  -20.091  -0.181 0.0000000000
62314  -54.100  -18.511  2.788 0.0000000000
42540  -29.706  -38.955  27.191 0.0000000000
42562  -30.145  -39.737  25.994 0.0000000000
42561  -29.469  -39.684  25.120 0.0000000000
43464  -27.217  -38.046  28.640 0.0000000000
43481  -28.315  -37.889  28.404 0.0000000000
133553  -29.277  -38.596  28.870 0.0000000000
49588  -34.687  -32.411  14.301 0.0000000000
49560  -36.578  -32.457  15.328 0.0000000000
49618  -36.226  -32.589  13.614 0.0000000000
56161  -49.212  -25.088  8.083 0.0000000000
130663  -51.204  -26.781  8.447 0.0000000000
56151  -50.719  -25.252  8.501 0.0000000000
57052  -51.390  -24.451  8.736 0.0000000000
57939  -50.296  -22.996  7.793 0.0000000000
36625  -6.485  -46.055  31.873 0.0000000000
124342  -5.510  -46.613  33.011 0.0000000000
120360  -6.694  -45.697  33.841 0.0000000000
44499  -34.086  -36.965  20.930 0.0000000000
45419  -34.696  -36.562  21.301 0.0000000000
46483  -33.883  -35.803  20.134 0.0000000000
47572  -33.787  -34.462  19.620 0.0000000000
46507  -32.853  -35.000  19.056 0.0000000000
40442  -13.777  -40.878  34.347 0.0000000000
36604  -21.731  -45.322  34.444 0.0000000000
37522  -21.468  -44.802  35.989 0.0000000000
121565  -22.995  -45.738  35.769 0.0000000000
36595  -24.056  -46.179  36.090 0.0000000000
35703  -23.922  -46.613  34.641 0.0000000000
33875  -31.590  -48.724  27.773 0.0000000000
33874  -29.764  -48.735  28.336 0.0000000000
32903  -30.748  -49.747  29.229 0.0000000000
32885  -30.287  -50.073  30.520 0.0000000000
133561  -13.337  -41.125  31.710 0.0000000000
131374  -12.769  -41.038  33.212 0.0000000000
112103  -13.147  -40.699  34.999 0.0000000000
48477  -42.710  -33.110  27.996 0.0000000000
51506  -41.967  -30.762  9.123 0.0000000000
50568  -43.157  -31.632  10.215 0.0000000000
50590  -44.331  -31.358  9.647 0.0000000000
40515  -33.567  -41.285  29.426 0.0000000000
40533  -34.965  -41.739  28.513 0.0000000000
123011  -33.617  -41.144  27.985 0.0000000000
41593  -32.997  -40.330  24.691 0.0000000000
42619  -33.190  -39.439  22.881 0.0000000000
43565  -33.558  -38.792  22.237 0.0000000000
40511  -14.499  -41.442  29.777 0.0000000000
40481  -15.317  -41.681  31.443 0.0000000000
40498  -15.694  -41.881  29.986 0.0000000000
125754  -17.734  -43.355  29.017 0.0000000000
38604  -17.753  -43.369  29.818 0.0000000000
37590  -18.668  -44.084  30.503 0.0000000000
37578  -19.388  -44.456  31.649 0.0000000000
37591  -19.427  -44.621  30.147 0.0000000000
40608  -27.473  -41.731  23.392 0.0000000000
40548  -28.557  -41.974  28.069 0.0000000000
39615  -28.904  -42.733  26.638 0.0000000000
38634  -29.471  -43.136  27.035 0.0000000000
37650  -31.468  -44.685  26.950 0.0000000000
37635  -31.003  -43.957  27.548 0.0000000000
37621  -31.746  -44.172  28.922 0.0000000000
39585  -29.915  -43.053  29.231 0.0000000000
42509  -31.043  -39.722  29.642 0.0000000000
41476  -30.512  -40.654  30.787 0.0000000000
41493  -32.282  -40.558  30.077 0.0000000000
40501  -33.011  -41.354  31.052 0.0000000000
40526  -14.175  -41.452  28.166 0.0000000000
50390  -39.581  -30.497  20.906 0.0000000000
50378  -40.637  -30.588  22.029 0.0000000000
51374  -40.055  -30.028  20.389 0.0000000000
48585  -40.543  -33.254  17.993 0.0000000000
129302  -41.728  -31.642  20.187 0.0000000000
49491  -43.225  -32.437  19.352 0.0000000000
50424  -44.836  -31.680  19.629 0.0000000000
49510  -43.714  -32.511  18.391 0.0000000000
123095  -46.602  -28.788  7.451 0.0000000000
51533  -47.717  -30.250  8.427 0.0000000000
52520  -49.069  -29.726  8.248 0.0000000000
53440  -52.908  -28.154  12.330 0.0000000000
54416  -41.416  -27.243  5.460 0.0000000000
55334  -41.248  -25.998  4.602 0.0000000000
116324  -42.228  -23.842  4.337 0.0000000000
115378  -42.546  -23.068  4.406 0.0000000000
57092  -44.949  -23.800  4.508 0.0000000000
115884  -43.876  -22.238  4.485 0.0000000000
129183  -44.069  -20.920  4.623 0.0000000000
34746  -3.361  -47.704  33.416 0.0000000000
33769  -2.676  -48.771  35.252 0.0000000000
37479  -6.640  -44.775  39.399 0.0000000000
35667  -5.702  -46.066  36.956 0.0000000000
35639  -5.743  -45.884  40.222 0.0000000000
33727  -4.119  -48.151  39.919 0.0000000000
32783  -3.715  -48.846  40.086 0.0000000000
32787  -2.695  -49.532  38.374 0.0000000000
31862  -2.949  -50.134  40.317 0.0000000000
30877  -2.189  -51.603  40.344 0.0000000000
42525  -36.822  -39.801  27.236 0.0000000000
42510  -37.773  -39.375  28.702 0.0000000000
42545  -36.996  -38.937  26.936 0.0000000000
45386  -37.127  -35.982  23.254 0.0000000000
45348  -38.059  -36.311  25.241 0.0000000000
46436  -38.334  -35.711  24.516 0.0000000000
46437  -39.122  -35.214  24.902 0.0000000000
47523  -38.776  -34.631  23.369 0.0000000000
48526  -38.711  -33.565  22.368 0.0000000000
48541  -37.534  -33.455  21.539 0.0000000000
119023  -33.879  -32.374  18.553 0.0000000000
49502  -34.651  -32.024  18.781 0.0000000000
123406  -33.729  -31.317  17.200 0.0000000000
113326  -33.971  -31.338  16.380 0.0000000000
50473  -32.458  -31.619  15.816 0.0000000000
38543  -17.824  -43.176  34.426 0.0000000000
39489  -17.015  -42.363  35.909 0.0000000000
38532  -18.455  -43.310  35.861 0.0000000000
36730  -22.439  -45.273  26.079 0.0000000000
37648  -20.909  -44.824  26.220 0.0000000000
36703  -21.679  -45.483  27.508 0.0000000000
129987  -21.790  -45.997  29.516 0.0000000000
35796  -22.983  -46.081  28.583 0.0000000000
36748  -27.824  -44.973  24.564 0.0000000000
36746  -26.130  -45.002  24.738 0.0000000000
36720  -27.171  -45.850  25.653 0.0000000000
34824  -27.268  -47.840  29.424 0.0000000000
35800  -26.206  -47.136  28.684 0.0000000000
120128  -26.298  -47.467  30.246 0.0000000000
34803  -25.335  -47.216  30.920 0.0000000000
34789  -25.983  -47.429  31.794 0.0000000000
34756  -26.082  -47.236  33.693 0.0000000000
33814  -27.428  -47.862  33.105 0.0000000000
36682  -34.498  -45.727  29.703 0.0000000000
38590  -10.458  -43.428  30.401 0.0000000000
38567  -9.721  -42.970  32.222 0.0000000000
38576  -8.785  -44.123  32.004 0.0000000000
40423  -12.460  -40.637  39.037 0.0000000000
49687  -36.835  -32.383  10.434 0.0000000000
49644  -38.371  -32.454  12.372 0.0000000000
49645  -39.408  -32.390  12.435 0.0000000000
125411  -44.805  -32.131  13.475 0.0000000000
49594  -43.408  -32.477  14.508 0.0000000000
49568  -45.179  -32.380  15.476 0.0000000000
49549  -46.062  -32.491  16.791 0.0000000000
48594  -47.192  -32.866  15.956 0.0000000000
50534  -49.449  -31.132  12.358 0.0000000000
123614  -48.062  -31.397  12.616 0.0000000000
49629  -50.024  -32.122  13.638 0.0000000000
60562  -45.454  -19.670  4.044 0.0000000000
60544  -47.361  -19.431  4.202 0.0000000000
59646  -46.706  -19.736  3.705 0.0000000000
59667  -48.424  -21.333  2.633 0.0000000000
59669  -50.073  -21.181  2.765 0.0000000000
116305  -51.601  -19.440  4.231 0.0000000000
60584  -51.431  -20.503  2.709 0.0000000000
62362  -51.230  -18.746  -1.498 0.0000000000
61495  -50.692  -19.207  -1.225 0.0000000000
61462  -52.691  -19.498  0.285 0.0000000000
61455  -52.888  -19.592  1.293 0.0000000000
62321  -54.207  -18.659  1.934 0.0000000000
62330  -54.754  -17.964  0.710 0.0000000000
63157  -55.889  -16.499  0.062 0.0000000000
41525  -31.913  -40.095  27.797 0.0000000000
118757  -32.197  -40.385  27.045 0.0000000000
41549  -31.757  -40.379  26.362 0.0000000000
41591  -31.424  -40.521  24.638 0.0000000000
40513  -15.844  -41.824  29.158 0.0000000000
42539  -27.089  -39.244  27.378 0.0000000000
41524  -27.992  -40.313  28.280 0.0000000000
41506  -28.364  -40.001  29.219 0.0000000000
40514  -29.288  -41.335  30.139 0.0000000000
128753  -28.874  -39.095  29.679 0.0000000000
42508  -30.377  -39.372  29.407 0.0000000000
51425  -37.134  -30.414  18.092 0.0000000000
50420  -38.988  -30.087  19.010 0.0000000000
49524  -37.600  -32.271  17.352 0.0000000000
116640  -39.082  -33.070  17.166 0.0000000000
49545  -39.965  -32.937  16.431 0.0000000000
55291  -47.953  -26.780  7.626 0.0000000000
53471  -50.133  -28.701  8.003 0.0000000000
123592  -50.788  -28.113  8.197 0.0000000000
53458  -52.363  -28.138  9.854 0.0000000000
59590  -51.174  -21.797  8.094 0.0000000000
35707  -4.821  -46.987  33.105 0.0000000000
34731  -4.709  -47.323  34.710 0.0000000000
43549  -35.919  -38.027  24.018 0.0000000000
44424  -36.739  -37.743  25.179 0.0000000000
44476  -36.037  -36.951  22.986 0.0000000000
45421  -35.997  -35.934  22.130 0.0000000000
47547  -35.878  -34.878  21.289 0.0000000000
47560  -36.078  -34.207  21.042 0.0000000000
47574  -34.984  -33.990  20.203 0.0000000000
135090  -33.669  -33.058  18.860 0.0000000000
49522  -32.574  -32.518  17.652 0.0000000000
37520  -19.761  -44.118  34.931 0.0000000000
38521  -19.215  -43.658  36.235 0.0000000000
37521  -20.503  -44.401  35.570 0.0000000000
37509  -21.625  -44.775  37.157 0.0000000000
115654  -25.423  -46.614  37.335 0.0000000000
37677  -23.005  -44.568  24.626 0.0000000000
36731  -23.303  -45.307  25.914 0.0000000000
34856  -29.185  -46.746  26.278 0.0000000000
35811  -28.254  -47.020  26.858 0.0000000000
34844  -29.040  -47.509  27.072 0.0000000000
34825  -28.032  -48.224  28.994 0.0000000000
33839  -28.291  -48.699  30.656 0.0000000000
33827  -28.307  -48.673  32.538 0.0000000000
32883  -28.893  -49.303  31.421 0.0000000000
39562  -12.457  -42.374  29.200 0.0000000000
119486  -11.936  -42.053  30.634 0.0000000000
39521  -11.041  -41.553  32.613 0.0000000000
40440  -10.769  -41.293  34.446 0.0000000000
40441  -11.573  -41.020  34.259 0.0000000000
50564  -39.890  -31.633  10.369 0.0000000000
50545  -40.135  -31.898  11.092 0.0000000000
50547  -41.798  -31.962  11.040 0.0000000000
50529  -44.077  -32.047  11.886 0.0000000000
49625  -46.416  -31.849  13.661 0.0000000000
59690  -43.632  -20.840  0.719 0.0000000000
134498  -46.027  -21.478  2.155 0.0000000000
60608  -45.087  -20.687  0.391 0.0000000000
119489  -51.772  -18.318  -1.772 0.0000000000
62364  -53.606  -17.747  -1.318 0.0000000000
63192  -52.334  -16.977  -2.590 0.0000000000
64043  -53.455  -16.389  -2.462 0.0000000000
120068  -7.469  -44.347  34.938 0.0000000000
36589  -7.015  -44.849  35.230 0.0000000000
40504  -36.937  -41.737  30.823 0.0000000000
40518  -36.248  -41.952  29.472 0.0000000000
40552  -36.058  -41.394  27.817 0.0000000000
42543  -35.756  -39.996  26.148 0.0000000000
41551  -33.596  -40.699  26.317 0.0000000000
42563  -34.568  -40.016  25.214 0.0000000000
42585  -34.870  -39.502  24.729 0.0000000000
43547  -34.557  -38.778  23.154 0.0000000000
44486  -33.888  -37.546  21.203 0.0000000000
112765  -13.942  -41.198  31.707 0.0000000000
40453  -15.158  -41.396  33.979 0.0000000000
39522  -15.593  -41.755  32.308 0.0000000000
39523  -16.456  -42.368  32.568 0.0000000000
38554  -17.859  -43.310  33.565 0.0000000000
39563  -16.446  -42.294  29.643 0.0000000000
38579  -17.518  -43.236  31.406 0.0000000000
38555  -18.482  -43.703  33.255 0.0000000000
37547  -19.680  -44.323  33.283 0.0000000000
36617  -20.899  -45.023  33.230 0.0000000000
36633  -21.377  -45.578  32.764 0.0000000000
37694  -27.741  -43.968  23.858 0.0000000000
36749  -28.453  -44.918  24.775 0.0000000000
132280  -28.129  -41.638  25.881 0.0000000000
38658  -29.244  -43.690  25.332 0.0000000000
36737  -29.540  -45.352  25.534 0.0000000000
36721  -30.397  -45.648  26.119 0.0000000000
34859  -31.299  -46.953  26.783 0.0000000000
33888  -32.765  -48.099  27.791 0.0000000000
33877  -33.545  -48.130  28.212 0.0000000000
35802  -33.753  -46.349  28.215 0.0000000000
37623  -33.109  -44.916  29.036 0.0000000000
37592  -32.602  -44.397  30.638 0.0000000000
39552  -29.814  -41.781  30.495 0.0000000000
38581  -31.419  -43.213  31.191 0.0000000000
38582  -32.135  -43.376  31.887 0.0000000000
40468  -32.578  -42.066  32.331 0.0000000000
40509  -13.193  -41.711  29.549 0.0000000000
49432  -40.975  -32.773  24.099 0.0000000000
50369  -41.810  -30.877  23.284 0.0000000000
51346  -42.297  -30.095  22.787 0.0000000000
52395  -43.575  -29.627  22.569 0.0000000000
50421  -40.698  -30.957  20.075 0.0000000000
51393  -42.595  -30.059  21.446 0.0000000000
52516  -43.940  -29.760  8.287 0.0000000000
50592  -45.942  -31.136  9.956 0.0000000000
134768  -47.112  -30.738  9.749 0.0000000000
51492  -48.293  -30.692  10.558 0.0000000000
51465  -50.111  -30.735  12.003 0.0000000000
52503  -50.504  -29.800  9.690 0.0000000000
52479  -51.116  -30.129  11.359 0.0000000000
49662  -33.303  -32.584  11.192 0.0000000000
49641  -35.460  -32.577  12.121 0.0000000000
113005  -34.733  -32.564  10.762 0.0000000000
132598  -35.416  -32.494  9.935 0.0000000000
49705  -36.517  -32.295  9.599 0.0000000000
50605  -37.527  -31.531  8.410 0.0000000000
50606  -38.892  -31.017  8.168 0.0000000000
51526  -40.265  -30.584  8.373 0.0000000000
115505  -40.674  -29.644  7.362 0.0000000000
115163  -42.049  -29.094  7.647 0.0000000000
125171  -42.947  -28.334  7.210 0.0000000000
54385  -44.274  -27.649  7.218 0.0000000000
55288  -45.152  -27.033  7.185 0.0000000000
56195  -41.604  -25.250  4.436 0.0000000000
56180  -43.755  -25.679  5.007 0.0000000000
55300  -45.527  -26.340  6.790 0.0000000000
56171  -46.509  -25.364  6.573 0.0000000000
57068  -47.271  -24.874  6.647 0.0000000000
57947  -47.809  -24.027  6.357 0.0000000000
57948  -48.404  -23.233  6.200 0.0000000000
58792  -46.911  -22.474  4.965 0.0000000000
60543  -44.697  -19.811  4.143 0.0000000000
60583  -44.032  -20.270  3.239 0.0000000000
59678  -43.115  -21.132  1.555 0.0000000000
35683  -6.040  -45.886  35.859 0.0000000000
35682  -5.504  -46.460  35.811 0.0000000000
126231  -4.526  -47.508  36.338 0.0000000000
34677  -4.868  -46.983  40.034 0.0000000000
33744  -4.240  -47.758  38.207 0.0000000000
33756  -3.539  -48.541  36.943 0.0000000000
32805  -2.995  -49.021  36.748 0.0000000000
31874  -2.154  -50.065  37.958 0.0000000000
30899  -1.042  -51.233  38.255 0.0000000000
128409  -1.082  -52.250  39.731 0.0000000000
47480  -41.246  -34.088  26.963 0.0000000000
44380  -38.562  -37.631  28.322 0.0000000000
44410  -37.525  -37.483  26.345 0.0000000000
44411  -38.082  -37.086  26.782 0.0000000000
46394  -39.707  -35.745  27.289 0.0000000000
47498  -40.346  -34.355  25.668 0.0000000000
48503  -40.737  -33.705  25.298 0.0000000000
48520  -40.337  -33.236  23.684 0.0000000000
49444  -38.932  -32.711  21.999 0.0000000000
49473  -37.994  -31.432  20.774 0.0000000000
116042  -36.495  -32.412  20.338 0.0000000000
50402  -36.844  -31.396  19.808 0.0000000000
50439  -36.745  -30.466  18.150 0.0000000000
119387  -35.687  -30.815  17.221 0.0000000000
50475  -34.115  -31.701  15.740 0.0000000000
49587  -33.844  -32.293  14.347 0.0000000000
46505  -31.787  -34.885  18.144 0.0000000000
127213  -31.503  -33.765  17.487 0.0000000000
48583  -31.314  -33.178  17.013 0.0000000000
49557  -31.298  -31.928  15.918 0.0000000000
50472  -31.715  -31.712  15.607 0.0000000000
50509  -31.149  -31.962  14.301 0.0000000000
49613  -31.675  -32.207  13.589 0.0000000000
49638  -32.267  -32.428  12.594 0.0000000000
38510  -19.313  -43.653  37.349 0.0000000000
38646  -18.812  -43.902  26.416 0.0000000000
37633  -19.792  -44.573  26.903 0.0000000000
37619  -19.601  -44.658  28.275 0.0000000000
36678  -20.561  -45.400  29.542 0.0000000000
36666  -21.345  -45.966  30.919 0.0000000000
35742  -22.768  -46.650  32.439 0.0000000000
37679  -24.791  -44.548  24.265 0.0000000000
117626  -24.874  -45.171  25.468 0.0000000000
36706  -24.826  -45.929  27.059 0.0000000000
112905  -26.637  -46.599  27.245 0.0000000000
35808  -25.254  -46.388  27.787 0.0000000000
35797  -24.031  -46.335  28.622 0.0000000000
119444  -23.840  -46.592  29.922 0.0000000000
35760  -23.324  -46.877  31.638 0.0000000000
35719  -24.169  -47.029  33.431 0.0000000000
35720  -24.647  -46.926  34.312 0.0000000000
34739  -26.244  -47.061  35.226 0.0000000000
122526  -6.802  -45.774  31.172 0.0000000000
37558  -7.709  -45.116  32.495 0.0000000000
38602  -9.632  -43.970  29.074 0.0000000000
38601  -8.284  -44.177  29.270 0.0000000000
131478  -8.564  -44.663  31.207 0.0000000000
115278  -8.167  -44.890  31.754 0.0000000000
37543  -7.803  -44.639  33.424 0.0000000000
38538  -8.335  -43.173  34.764 0.0000000000
40431  -10.707  -41.198  35.471 0.0000000000
118909  -36.826  -32.598  12.905 0.0000000000
133291  -38.689  -32.597  14.139 0.0000000000
112312  -41.354  -32.572  15.521 0.0000000000
49648  -41.731  -32.488  13.178 0.0000000000
49565  -41.833  -32.518  14.754 0.0000000000
112022  -42.642  -32.446  16.146 0.0000000000
49532  -45.222  -32.465  17.224 0.0000000000
50552  -46.441  -31.346  11.683 0.0000000000
50512  -46.903  -31.606  13.094 0.0000000000
49598  -47.478  -32.448  14.487 0.0000000000
58785  -48.780  -22.276  5.857 0.0000000000
58786  -49.502  -21.783  6.336 0.0000000000
60527  -50.022  -20.368  5.817 0.0000000000
59647  -47.617  -20.448  3.320 0.0000000000
60546  -49.070  -19.699  4.174 0.0000000000
61406  -50.827  -19.592  6.037 0.0000000000
61415  -51.790  -18.767  6.023 0.0000000000
62287  -52.518  -18.334  5.779 0.0000000000
60613  -50.824  -20.522  0.538 0.0000000000
60585  -52.010  -20.246  2.126 0.0000000000
61437  -53.229  -19.000  3.169 0.0000000000
63148  -55.310  -17.245  0.389 0.0000000000
114244  -29.349  -39.081  26.198 0.0000000000
43497  -28.992  -38.384  27.294 0.0000000000
49616  -34.425  -32.505  13.554 0.0000000000
49589  -35.549  -32.485  14.352 0.0000000000
49617  -35.312  -32.558  13.559 0.0000000000
116906  -48.811  -24.681  7.656 0.0000000000
56150  -49.942  -24.764  8.301 0.0000000000
56152  -51.607  -25.298  8.737 0.0000000000
57051  -50.593  -24.422  8.468 0.0000000000
113420  -50.921  -23.766  8.522 0.0000000000
57060  -50.147  -23.860  8.160 0.0000000000
36611  -6.655  -45.992  32.882 0.0000000000
115553  -33.652  -36.613  20.339 0.0000000000
45432  -34.300  -36.227  20.698 0.0000000000
46496  -33.407  -35.234  19.576 0.0000000000
40443  -14.492  -41.000  34.786 0.0000000000
40452  -14.374  -41.144  33.657 0.0000000000
36618  -22.146  -45.839  33.871 0.0000000000
36605  -22.546  -45.709  34.758 0.0000000000
35689  -23.468  -46.135  35.108 0.0000000000
32923  -31.593  -49.378  28.319 0.0000000000
32922  -30.736  -48.975  28.153 0.0000000000
32018  -31.812  -50.120  28.971 0.0000000000
51507  -42.908  -30.825  9.066 0.0000000000
50589  -43.210  -31.248  9.482 0.0000000000
51508  -43.761  -31.015  9.058 0.0000000000
41509  -33.234  -40.966  28.802 0.0000000000
40532  -34.052  -41.474  28.594 0.0000000000
41611  -32.007  -40.314  23.565 0.0000000000
42597  -32.705  -39.924  23.355 0.0000000000
40512  -15.008  -41.527  29.721 0.0000000000
133633  -15.420  -41.674  29.430 0.0000000000
38619  -18.138  -43.672  28.261 0.0000000000
38620  -18.270  -43.796  29.235 0.0000000000
37604  -18.819  -44.219  29.632 0.0000000000
37605  -19.439  -44.649  29.209 0.0000000000
39603  -28.905  -42.591  27.630 0.0000000000
38621  -29.519  -43.011  28.176 0.0000000000
38635  -30.245  -43.551  27.301 0.0000000000
38622  -30.395  -43.493  28.297 0.0000000000
38623  -31.077  -43.847  28.510 0.0000000000
39584  -29.325  -42.561  29.031 0.0000000000
41507  -31.724  -39.955  29.158 0.0000000000
41492  -31.632  -40.105  29.910 0.0000000000
41508  -32.398  -40.438  29.152 0.0000000000
41494  -32.901  -40.796  29.535 0.0000000000
115324  -14.496  -41.433  29.018 0.0000000000
50403  -38.410  -30.530  20.213 0.0000000000
50404  -39.171  -30.017  20.034 0.0000000000
112198  -39.067  -30.001  19.381 0.0000000000
49528  -41.392  -33.029  17.411 0.0000000000
117913  -41.959  -33.008  18.874 0.0000000000
118776  -43.065  -32.664  17.816 0.0000000000
53483  -47.265  -28.440  7.450 0.0000000000
113937  -47.868  -29.236  7.542 0.0000000000
52535  -48.723  -29.190  7.677 0.0000000000
53431  -53.110  -28.482  13.326 0.0000000000
55333  -40.375  -26.148  4.646 0.0000000000
58806  -42.944  -22.012  4.514 0.0000000000
59626  -42.600  -20.822  4.370 0.0000000000
34729  -3.600  -47.918  34.283 0.0000000000
33784  -3.141  -48.360  34.786 0.0000000000
124644  -3.288  -48.500  35.580 0.0000000000
131373  -6.102  -45.449  39.297 0.0000000000
32782  -3.226  -49.205  40.046 0.0000000000
31857  -3.369  -50.839  40.686 0.0000000000
42544  -36.440  -39.524  26.516 0.0000000000
43498  -36.695  -38.680  26.231 0.0000000000
46463  -37.098  -35.483  22.648 0.0000000000
46435  -37.689  -35.871  23.818 0.0000000000
46451  -37.702  -35.409  23.144 0.0000000000
46452  -38.302  -35.284  23.653 0.0000000000
47522  -38.229  -34.899  23.066 0.0000000000
47535  -38.468  -34.324  22.719 0.0000000000
47549  -37.280  -34.337  21.875 0.0000000000
49501  -33.416  -32.035  17.836 0.0000000000
50437  -34.310  -31.465  17.934 0.0000000000
133191  -33.336  -31.341  16.736 0.0000000000
113095  -33.316  -31.427  16.330 0.0000000000
38531  -17.750  -43.002  35.399 0.0000000000
36715  -22.026  -45.439  26.787 0.0000000000
36704  -22.338  -45.638  27.356 0.0000000000
36693  -22.222  -45.732  28.047 0.0000000000
36694  -22.986  -45.845  27.677 0.0000000000
128498  -28.155  -45.349  24.937 0.0000000000
36735  -27.511  -45.431  25.018 0.0000000000
112677  -26.835  -47.759  30.120 0.0000000000
34804  -26.136  -47.439  30.989 0.0000000000
129440  -26.520  -47.626  31.671 0.0000000000
34790  -26.620  -47.564  32.474 0.0000000000
33825  -27.084  -47.973  32.104 0.0000000000
36668  -34.522  -45.657  30.692 0.0000000000
39495  -10.052  -41.721  33.861 0.0000000000
118341  -37.713  -32.243  10.683 0.0000000000
49667  -38.021  -32.357  11.522 0.0000000000
49688  -38.579  -32.088  10.846 0.0000000000
123779  -45.880  -32.035  14.249 0.0000000000
129683  -45.340  -32.240  14.775 0.0000000000
114529  -45.969  -32.196  15.006 0.0000000000
112025  -45.940  -32.410  15.862 0.0000000000
49569  -46.732  -32.453  15.302 0.0000000000
50535  -50.281  -31.171  12.618 0.0000000000
50515  -49.663  -31.568  13.019 0.0000000000
59645  -45.850  -19.745  3.750 0.0000000000
59664  -45.509  -20.945  2.824 0.0000000000
59685  -49.865  -21.375  2.021 0.0000000000
59650  -50.586  -20.726  3.181 0.0000000000
112399  -50.690  -21.003  2.223 0.0000000000
62340  -52.069  -18.796  -1.283 0.0000000000
61477  -51.445  -19.432  -0.850 0.0000000000
61478  -52.407  -19.243  -0.577 0.0000000000
61463  -53.469  -19.084  0.671 0.0000000000
62329  -54.185  -18.604  1.085 0.0000000000
115735  -54.012  -18.464  0.258 0.0000000000
42542  -31.315  -39.880  27.363 0.0000000000
41570  -30.131  -40.202  25.019 0.0000000000
41571  -30.747  -40.367  25.310 0.0000000000
41590  -30.581  -40.406  24.422 0.0000000000
130447  -26.692  -37.947  28.368 0.0000000000
43465  -27.838  -38.250  28.940 0.0000000000
42506  -27.670  -38.619  28.864 0.0000000000
41505  -27.942  -39.342  28.992 0.0000000000
41489  -28.888  -39.708  29.752 0.0000000000
42522  -29.818  -38.829  28.296 0.0000000000
42507  -29.526  -38.905  29.285 0.0000000000
42523  -30.488  -39.296  28.396 0.0000000000
42524  -31.300  -39.713  28.590 0.0000000000
50455  -37.209  -30.890  17.730 0.0000000000
49523  -36.767  -31.794  17.070 0.0000000000
49561  -37.571  -32.606  15.524 0.0000000000
133691  -37.978  -32.654  16.062 0.0000000000
49562  -38.561  -32.700  15.618 0.0000000000
129284  -39.100  -32.846  16.252 0.0000000000
119824  -48.815  -26.667  7.721 0.0000000000
54391  -49.294  -27.401  7.648 0.0000000000
54376  -49.750  -26.621  7.962 0.0000000000
54364  -52.555  -27.335  9.589 0.0000000000
54351  -52.827  -27.490  10.596 0.0000000000
58773  -51.548  -22.157  8.669 0.0000000000
58780  -50.569  -22.152  7.617 0.0000000000
34748  -4.951  -47.047  34.046 0.0000000000
43567  -35.040  -38.101  22.828 0.0000000000
44454  -35.672  -37.707  23.264 0.0000000000
44475  -35.393  -37.338  22.570 0.0000000000
45433  -34.884  -35.837  21.041 0.0000000000
45420  -35.394  -36.095  21.668 0.0000000000
46477  -35.954  -35.422  21.704 0.0000000000
47559  -35.393  -34.596  20.779 0.0000000000
47583  -33.269  -34.367  19.173 0.0000000000
48565  -33.864  -33.681  19.336 0.0000000000
48574  -33.178  -33.590  18.769 0.0000000000
128810  -33.187  -32.817  18.357 0.0000000000
123452  -22.506  -45.085  37.653 0.0000000000
35677  -24.852  -46.387  36.708 0.0000000000
37660  -22.725  -44.938  25.370 0.0000000000
37661  -23.602  -44.901  25.184 0.0000000000
34857  -29.788  -47.138  26.582 0.0000000000
33860  -29.248  -49.073  29.278 0.0000000000
33873  -28.879  -48.501  28.640 0.0000000000
33859  -28.497  -48.719  29.617 0.0000000000
33858  -27.859  -48.379  29.841 0.0000000000
32868  -30.038  -50.137  31.535 0.0000000000
39549  -12.572  -41.904  30.073 0.0000000000
39548  -11.779  -42.721  29.700 0.0000000000
40464  -12.432  -41.121  32.486 0.0000000000
127135  -10.881  -41.389  33.499 0.0000000000
119136  -40.498  -31.410  9.872 0.0000000000
50565  -40.551  -31.679  10.548 0.0000000000
50566  -41.292  -31.589  10.294 0.0000000000
50550  -44.525  -31.784  11.202 0.0000000000
50549  -43.625  -31.945  11.068 0.0000000000
50530  -44.995  -31.812  12.046 0.0000000000
49651  -45.369  -31.857  12.845 0.0000000000
50511  -46.175  -31.664  12.992 0.0000000000
59691  -44.493  -21.173  0.916 0.0000000000
62381  -51.040  -18.065  -2.104 0.0000000000
63191  -51.375  -17.272  -2.575 0.0000000000
63168  -52.015  -17.751  -2.194 0.0000000000
37514  -7.321  -44.225  35.777 0.0000000000
37480  -7.480  -44.139  40.419 0.0000000000
39555  -35.470  -42.176  31.000 0.0000000000
39540  -36.236  -42.160  30.870 0.0000000000
39567  -35.837  -42.219  30.188 0.0000000000
40550  -34.492  -41.436  27.810 0.0000000000
40551  -35.369  -41.510  27.797 0.0000000000
41529  -35.777  -41.073  27.251 0.0000000000
41553  -35.370  -40.691  26.596 0.0000000000
41550  -32.623  -40.567  26.143 0.0000000000
119377  -33.034  -40.737  26.947 0.0000000000
41574  -33.234  -40.472  25.511 0.0000000000
42583  -33.685  -39.855  24.170 0.0000000000
41594  -33.807  -40.191  24.994 0.0000000000
42584  -34.303  -39.770  24.626 0.0000000000
122684  -34.610  -39.248  24.000 0.0000000000
43586  -33.980  -38.050  21.741 0.0000000000
111661  -14.778  -41.401  32.030 0.0000000000
40482  -15.792  -42.020  30.881 0.0000000000
39536  -16.068  -42.145  31.676 0.0000000000
133965  -16.985  -42.843  32.392 0.0000000000
39524  -17.195  -42.969  33.004 0.0000000000
39537  -16.827  -42.729  31.744 0.0000000000
38580  -18.141  -43.636  31.045 0.0000000000
38592  -17.589  -43.252  30.627 0.0000000000
38569  -18.156  -43.669  31.931 0.0000000000
129523  -18.493  -43.821  32.593 0.0000000000
38556  -19.019  -44.070  32.899 0.0000000000
37563  -18.869  -44.109  32.155 0.0000000000
37579  -20.076  -44.829  31.964 0.0000000000
36632  -20.743  -45.220  32.362 0.0000000000
36653  -21.289  -45.801  31.885 0.0000000000
39635  -28.036  -42.176  24.031 0.0000000000
39648  -27.793  -42.709  23.564 0.0000000000
38688  -27.958  -43.393  23.800 0.0000000000
116662  -28.115  -44.431  24.363 0.0000000000
38671  -28.329  -43.767  24.274 0.0000000000
41547  -27.494  -40.228  26.640 0.0000000000
40581  -27.876  -41.001  26.203 0.0000000000
40567  -28.179  -41.615  26.724 0.0000000000
38647  -29.465  -43.293  26.047 0.0000000000
39625  -28.952  -42.967  25.648 0.0000000000
38659  -29.763  -43.916  25.707 0.0000000000
37665  -29.443  -44.468  25.348 0.0000000000
36707  -31.899  -45.453  27.027 0.0000000000
35812  -31.624  -46.235  26.805 0.0000000000
124106  -32.035  -46.798  27.087 0.0000000000
34848  -32.519  -47.354  27.466 0.0000000000
129341  -32.644  -46.585  27.429 0.0000000000
34849  -33.169  -47.515  27.848 0.0000000000
36709  -33.093  -45.907  27.718 0.0000000000
37622  -32.517  -44.610  28.771 0.0000000000
37606  -32.342  -44.355  29.769 0.0000000000
37607  -33.190  -44.777  29.965 0.0000000000
41490  -29.352  -40.350  30.227 0.0000000000
41475  -29.815  -40.869  30.619 0.0000000000
41466  -31.642  -41.120  31.225 0.0000000000
40500  -30.939  -41.314  31.152 0.0000000000
39538  -31.192  -42.276  31.349 0.0000000000
135082  -31.775  -42.716  31.781 0.0000000000
39539  -31.902  -42.089  31.882 0.0000000000
39525  -32.332  -42.645  32.275 0.0000000000
40502  -33.908  -41.760  31.182 0.0000000000
40485  -33.057  -41.714  31.968 0.0000000000
117306  -34.673  -41.999  31.310 0.0000000000
40525  -12.993  -42.048  28.679 0.0000000000
119839  -14.089  -41.275  30.989 0.0000000000
49438  -40.660  -32.361  23.317 0.0000000000
49439  -41.393  -31.892  23.714 0.0000000000
50368  -41.012  -31.300  22.875 0.0000000000
51363  -41.055  -29.781  21.425 0.0000000000
50379  -41.414  -30.204  22.289 0.0000000000
51364  -41.828  -29.756  21.771 0.0000000000
51365  -42.818  -29.758  22.512 0.0000000000
51377  -42.560  -29.672  21.937 0.0000000000
50442  -39.024  -30.911  18.801 0.0000000000
130425  -39.435  -30.728  19.226 0.0000000000
49488  -40.127  -31.885  19.529 0.0000000000
50422  -42.760  -31.888  20.127 0.0000000000
50407  -42.176  -30.720  20.745 0.0000000000
50408  -43.304  -31.110  20.718 0.0000000000
51394  -43.972  -30.401  21.379 0.0000000000
51395  -45.148  -30.263  21.230 0.0000000000
50425  -45.964  -31.244  19.637 0.0000000000
52532  -44.546  -29.231  7.957 0.0000000000
51531  -45.523  -30.329  8.143 0.0000000000
51532  -46.285  -30.496  8.456 0.0000000000
51513  -48.851  -30.383  9.718 0.0000000000
51493  -49.302  -30.500  10.693 0.0000000000
51479  -49.344  -30.768  11.654 0.0000000000
51494  -50.243  -30.423  11.189 0.0000000000
52522  -51.279  -29.013  9.019 0.0000000000
129974  -50.847  -29.375  9.079 0.0000000000
52504  -51.315  -29.337  9.800 0.0000000000
52480  -51.697  -29.808  11.808 0.0000000000
29982  0.261  -53.244  39.276 0.0000000000
30897  0.736  -52.722  38.131 0.0000000000
49704  -35.007  -32.420  9.372 0.0000000000
117601  -35.735  -32.386  9.419 0.0000000000
49715  -35.320  -32.185  8.770 0.0000000000
50604  -36.591  -31.663  8.286 0.0000000000
122024  -38.381  -31.410  8.614 0.0000000000
50618  -38.059  -31.086  7.845 0.0000000000
51524  -38.697  -30.510  7.344 0.0000000000
51547  -39.462  -30.184  7.282 0.0000000000
51549  -40.877  -30.090  8.114 0.0000000000
52528  -39.893  -29.724  6.982 0.0000000000
52551  -41.310  -29.019  7.012 0.0000000000
53494  -41.664  -28.328  6.458 0.0000000000
53479  -42.237  -28.602  7.135 0.0000000000
54417  -42.293  -27.040  5.589 0.0000000000
54399  -42.850  -27.452  6.213 0.0000000000
54400  -43.706  -27.182  6.462 0.0000000000
55299  -44.439  -26.964  6.691 0.0000000000
57090  -42.724  -24.406  4.352 0.0000000000
56197  -43.393  -24.967  4.497 0.0000000000
56169  -45.057  -25.985  6.146 0.0000000000
56181  -44.580  -25.548  5.424 0.0000000000
56170  -45.798  -25.682  6.420 0.0000000000
56182  -45.363  -25.304  5.768 0.0000000000
119237  -45.724  -23.442  4.756 0.0000000000
123327  -46.278  -24.444  5.647 0.0000000000
57077  -47.042  -24.206  5.875 0.0000000000
57958  -46.503  -23.566  5.216 0.0000000000
57959  -47.524  -23.242  5.564 0.0000000000
57975  -46.094  -22.508  4.718 0.0000000000
59643  -43.409  -20.039  4.132 0.0000000000
59628  -44.623  -20.392  4.487 0.0000000000
60561  -44.058  -19.855  3.960 0.0000000000
127876  -2.096  -49.008  34.977 0.0000000000
37503  -6.816  -44.766  36.228 0.0000000000
36588  -6.517  -45.355  35.605 0.0000000000
36580  -6.312  -45.367  36.619 0.0000000000
34706  -5.092  -46.840  36.603 0.0000000000
34717  -4.946  -47.090  35.600 0.0000000000
34705  -4.677  -47.320  37.381 0.0000000000
35624  -5.526  -46.503  40.616 0.0000000000
33733  -3.837  -48.212  39.119 0.0000000000
33734  -4.392  -47.591  39.383 0.0000000000
33757  -4.126  -47.977  37.107 0.0000000000
32794  -3.125  -48.979  37.684 0.0000000000
31867  -2.294  -50.118  38.931 0.0000000000
31873  -1.496  -50.547  37.614 0.0000000000
30888  -0.956  -51.719  39.251 0.0000000000
31860  -1.553  -51.503  39.796 0.0000000000
30878  -2.957  -51.808  40.603 0.0000000000
47447  -41.042  -34.862  28.190 0.0000000000
47466  -41.474  -34.243  27.819 0.0000000000
132267  -37.269  -41.406  30.449 0.0000000000
117827  -37.510  -40.965  31.044 0.0000000000
115119  -37.520  -41.016  30.135 0.0000000000
43467  -37.731  -38.782  28.155 0.0000000000
42497  -38.057  -39.467  29.444 0.0000000000
43468  -38.220  -38.755  28.983 0.0000000000
44367  -38.811  -38.031  29.225 0.0000000000
131297  -38.246  -38.218  28.496 0.0000000000
44441  -36.509  -37.540  24.434 0.0000000000
44442  -37.070  -37.101  24.848 0.0000000000
116916  -38.395  -36.286  25.835 0.0000000000
45332  -37.883  -36.797  25.943 0.0000000000
45333  -38.485  -36.506  26.465 0.0000000000
45321  -38.663  -36.742  27.220 0.0000000000
45334  -39.060  -36.150  26.871 0.0000000000
120735  -39.471  -35.566  26.491 0.0000000000
47513  -39.556  -34.547  24.502 0.0000000000
117662  -39.723  -34.762  25.285 0.0000000000
47514  -40.158  -34.159  24.874 0.0000000000
48512  -40.544  -33.502  24.493 0.0000000000
48519  -39.719  -33.630  23.331 0.0000000000
48542  -38.243  -33.075  21.771 0.0000000000
49454  -38.411  -32.066  21.452 0.0000000000
117775  -35.613  -33.728  20.478 0.0000000000
48556  -36.276  -33.351  20.711 0.0000000000
48555  -35.766  -32.916  20.119 0.0000000000
111934  -35.078  -31.258  18.278 0.0000000000
49503  -35.492  -31.541  18.916 0.0000000000
50418  -36.512  -30.896  18.894 0.0000000000
50438  -35.917  -30.705  18.080 0.0000000000
51418  -36.447  -30.584  17.827 0.0000000000
50453  -35.845  -30.723  17.488 0.0000000000
50474  -33.270  -31.580  15.847 0.0000000000
113556  -34.542  -31.323  16.412 0.0000000000
50492  -34.150  -32.151  14.944 0.0000000000
49586  -32.964  -32.139  14.454 0.0000000000
48582  -30.946  -34.050  17.159 0.0000000000
49539  -30.844  -32.653  16.331 0.0000000000
49540  -31.591  -32.315  16.610 0.0000000000
49556  -30.574  -32.173  15.615 0.0000000000
50471  -31.087  -31.728  15.278 0.0000000000
50488  -30.756  -31.787  14.678 0.0000000000
50489  -31.644  -31.748  15.128 0.0000000000
39496  -15.940  -41.798  34.196 0.0000000000
38519  -17.592  -42.691  36.702 0.0000000000
37507  -20.060  -44.109  36.598 0.0000000000
37634  -20.513  -44.894  26.914 0.0000000000
37620  -20.117  -44.826  27.569 0.0000000000
36691  -20.320  -45.020  28.193 0.0000000000
36690  -20.097  -45.034  28.901 0.0000000000
112707  -20.773  -45.368  28.604 0.0000000000
35771  -21.902  -46.220  30.217 0.0000000000
116940  -22.080  -46.431  30.943 0.0000000000
35758  -21.790  -46.226  31.527 0.0000000000
125154  -22.724  -46.659  31.033 0.0000000000
37680  -25.700  -44.578  24.135 0.0000000000
36733  -25.638  -45.392  25.562 0.0000000000
37663  -25.249  -44.931  24.874 0.0000000000
116243  -24.863  -45.501  26.156 0.0000000000
34843  -28.129  -47.446  27.640 0.0000000000
35820  -27.500  -46.628  26.684 0.0000000000
35810  -27.317  -47.095  27.669 0.0000000000
35789  -25.866  -47.120  29.030 0.0000000000
35799  -25.694  -46.784  28.403 0.0000000000
35798  -24.935  -46.528  28.545 0.0000000000
35787  -24.550  -46.626  29.398 0.0000000000
35761  -24.369  -47.044  31.230 0.0000000000
35744  -24.234  -47.187  32.040 0.0000000000
35743  -23.673  -46.993  32.597 0.0000000000
34773  -24.663  -47.227  32.786 0.0000000000
34755  -25.134  -47.164  33.602 0.0000000000
34757  -26.903  -47.363  34.192 0.0000000000
125215  -26.429  -47.201  34.527 0.0000000000
34740  -27.076  -47.282  34.990 0.0000000000
33815  -28.170  -48.461  33.296 0.0000000000
34837  -34.354  -47.750  28.631 0.0000000000
133642  -6.973  -45.769  31.701 0.0000000000
36646  -7.445  -45.462  31.485 0.0000000000
38591  -11.034  -43.257  29.773 0.0000000000
117609  -9.844  -44.006  29.774 0.0000000000
37603  -9.069  -44.374  29.650 0.0000000000
37602  -8.225  -44.765  29.884 0.0000000000
37576  -8.740  -44.597  30.491 0.0000000000
37559  -8.287  -44.413  32.714 0.0000000000
37544  -8.312  -43.999  33.490 0.0000000000
37527  -7.975  -44.035  34.294 0.0000000000
38552  -8.571  -43.302  33.917 0.0000000000
114954  -11.435  -40.941  35.317 0.0000000000
51309  -44.023  -30.343  25.184 0.0000000000
49665  -35.732  -32.563  11.483 0.0000000000
120500  -35.889  -32.594  12.826 0.0000000000
127253  -39.583  -32.498  13.287 0.0000000000
131294  -38.737  -32.532  13.318 0.0000000000
113007  -39.381  -32.571  13.993 0.0000000000
132365  -40.076  -32.594  14.685 0.0000000000
112569  -40.947  -32.564  14.954 0.0000000000
49670  -41.396  -32.229  11.809 0.0000000000
49647  -41.108  -32.405  12.619 0.0000000000
133099  -42.346  -32.463  12.971 0.0000000000
49567  -43.687  -32.460  15.184 0.0000000000
49593  -42.615  -32.505  14.370 0.0000000000
49566  -42.804  -32.460  15.201 0.0000000000
112446  -42.096  -32.497  15.557 0.0000000000
49546  -43.498  -32.387  16.484 0.0000000000
49547  -44.331  -32.410  16.820 0.0000000000
49550  -47.064  -32.695  16.810 0.0000000000
49533  -46.606  -32.405  17.574 0.0000000000
49534  -47.391  -32.552  17.772 0.0000000000
51490  -46.706  -30.994  10.303 0.0000000000
50571  -46.211  -31.247  10.857 0.0000000000
50572  -46.978  -31.142  11.121 0.0000000000
126449  -48.244  -31.682  13.129 0.0000000000
127652  -47.383  -31.411  12.536 0.0000000000
50513  -47.602  -31.646  13.130 0.0000000000
49626  -47.154  -31.940  13.719 0.0000000000
49627  -47.955  -32.066  13.654 0.0000000000
58793  -47.616  -22.088  5.122 0.0000000000
57960  -48.155  -22.542  5.542 0.0000000000
59615  -47.543  -20.730  4.686 0.0000000000
59631  -48.054  -20.123  4.603 0.0000000000
58795  -49.016  -21.382  5.545 0.0000000000
60534  -48.875  -20.301  4.824 0.0000000000
59607  -50.018  -20.907  6.396 0.0000000000
60535  -49.754  -20.074  5.066 0.0000000000
126076  -46.993  -21.077  2.877 0.0000000000
59666  -47.601  -21.451  2.340 0.0000000000
59649  -49.695  -20.599  3.441 0.0000000000
60565  -49.156  -19.703  4.069 0.0000000000
60547  -49.671  -19.885  4.285 0.0000000000
60536  -50.375  -19.877  5.555 0.0000000000
61414  -50.854  -19.498  5.384 0.0000000000
61407  -51.413  -19.289  6.413 0.0000000000
120647  -51.236  -19.226  5.828 0.0000000000
62295  -51.918  -18.772  5.411 0.0000000000
62296  -52.523  -18.538  4.895 0.0000000000
63103  -53.346  -17.658  6.259 0.0000000000
61476  -50.573  -19.720  -0.704 0.0000000000
134477  -49.921  -19.909  -0.587 0.0000000000
60632  -50.327  -20.304  -0.129 0.0000000000
60597  -51.448  -20.518  1.432 0.0000000000
60598  -52.233  -20.078  1.545 0.0000000000
62306  -53.871  -18.291  3.635 0.0000000000
63111  -54.503  -17.310  5.061 0.0000000000
63119  -54.481  -17.621  4.169 0.0000000000
134495  -54.349  -17.603  -0.713 0.0000000000
131601  -55.123  -17.008  -0.327 0.0000000000
44379  -27.515  -37.670  28.429 0.0000000000
43466  -28.663  -38.563  29.128 0.0000000000
43482  -29.128  -38.427  28.354 0.0000000000
49541  -35.732  -31.946  16.120 0.0000000000
49542  -36.621  -32.251  16.244 0.0000000000
49559  -35.687  -32.309  15.196 0.0000000000
49590  -36.460  -32.554  14.437 0.0000000000
49591  -37.373  -32.604  14.574 0.0000000000
56160  -48.493  -25.264  7.693 0.0000000000
55279  -49.822  -25.604  8.257 0.0000000000
55281  -51.396  -26.059  8.595 0.0000000000
56140  -52.287  -24.862  9.216 0.0000000000
57044  -52.074  -24.038  9.213 0.0000000000
57930  -50.684  -23.271  8.264 0.0000000000
35751  -5.672  -46.301  31.701 0.0000000000
35731  -5.944  -46.371  32.508 0.0000000000
35709  -6.082  -46.266  33.418 0.0000000000
35696  -6.090  -46.116  34.417 0.0000000000
44487  -34.427  -37.297  21.533 0.0000000000
44488  -35.068  -36.932  21.923 0.0000000000
46484  -34.482  -35.481  20.523 0.0000000000
47558  -34.714  -34.736  20.387 0.0000000000
46497  -34.091  -34.963  20.043 0.0000000000
47582  -32.550  -34.342  18.586 0.0000000000
40434  -13.873  -40.692  35.655 0.0000000000
36603  -21.031  -44.933  34.086 0.0000000000
37534  -21.207  -44.839  34.989 0.0000000000
36594  -22.067  -45.238  35.400 0.0000000000
133019  -23.409  -45.794  36.656 0.0000000000
114623  -24.375  -46.551  35.326 0.0000000000
33886  -31.230  -48.241  27.418 0.0000000000
33885  -30.338  -48.273  27.522 0.0000000000
32921  -30.025  -49.259  28.944 0.0000000000
32902  -29.754  -49.562  29.876 0.0000000000
31998  -31.302  -50.507  30.141 0.0000000000
129874  -12.446  -40.900  34.114 0.0000000000
112102  -13.146  -40.906  33.960 0.0000000000
50587  -41.853  -31.325  9.737 0.0000000000
50588  -42.551  -31.286  9.609 0.0000000000
50569  -44.033  -31.665  10.367 0.0000000000
50551  -45.515  -31.524  11.313 0.0000000000
123923  -33.802  -41.553  30.236 0.0000000000
40516  -34.447  -41.727  29.366 0.0000000000
41527  -33.932  -41.037  27.145 0.0000000000
41592  -32.185  -40.449  24.335 0.0000000000
41612  -32.807  -40.164  23.944 0.0000000000
42598  -33.269  -39.752  23.555 0.0000000000
42620  -33.953  -38.980  22.804 0.0000000000
40496  -14.507  -41.432  30.474 0.0000000000
40497  -15.120  -41.613  30.610 0.0000000000
39583  -17.338  -43.002  28.448 0.0000000000
117402  -17.145  -42.821  29.321 0.0000000000
38593  -18.104  -43.637  30.391 0.0000000000
118922  -19.223  -44.417  30.935 0.0000000000
36651  -19.947  -44.841  30.968 0.0000000000
112946  -28.265  -41.393  27.660 0.0000000000
39602  -28.485  -42.161  27.174 0.0000000000
38648  -30.083  -43.703  26.342 0.0000000000
122322  -30.888  -44.928  26.357 0.0000000000
37649  -30.760  -44.175  26.635 0.0000000000
115606  -32.013  -44.855  27.440 0.0000000000
37637  -32.306  -44.653  28.057 0.0000000000
129682  -30.595  -43.490  29.029 0.0000000000
38606  -30.594  -43.281  29.769 0.0000000000
42495  -30.326  -39.686  30.090 0.0000000000
42482  -30.807  -40.021  30.409 0.0000000000
41477  -31.437  -40.571  30.708 0.0000000000
41478  -32.220  -40.934  30.881 0.0000000000
40484  -32.238  -41.523  31.578 0.0000000000
41479  -32.980  -40.976  30.229 0.0000000000
121599  -13.748  -41.608  28.930 0.0000000000
50377  -39.912  -31.154  21.782 0.0000000000
50391  -40.383  -30.063  21.153 0.0000000000
51375  -40.813  -29.810  20.810 0.0000000000
48575  -39.829  -33.150  18.384 0.0000000000
49489  -41.157  -32.523  19.505 0.0000000000
49490  -42.259  -32.514  19.494 0.0000000000
50423  -43.785  -31.876  19.972 0.0000000000
49492  -44.051  -32.298  19.239 0.0000000000
49511  -44.680  -32.281  18.722 0.0000000000
52534  -46.261  -29.399  7.555 0.0000000000
51551  -46.944  -30.232  8.074 0.0000000000
52518  -47.477  -29.852  7.788 0.0000000000
52519  -48.270  -29.834  7.968 0.0000000000
51535  -49.265  -30.073  8.963 0.0000000000
53449  -52.041  -28.826  10.323 0.0000000000
52493  -52.324  -28.820  11.296 0.0000000000
131987  -52.790  -19.253  8.434 0.0000000000
51546  -37.682  -30.603  7.149 0.0000000000
54415  -40.575  -27.456  5.410 0.0000000000
54398  -41.997  -27.721  5.982 0.0000000000
55318  -40.893  -26.724  5.005 0.0000000000
55319  -41.737  -26.537  5.034 0.0000000000
133929  -42.865  -23.790  4.320 0.0000000000
112565  -43.444  -24.118  4.327 0.0000000000
57076  -44.985  -24.769  4.961 0.0000000000
57973  -44.086  -23.547  4.336 0.0000000000
132988  -44.604  -22.946  4.378 0.0000000000
58807  -44.668  -21.776  4.567 0.0000000000
59627  -43.367  -20.733  4.490 0.0000000000
135077  -43.078  -20.337  4.271 0.0000000000
33783  -2.416  -48.618  34.495 0.0000000000
32818  -2.253  -49.254  35.647 0.0000000000
36571  -6.147  -45.368  37.957 0.0000000000
35654  -5.681  -45.963  38.521 0.0000000000
34667  -4.682  -47.536  40.191 0.0000000000
130719  -3.613  -48.637  39.745 0.0000000000
32788  -3.272  -48.937  38.978 0.0000000000
32781  -2.738  -49.698  39.561 0.0000000000
31861  -2.206  -50.610  39.932 0.0000000000
31856  -2.701  -50.992  40.513 0.0000000000
41510  -37.014  -40.777  28.474 0.0000000000
42496  -37.585  -40.142  28.919 0.0000000000
41531  -37.303  -39.860  28.061 0.0000000000
116744  -37.275  -39.143  27.556 0.0000000000
43483  -37.501  -38.435  27.382 0.0000000000
117109  -37.179  -36.365  23.819 0.0000000000
45366  -37.526  -36.429  24.518 0.0000000000
46413  -38.671  -35.816  25.393 0.0000000000
46414  -39.290  -35.397  25.710 0.0000000000
47512  -38.963  -34.974  24.093 0.0000000000
47524  -39.384  -34.302  23.723 0.0000000000
112097  -39.126  -33.989  22.987 0.0000000000
48566  -34.271  -32.852  19.168 0.0000000000
49486  -35.096  -32.573  19.532 0.0000000000
50452  -34.533  -30.986  17.115 0.0000000000
113367  -33.954  -31.194  16.730 0.0000000000
50490  -32.566  -31.798  15.258 0.0000000000
39510  -17.204  -42.845  33.958 0.0000000000
39498  -17.162  -42.667  34.876 0.0000000000
38520  -18.495  -43.261  36.962 0.0000000000
37498  -20.805  -44.284  38.432 0.0000000000
124607  -22.044  -44.944  25.590 0.0000000000
37659  -21.374  -44.716  25.531 0.0000000000
36729  -21.677  -45.105  26.164 0.0000000000
36714  -21.264  -45.207  26.876 0.0000000000
36692  -21.469  -45.579  28.294 0.0000000000
36679  -21.288  -45.737  29.106 0.0000000000
36680  -22.025  -45.902  28.841 0.0000000000
35785  -22.548  -46.256  29.550 0.0000000000
37681  -26.610  -44.586  24.087 0.0000000000
36747  -27.038  -45.017  24.584 0.0000000000
36734  -26.620  -45.436  25.234 0.0000000000
36719  -26.304  -45.824  26.027 0.0000000000
35801  -26.854  -47.320  28.632 0.0000000000
34823  -26.428  -47.391  29.389 0.0000000000
34822  -25.836  -47.181  29.667 0.0000000000
35775  -25.279  -46.983  29.942 0.0000000000
132203  -25.793  -47.230  30.340 0.0000000000
119993  -25.469  -47.293  32.985 0.0000000000
34774  -26.044  -47.368  32.738 0.0000000000
34775  -26.741  -47.430  33.362 0.0000000000
39534  -10.822  -42.601  31.263 0.0000000000
38578  -10.076  -43.196  31.408 0.0000000000
38577  -9.402  -43.674  31.664 0.0000000000
131663  -9.041  -44.266  31.210 0.0000000000
131626  -9.207  -43.418  32.380 0.0000000000
112308  -12.484  -40.619  37.175 0.0000000000
40432  -11.531  -40.803  36.778 0.0000000000
49666  -37.116  -32.447  11.330 0.0000000000
49643  -37.420  -32.500  12.213 0.0000000000
49623  -43.819  -32.351  13.417 0.0000000000
120318  -43.130  -32.479  13.857 0.0000000000
127825  -44.164  -32.369  14.175 0.0000000000
49595  -44.511  -32.405  14.916 0.0000000000
49548  -45.142  -32.478  16.360 0.0000000000
111497  -46.577  -32.594  16.158 0.0000000000
128976  -47.676  -33.118  16.377 0.0000000000
124444  -48.521  -30.867  11.422 0.0000000000
50554  -47.895  -31.149  12.011 0.0000000000
50533  -48.633  -31.109  12.141 0.0000000000
50514  -48.821  -31.474  12.784 0.0000000000
59629  -45.858  -19.915  4.360 0.0000000000
133001  -46.670  -19.507  3.904 0.0000000000
61434  -47.334  -18.991  4.021 0.0000000000
59668  -49.300  -21.294  2.769 0.0000000000
60566  -50.155  -20.010  3.979 0.0000000000
117920  -50.987  -19.515  4.770 0.0000000000
60567  -50.992  -20.262  3.588 0.0000000000
61436  -51.620  -19.964  3.532 0.0000000000
115440  -50.392  -18.659  -1.639 0.0000000000
61461  -51.929  -19.864  -0.088 0.0000000000
60614  -52.147  -20.029  0.786 0.0000000000
61456  -53.650  -19.096  1.446 0.0000000000
62315  -54.947  -17.940  2.394 0.0000000000
63170  -54.070  -16.780  -1.706 0.0000000000
63156  -55.578  -16.276  -0.627 0.0000000000
117729  -32.125  -40.204  28.420 0.0000000000
41526  -32.555  -40.513  27.651 0.0000000000
133722  -32.063  -40.538  25.780 0.0000000000
41548  -30.954  -40.143  26.277 0.0000000000
41572  -31.517  -40.485  25.580 0.0000000000
132118  -31.661  -40.476  24.056 0.0000000000
125902  -15.331  -41.523  28.910 0.0000000000
39600  -16.463  -41.999  27.865 0.0000000000
38633  -17.544  -43.123  27.565 0.0000000000
42560  -26.956  -39.585  26.118 0.0000000000
121479  -27.621  -40.025  27.556 0.0000000000
42521  -27.095  -38.493  28.345 0.0000000000
41523  -27.532  -39.334  28.349 0.0000000000
112977  -28.447  -41.085  28.581 0.0000000000
123469  -28.702  -41.696  28.816 0.0000000000
40531  -29.013  -41.893  29.361 0.0000000000
40530  -28.810  -40.864  29.537 0.0000000000
42494  -29.527  -39.557  29.991 0.0000000000
51419  -37.858  -30.136  18.567 0.0000000000
51406  -38.471  -29.973  18.960 0.0000000000
50440  -37.663  -30.421  18.284 0.0000000000
49504  -37.929  -31.461  18.055 0.0000000000
49505  -38.630  -32.038  18.504 0.0000000000
49543  -37.450  -32.479  16.500 0.0000000000
49525  -38.379  -32.620  17.757 0.0000000000
122557  -39.110  -32.983  18.195 0.0000000000
49526  -39.849  -33.203  17.569 0.0000000000
49527  -40.689  -33.072  17.016 0.0000000000
54389  -47.676  -27.576  7.503 0.0000000000
53484  -48.232  -28.416  7.465 0.0000000000
54390  -48.546  -27.534  7.534 0.0000000000
53472  -51.372  -28.405  8.708 0.0000000000
54377  -50.638  -27.150  8.172 0.0000000000
54363  -52.007  -27.898  8.995 0.0000000000
53450  -52.568  -28.182  10.973 0.0000000000
57045  -52.789  -24.099  9.716 0.0000000000
59591  -51.801  -21.307  8.602 0.0000000000
59600  -51.407  -21.107  7.988 0.0000000000
35730  -5.198  -46.617  32.313 0.0000000000
35729  -4.376  -46.803  32.205 0.0000000000
34764  -3.893  -47.263  32.823 0.0000000000
34747  -4.236  -47.452  33.850 0.0000000000
34730  -4.158  -47.704  34.661 0.0000000000
43512  -35.934  -38.867  25.159 0.0000000000
43513  -36.442  -38.434  25.505 0.0000000000
44455  -36.285  -37.291  23.694 0.0000000000
45403  -35.725  -36.571  22.328 0.0000000000
45385  -36.657  -36.604  23.424 0.0000000000
45404  -36.451  -36.143  22.703 0.0000000000
46462  -36.512  -35.464  22.173 0.0000000000
47533  -37.017  -34.981  22.184 0.0000000000
47548  -36.512  -34.757  21.660 0.0000000000
47573  -34.335  -34.187  19.896 0.0000000000
48567  -34.613  -33.420  19.703 0.0000000000
49521  -32.271  -32.005  16.894 0.0000000000
38533  -19.110  -43.827  34.471 0.0000000000
129563  -19.129  -43.712  35.309 0.0000000000
134463  -19.734  -43.981  35.687 0.0000000000
134818  -20.876  -44.500  36.482 0.0000000000
37508  -20.789  -44.384  37.369 0.0000000000
131792  -21.359  -44.522  38.025 0.0000000000
35676  -24.105  -46.062  37.112 0.0000000000
37676  -22.015  -44.562  24.863 0.0000000000
35833  -28.964  -46.069  25.651 0.0000000000
35821  -28.299  -46.468  26.098 0.0000000000
33884  -29.419  -48.147  27.692 0.0000000000
113411  -28.490  -47.942  28.058 0.0000000000
33838  -27.499  -48.215  30.542 0.0000000000
33826  -27.676  -48.313  31.660 0.0000000000
134974  -27.991  -48.436  31.126 0.0000000000
119873  -28.349  -48.768  31.659 0.0000000000
32866  -28.929  -49.216  32.462 0.0000000000
32884  -29.568  -49.688  31.012 0.0000000000
32867  -29.583  -49.790  32.212 0.0000000000
32855  -29.499  -49.660  33.215 0.0000000000
39561  -11.866  -42.866  28.849 0.0000000000
130371  -11.431  -42.118  31.145 0.0000000000
39506  -10.290  -41.878  33.008 0.0000000000
112104  -12.310  -40.729  35.452 0.0000000000
50563  -39.098  -31.719  10.197 0.0000000000
49689  -39.387  -31.944  10.960 0.0000000000
50546  -40.925  -31.944  11.112 0.0000000000
49671  -42.282  -32.211  11.749 0.0000000000
50548  -42.720  -31.968  11.018 0.0000000000
49672  -43.179  -32.180  11.770 0.0000000000
49649  -43.565  -32.275  12.545 0.0000000000
49650  -44.470  -32.098  12.698 0.0000000000
49624  -45.667  -31.912  13.571 0.0000000000
59679  -44.686  -21.433  1.657 0.0000000000
59680  -45.401  -21.519  1.929 0.0000000000
59692  -45.290  -21.340  1.133 0.0000000000
127362  -46.068  -21.475  1.486 0.0000000000
62380  -50.001  -18.097  -2.186 0.0000000000
115403  -52.960  -18.600  -1.014 0.0000000000
62363  -52.559  -18.140  -1.651 0.0000000000
63169  -53.003  -17.381  -2.069 0.0000000000
64042  -51.644  -16.550  -3.009 0.0000000000
36599  -7.290  -44.926  34.245 0.0000000000
123794  -36.499  -42.056  30.222 0.0000000000
40519  -37.006  -41.631  29.881 0.0000000000
40517  -35.387  -41.961  29.355 0.0000000000
126397  -35.912  -41.744  28.519 0.0000000000
40553  -36.470  -41.309  28.222 0.0000000000
41530  -36.570  -40.746  27.642 0.0000000000
41554  -36.176  -40.390  26.847 0.0000000000
129970  -33.202  -40.863  27.569 0.0000000000
41552  -34.489  -40.791  26.465 0.0000000000
41575  -34.110  -40.478  25.732 0.0000000000
41576  -34.966  -40.347  25.887 0.0000000000
42564  -35.392  -39.571  25.331 0.0000000000
43531  -35.467  -38.850  24.497 0.0000000000
43548  -35.245  -38.465  23.599 0.0000000000
43566  -34.333  -38.404  22.473 0.0000000000
39508  -15.817  -41.809  33.252 0.0000000000
39509  -16.556  -42.359  33.555 0.0000000000
39550  -16.394  -42.350  30.453 0.0000000000
39564  -17.064  -42.789  30.142 0.0000000000
39551  -16.965  -42.802  30.911 0.0000000000
38568  -17.432  -43.191  32.214 0.0000000000
123626  -17.936  -43.466  32.763 0.0000000000
38544  -18.480  -43.570  34.032 0.0000000000
38545  -19.084  -43.958  33.672 0.0000000000
37532  -19.738  -44.223  34.098 0.0000000000
37548  -20.361  -44.595  33.686 0.0000000000
37564  -19.549  -44.415  32.470 0.0000000000
37565  -20.243  -44.696  32.843 0.0000000000
125976  -21.505  -45.429  33.598 0.0000000000
35717  -21.878  -45.864  33.151 0.0000000000
39663  -27.203  -42.561  22.941 0.0000000000
38687  -27.339  -43.371  23.325 0.0000000000
37693  -27.062  -44.086  23.572 0.0000000000
37682  -27.435  -44.518  24.138 0.0000000000
113483  -27.807  -41.223  25.259 0.0000000000
40582  -28.218  -42.042  24.997 0.0000000000
39614  -28.505  -42.261  26.055 0.0000000000
39624  -28.612  -42.695  25.144 0.0000000000
38657  -28.768  -43.389  24.863 0.0000000000
37683  -28.791  -44.260  24.798 0.0000000000
37664  -29.001  -44.917  25.089 0.0000000000
36736  -28.725  -45.426  25.205 0.0000000000
35822  -29.683  -46.109  25.917 0.0000000000
35823  -30.107  -46.536  26.272 0.0000000000
34858  -30.523  -47.067  26.611 0.0000000000
36722  -31.227  -45.578  26.565 0.0000000000
35824  -30.876  -46.359  26.496 0.0000000000
34846  -30.875  -47.635  27.001 0.0000000000
34847  -31.688  -47.523  27.146 0.0000000000
33887  -32.037  -48.145  27.481 0.0000000000
125677  -32.945  -48.692  28.114 0.0000000000
32925  -33.418  -49.063  28.424 0.0000000000
34836  -33.751  -47.215  28.184 0.0000000000
35803  -34.370  -46.788  28.676 0.0000000000
36695  -32.965  -45.070  28.158 0.0000000000
36696  -33.570  -45.550  28.475 0.0000000000
36697  -34.237  -45.961  28.869 0.0000000000
36681  -33.787  -45.330  29.339 0.0000000000
36667  -33.856  -45.212  30.287 0.0000000000
37593  -33.166  -44.723  30.938 0.0000000000
39565  -29.475  -42.277  29.808 0.0000000000
39566  -30.076  -42.636  30.203 0.0000000000
40499  -30.273  -41.343  30.826 0.0000000000
39553  -30.445  -42.079  30.835 0.0000000000
39554  -30.746  -42.940  30.649 0.0000000000
38594  -31.949  -43.932  30.929 0.0000000000
37580  -32.512  -44.173  31.526 0.0000000000
37566  -32.677  -43.815  32.440 0.0000000000
40469  -33.245  -42.094  32.759 0.0000000000
39581  -12.298  -42.558  28.369 0.0000000000
40510  -13.943  -41.409  29.777 0.0000000000
40494  -13.339  -41.395  30.378 0.0000000000
49433  -41.692  -32.216  24.598 0.0000000000
50370  -42.700  -30.390  23.856 0.0000000000
51347  -43.238  -29.840  23.439 0.0000000000
131451  -39.323  -30.068  19.448 0.0000000000
50405  -40.356  -30.035  20.437 0.0000000000
118258  -40.988  -29.739  20.813 0.0000000000
50406  -41.183  -30.162  20.600 0.0000000000
51392  -41.484  -29.785  21.062 0.0000000000
51378  -43.614  -29.679  22.001 0.0000000000
50410  -45.545  -30.776  20.395 0.0000000000
51530  -44.232  -30.497  8.542 0.0000000000
51509  -44.634  -30.988  8.974 0.0000000000
112514  -44.928  -30.562  8.468 0.0000000000
51511  -46.436  -30.800  9.358 0.0000000000
51491  -47.456  -30.853  10.470 0.0000000000
131852  -47.069  -30.539  8.874 0.0000000000
51512  -47.872  -30.522  9.492 0.0000000000
50536  -50.982  -31.119  12.909 0.0000000000
52536  -49.470  -29.177  7.917 0.0000000000
116144  -50.016  -29.568  8.673 0.0000000000
52491  -50.863  -29.952  10.542 0.0000000000
52492  -51.669  -29.453  11.005 0.0000000000
133312  -50.736  -30.484  11.778 0.0000000000
30910  0.222  -51.693  36.934 0.0000000000
118907  -33.767  -32.588  12.036 0.0000000000
123663  -34.987  -32.580  12.815 0.0000000000
49640  -34.617  -32.586  12.097 0.0000000000
49664  -35.049  -32.574  11.446 0.0000000000
49685  -34.821  -32.528  10.079 0.0000000000
112981  -36.270  -32.529  10.998 0.0000000000
49686  -36.040  -32.491  10.165 0.0000000000
49706  -37.388  -32.112  9.838 0.0000000000
49716  -36.140  -32.139  8.842 0.0000000000
50583  -37.005  -31.965  9.008 0.0000000000
50584  -37.901  -31.746  9.219 0.0000000000
50585  -38.740  -31.569  9.395 0.0000000000
131575  -39.061  -31.312  8.824 0.0000000000
50607  -39.625  -31.011  8.625 0.0000000000
51525  -39.510  -30.592  7.895 0.0000000000
51505  -41.067  -30.632  8.786 0.0000000000
51527  -41.696  -30.116  8.463 0.0000000000
51528  -42.541  -30.221  8.607 0.0000000000
52550  -40.375  -29.199  6.676 0.0000000000
52529  -41.476  -29.572  7.816 0.0000000000
52514  -42.280  -29.536  8.165 0.0000000000
52530  -42.874  -28.860  7.827 0.0000000000
52531  -43.731  -28.921  8.078 0.0000000000
53495  -42.525  -28.054  6.633 0.0000000000
53496  -43.346  -27.842  6.879 0.0000000000
126564  -45.145  -28.778  7.654 0.0000000000
54386  -45.108  -27.890  7.554 0.0000000000
123213  -46.499  -28.096  7.526 0.0000000000
54387  -45.975  -27.420  7.467 0.0000000000
56194  -40.756  -25.375  4.438 0.0000000000
55335  -42.084  -25.830  4.663 0.0000000000
56196  -42.454  -25.126  4.447 0.0000000000
134441  -43.304  -26.201  5.314 0.0000000000
55321  -44.119  -26.380  5.923 0.0000000000
133699  -44.868  -26.544  6.563 0.0000000000
126253  -45.910  -26.683  7.235 0.0000000000
55289  -46.621  -26.657  7.401 0.0000000000
56158  -47.343  -26.194  7.483 0.0000000000
56172  -46.975  -25.660  7.132 0.0000000000
117143  -45.674  -24.743  5.522 0.0000000000
127656  -46.623  -24.789  6.165 0.0000000000
56159  -47.722  -25.411  7.353 0.0000000000
57058  -48.181  -24.598  7.142 0.0000000000
131949  -48.427  -23.903  6.785 0.0000000000
117591  -48.893  -23.512  6.912 0.0000000000
58809  -46.370  -21.252  4.646 0.0000000000
58808  -45.429  -21.129  4.609 0.0000000000
59644  -44.859  -19.905  3.724 0.0000000000
134066  -44.177  -21.302  2.247 0.0000000000
59662  -43.479  -21.054  2.438 0.0000000000
124603  -43.941  -21.318  1.535 0.0000000000
36598  -6.668  -45.462  34.738 0.0000000000
116605  -6.256  -45.810  35.157 0.0000000000
119778  -5.871  -46.203  35.198 0.0000000000
35695  -5.395  -46.722  34.789 0.0000000000
117262  -4.352  -47.661  35.407 0.0000000000
35638  -5.257  -46.471  39.332 0.0000000000
34690  -4.765  -47.112  38.627 0.0000000000
33770  -3.874  -48.152  36.089 0.0000000000
128994  -3.320  -48.638  36.257 0.0000000000
32819  -2.850  -48.953  35.981 0.0000000000
32793  -2.572  -49.483  37.330 0.0000000000
30898  -0.239  -52.058  38.514 0.0000000000
30887  -0.492  -52.653  39.484 0.0000000000
30881  -1.604  -52.291  40.035 0.0000000000
48476  -42.126  -33.734  28.335 0.0000000000
116431  -41.920  -33.567  27.487 0.0000000000
41467  -37.426  -40.198  32.354 0.0000000000
42483  -37.801  -40.283  29.760 0.0000000000
43514  -36.967  -37.939  25.931 0.0000000000
43499  -37.240  -38.177  26.663 0.0000000000
44395  -37.755  -37.726  27.108 0.0000000000
112159  -37.552  -36.777  25.234 0.0000000000
44396  -38.306  -37.351  27.548 0.0000000000
45309  -38.902  -36.987  28.015 0.0000000000
46361  -39.976  -35.956  28.117 0.0000000000
46379  -40.386  -35.319  27.728 0.0000000000
47497  -39.937  -34.984  26.067 0.0000000000
47479  -40.562  -34.534  26.493 0.0000000000
48490  -40.984  -33.907  26.112 0.0000000000
48513  -41.191  -33.032  24.929 0.0000000000
49437  -40.023  -32.835  22.935 0.0000000000
48527  -39.353  -33.207  22.652 0.0000000000
49445  -39.572  -32.266  22.308 0.0000000000
49455  -39.157  -31.652  21.614 0.0000000000
50389  -38.760  -31.018  20.865 0.0000000000
48540  -36.784  -33.859  21.312 0.0000000000
48557  -37.025  -32.926  20.945 0.0000000000
49487  -35.991  -31.974  19.648 0.0000000000
49472  -37.267  -31.896  20.550 0.0000000000
50419  -37.270  -30.559  19.213 0.0000000000
51405  -37.894  -29.983  19.009 0.0000000000
50454  -36.372  -30.760  17.534 0.0000000000
50463  -34.597  -31.058  16.793 0.0000000000
50464  -35.202  -31.114  16.728 0.0000000000
50476  -34.950  -31.721  15.933 0.0000000000
49558  -34.836  -32.192  15.075 0.0000000000
49615  -33.532  -32.426  13.590 0.0000000000
45462  -32.095  -36.208  18.825 0.0000000000
46506  -32.280  -35.341  18.689 0.0000000000
47591  -31.944  -33.985  17.959 0.0000000000
48584  -31.967  -33.233  17.601 0.0000000000
113342  -31.927  -32.638  17.189 0.0000000000
50461  -31.995  -31.695  16.191 0.0000000000
50510  -32.055  -32.041  14.467 0.0000000000
50528  -30.874  -32.068  13.554 0.0000000000
49614  -32.608  -32.323  13.604 0.0000000000
49639  -33.223  -32.525  12.779 0.0000000000
122779  -16.059  -41.733  34.974 0.0000000000
38645  -18.337  -43.728  27.098 0.0000000000
37632  -18.910  -44.216  27.808 0.0000000000
36677  -19.921  -44.968  29.586 0.0000000000
36664  -20.081  -45.081  30.149 0.0000000000
36665  -20.630  -45.445  30.495 0.0000000000
112124  -21.240  -45.828  29.971 0.0000000000
35741  -21.955  -46.174  32.359 0.0000000000
35718  -22.452  -46.279  33.192 0.0000000000
37662  -24.440  -44.881  25.005 0.0000000000
36732  -24.189  -45.230  25.698 0.0000000000
36717  -24.000  -45.605  26.473 0.0000000000
36705  -23.822  -45.929  27.292 0.0000000000
131930  -27.603  -46.242  26.006 0.0000000000
119851  -26.873  -46.215  26.406 0.0000000000
35819  -26.091  -46.199  26.869 0.0000000000
35809  -26.401  -46.919  28.053 0.0000000000
127946  -25.918  -46.504  27.633 0.0000000000
35818  -25.521  -46.186  27.197 0.0000000000
35807  -24.463  -46.238  27.874 0.0000000000
129492  -23.658  -46.085  28.007 0.0000000000
35786  -23.514  -46.398  29.336 0.0000000000
120664  -23.169  -46.493  29.968 0.0000000000
35774  -24.516  -46.842  30.319 0.0000000000
35773  -23.472  -46.731  30.630 0.0000000000
112876  -23.241  -46.702  33.281 0.0000000000
127525  -23.769  -46.731  33.963 0.0000000000
123128  -24.553  -46.764  34.875 0.0000000000
35704  -25.205  -46.856  35.129 0.0000000000
34738  -25.660  -47.085  34.418 0.0000000000
35691  -25.718  -46.841  35.752 0.0000000000
114945  -27.745  -48.238  32.565 0.0000000000
36626  -7.115  -45.672  32.286 0.0000000000
36647  -8.021  -45.129  30.690 0.0000000000
49619  -37.140  -32.609  13.733 0.0000000000
118908  -37.760  -32.573  13.074 0.0000000000
113008  -38.007  -32.602  13.915 0.0000000000
49563  -39.545  -32.710  15.529 0.0000000000
49564  -40.475  -32.666  15.540 0.0000000000
133198  -41.383  -32.808  16.692 0.0000000000
49668  -39.650  -32.163  11.603 0.0000000000
49646  -40.268  -32.441  12.915 0.0000000000
49620  -40.987  -32.486  13.451 0.0000000000
49621  -42.375  -32.511  13.665 0.0000000000
124174  -41.677  -32.533  13.922 0.0000000000
49592  -40.958  -32.533  14.263 0.0000000000
126451  -41.760  -32.597  16.149 0.0000000000
49529  -42.869  -32.540  17.048 0.0000000000
49530  -43.651  -32.448  17.332 0.0000000000
49531  -44.486  -32.391  17.730 0.0000000000
113902  -45.495  -32.196  18.192 0.0000000000
131163  -45.928  -32.329  17.559 0.0000000000
50591  -45.135  -31.266  9.718 0.0000000000
135159  -45.542  -31.364  10.483 0.0000000000
119809  -47.193  -31.241  11.882 0.0000000000
50532  -46.675  -31.456  12.428 0.0000000000
49570  -48.131  -33.068  14.985 0.0000000000
127508  -47.451  -32.840  15.288 0.0000000000
48609  -47.872  -33.271  15.769 0.0000000000
57938  -49.525  -23.449  7.434 0.0000000000
57949  -49.160  -22.825  6.620 0.0000000000
58779  -49.863  -22.470  7.164 0.0000000000
58794  -48.322  -21.411  5.184 0.0000000000
59598  -50.222  -21.567  7.015 0.0000000000
59599  -50.882  -21.323  7.515 0.0000000000
59608  -50.613  -20.729  6.928 0.0000000000
59665  -46.284  -20.975  2.911 0.0000000000
60564  -47.763  -19.140  3.957 0.0000000000
59648  -48.646  -20.173  3.587 0.0000000000
116914  -48.399  -19.333  4.036 0.0000000000
60528  -50.447  -20.221  6.270 0.0000000000
60529  -51.023  -19.953  6.718 0.0000000000
61399  -51.690  -19.522  7.181 0.0000000000
61400  -52.456  -18.985  7.712 0.0000000000
62270  -52.111  -18.823  6.874 0.0000000000
113944  -51.380  -19.133  5.394 0.0000000000
62271  -52.973  -18.201  7.503 0.0000000000
62281  -53.598  -17.490  7.195 0.0000000000
60612  -50.020  -20.753  0.528 0.0000000000
60596  -50.440  -20.960  1.284 0.0000000000
61447  -52.181  -20.009  2.824 0.0000000000
119643  -52.374  -19.434  3.559 0.0000000000
61448  -52.597  -19.836  2.138 0.0000000000
131585  -52.755  -19.535  2.786 0.0000000000
62305  -52.915  -18.714  4.011 0.0000000000
62297  -53.550  -18.065  4.518 0.0000000000
62341  -53.795  -18.246  -0.556 0.0000000000
33876  -32.269  -48.772  27.896 0.0000000000
35759  -22.395  -46.539  31.636 0.0000000000
35814  -33.194  -46.807  27.753 0.0000000000
36708  -32.487  -45.304  27.543 0.0000000000
37636  -31.654  -44.306  27.873 0.0000000000
38570  -32.597  -43.161  32.628 0.0000000000
38605  -18.324  -43.829  29.927 0.0000000000
39526  -32.917  -42.622  32.955 0.0000000000
39601  -16.968  -42.571  27.925 0.0000000000
40534  -36.677  -41.438  28.939 0.0000000000
43532  -36.188  -38.245  24.776 0.0000000000
44425  -37.289  -37.298  25.581 0.0000000000
46395  -40.145  -35.152  26.889 0.0000000000
46476  -35.422  -35.359  21.224 0.0000000000
46495  -32.755  -35.771  19.201 0.0000000000
48525  -38.029  -33.950  22.112 0.0000000000
49507  -40.328  -32.978  18.964 0.0000000000
49508  -41.288  -33.142  18.452 0.0000000000
49509  -42.758  -32.782  18.648 0.0000000000
49544  -38.286  -32.765  16.689 0.0000000000
49596  -45.104  -32.167  14.180 0.0000000000
49622  -42.991  -32.436  13.148 0.0000000000
49669  -40.406  -32.247  11.932 0.0000000000
50441  -38.372  -30.434  18.590 0.0000000000
50451  -32.949  -31.678  17.164 0.0000000000
50567  -42.223  -31.640  10.312 0.0000000000
50570  -44.855  -31.537  10.462 0.0000000000
50586  -39.627  -31.380  9.481 0.0000000000
50608  -40.388  -31.052  9.093 0.0000000000
51390  -37.718  -30.731  19.891 0.0000000000
51404  -37.355  -30.329  18.527 0.0000000000
51407  -39.598  -29.980  19.828 0.0000000000
51480  -51.344  -30.297  12.103 0.0000000000
51510  -45.539  -30.848  8.934 0.0000000000
51514  -49.705  -30.143  9.702 0.0000000000
51534  -48.535  -30.197  8.746 0.0000000000
51548  -40.115  -30.152  7.653 0.0000000000
51550  -46.228  -30.079  7.815 0.0000000000
52515  -43.110  -29.581  8.300 0.0000000000
52517  -44.773  -30.070  8.092 0.0000000000
52521  -50.807  -28.932  8.542 0.0000000000
53480  -43.620  -28.322  7.540 0.0000000000
53481  -44.383  -28.418  7.697 0.0000000000
53482  -45.877  -28.482  7.542 0.0000000000
53485  -49.234  -28.353  7.608 0.0000000000
53486  -50.032  -27.728  7.817 0.0000000000
54378  -51.367  -27.574  8.513 0.0000000000
55280  -50.549  -26.211  8.348 0.0000000000
55290  -47.265  -26.893  7.546 0.0000000000
55292  -49.015  -25.848  8.023 0.0000000000
55301  -46.291  -26.051  7.064 0.0000000000
55320  -43.149  -26.794  5.764 0.0000000000
55336  -42.923  -25.704  4.758 0.0000000000
56183  -46.030  -25.047  6.049 0.0000000000
57088  -41.113  -24.640  4.355 0.0000000000
57091  -44.181  -24.433  4.491 0.0000000000
57937  -48.881  -24.080  7.347 0.0000000000
57957  -45.708  -24.160  5.020 0.0000000000
57972  -43.314  -23.224  4.358 0.0000000000
59616  -49.523  -20.806  5.664 0.0000000000
59630  -46.734  -20.079  4.419 0.0000000000
60522  -51.351  -20.436  7.504 0.0000000000
60542  -43.992  -20.067  4.318 0.0000000000
60563  -47.166  -19.044  3.987 0.0000000000
61413  -50.198  -19.871  4.755 0.0000000000
61424  -51.698  -19.037  4.860 0.0000000000
61435  -50.923  -19.807  4.151 0.0000000000
61449  -53.383  -19.261  2.239 0.0000000000
62280  -52.664  -18.214  6.578 0.0000000000
62342  -54.559  -17.776  -0.056 0.0000000000
111588  -42.052  -32.671  16.857 0.0000000000
112093  -39.083  -32.642  14.769 0.0000000000
112826  -38.903  -32.264  11.625 0.0000000000
113004  -35.451  -32.546  10.685 0.0000000000
113174  -35.220  -30.822  17.111 0.0000000000
114682  -31.323  -34.449  17.636 0.0000000000
115118  -39.838  -30.276  19.698 0.0000000000
116240  -40.950  -32.745  16.202 0.0000000000
118719  -43.688  -31.402  9.696 0.0000000000
120183  -41.924  -32.389  12.453 0.0000000000
120398  -41.796  -29.752  21.482 0.0000000000
122273  -46.817  -29.835  7.692 0.0000000000
122511  -47.072  -29.321  7.496 0.0000000000
130247  -43.358  -32.386  15.790 0.0000000000
131341  -45.154  -19.932  4.329 0.0000000000
131666  -51.510  -20.249  0.463 0.0000000000
132425  -43.618  -32.441  13.997 0.0000000000
132738  -31.061  -43.701  29.280 0.0000000000
133223  -46.799  -26.126  7.314 0.0000000000
133246  -43.927  -32.466  14.705 0.0000000000
134562  -45.684  -29.130  7.574 0.0000000000
135251  -42.133  -32.531  14.183 0.0000000000
