#!ascii label  , from subject sub-v2s8x29229_ses-1 vox2ras=TkReg
321
69248  -22.609  -10.593  -46.312 0.0000000000
66142  -18.777  -14.766  -45.271 0.0000000000
65355  -23.785  -15.119  -44.469 0.0000000000
126880  -20.565  -19.115  -44.922 0.0000000000
77544  -23.936  -0.076  -47.459 0.0000000000
75043  -24.859  -2.843  -47.895 0.0000000000
72597  -20.254  -6.748  -48.358 0.0000000000
60132  -18.518  -22.404  -43.122 0.0000000000
110746  -19.879  -17.173  -45.605 0.0000000000
110733  -17.938  -17.890  -43.958 0.0000000000
76776  -24.441  -1.112  -47.722 0.0000000000
75931  -21.850  -1.999  -49.600 0.0000000000
68484  -20.067  -11.039  -46.915 0.0000000000
70092  -18.400  -9.130  -46.824 0.0000000000
70106  -21.479  -9.147  -47.990 0.0000000000
71758  -23.527  -6.836  -48.610 0.0000000000
70098  -24.030  -9.507  -47.045 0.0000000000
68478  -24.548  -10.657  -45.702 0.0000000000
66928  -18.060  -13.251  -45.130 0.0000000000
66943  -20.773  -13.139  -46.043 0.0000000000
118052  -23.027  -12.626  -45.238 0.0000000000
65352  -21.533  -15.130  -45.004 0.0000000000
111275  -22.375  -16.837  -44.538 0.0000000000
110763  -23.019  -18.606  -43.286 0.0000000000
74195  -19.054  -3.907  -48.722 0.0000000000
73408  -22.443  -4.880  -50.010 0.0000000000
118732  -25.055  -4.678  -47.785 0.0000000000
123253  -16.976  -19.061  -43.225 0.0000000000
129084  -19.919  -20.862  -43.901 0.0000000000
110741  -17.864  -17.185  -44.175 0.0000000000
110740  -17.242  -17.468  -43.517 0.0000000000
77561  -21.170  -0.130  -48.822 0.0000000000
76796  -19.585  -0.569  -49.779 0.0000000000
69246  -21.067  -10.685  -46.270 0.0000000000
69258  -20.579  -10.229  -46.973 0.0000000000
69260  -22.274  -10.170  -46.974 0.0000000000
70108  -22.949  -8.910  -48.086 0.0000000000
69261  -23.022  -10.146  -47.013 0.0000000000
69250  -24.138  -10.144  -46.353 0.0000000000
68477  -23.932  -10.962  -46.044 0.0000000000
120666  -18.625  -13.894  -45.314 0.0000000000
66941  -19.122  -12.556  -46.067 0.0000000000
127113  -19.829  -14.275  -45.968 0.0000000000
66931  -21.127  -13.548  -45.206 0.0000000000
66158  -20.063  -14.771  -45.645 0.0000000000
110742  -20.093  -17.850  -45.470 0.0000000000
114979  -21.158  -17.126  -44.991 0.0000000000
111145  -21.229  -18.541  -44.704 0.0000000000
110764  -22.736  -17.964  -43.832 0.0000000000
110752  -21.807  -18.876  -44.122 0.0000000000
77543  -23.026  0.452  -47.585 0.0000000000
115189  -22.940  0.551  -47.231 0.0000000000
77529  -23.238  0.421  -46.898 0.0000000000
78970  -24.120  1.566  -46.594 0.0000000000
77531  -25.769  -0.382  -47.508 0.0000000000
75915  -24.938  -2.039  -47.759 0.0000000000
70930  -19.667  -8.114  -48.073 0.0000000000
71745  -18.747  -6.912  -47.993 0.0000000000
73397  -19.815  -5.419  -48.924 0.0000000000
74197  -20.539  -4.373  -49.455 0.0000000000
73399  -21.142  -5.630  -49.262 0.0000000000
71736  -24.547  -7.190  -47.557 0.0000000000
72598  -24.258  -6.393  -48.154 0.0000000000
72590  -25.611  -6.267  -46.996 0.0000000000
66934  -23.419  -13.577  -45.004 0.0000000000
67721  -23.905  -12.658  -45.043 0.0000000000
131295  -16.988  -21.517  -42.771 0.0000000000
61009  -17.246  -20.737  -43.183 0.0000000000
110731  -18.622  -19.905  -43.749 0.0000000000
60144  -19.614  -21.543  -43.543 0.0000000000
110756  -18.018  -15.783  -44.546 0.0000000000
65350  -19.240  -15.655  -45.384 0.0000000000
110744  -18.444  -16.408  -44.833 0.0000000000
111418  -19.159  -17.708  -45.131 0.0000000000
111405  -19.594  -18.445  -45.263 0.0000000000
77554  -23.054  0.418  -47.904 0.0000000000
76775  -23.660  -0.061  -47.756 0.0000000000
77563  -22.846  0.197  -48.202 0.0000000000
75921  -23.726  -1.820  -48.536 0.0000000000
75061  -23.586  -3.093  -48.837 0.0000000000
69244  -17.900  -10.889  -45.727 0.0000000000
69256  -18.639  -9.908  -46.692 0.0000000000
70104  -19.828  -8.863  -47.813 0.0000000000
71748  -21.244  -7.783  -48.198 0.0000000000
71757  -22.236  -7.104  -49.167 0.0000000000
70933  -22.447  -8.313  -48.402 0.0000000000
70922  -24.139  -8.137  -47.658 0.0000000000
70912  -25.375  -7.768  -46.477 0.0000000000
70903  -25.463  -8.563  -45.888 0.0000000000
58435  -19.689  -23.753  -42.638 0.0000000000
59281  -20.659  -22.653  -42.729 0.0000000000
68471  -18.515  -11.702  -46.002 0.0000000000
68473  -20.611  -11.530  -46.198 0.0000000000
68474  -21.490  -11.479  -46.188 0.0000000000
67720  -22.750  -12.126  -46.021 0.0000000000
66944  -21.533  -12.851  -45.373 0.0000000000
66146  -22.604  -14.004  -45.061 0.0000000000
118017  -22.427  -14.878  -45.014 0.0000000000
110754  -20.495  -16.165  -45.137 0.0000000000
117016  -21.271  -15.939  -45.099 0.0000000000
64503  -23.039  -16.252  -44.411 0.0000000000
111235  -23.098  -17.116  -43.990 0.0000000000
111473  -23.889  -18.031  -42.882 0.0000000000
77545  -25.045  -0.749  -47.496 0.0000000000
134070  -19.971  -2.116  -50.127 0.0000000000
75068  -22.308  -3.220  -49.746 0.0000000000
74190  -23.889  -3.790  -48.742 0.0000000000
122148  -22.975  -5.741  -49.463 0.0000000000
74200  -23.983  -4.627  -48.785 0.0000000000
74180  -25.009  -3.830  -47.844 0.0000000000
68465  -23.551  -11.736  -45.384 0.0000000000
117085  -25.215  -12.078  -44.667 0.0000000000
62728  -16.702  -18.135  -43.190 0.0000000000
61856  -18.076  -19.000  -43.749 0.0000000000
61026  -19.218  -19.125  -44.533 0.0000000000
61020  -20.172  -20.241  -44.328 0.0000000000
60133  -20.843  -21.830  -42.925 0.0000000000
60146  -21.064  -21.110  -43.238 0.0000000000
61021  -20.854  -20.009  -44.132 0.0000000000
77558  -18.594  0.368  -48.491 0.0000000000
69247  -21.832  -10.687  -46.318 0.0000000000
69259  -21.455  -10.173  -46.872 0.0000000000
69249  -23.362  -10.461  -46.298 0.0000000000
68476  -23.139  -11.137  -46.138 0.0000000000
66141  -18.113  -14.056  -44.836 0.0000000000
66930  -19.272  -14.106  -45.661 0.0000000000
66143  -19.527  -14.888  -45.616 0.0000000000
111148  -20.377  -18.544  -45.123 0.0000000000
111317  -21.094  -19.336  -44.433 0.0000000000
77530  -24.417  0.199  -47.232 0.0000000000
75916  -25.472  -2.428  -47.499 0.0000000000
75044  -25.508  -3.261  -47.512 0.0000000000
71746  -19.746  -7.340  -48.082 0.0000000000
70929  -19.000  -7.627  -47.870 0.0000000000
116364  -19.488  -6.814  -48.159 0.0000000000
72596  -19.159  -6.131  -48.138 0.0000000000
72602  -20.292  -6.018  -49.093 0.0000000000
73398  -20.488  -5.196  -49.249 0.0000000000
72603  -20.937  -6.530  -49.076 0.0000000000
71737  -25.245  -7.093  -47.052 0.0000000000
66148  -24.031  -14.334  -44.736 0.0000000000
60131  -17.764  -22.064  -43.033 0.0000000000
60142  -17.699  -21.345  -43.212 0.0000000000
61010  -18.120  -20.709  -43.438 0.0000000000
60143  -18.576  -21.599  -43.355 0.0000000000
110748  -17.913  -16.492  -44.374 0.0000000000
115854  -18.477  -17.625  -44.577 0.0000000000
110732  -18.983  -18.254  -44.773 0.0000000000
77553  -21.322  0.915  -48.224 0.0000000000
77562  -22.052  0.095  -48.512 0.0000000000
76788  -21.139  -1.162  -49.574 0.0000000000
76789  -21.987  -1.173  -49.057 0.0000000000
124952  -22.539  -1.945  -49.188 0.0000000000
75933  -23.212  -2.371  -48.955 0.0000000000
75932  -22.452  -2.616  -49.478 0.0000000000
69245  -18.901  -10.867  -46.503 0.0000000000
70095  -21.051  -9.544  -47.279 0.0000000000
70094  -20.176  -9.471  -47.286 0.0000000000
70105  -20.703  -9.086  -47.934 0.0000000000
70931  -20.524  -8.401  -48.030 0.0000000000
118321  -21.114  -8.610  -48.140 0.0000000000
70941  -22.058  -7.870  -49.099 0.0000000000
70932  -21.790  -8.400  -48.262 0.0000000000
70109  -23.825  -8.966  -47.744 0.0000000000
70923  -24.762  -7.855  -47.020 0.0000000000
70099  -24.362  -8.695  -47.042 0.0000000000
130945  -24.927  -8.398  -46.514 0.0000000000
70085  -24.699  -9.229  -46.285 0.0000000000
69251  -24.749  -9.906  -45.791 0.0000000000
69231  -25.680  -10.548  -44.739 0.0000000000
57577  -20.478  -24.227  -42.356 0.0000000000
67718  -18.086  -12.406  -45.483 0.0000000000
68464  -17.532  -11.502  -45.372 0.0000000000
66942  -19.792  -13.452  -46.068 0.0000000000
67726  -20.173  -12.428  -46.108 0.0000000000
113908  -21.172  -12.354  -46.170 0.0000000000
67727  -21.853  -12.287  -45.748 0.0000000000
66144  -20.827  -14.417  -45.071 0.0000000000
66145  -21.752  -14.225  -45.184 0.0000000000
110747  -19.619  -16.450  -45.487 0.0000000000
65364  -19.964  -15.705  -45.605 0.0000000000
110755  -19.984  -16.537  -45.521 0.0000000000
131062  -21.021  -16.557  -45.020 0.0000000000
110753  -21.687  -16.647  -44.885 0.0000000000
65353  -22.256  -15.900  -44.940 0.0000000000
111981  -22.376  -18.534  -43.818 0.0000000000
110771  -23.728  -18.802  -42.572 0.0000000000
70084  -17.862  -9.574  -46.213 0.0000000000
75051  -18.489  -3.618  -48.324 0.0000000000
75052  -18.577  -2.892  -48.516 0.0000000000
75929  -18.821  -1.829  -48.840 0.0000000000
128185  -19.605  -2.906  -49.240 0.0000000000
74206  -21.794  -4.446  -50.118 0.0000000000
75066  -21.069  -3.826  -50.081 0.0000000000
74198  -22.530  -3.947  -49.869 0.0000000000
120805  -23.241  -3.827  -49.329 0.0000000000
74199  -23.423  -4.541  -49.242 0.0000000000
119803  -22.851  -7.095  -49.098 0.0000000000
72605  -22.611  -6.308  -49.193 0.0000000000
72606  -23.222  -6.248  -49.031 0.0000000000
73385  -24.743  -5.446  -47.971 0.0000000000
73393  -24.174  -5.398  -48.549 0.0000000000
74191  -24.554  -4.518  -48.294 0.0000000000
74181  -25.623  -4.353  -47.381 0.0000000000
124811  -24.506  -11.949  -45.125 0.0000000000
61008  -16.762  -20.034  -42.972 0.0000000000
61845  -16.214  -19.421  -42.498 0.0000000000
61011  -19.063  -20.776  -43.617 0.0000000000
61019  -19.522  -20.124  -44.180 0.0000000000
61862  -19.870  -19.682  -44.690 0.0000000000
59290  -20.174  -22.153  -43.292 0.0000000000
61013  -21.317  -20.366  -43.493 0.0000000000
110751  -17.359  -16.626  -43.748 0.0000000000
77560  -19.844  0.540  -49.254 0.0000000000
77569  -20.357  -0.110  -49.584 0.0000000000
76798  -20.461  -1.075  -50.089 0.0000000000
70096  -21.830  -9.527  -47.307 0.0000000000
70107  -22.189  -9.098  -48.116 0.0000000000
70097  -22.604  -9.450  -47.341 0.0000000000
117828  -23.342  -9.376  -47.278 0.0000000000
134956  -23.673  -10.054  -46.989 0.0000000000
66929  -18.814  -13.283  -45.627 0.0000000000
123360  -20.450  -13.881  -45.348 0.0000000000
110743  -20.451  -17.009  -45.132 0.0000000000
126809  -20.837  -17.823  -45.095 0.0000000000
126879  -21.683  -17.536  -44.664 0.0000000000
112363  -22.397  -17.546  -44.250 0.0000000000
111293  -22.049  -18.193  -44.251 0.0000000000
110761  -22.284  -18.996  -43.646 0.0000000000
77528  -21.998  0.993  -45.845 0.0000000000
78286  -23.689  1.018  -46.727 0.0000000000
118727  -25.878  0.238  -47.521 0.0000000000
76777  -25.384  -1.662  -47.516 0.0000000000
71744  -18.376  -7.001  -47.565 0.0000000000
72595  -18.576  -6.332  -48.012 0.0000000000
73392  -19.304  -5.381  -48.419 0.0000000000
74189  -19.369  -4.775  -48.876 0.0000000000
121909  -19.778  -4.115  -49.242 0.0000000000
74196  -19.993  -4.770  -49.117 0.0000000000
73406  -21.120  -4.851  -49.896 0.0000000000
73407  -21.825  -5.282  -49.830 0.0000000000
71750  -23.855  -7.419  -48.085 0.0000000000
72589  -24.963  -6.308  -47.507 0.0000000000
73386  -25.340  -5.405  -47.439 0.0000000000
66935  -24.344  -13.548  -44.901 0.0000000000
60997  -16.636  -20.777  -42.677 0.0000000000
116265  -17.596  -19.893  -43.434 0.0000000000
66132  -18.100  -14.961  -44.685 0.0000000000
110757  -18.583  -15.695  -45.042 0.0000000000
110745  -18.988  -16.415  -45.234 0.0000000000
110737  -19.396  -17.108  -45.401 0.0000000000
110739  -18.295  -16.951  -44.628 0.0000000000
110736  -18.774  -17.040  -45.029 0.0000000000
110738  -19.725  -17.808  -45.564 0.0000000000
110730  -19.980  -19.097  -45.240 0.0000000000
77527  -21.455  1.154  -45.723 0.0000000000
76782  -23.633  -0.774  -48.140 0.0000000000
76790  -22.938  -1.158  -48.702 0.0000000000
75922  -24.356  -2.019  -48.211 0.0000000000
131109  -23.913  -2.456  -48.572 0.0000000000
75053  -24.246  -2.926  -48.430 0.0000000000
69257  -19.595  -10.214  -47.029 0.0000000000
70093  -19.234  -9.363  -47.245 0.0000000000
131963  -20.443  -7.596  -48.117 0.0000000000
71747  -20.877  -7.138  -48.461 0.0000000000
71756  -21.520  -7.174  -48.986 0.0000000000
70942  -22.543  -7.761  -49.084 0.0000000000
71749  -23.188  -7.596  -48.493 0.0000000000
70934  -22.904  -8.206  -48.452 0.0000000000
71728  -25.787  -7.014  -46.463 0.0000000000
110783  -24.176  -15.635  -44.026 0.0000000000
59279  -19.034  -23.001  -42.928 0.0000000000
59289  -19.322  -22.300  -43.287 0.0000000000
68472  -19.550  -11.706  -46.254 0.0000000000
68475  -22.410  -11.426  -46.242 0.0000000000
67719  -22.207  -12.692  -45.281 0.0000000000
66932  -21.983  -13.433  -45.192 0.0000000000
66933  -22.645  -13.121  -45.112 0.0000000000
66147  -23.248  -14.588  -44.968 0.0000000000
65351  -20.609  -15.313  -45.140 0.0000000000
65354  -23.063  -15.429  -44.665 0.0000000000
65342  -23.565  -15.767  -44.281 0.0000000000
111068  -23.772  -16.359  -43.866 0.0000000000
110772  -23.442  -17.680  -43.436 0.0000000000
76764  -26.042  -1.333  -47.385 0.0000000000
76781  -18.159  -0.862  -48.427 0.0000000000
75930  -19.507  -1.546  -49.754 0.0000000000
75939  -20.521  -2.015  -50.152 0.0000000000
75059  -20.334  -3.638  -49.672 0.0000000000
119526  -21.187  -2.824  -50.032 0.0000000000
75941  -21.791  -2.719  -49.812 0.0000000000
75060  -22.927  -3.184  -49.411 0.0000000000
121543  -24.497  -3.621  -48.309 0.0000000000
72604  -21.803  -6.219  -49.280 0.0000000000
73400  -22.483  -5.616  -49.758 0.0000000000
73401  -22.997  -5.116  -49.654 0.0000000000
72607  -23.732  -6.051  -48.666 0.0000000000
73402  -23.493  -5.390  -49.069 0.0000000000
134635  -24.249  -4.105  -48.552 0.0000000000
68466  -24.263  -11.269  -45.333 0.0000000000
68467  -25.081  -11.179  -45.076 0.0000000000
62729  -17.507  -18.334  -43.559 0.0000000000
134238  -17.984  -18.416  -43.831 0.0000000000
110734  -18.446  -18.379  -44.247 0.0000000000
61863  -20.364  -19.611  -44.645 0.0000000000
60145  -20.396  -21.399  -43.507 0.0000000000
61012  -20.603  -20.697  -43.799 0.0000000000
61857  -21.684  -19.563  -43.714 0.0000000000
70935  -23.425  -8.326  -48.112 0.0000000000
73409  -22.940  -4.472  -49.676 0.0000000000
75067  -21.783  -3.531  -50.041 0.0000000000
75940  -21.151  -1.973  -49.958 0.0000000000
76786  -18.128  -0.076  -48.135 0.0000000000
76787  -18.892  -0.564  -49.202 0.0000000000
76797  -19.964  -1.270  -50.207 0.0000000000
77550  -18.496  0.689  -47.989 0.0000000000
77568  -19.927  -0.231  -49.891 0.0000000000
110735  -19.937  -18.420  -45.518 0.0000000000
117604  -19.755  -6.038  -48.416 0.0000000000
123672  -20.510  -2.890  -49.944 0.0000000000
133866  -22.983  -11.681  -46.170 0.0000000000
