#!ascii label  , from subject sub-v2s8x29229_ses-1 vox2ras=TkReg
749
36629  39.152  -38.683  34.014 0.0000000000
56428  48.142  -17.320  15.002 0.0000000000
60210  55.507  -12.769  13.327 0.0000000000
47176  52.308  -26.678  22.955 0.0000000000
121318  44.325  -36.410  28.626 0.0000000000
34829  43.501  -40.141  32.697 0.0000000000
60194  50.774  -13.594  14.454 0.0000000000
56371  55.280  -17.657  18.073 0.0000000000
47128  49.181  -27.827  27.096 0.0000000000
37688  48.257  -37.074  28.035 0.0000000000
124432  60.241  -9.435  4.592 0.0000000000
116916  56.331  -12.332  9.521 0.0000000000
48997  49.000  -26.222  20.202 0.0000000000
52888  53.261  -21.804  19.216 0.0000000000
37644  41.830  -37.177  31.361 0.0000000000
35692  40.964  -39.336  33.523 0.0000000000
58288  48.727  -15.653  15.060 0.0000000000
59197  52.672  -14.658  17.379 0.0000000000
56387  51.197  -17.404  17.368 0.0000000000
40808  52.535  -34.990  23.643 0.0000000000
35738  46.160  -38.691  30.249 0.0000000000
37690  46.643  -36.897  28.380 0.0000000000
34924  47.583  -40.344  27.761 0.0000000000
62967  57.619  -10.436  4.609 0.0000000000
118943  60.403  -12.463  5.564 0.0000000000
62083  58.784  -11.221  7.081 0.0000000000
61148  53.034  -12.096  12.012 0.0000000000
60241  52.921  -13.065  9.432 0.0000000000
61145  56.251  -12.216  12.062 0.0000000000
59285  57.161  -13.555  10.740 0.0000000000
59287  55.387  -14.390  10.916 0.0000000000
123589  51.358  -26.872  24.677 0.0000000000
48047  48.941  -26.680  23.870 0.0000000000
49994  51.099  -24.723  23.214 0.0000000000
50022  51.525  -24.023  20.274 0.0000000000
50975  53.570  -23.820  21.900 0.0000000000
50011  55.255  -23.747  20.235 0.0000000000
48064  52.542  -26.176  20.387 0.0000000000
125914  44.425  -37.392  31.189 0.0000000000
60223  50.261  -13.820  11.817 0.0000000000
61115  54.065  -11.459  14.775 0.0000000000
60164  54.159  -13.111  16.413 0.0000000000
57342  54.414  -16.696  16.280 0.0000000000
41625  49.864  -33.422  25.938 0.0000000000
42464  51.126  -31.993  26.487 0.0000000000
44346  52.260  -30.854  24.483 0.0000000000
45362  51.864  -29.488  22.592 0.0000000000
120676  50.448  -28.965  20.328 0.0000000000
39819  48.545  -35.152  24.821 0.0000000000
125631  50.147  -36.450  27.174 0.0000000000
62131  61.490  -12.021  1.866 0.0000000000
135319  55.994  -12.229  6.878 0.0000000000
60239  58.519  -12.967  9.333 0.0000000000
59321  56.304  -14.881  7.594 0.0000000000
54742  51.850  -19.354  16.809 0.0000000000
54715  54.147  -19.619  19.112 0.0000000000
51938  55.292  -22.838  17.406 0.0000000000
34776  39.508  -39.864  34.312 0.0000000000
36628  39.878  -38.779  33.952 0.0000000000
35693  40.477  -39.595  33.764 0.0000000000
133623  48.112  -16.401  15.016 0.0000000000
57345  49.818  -16.438  16.525 0.0000000000
126797  49.520  -16.955  16.323 0.0000000000
115256  46.892  -39.469  29.416 0.0000000000
62111  56.758  -11.182  4.800 0.0000000000
62094  58.062  -10.910  6.158 0.0000000000
62095  56.829  -11.388  5.682 0.0000000000
61136  54.536  -11.455  13.002 0.0000000000
61147  54.376  -11.844  11.804 0.0000000000
61134  56.015  -12.107  12.798 0.0000000000
59277  56.221  -13.561  11.685 0.0000000000
134197  51.931  -26.905  24.166 0.0000000000
48035  51.212  -26.070  24.691 0.0000000000
48966  52.582  -25.360  23.485 0.0000000000
49992  52.529  -24.306  22.960 0.0000000000
48976  52.970  -25.327  22.811 0.0000000000
48985  53.733  -25.011  21.668 0.0000000000
125642  52.802  -25.882  21.871 0.0000000000
37629  43.519  -37.449  31.456 0.0000000000
35710  44.105  -39.443  31.931 0.0000000000
35721  44.945  -39.131  31.229 0.0000000000
133867  49.552  -14.373  13.663 0.0000000000
59271  49.459  -14.365  12.047 0.0000000000
60202  50.704  -13.440  13.667 0.0000000000
60212  51.406  -12.847  13.439 0.0000000000
61117  52.290  -12.482  15.070 0.0000000000
61094  53.962  -12.322  16.167 0.0000000000
129717  53.150  -12.511  16.251 0.0000000000
58236  53.585  -15.858  18.262 0.0000000000
58248  54.422  -15.220  17.519 0.0000000000
56401  55.023  -17.362  16.815 0.0000000000
55586  54.415  -18.575  15.656 0.0000000000
54751  55.250  -19.044  16.348 0.0000000000
40781  50.587  -34.292  26.665 0.0000000000
42466  50.515  -32.390  26.407 0.0000000000
40787  51.562  -34.111  26.183 0.0000000000
42481  52.424  -32.552  24.300 0.0000000000
130448  52.334  -30.596  23.718 0.0000000000
37689  47.518  -36.999  28.263 0.0000000000
134208  47.344  -36.732  26.647 0.0000000000
38702  48.542  -36.020  27.072 0.0000000000
39777  49.109  -35.696  27.202 0.0000000000
37705  49.551  -36.683  27.483 0.0000000000
62986  58.065  -9.153  3.156 0.0000000000
62975  60.809  -10.643  3.219 0.0000000000
131491  59.574  -13.333  6.505 0.0000000000
114584  54.034  -12.572  9.670 0.0000000000
60261  53.390  -13.213  8.072 0.0000000000
61194  54.191  -12.941  7.810 0.0000000000
121844  54.391  -12.924  6.887 0.0000000000
61178  55.681  -12.425  8.595 0.0000000000
61191  57.122  -12.116  8.098 0.0000000000
131286  57.755  -12.582  9.469 0.0000000000
58352  55.749  -14.950  9.180 0.0000000000
125065  56.675  -14.542  9.458 0.0000000000
45331  48.076  -29.142  26.919 0.0000000000
135226  46.846  -27.288  26.023 0.0000000000
48060  48.773  -26.732  21.723 0.0000000000
47193  47.716  -27.660  21.604 0.0000000000
50995  52.394  -23.010  19.502 0.0000000000
51004  50.988  -23.642  18.223 0.0000000000
115701  52.128  -22.443  17.882 0.0000000000
52915  51.061  -21.282  16.117 0.0000000000
52904  52.639  -21.291  17.640 0.0000000000
54728  53.151  -19.587  18.061 0.0000000000
52887  53.972  -21.239  19.621 0.0000000000
131748  54.452  -24.593  18.723 0.0000000000
51001  55.787  -23.126  19.270 0.0000000000
50037  54.375  -24.141  17.462 0.0000000000
51952  53.943  -23.130  16.250 0.0000000000
37620  41.309  -38.190  32.679 0.0000000000
35701  42.709  -39.920  33.020 0.0000000000
33966  42.920  -41.971  33.211 0.0000000000
34810  41.584  -40.943  33.308 0.0000000000
59249  49.512  -14.611  14.372 0.0000000000
59235  51.467  -13.945  16.021 0.0000000000
58286  50.191  -15.203  16.023 0.0000000000
57332  51.992  -16.410  17.763 0.0000000000
56374  53.396  -17.037  18.705 0.0000000000
134799  45.703  -36.969  29.709 0.0000000000
38667  45.262  -36.684  28.752 0.0000000000
36668  46.888  -37.647  29.592 0.0000000000
36681  47.501  -37.930  29.137 0.0000000000
35780  48.207  -38.792  27.995 0.0000000000
35779  48.831  -38.899  27.384 0.0000000000
34923  48.284  -39.827  27.311 0.0000000000
124087  58.921  -9.685  5.005 0.0000000000
62109  60.520  -11.387  5.089 0.0000000000
62949  59.548  -10.034  5.604 0.0000000000
62082  59.710  -11.470  7.190 0.0000000000
60270  59.789  -12.725  7.631 0.0000000000
60232  51.637  -13.238  10.809 0.0000000000
61158  53.215  -12.394  11.001 0.0000000000
61157  54.256  -12.237  10.782 0.0000000000
61166  56.448  -12.260  10.452 0.0000000000
60228  57.620  -12.832  10.536 0.0000000000
60219  56.817  -12.551  11.490 0.0000000000
59286  56.373  -13.984  10.877 0.0000000000
47135  50.031  -27.591  25.958 0.0000000000
47148  48.276  -27.093  25.509 0.0000000000
48037  49.696  -26.168  25.111 0.0000000000
120454  49.609  -25.883  23.740 0.0000000000
48987  50.119  -25.411  21.793 0.0000000000
50014  50.252  -25.100  20.112 0.0000000000
128996  51.233  -24.450  21.478 0.0000000000
50977  52.329  -23.637  21.709 0.0000000000
51875  53.401  -23.224  21.368 0.0000000000
51893  54.827  -22.725  20.538 0.0000000000
50002  54.307  -24.014  21.348 0.0000000000
48992  54.433  -24.661  20.441 0.0000000000
49010  53.168  -25.551  19.203 0.0000000000
38657  41.902  -36.405  29.503 0.0000000000
38656  43.190  -36.469  29.834 0.0000000000
38645  44.487  -36.796  30.085 0.0000000000
36660  45.766  -37.817  30.426 0.0000000000
34879  45.858  -39.927  30.434 0.0000000000
60222  51.757  -12.815  11.757 0.0000000000
61137  53.184  -11.678  13.122 0.0000000000
62035  54.783  -11.538  14.486 0.0000000000
60192  54.744  -12.277  15.152 0.0000000000
130071  54.456  -12.927  15.938 0.0000000000
58284  53.758  -14.810  15.824 0.0000000000
59215  53.282  -13.771  17.083 0.0000000000
58267  54.331  -14.653  16.709 0.0000000000
42482  48.752  -32.462  24.559 0.0000000000
43354  49.064  -31.298  25.816 0.0000000000
43337  49.486  -30.776  26.604 0.0000000000
45328  50.283  -29.900  26.902 0.0000000000
120405  52.128  -33.928  25.294 0.0000000000
43352  51.622  -31.790  26.091 0.0000000000
45337  51.027  -29.794  26.087 0.0000000000
45344  51.459  -29.667  25.248 0.0000000000
46281  51.780  -28.464  23.934 0.0000000000
46295  51.729  -28.436  22.863 0.0000000000
47191  51.603  -27.455  21.570 0.0000000000
45373  51.002  -29.516  21.204 0.0000000000
40798  49.523  -33.896  25.442 0.0000000000
39791  50.149  -34.783  26.875 0.0000000000
37703  50.799  -36.641  26.657 0.0000000000
36713  49.665  -38.856  26.781 0.0000000000
36732  51.109  -38.515  25.693 0.0000000000
62992  60.761  -11.009  1.573 0.0000000000
62096  55.877  -11.939  5.595 0.0000000000
61201  56.795  -11.942  7.238 0.0000000000
61190  58.689  -12.208  8.454 0.0000000000
59306  58.796  -13.572  8.566 0.0000000000
60240  57.953  -13.088  9.915 0.0000000000
59307  58.097  -14.000  8.968 0.0000000000
118401  57.187  -14.517  7.466 0.0000000000
47165  47.112  -27.463  24.262 0.0000000000
54776  49.133  -19.510  14.729 0.0000000000
55587  49.603  -18.224  15.684 0.0000000000
55578  51.553  -18.367  17.147 0.0000000000
55552  53.028  -18.237  18.629 0.0000000000
55536  55.077  -18.757  18.877 0.0000000000
51892  55.241  -21.901  20.078 0.0000000000
53810  55.808  -20.491  19.061 0.0000000000
53838  56.023  -19.943  18.031 0.0000000000
131432  54.731  -21.732  16.236 0.0000000000
47204  51.429  -27.475  20.768 0.0000000000
48073  51.858  -26.646  19.658 0.0000000000
36620  39.426  -39.251  34.364 0.0000000000
35685  38.955  -39.675  34.831 0.0000000000
35694  40.026  -39.420  34.079 0.0000000000
56429  47.501  -16.930  14.670 0.0000000000
125389  48.794  -16.998  15.663 0.0000000000
124893  56.164  -11.613  5.041 0.0000000000
60209  55.711  -12.043  13.418 0.0000000000
61135  55.510  -11.719  13.380 0.0000000000
113215  56.051  -12.411  12.818 0.0000000000
47145  52.260  -26.573  23.713 0.0000000000
48034  52.165  -26.014  24.216 0.0000000000
48046  52.592  -25.949  23.324 0.0000000000
48052  52.743  -25.906  22.547 0.0000000000
48986  53.240  -25.381  22.133 0.0000000000
35711  43.270  -39.070  32.365 0.0000000000
34828  44.100  -41.068  32.658 0.0000000000
59261  50.108  -14.008  14.011 0.0000000000
60203  50.032  -13.908  13.250 0.0000000000
60201  51.422  -12.957  14.243 0.0000000000
60193  51.459  -13.187  14.889 0.0000000000
135497  52.706  -12.419  15.787 0.0000000000
61109  52.079  -13.125  15.635 0.0000000000
57318  54.679  -16.538  18.269 0.0000000000
56385  55.082  -16.827  17.735 0.0000000000
56400  55.310  -17.676  17.449 0.0000000000
55577  55.391  -18.275  16.937 0.0000000000
55576  55.518  -18.366  17.619 0.0000000000
39789  51.192  -35.077  26.578 0.0000000000
40780  51.033  -34.468  26.613 0.0000000000
39804  51.551  -35.347  25.983 0.0000000000
38684  48.064  -36.705  27.723 0.0000000000
37706  47.231  -36.904  27.527 0.0000000000
38703  48.044  -36.523  27.211 0.0000000000
38722  47.929  -36.373  26.099 0.0000000000
38683  48.641  -36.207  27.448 0.0000000000
37687  48.772  -36.577  27.651 0.0000000000
63796  60.028  -8.851  4.272 0.0000000000
63797  59.394  -8.712  3.703 0.0000000000
62976  60.368  -9.266  3.876 0.0000000000
119645  55.240  -12.385  9.404 0.0000000000
61180  54.151  -12.795  8.694 0.0000000000
61179  54.826  -12.622  8.435 0.0000000000
61177  56.872  -12.330  8.926 0.0000000000
58362  54.763  -15.413  8.521 0.0000000000
46255  48.824  -28.114  27.263 0.0000000000
46256  48.052  -28.203  27.041 0.0000000000
47129  48.582  -27.616  26.922 0.0000000000
115804  48.888  -26.501  20.993 0.0000000000
48067  48.385  -26.814  20.308 0.0000000000
51910  52.990  -22.551  19.915 0.0000000000
51924  52.209  -22.787  18.600 0.0000000000
116020  52.723  -22.449  19.131 0.0000000000
51939  52.298  -21.915  17.591 0.0000000000
52897  53.608  -21.021  18.918 0.0000000000
49009  53.796  -25.077  18.763 0.0000000000
50029  54.822  -24.222  18.276 0.0000000000
49016  53.359  -25.189  17.796 0.0000000000
50049  53.609  -24.650  17.196 0.0000000000
36638  40.881  -38.582  33.242 0.0000000000
37621  40.749  -38.024  32.703 0.0000000000
36637  41.519  -38.777  33.065 0.0000000000
36636  42.242  -38.914  32.779 0.0000000000
35702  41.731  -39.946  33.340 0.0000000000
58301  48.338  -15.462  14.404 0.0000000000
131177  47.915  -15.334  13.607 0.0000000000
59263  48.846  -14.867  13.818 0.0000000000
58287  49.554  -15.121  15.309 0.0000000000
58270  49.633  -15.781  16.093 0.0000000000
57344  50.442  -16.576  17.013 0.0000000000
57333  51.149  -16.847  17.432 0.0000000000
57320  52.783  -16.586  18.388 0.0000000000
56386  51.956  -17.226  17.899 0.0000000000
36669  46.298  -37.716  30.038 0.0000000000
37656  46.145  -37.097  29.698 0.0000000000
35737  46.685  -38.592  29.824 0.0000000000
35781  47.318  -39.753  28.664 0.0000000000
35755  47.261  -38.676  29.302 0.0000000000
35754  47.736  -38.731  28.644 0.0000000000
36695  47.910  -37.695  28.548 0.0000000000
130537  47.797  -39.500  28.031 0.0000000000
62119  56.631  -11.016  3.985 0.0000000000
62978  58.387  -9.527  4.103 0.0000000000
62950  58.498  -10.362  5.574 0.0000000000
62093  59.471  -10.682  6.367 0.0000000000
61200  60.019  -12.144  7.124 0.0000000000
61188  59.685  -12.142  7.798 0.0000000000
60231  52.352  -12.712  11.153 0.0000000000
113378  52.381  -13.042  10.252 0.0000000000
61156  55.523  -11.935  11.597 0.0000000000
61167  55.352  -12.152  10.555 0.0000000000
61155  56.435  -12.247  11.331 0.0000000000
59299  55.564  -14.689  10.083 0.0000000000
58341  54.542  -14.931  10.101 0.0000000000
47134  50.756  -27.919  25.257 0.0000000000
48029  49.803  -26.815  25.628 0.0000000000
47147  50.560  -26.855  25.238 0.0000000000
49969  51.171  -24.943  23.839 0.0000000000
48953  50.855  -25.457  24.451 0.0000000000
48967  50.424  -25.264  23.675 0.0000000000
48978  49.831  -25.676  22.774 0.0000000000
48977  50.517  -25.126  22.783 0.0000000000
50005  51.015  -24.678  22.233 0.0000000000
50967  52.988  -23.889  22.457 0.0000000000
50968  52.378  -23.879  22.375 0.0000000000
50976  52.895  -23.501  21.960 0.0000000000
122230  52.757  -23.242  21.256 0.0000000000
51874  54.155  -23.364  21.164 0.0000000000
48994  53.206  -25.604  21.244 0.0000000000
48993  53.899  -25.126  20.850 0.0000000000
49003  53.241  -25.603  20.201 0.0000000000
49002  53.898  -25.164  19.866 0.0000000000
38648  41.728  -36.713  30.599 0.0000000000
37643  42.523  -36.983  30.996 0.0000000000
117022  43.920  -37.026  30.947 0.0000000000
37642  43.293  -37.042  30.977 0.0000000000
38646  43.778  -36.752  30.390 0.0000000000
38655  43.798  -36.517  29.637 0.0000000000
37641  44.402  -36.919  30.649 0.0000000000
37640  45.136  -37.137  30.512 0.0000000000
36661  45.194  -37.966  31.001 0.0000000000
59281  50.306  -14.022  10.807 0.0000000000
123002  51.026  -13.305  12.048 0.0000000000
61127  52.239  -12.269  14.176 0.0000000000
61138  52.236  -12.252  13.304 0.0000000000
61126  53.138  -11.572  14.090 0.0000000000
61125  54.168  -11.355  13.925 0.0000000000
61114  54.967  -11.820  14.817 0.0000000000
61107  54.652  -11.917  15.326 0.0000000000
59233  54.205  -13.759  16.466 0.0000000000
59216  52.057  -14.279  16.718 0.0000000000
59196  53.742  -14.427  17.412 0.0000000000
121037  54.830  -16.204  17.179 0.0000000000
58266  54.427  -14.787  17.264 0.0000000000
57343  54.569  -15.486  16.865 0.0000000000
57356  54.007  -15.686  16.082 0.0000000000
41630  49.406  -33.137  25.030 0.0000000000
43373  48.720  -31.712  24.991 0.0000000000
42472  49.971  -32.687  26.004 0.0000000000
42465  50.853  -32.201  26.543 0.0000000000
43353  49.970  -31.706  26.327 0.0000000000
117166  50.550  -31.648  26.639 0.0000000000
44319  49.865  -30.341  26.933 0.0000000000
43335  50.569  -30.906  26.780 0.0000000000
40797  52.261  -34.799  24.726 0.0000000000
124115  52.394  -34.240  24.256 0.0000000000
43371  52.389  -31.683  24.416 0.0000000000
42470  52.161  -32.121  25.292 0.0000000000
43372  52.071  -31.310  25.326 0.0000000000
44333  51.356  -30.436  26.046 0.0000000000
44347  51.850  -30.530  25.294 0.0000000000
46260  50.825  -29.037  25.671 0.0000000000
45350  52.192  -30.067  23.256 0.0000000000
45351  51.921  -29.260  23.585 0.0000000000
45372  51.375  -29.021  21.850 0.0000000000
44390  51.514  -30.042  21.642 0.0000000000
38686  45.696  -36.744  27.953 0.0000000000
38706  44.882  -36.596  27.150 0.0000000000
38705  45.749  -36.878  26.828 0.0000000000
114500  48.085  -35.891  25.144 0.0000000000
40800  47.979  -34.574  24.017 0.0000000000
40809  48.139  -33.696  23.849 0.0000000000
41631  48.675  -33.235  24.300 0.0000000000
40799  48.878  -34.093  24.608 0.0000000000
38701  49.769  -36.014  27.347 0.0000000000
119284  49.780  -35.437  27.142 0.0000000000
38700  50.383  -35.874  27.093 0.0000000000
35824  51.651  -39.549  24.990 0.0000000000
62984  60.905  -10.813  2.412 0.0000000000
60242  51.885  -13.491  9.180 0.0000000000
60250  52.645  -13.369  8.510 0.0000000000
120169  55.279  -12.515  6.948 0.0000000000
126378  54.250  -12.885  5.999 0.0000000000
61202  54.855  -12.621  6.308 0.0000000000
61212  54.952  -12.444  5.530 0.0000000000
62085  55.541  -12.286  6.245 0.0000000000
129889  56.380  -11.867  6.360 0.0000000000
113955  57.876  -12.293  8.703 0.0000000000
61175  59.012  -12.685  8.767 0.0000000000
60259  59.455  -12.685  8.289 0.0000000000
60247  59.092  -13.053  8.813 0.0000000000
59284  57.646  -13.223  10.430 0.0000000000
59309  56.457  -14.797  8.664 0.0000000000
59308  57.315  -14.311  9.243 0.0000000000
59320  57.233  -14.511  8.338 0.0000000000
59319  58.024  -14.159  7.987 0.0000000000
48038  48.952  -26.617  24.943 0.0000000000
47164  48.105  -27.227  24.264 0.0000000000
50023  50.750  -24.463  19.603 0.0000000000
115420  51.096  -22.772  17.094 0.0000000000
53847  51.494  -20.414  16.335 0.0000000000
53855  50.773  -20.519  15.814 0.0000000000
54753  50.957  -19.540  16.127 0.0000000000
54763  49.700  -19.154  15.288 0.0000000000
54754  50.307  -18.818  15.886 0.0000000000
55579  50.163  -17.976  16.354 0.0000000000
54752  50.945  -18.575  16.543 0.0000000000
54727  53.656  -19.547  18.710 0.0000000000
118112  53.217  -18.897  18.479 0.0000000000
55551  53.774  -18.707  18.933 0.0000000000
55537  54.570  -19.059  19.073 0.0000000000
129395  55.509  -22.519  20.075 0.0000000000
51009  55.721  -22.973  18.380 0.0000000000
51922  56.089  -22.257  18.968 0.0000000000
52903  56.124  -21.362  18.428 0.0000000000
125052  56.101  -20.603  18.556 0.0000000000
52912  55.812  -21.267  17.577 0.0000000000
53845  55.756  -20.365  17.303 0.0000000000
51950  55.335  -21.971  17.021 0.0000000000
51973  54.093  -22.280  15.867 0.0000000000
46319  51.215  -28.037  21.118 0.0000000000
47205  50.870  -28.174  20.308 0.0000000000
36639  40.284  -38.381  33.367 0.0000000000
36627  40.451  -38.966  33.786 0.0000000000
58302  47.661  -15.849  14.344 0.0000000000
57369  48.125  -16.005  14.877 0.0000000000
118472  49.075  -15.861  15.611 0.0000000000
57358  49.193  -16.425  15.968 0.0000000000
56402  50.525  -17.169  17.085 0.0000000000
34878  46.400  -39.742  29.894 0.0000000000
34925  47.113  -40.803  28.321 0.0000000000
62110  57.488  -10.863  5.335 0.0000000000
62084  57.447  -11.474  6.700 0.0000000000
61146  55.597  -11.768  12.578 0.0000000000
60220  56.421  -12.649  12.116 0.0000000000
60221  55.983  -13.189  12.498 0.0000000000
48952  51.696  -25.541  24.313 0.0000000000
49968  51.733  -25.037  24.064 0.0000000000
49983  51.759  -24.594  23.478 0.0000000000
49982  52.367  -24.888  23.566 0.0000000000
48965  52.996  -24.860  23.016 0.0000000000
48975  53.427  -24.905  22.365 0.0000000000
50003  53.770  -24.463  21.840 0.0000000000
48058  52.440  -26.335  21.214 0.0000000000
37630  42.742  -37.512  31.579 0.0000000000
36650  42.880  -38.201  32.134 0.0000000000
36649  43.797  -38.145  31.805 0.0000000000
36648  44.522  -38.330  31.421 0.0000000000
59272  48.729  -14.797  12.356 0.0000000000
59262  49.295  -14.447  12.955 0.0000000000
60214  49.942  -13.963  12.563 0.0000000000
60213  50.668  -13.425  12.766 0.0000000000
114724  51.501  -12.817  12.625 0.0000000000
61116  53.220  -11.709  15.031 0.0000000000
124768  54.166  -11.804  15.572 0.0000000000
61108  53.340  -12.043  15.807 0.0000000000
60165  53.706  -13.020  16.628 0.0000000000
58250  53.235  -15.206  17.805 0.0000000000
58249  54.109  -15.110  17.709 0.0000000000
58235  54.391  -15.751  18.041 0.0000000000
57330  54.739  -15.871  17.778 0.0000000000
56411  54.609  -17.739  16.105 0.0000000000
55585  54.999  -18.300  16.271 0.0000000000
134201  54.884  -18.816  15.938 0.0000000000
53853  55.053  -19.925  15.966 0.0000000000
40782  50.283  -34.196  26.602 0.0000000000
41620  50.389  -33.326  26.355 0.0000000000
41619  50.697  -33.542  26.496 0.0000000000
41618  51.041  -33.717  26.507 0.0000000000
115431  51.048  -32.832  26.438 0.0000000000
128827  52.479  -34.054  23.375 0.0000000000
118828  52.502  -32.062  23.459 0.0000000000
130935  52.470  -31.585  22.915 0.0000000000
44367  52.396  -30.900  22.962 0.0000000000
38685  46.382  -36.905  27.455 0.0000000000
38723  46.889  -36.678  25.730 0.0000000000
38742  47.275  -36.275  24.933 0.0000000000
39806  48.859  -35.607  26.170 0.0000000000
38682  49.217  -35.995  27.454 0.0000000000
123251  60.017  -8.545  3.472 0.0000000000
62985  60.392  -9.342  3.124 0.0000000000
62124  61.474  -11.842  2.609 0.0000000000
60281  59.967  -13.188  5.918 0.0000000000
60249  53.415  -13.062  8.862 0.0000000000
61193  55.031  -12.611  7.723 0.0000000000
61192  56.062  -12.322  7.750 0.0000000000
59298  56.518  -14.378  10.103 0.0000000000
59297  57.316  -14.006  10.051 0.0000000000
120155  47.221  -29.453  26.397 0.0000000000
48053  49.050  -26.582  22.710 0.0000000000
47178  48.288  -27.280  23.041 0.0000000000
47192  48.306  -27.284  22.074 0.0000000000
47206  48.215  -27.254  21.128 0.0000000000
121926  51.972  -23.527  19.916 0.0000000000
123051  51.344  -23.918  19.492 0.0000000000
50996  51.619  -23.458  18.907 0.0000000000
51003  51.531  -23.025  17.877 0.0000000000
51940  51.736  -22.197  17.187 0.0000000000
133034  50.730  -21.772  16.078 0.0000000000
52914  51.692  -21.350  16.630 0.0000000000
52905  52.187  -21.479  17.130 0.0000000000
53840  52.335  -20.564  16.965 0.0000000000
54741  52.614  -19.705  17.427 0.0000000000
53839  52.948  -20.460  17.781 0.0000000000
53829  53.462  -20.379  18.452 0.0000000000
53828  53.894  -20.358  19.087 0.0000000000
50021  55.019  -24.260  20.023 0.0000000000
50994  55.591  -23.320  19.826 0.0000000000
120465  55.022  -24.240  19.157 0.0000000000
51010  55.128  -23.623  17.819 0.0000000000
51951  54.674  -22.586  16.589 0.0000000000
51022  54.575  -23.423  16.992 0.0000000000
38641  41.139  -37.103  31.421 0.0000000000
37631  41.415  -37.636  32.046 0.0000000000
36651  42.047  -38.030  32.331 0.0000000000
132926  42.733  -38.946  32.588 0.0000000000
34808  43.253  -41.139  33.218 0.0000000000
34809  42.391  -41.123  33.337 0.0000000000
34792  40.932  -40.149  33.474 0.0000000000
59248  50.221  -14.273  14.824 0.0000000000
60182  51.020  -13.759  15.238 0.0000000000
59236  50.536  -14.528  15.622 0.0000000000
59217  50.981  -14.812  16.355 0.0000000000
58268  51.554  -15.209  16.999 0.0000000000
58269  50.469  -15.747  16.666 0.0000000000
58252  51.210  -16.075  17.302 0.0000000000
58251  52.205  -15.580  17.575 0.0000000000
57331  52.737  -15.903  18.075 0.0000000000
135352  53.480  -16.473  18.530 0.0000000000
56373  54.207  -17.152  18.722 0.0000000000
39803  51.998  -35.482  25.033 0.0000000000
127982  44.974  -36.788  29.244 0.0000000000
37673  45.695  -36.871  29.388 0.0000000000
37691  45.994  -36.777  28.848 0.0000000000
37672  46.459  -36.916  29.253 0.0000000000
37671  47.249  -37.182  29.023 0.0000000000
36694  48.571  -37.948  27.930 0.0000000000
34936  48.713  -40.537  26.432 0.0000000000
62977  59.437  -9.116  4.484 0.0000000000
62966  59.945  -9.459  5.066 0.0000000000
62965  60.317  -10.069  5.088 0.0000000000
62948  60.120  -10.332  5.738 0.0000000000
62092  60.132  -11.480  6.318 0.0000000000
61211  60.191  -12.466  6.381 0.0000000000
118016  60.003  -12.925  6.829 0.0000000000
60271  59.562  -13.298  7.268 0.0000000000
118485  51.553  -13.489  10.024 0.0000000000
61168  53.300  -12.643  10.197 0.0000000000
61154  57.140  -12.540  10.970 0.0000000000
60229  57.359  -12.858  10.999 0.0000000000
60230  56.903  -13.135  11.417 0.0000000000
58353  54.751  -15.202  9.325 0.0000000000
46262  49.743  -28.067  26.782 0.0000000000
47137  48.406  -27.253  26.371 0.0000000000
47136  49.236  -27.392  26.442 0.0000000000
48030  49.073  -26.906  25.714 0.0000000000
129555  49.453  -26.093  24.521 0.0000000000
48036  50.379  -26.093  25.066 0.0000000000
48968  50.023  -25.653  24.497 0.0000000000
48059  49.365  -26.123  21.807 0.0000000000
48066  49.471  -25.874  20.940 0.0000000000
48996  49.561  -25.670  20.124 0.0000000000
115643  49.972  -25.396  20.819 0.0000000000
48995  50.601  -24.935  21.183 0.0000000000
114591  51.005  -24.499  20.637 0.0000000000
49993  51.703  -24.224  22.800 0.0000000000
50004  51.729  -24.069  22.032 0.0000000000
50988  52.194  -23.586  20.832 0.0000000000
50987  52.624  -23.107  20.428 0.0000000000
51895  53.198  -22.798  20.731 0.0000000000
51909  53.615  -22.163  20.146 0.0000000000
51894  53.925  -22.663  20.797 0.0000000000
50986  54.857  -23.568  20.758 0.0000000000
48984  54.179  -24.571  21.183 0.0000000000
50030  54.458  -24.679  19.517 0.0000000000
120672  43.484  -36.214  28.107 0.0000000000
38669  43.134  -36.324  28.991 0.0000000000
38668  43.678  -36.326  28.863 0.0000000000
38654  44.417  -36.623  29.422 0.0000000000
37658  45.184  -36.932  29.773 0.0000000000
37657  45.752  -37.174  30.030 0.0000000000
35720  45.603  -38.862  30.702 0.0000000000
61149  52.282  -12.342  12.534 0.0000000000
62041  54.978  -11.460  13.845 0.0000000000
61124  55.255  -11.768  14.060 0.0000000000
60199  55.262  -12.117  14.204 0.0000000000
59247  54.206  -13.335  14.905 0.0000000000
60181  54.418  -12.288  15.762 0.0000000000
60166  52.596  -13.351  16.474 0.0000000000
60151  54.068  -13.758  17.011 0.0000000000
59195  54.274  -14.528  17.264 0.0000000000
59214  54.249  -14.019  17.025 0.0000000000
43375  46.957  -31.165  24.588 0.0000000000
44335  47.647  -30.357  25.818 0.0000000000
44334  48.538  -30.508  26.183 0.0000000000
115715  47.898  -29.897  26.428 0.0000000000
44320  48.910  -29.846  26.972 0.0000000000
45329  49.574  -29.389  27.171 0.0000000000
40786  51.852  -34.706  25.671 0.0000000000
42471  51.606  -33.208  26.057 0.0000000000
127695  51.360  -32.445  26.260 0.0000000000
41629  52.408  -33.460  24.265 0.0000000000
128235  51.774  -32.497  25.875 0.0000000000
43334  51.184  -31.168  26.525 0.0000000000
44318  50.867  -30.300  26.591 0.0000000000
46253  50.051  -28.943  26.970 0.0000000000
46261  50.278  -28.528  26.213 0.0000000000
46269  51.313  -28.684  24.775 0.0000000000
44355  52.037  -29.984  24.312 0.0000000000
118110  51.724  -29.215  24.363 0.0000000000
47146  51.521  -27.759  24.397 0.0000000000
47163  51.939  -27.461  23.520 0.0000000000
47177  51.800  -27.454  22.475 0.0000000000
46307  51.417  -28.189  21.809 0.0000000000
46308  50.908  -28.773  21.062 0.0000000000
44406  50.881  -30.227  20.868 0.0000000000
38687  44.791  -36.453  28.046 0.0000000000
42488  48.037  -32.753  23.821 0.0000000000
40788  49.935  -34.088  26.308 0.0000000000
40789  49.332  -34.672  25.614 0.0000000000
39805  49.718  -34.956  26.742 0.0000000000
39790  50.578  -35.076  26.879 0.0000000000
127230  51.106  -35.819  26.562 0.0000000000
135490  51.237  -36.495  26.161 0.0000000000
132280  49.162  -38.145  27.469 0.0000000000
125690  49.672  -37.756  27.186 0.0000000000
36712  50.333  -38.314  26.490 0.0000000000
35825  50.615  -39.331  25.865 0.0000000000
133903  50.666  -37.949  26.322 0.0000000000
37719  50.972  -37.588  26.157 0.0000000000
36621  38.688  -39.095  34.571 0.0000000000
62076  58.024  -11.732  7.794 0.0000000000
62075  59.119  -11.758  7.823 0.0000000000
61189  59.283  -12.282  8.271 0.0000000000
60260  59.436  -13.203  8.133 0.0000000000
59318  58.826  -13.714  7.618 0.0000000000
61165  57.308  -12.530  10.153 0.0000000000
61164  57.901  -12.890  9.852 0.0000000000
59296  57.864  -13.615  9.721 0.0000000000
60248  58.449  -13.333  9.268 0.0000000000
59333  56.675  -14.599  6.597 0.0000000000
56440  47.400  -17.771  14.164 0.0000000000
47138  47.561  -27.260  26.204 0.0000000000
47149  47.412  -27.251  25.312 0.0000000000
52926  50.417  -21.422  15.711 0.0000000000
54777  48.587  -19.005  14.492 0.0000000000
55600  48.364  -18.113  14.733 0.0000000000
56415  48.895  -17.716  15.395 0.0000000000
56414  49.492  -17.484  16.042 0.0000000000
55566  50.843  -17.766  16.966 0.0000000000
55565  51.705  -17.877  17.579 0.0000000000
55564  52.467  -18.689  17.794 0.0000000000
55553  52.437  -17.842  18.224 0.0000000000
131538  52.989  -17.643  18.693 0.0000000000
55550  54.472  -18.104  18.870 0.0000000000
55549  55.151  -18.208  18.504 0.0000000000
52872  54.402  -21.956  20.240 0.0000000000
52886  54.781  -21.172  19.773 0.0000000000
53812  54.415  -20.436  19.381 0.0000000000
51908  55.789  -22.766  19.658 0.0000000000
52885  55.578  -21.214  19.529 0.0000000000
53811  55.154  -20.412  19.426 0.0000000000
54713  55.325  -19.589  19.050 0.0000000000
54726  55.539  -19.067  18.462 0.0000000000
54740  55.760  -19.132  17.886 0.0000000000
125497  55.777  -19.607  17.478 0.0000000000
53846  55.326  -20.396  16.454 0.0000000000
52924  54.760  -20.844  15.829 0.0000000000
47190  52.213  -26.651  21.997 0.0000000000
130580  51.836  -26.900  21.225 0.0000000000
48065  51.848  -26.771  20.520 0.0000000000
47216  51.345  -27.363  19.907 0.0000000000
48072  52.527  -26.066  19.455 0.0000000000
36693  49.023  -37.287  27.762 0.0000000000
37704  50.303  -37.334  26.832 0.0000000000
37718  51.317  -37.070  25.786 0.0000000000
38647  43.111  -36.725  30.485 0.0000000000
39830  52.557  -35.575  22.924 0.0000000000
42473  49.367  -32.163  25.388 0.0000000000
43336  50.137  -31.100  26.793 0.0000000000
43374  48.027  -31.809  24.371 0.0000000000
43387  52.449  -31.275  23.630 0.0000000000
44388  52.301  -31.426  22.194 0.0000000000
45330  48.809  -28.839  27.304 0.0000000000
45338  50.541  -29.451  26.477 0.0000000000
46254  49.391  -28.483  27.246 0.0000000000
47130  47.737  -27.567  26.633 0.0000000000
47131  46.875  -27.506  26.324 0.0000000000
48074  48.446  -26.447  19.553 0.0000000000
48951  52.184  -25.326  23.993 0.0000000000
49991  53.303  -24.378  22.495 0.0000000000
50012  54.733  -24.164  20.712 0.0000000000
50013  51.723  -24.059  21.181 0.0000000000
50020  55.428  -23.736  19.609 0.0000000000
50038  54.106  -24.703  17.992 0.0000000000
50048  53.841  -23.970  16.678 0.0000000000
50985  55.422  -23.151  20.241 0.0000000000
50997  50.867  -24.053  18.820 0.0000000000
51002  55.412  -23.689  18.749 0.0000000000
51923  52.669  -22.022  18.314 0.0000000000
51937  55.864  -22.134  17.971 0.0000000000
51953  51.042  -22.109  16.492 0.0000000000
52896  56.136  -21.320  19.081 0.0000000000
52898  53.145  -21.198  18.343 0.0000000000
52913  55.344  -21.106  16.678 0.0000000000
53827  55.841  -19.858  18.569 0.0000000000
53856  50.185  -20.665  15.435 0.0000000000
54714  54.696  -19.802  19.249 0.0000000000
54750  55.633  -19.004  17.181 0.0000000000
54762  50.278  -19.805  15.562 0.0000000000
54764  49.080  -18.558  15.022 0.0000000000
55563  55.508  -18.467  18.126 0.0000000000
56372  54.842  -17.379  18.493 0.0000000000
56375  52.681  -17.288  18.461 0.0000000000
56403  50.055  -17.349  16.631 0.0000000000
56416  48.101  -16.752  15.098 0.0000000000
57319  54.028  -16.411  18.506 0.0000000000
57359  48.549  -16.320  15.363 0.0000000000
57370  47.747  -16.412  14.734 0.0000000000
61176  58.355  -12.680  9.128 0.0000000000
62022  54.618  -11.690  15.069 0.0000000000
114762  52.169  -32.960  25.252 0.0000000000
116629  53.604  -17.792  18.885 0.0000000000
123184  42.136  -37.488  31.651 0.0000000000
124322  47.617  -27.703  22.344 0.0000000000
124611  55.851  -22.018  19.582 0.0000000000
124710  51.639  -31.050  25.969 0.0000000000
126142  56.103  -20.677  18.028 0.0000000000
126374  55.534  -19.710  16.763 0.0000000000
127112  50.006  -16.931  16.773 0.0000000000
128636  54.247  -21.549  15.621 0.0000000000
129758  50.881  -31.596  26.650 0.0000000000
130631  50.759  -32.846  26.430 0.0000000000
130688  54.609  -15.411  17.434 0.0000000000
132799  50.212  -25.775  24.813 0.0000000000
133747  51.450  -34.715  26.289 0.0000000000
133948  55.834  -19.506  18.226 0.0000000000
135051  54.998  -17.039  18.190 0.0000000000
135605  48.968  -15.135  14.598 0.0000000000
