#!ascii label  , from subject sub-v2s8x29204_ses-1 vox2ras=TkReg
1019
33107  -14.929  -49.846  26.349 0.0000000000
46294  -37.450  -36.993  20.114 0.0000000000
51730  -35.939  -30.191  18.032 0.0000000000
46208  -30.659  -36.643  26.249 0.0000000000
59983  -43.371  -21.521  9.072 0.0000000000
54680  -39.853  -27.014  10.245 0.0000000000
45269  -39.848  -37.668  24.923 0.0000000000
46255  -34.749  -35.727  23.937 0.0000000000
62777  -48.941  -18.543  14.130 0.0000000000
67362  -50.858  -13.786  13.312 0.0000000000
70142  -52.038  -10.165  13.162 0.0000000000
53633  -40.757  -28.226  18.237 0.0000000000
54581  -36.773  -27.822  13.836 0.0000000000
135344  -42.627  -27.374  15.088 0.0000000000
54659  -45.272  -26.990  12.057 0.0000000000
129513  -26.407  -42.467  23.662 0.0000000000
30118  -12.646  -51.821  26.649 0.0000000000
48243  -37.963  -34.662  18.780 0.0000000000
52608  -39.861  -29.807  22.258 0.0000000000
42417  -28.326  -40.871  21.906 0.0000000000
47254  -29.030  -34.800  21.318 0.0000000000
70195  -49.583  -10.666  5.884 0.0000000000
72891  -53.383  -7.542  10.359 0.0000000000
57311  -41.760  -24.568  8.595 0.0000000000
59068  -47.148  -22.767  11.598 0.0000000000
36932  -16.408  -46.324  24.213 0.0000000000
123850  -9.655  -56.903  23.566 0.0000000000
64624  -49.939  -16.306  14.276 0.0000000000
54552  -41.662  -27.779  16.207 0.0000000000
42416  -24.223  -40.412  21.907 0.0000000000
31025  -13.933  -50.984  26.454 0.0000000000
47341  -37.498  -35.723  17.511 0.0000000000
47295  -37.853  -36.130  18.921 0.0000000000
45265  -28.620  -37.896  24.071 0.0000000000
45301  -27.681  -37.788  21.857 0.0000000000
47211  -29.931  -35.672  23.864 0.0000000000
46280  -35.536  -36.501  21.610 0.0000000000
47272  -33.677  -35.023  20.859 0.0000000000
47294  -35.168  -36.129  19.268 0.0000000000
44243  -29.995  -38.218  26.978 0.0000000000
42383  -29.048  -40.457  25.009 0.0000000000
66463  -45.309  -14.279  9.326 0.0000000000
69269  -48.328  -11.437  6.560 0.0000000000
71963  -52.476  -8.353  11.531 0.0000000000
55515  -38.554  -26.721  11.972 0.0000000000
55571  -40.939  -26.175  9.554 0.0000000000
56455  -46.418  -25.010  11.235 0.0000000000
41419  -20.858  -41.032  25.220 0.0000000000
134950  -19.568  -42.924  25.983 0.0000000000
37730  -18.292  -44.906  26.709 0.0000000000
37756  -17.719  -44.849  23.541 0.0000000000
27601  -11.272  -56.025  22.406 0.0000000000
45305  -38.674  -37.499  22.654 0.0000000000
46297  -39.707  -35.662  21.611 0.0000000000
46259  -40.523  -35.507  23.887 0.0000000000
47161  -33.704  -35.444  28.451 0.0000000000
47200  -32.543  -35.168  25.604 0.0000000000
46211  -35.612  -35.379  26.084 0.0000000000
45267  -37.103  -36.692  24.461 0.0000000000
60867  -45.305  -20.121  11.604 0.0000000000
63714  -46.313  -17.254  12.898 0.0000000000
66442  -46.982  -14.697  12.133 0.0000000000
67387  -47.917  -12.844  10.926 0.0000000000
69235  -49.267  -11.076  10.339 0.0000000000
69212  -51.475  -11.694  12.961 0.0000000000
53614  -37.865  -28.755  19.229 0.0000000000
53663  -36.188  -28.603  16.539 0.0000000000
53665  -38.671  -28.176  16.804 0.0000000000
54584  -39.464  -27.375  14.571 0.0000000000
54607  -40.769  -26.916  13.158 0.0000000000
137120  -42.553  -27.044  11.491 0.0000000000
126485  -43.826  -27.367  13.255 0.0000000000
41420  -24.955  -40.664  24.809 0.0000000000
42396  -22.509  -39.671  23.669 0.0000000000
72932  -53.642  -7.510  5.609 0.0000000000
30108  -11.942  -51.431  27.419 0.0000000000
49091  -36.997  -34.103  17.138 0.0000000000
49904  -36.674  -32.375  18.296 0.0000000000
48192  -39.732  -34.226  21.228 0.0000000000
49889  -38.900  -32.436  20.786 0.0000000000
52629  -37.792  -29.766  20.246 0.0000000000
53605  -40.467  -28.800  20.421 0.0000000000
48156  -31.723  -35.073  22.895 0.0000000000
40404  -28.059  -42.128  25.187 0.0000000000
40461  -27.985  -42.515  21.936 0.0000000000
70170  -49.829  -9.947  8.723 0.0000000000
71083  -51.093  -9.095  7.980 0.0000000000
72029  -52.196  -8.454  6.374 0.0000000000
73825  -54.606  -6.590  8.972 0.0000000000
33163  -14.649  -50.061  22.806 0.0000000000
31069  -13.807  -51.965  23.138 0.0000000000
58206  -42.521  -23.475  8.373 0.0000000000
56452  -43.145  -25.966  10.570 0.0000000000
57304  -44.792  -24.127  10.677 0.0000000000
59066  -45.017  -22.331  11.039 0.0000000000
60859  -48.513  -20.486  13.101 0.0000000000
35080  -15.507  -47.931  25.003 0.0000000000
29278  -12.845  -53.830  24.588 0.0000000000
29269  -11.237  -54.345  25.251 0.0000000000
29267  -9.517  -54.396  25.193 0.0000000000
32029  -14.406  -50.508  26.398 0.0000000000
46326  -36.088  -36.670  18.791 0.0000000000
117601  -37.359  -36.537  18.582 0.0000000000
46311  -37.504  -36.635  19.290 0.0000000000
46225  -29.678  -37.002  25.176 0.0000000000
45283  -28.804  -36.995  23.877 0.0000000000
46226  -30.343  -36.413  25.302 0.0000000000
46281  -36.271  -37.103  21.183 0.0000000000
46292  -35.598  -36.668  20.702 0.0000000000
46309  -35.824  -36.684  19.764 0.0000000000
47318  -35.373  -36.185  18.314 0.0000000000
46179  -31.463  -36.484  28.422 0.0000000000
45225  -31.144  -37.405  28.710 0.0000000000
45243  -30.278  -37.394  26.680 0.0000000000
44249  -29.735  -37.946  26.199 0.0000000000
68339  -47.165  -12.107  7.626 0.0000000000
50782  -35.496  -31.350  17.048 0.0000000000
51734  -35.231  -30.627  16.640 0.0000000000
55535  -39.101  -26.659  11.338 0.0000000000
54692  -38.524  -27.861  9.834 0.0000000000
55557  -40.436  -26.789  9.972 0.0000000000
40441  -19.893  -41.955  23.677 0.0000000000
40400  -20.005  -42.378  25.996 0.0000000000
39491  -18.979  -43.241  24.462 0.0000000000
38598  -18.524  -43.880  24.854 0.0000000000
38603  -18.240  -44.315  23.148 0.0000000000
45286  -39.194  -37.472  23.682 0.0000000000
45307  -40.149  -36.375  23.321 0.0000000000
45271  -40.360  -36.378  24.829 0.0000000000
124015  -35.286  -35.710  28.820 0.0000000000
47187  -35.208  -35.273  26.882 0.0000000000
47175  -36.238  -35.620  27.690 0.0000000000
131519  -38.776  -37.163  26.142 0.0000000000
46230  -37.405  -36.436  25.753 0.0000000000
45255  -38.266  -37.426  25.097 0.0000000000
137060  -37.409  -37.374  23.136 0.0000000000
119533  -47.165  -19.457  12.789 0.0000000000
62778  -45.897  -18.805  12.383 0.0000000000
123385  -47.598  -17.959  13.528 0.0000000000
66436  -49.902  -14.780  13.503 0.0000000000
65517  -48.653  -15.695  13.503 0.0000000000
66444  -48.716  -14.247  12.621 0.0000000000
66449  -47.464  -13.954  11.707 0.0000000000
67369  -49.314  -13.559  12.458 0.0000000000
68308  -49.335  -12.297  11.628 0.0000000000
67371  -50.941  -13.069  12.961 0.0000000000
53632  -39.431  -28.435  18.606 0.0000000000
53648  -38.123  -28.314  17.622 0.0000000000
138159  -39.967  -28.300  17.262 0.0000000000
54567  -42.227  -27.539  15.638 0.0000000000
54551  -40.752  -27.821  16.006 0.0000000000
117362  -41.167  -27.398  14.784 0.0000000000
115391  -40.075  -27.155  13.890 0.0000000000
54586  -41.759  -27.269  14.142 0.0000000000
54609  -42.507  -27.233  13.495 0.0000000000
116647  -43.097  -27.275  13.992 0.0000000000
40401  -26.381  -42.293  25.079 0.0000000000
41400  -25.983  -41.840  25.679 0.0000000000
41421  -25.581  -41.566  24.523 0.0000000000
42415  -23.555  -39.911  22.251 0.0000000000
126221  -54.435  -6.734  7.126 0.0000000000
134237  -55.276  -6.305  6.474 0.0000000000
30117  -12.169  -51.944  26.703 0.0000000000
48242  -37.904  -35.249  17.961 0.0000000000
48273  -36.945  -34.763  16.618 0.0000000000
49092  -37.371  -34.073  17.722 0.0000000000
49916  -36.863  -33.340  17.704 0.0000000000
49905  -37.319  -33.491  18.356 0.0000000000
48174  -40.586  -34.905  22.577 0.0000000000
47277  -39.753  -34.960  21.393 0.0000000000
119031  -40.559  -34.208  22.461 0.0000000000
50740  -39.825  -31.048  23.033 0.0000000000
49881  -39.563  -31.827  22.358 0.0000000000
50758  -39.129  -31.221  21.787 0.0000000000
50766  -38.292  -30.996  20.816 0.0000000000
52622  -38.887  -29.822  21.226 0.0000000000
52630  -38.544  -29.420  20.551 0.0000000000
52623  -39.588  -29.532  21.571 0.0000000000
46279  -28.100  -36.121  21.284 0.0000000000
47215  -33.361  -35.193  24.917 0.0000000000
47226  -32.039  -35.267  23.759 0.0000000000
133160  -33.350  -35.527  23.356 0.0000000000
48209  -32.823  -34.600  20.681 0.0000000000
41383  -28.550  -41.270  26.650 0.0000000000
127402  -28.710  -40.268  23.402 0.0000000000
41441  -28.779  -42.007  23.180 0.0000000000
41458  -28.508  -41.939  22.280 0.0000000000
40473  -27.270  -42.394  20.997 0.0000000000
69236  -49.955  -10.689  10.865 0.0000000000
70160  -49.354  -10.526  9.385 0.0000000000
70156  -50.396  -9.930  10.374 0.0000000000
121020  -52.951  -7.913  11.019 0.0000000000
131722  -51.666  -8.848  9.928 0.0000000000
123908  -52.173  -8.400  8.851 0.0000000000
133671  -51.732  -8.680  6.968 0.0000000000
122463  -52.838  -7.818  8.815 0.0000000000
121077  -53.417  -7.392  8.091 0.0000000000
122549  -53.901  -7.124  9.979 0.0000000000
54547  -36.683  -28.107  15.424 0.0000000000
53694  -35.620  -28.814  14.358 0.0000000000
57321  -42.067  -24.054  8.014 0.0000000000
134360  -42.210  -24.006  8.695 0.0000000000
55538  -44.048  -26.760  11.667 0.0000000000
129854  -42.865  -26.685  11.020 0.0000000000
55561  -44.479  -26.233  11.272 0.0000000000
58176  -47.282  -23.717  11.511 0.0000000000
57305  -45.607  -24.430  10.967 0.0000000000
58175  -45.936  -23.526  11.230 0.0000000000
118463  -44.915  -22.955  10.861 0.0000000000
137033  -46.691  -22.249  11.597 0.0000000000
60869  -46.602  -20.981  11.917 0.0000000000
59965  -48.044  -21.743  12.114 0.0000000000
37741  -17.738  -45.092  26.016 0.0000000000
36912  -16.762  -46.119  25.896 0.0000000000
36036  -16.418  -46.847  26.125 0.0000000000
36065  -16.135  -46.694  24.763 0.0000000000
137755  -15.343  -48.216  23.648 0.0000000000
138536  -16.285  -46.671  23.419 0.0000000000
118705  -13.434  -52.798  21.892 0.0000000000
31059  -13.397  -52.758  23.707 0.0000000000
30155  -12.743  -53.919  22.062 0.0000000000
27600  -10.354  -56.964  22.603 0.0000000000
28450  -11.181  -55.699  23.776 0.0000000000
28449  -10.466  -55.933  24.267 0.0000000000
29268  -10.470  -54.444  25.343 0.0000000000
27577  -9.238  -55.794  24.595 0.0000000000
46182  -38.054  -35.959  28.301 0.0000000000
63704  -50.440  -17.603  14.776 0.0000000000
64615  -49.371  -17.074  14.292 0.0000000000
64617  -51.435  -16.472  14.738 0.0000000000
53650  -41.343  -28.019  17.638 0.0000000000
40442  -26.098  -42.282  22.690 0.0000000000
138197  -25.361  -41.623  22.956 0.0000000000
32003  -14.389  -50.502  29.057 0.0000000000
31013  -13.486  -51.170  27.385 0.0000000000
46341  -36.890  -36.130  17.082 0.0000000000
47319  -37.769  -35.990  18.097 0.0000000000
48224  -38.290  -34.912  19.460 0.0000000000
52610  -41.458  -29.279  22.609 0.0000000000
43336  -28.031  -38.975  22.773 0.0000000000
44271  -27.716  -38.657  22.045 0.0000000000
44272  -27.915  -38.097  22.695 0.0000000000
46253  -28.535  -36.667  23.025 0.0000000000
47223  -29.569  -35.331  23.061 0.0000000000
46256  -35.584  -36.141  23.493 0.0000000000
47239  -34.146  -35.767  22.263 0.0000000000
47240  -34.835  -36.076  21.951 0.0000000000
47273  -34.345  -35.473  20.621 0.0000000000
129046  -34.717  -35.760  17.710 0.0000000000
43299  -29.835  -39.256  28.022 0.0000000000
125940  -28.856  -40.175  26.012 0.0000000000
43309  -29.019  -39.445  25.869 0.0000000000
43315  -28.850  -39.879  24.147 0.0000000000
65545  -44.566  -15.439  9.641 0.0000000000
69270  -48.908  -11.063  6.182 0.0000000000
71919  -52.823  -8.874  14.071 0.0000000000
71043  -52.158  -9.221  12.765 0.0000000000
54604  -37.426  -27.436  13.278 0.0000000000
125452  -40.602  -26.669  8.123 0.0000000000
56463  -40.914  -25.698  8.922 0.0000000000
55541  -47.050  -26.248  11.799 0.0000000000
56438  -46.309  -25.869  11.483 0.0000000000
119607  -47.897  -25.055  11.587 0.0000000000
42367  -21.478  -40.639  25.739 0.0000000000
41379  -20.923  -41.555  26.845 0.0000000000
128686  -20.166  -42.846  27.892 0.0000000000
39474  -19.302  -43.403  26.429 0.0000000000
38589  -18.028  -44.570  25.251 0.0000000000
37755  -17.185  -45.317  23.928 0.0000000000
137216  -16.681  -46.347  22.964 0.0000000000
37768  -17.364  -45.419  22.919 0.0000000000
123668  -37.881  -37.358  20.945 0.0000000000
46295  -38.411  -36.712  20.454 0.0000000000
45321  -39.266  -37.079  22.114 0.0000000000
46271  -40.251  -35.824  22.993 0.0000000000
47171  -32.510  -35.367  27.404 0.0000000000
47183  -31.839  -35.498  26.155 0.0000000000
47185  -33.463  -35.059  26.778 0.0000000000
120657  -34.276  -34.973  26.187 0.0000000000
46228  -35.745  -35.549  25.273 0.0000000000
46212  -36.864  -35.966  26.139 0.0000000000
46229  -36.980  -36.218  25.323 0.0000000000
46242  -35.688  -35.831  24.403 0.0000000000
46257  -36.233  -36.666  23.034 0.0000000000
45318  -36.906  -37.473  21.675 0.0000000000
47146  -32.858  -35.624  29.086 0.0000000000
59961  -44.536  -20.920  10.885 0.0000000000
60876  -43.606  -20.396  10.010 0.0000000000
61793  -44.780  -19.353  11.531 0.0000000000
62783  -44.314  -18.419  11.434 0.0000000000
64632  -44.425  -16.767  11.331 0.0000000000
64621  -47.495  -16.564  13.405 0.0000000000
137251  -46.335  -16.328  12.717 0.0000000000
65533  -45.422  -15.451  11.558 0.0000000000
66447  -45.772  -14.674  11.074 0.0000000000
67385  -46.646  -13.385  10.252 0.0000000000
68317  -46.895  -12.550  9.066 0.0000000000
68328  -47.379  -11.858  8.576 0.0000000000
68314  -48.274  -12.230  10.584 0.0000000000
69229  -49.642  -11.489  11.269 0.0000000000
69224  -51.457  -10.796  12.669 0.0000000000
68282  -53.117  -12.120  14.376 0.0000000000
123430  -53.226  -10.148  14.914 0.0000000000
52649  -36.737  -29.166  18.610 0.0000000000
53645  -35.787  -29.120  16.998 0.0000000000
53647  -37.149  -28.399  17.578 0.0000000000
133463  -37.286  -28.149  16.027 0.0000000000
54562  -37.592  -27.800  15.210 0.0000000000
53667  -40.341  -28.149  16.702 0.0000000000
54564  -39.415  -27.646  15.341 0.0000000000
54583  -38.567  -27.313  14.264 0.0000000000
54606  -39.139  -27.041  13.692 0.0000000000
55500  -39.826  -26.792  13.011 0.0000000000
54632  -40.552  -26.778  12.219 0.0000000000
128086  -41.150  -26.982  11.542 0.0000000000
54633  -41.449  -27.022  12.364 0.0000000000
54656  -42.753  -27.176  12.053 0.0000000000
54658  -44.469  -27.105  12.171 0.0000000000
54611  -45.412  -27.517  13.372 0.0000000000
129666  -46.535  -27.183  12.572 0.0000000000
42369  -24.018  -40.088  26.049 0.0000000000
42398  -24.311  -40.135  22.976 0.0000000000
119157  -23.423  -39.673  24.486 0.0000000000
42368  -23.119  -39.872  25.533 0.0000000000
121773  -20.899  -40.774  24.188 0.0000000000
49915  -36.193  -32.637  17.421 0.0000000000
50776  -36.286  -31.043  18.396 0.0000000000
47275  -38.698  -35.910  20.187 0.0000000000
47297  -38.735  -35.171  20.086 0.0000000000
138695  -38.660  -33.886  20.188 0.0000000000
49890  -39.389  -32.835  21.061 0.0000000000
49060  -38.343  -33.464  19.949 0.0000000000
49897  -37.992  -32.753  19.757 0.0000000000
138366  -37.204  -30.968  19.616 0.0000000000
51726  -36.808  -30.567  19.122 0.0000000000
52639  -37.498  -29.364  19.606 0.0000000000
53603  -39.000  -28.791  20.100 0.0000000000
53617  -40.397  -28.604  19.600 0.0000000000
53586  -40.895  -29.020  21.131 0.0000000000
53606  -41.368  -28.730  20.487 0.0000000000
47199  -31.746  -35.431  25.286 0.0000000000
47225  -31.214  -35.172  23.522 0.0000000000
48171  -30.637  -34.453  21.915 0.0000000000
48173  -32.860  -35.153  22.066 0.0000000000
48189  -31.288  -34.306  21.248 0.0000000000
40385  -27.342  -42.121  26.021 0.0000000000
40424  -27.586  -42.745  24.048 0.0000000000
41423  -28.934  -41.636  24.735 0.0000000000
40445  -28.348  -42.548  23.578 0.0000000000
40443  -26.993  -42.740  22.963 0.0000000000
40460  -27.055  -42.660  22.057 0.0000000000
69250  -48.125  -11.245  8.399 0.0000000000
70178  -49.015  -10.614  7.585 0.0000000000
70186  -49.370  -10.510  6.807 0.0000000000
71064  -51.091  -9.345  10.166 0.0000000000
71082  -50.451  -9.538  8.277 0.0000000000
70187  -50.145  -9.951  6.555 0.0000000000
71119  -50.815  -9.649  5.919 0.0000000000
71120  -51.432  -9.337  5.462 0.0000000000
71121  -51.994  -9.012  5.045 0.0000000000
72030  -52.875  -7.958  5.974 0.0000000000
72915  -53.954  -7.013  7.562 0.0000000000
34127  -14.747  -49.445  24.513 0.0000000000
32055  -13.920  -50.676  24.746 0.0000000000
33150  -14.384  -50.698  23.001 0.0000000000
52675  -35.178  -29.465  15.508 0.0000000000
59087  -43.423  -22.312  9.482 0.0000000000
55558  -41.362  -26.725  10.505 0.0000000000
55572  -41.665  -26.045  9.919 0.0000000000
56464  -42.370  -25.514  9.977 0.0000000000
131455  -44.849  -25.694  11.034 0.0000000000
121798  -44.651  -24.951  10.672 0.0000000000
57303  -43.178  -23.942  9.876 0.0000000000
58187  -43.724  -23.470  10.164 0.0000000000
59077  -43.825  -22.806  10.175 0.0000000000
59972  -44.500  -21.752  10.724 0.0000000000
117781  -45.744  -20.888  11.621 0.0000000000
60858  -46.916  -20.229  12.368 0.0000000000
61791  -48.326  -19.897  13.298 0.0000000000
34099  -15.748  -48.958  27.397 0.0000000000
35069  -16.533  -47.432  27.088 0.0000000000
34115  -15.335  -48.568  25.463 0.0000000000
35094  -15.037  -48.800  23.989 0.0000000000
34159  -14.938  -49.271  22.533 0.0000000000
31039  -13.562  -51.310  24.971 0.0000000000
30132  -13.002  -52.461  24.852 0.0000000000
30131  -12.613  -52.923  25.072 0.0000000000
135284  -12.307  -54.685  23.273 0.0000000000
29277  -12.284  -54.276  24.773 0.0000000000
126329  -11.624  -53.671  25.369 0.0000000000
29259  -10.948  -53.872  25.504 0.0000000000
29258  -10.385  -53.825  25.604 0.0000000000
128563  -8.985  -56.867  23.811 0.0000000000
28441  -8.787  -55.352  24.511 0.0000000000
33108  -15.313  -49.566  27.138 0.0000000000
46310  -36.786  -36.934  19.278 0.0000000000
46293  -36.464  -37.089  20.305 0.0000000000
46194  -31.479  -36.077  27.554 0.0000000000
45244  -30.827  -36.805  27.138 0.0000000000
45253  -30.031  -37.179  25.867 0.0000000000
51729  -35.686  -30.797  17.544 0.0000000000
50790  -35.161  -31.524  16.361 0.0000000000
54679  -38.967  -27.002  10.420 0.0000000000
54693  -39.215  -27.478  9.607 0.0000000000
54694  -39.844  -27.103  9.350 0.0000000000
40440  -19.543  -42.548  22.799 0.0000000000
40420  -19.429  -42.619  24.087 0.0000000000
39498  -19.050  -43.169  23.317 0.0000000000
39490  -18.558  -43.764  23.788 0.0000000000
115662  -39.322  -37.651  24.458 0.0000000000
45287  -39.867  -37.259  24.312 0.0000000000
45270  -40.184  -36.987  24.896 0.0000000000
47164  -36.176  -35.656  28.755 0.0000000000
47163  -35.634  -35.611  28.202 0.0000000000
45256  -39.541  -37.726  25.371 0.0000000000
124531  -38.848  -37.567  25.562 0.0000000000
116240  -39.041  -37.791  24.984 0.0000000000
118139  -38.424  -37.533  24.319 0.0000000000
47148  -35.601  -35.753  29.454 0.0000000000
130784  -48.120  -18.616  13.594 0.0000000000
62780  -47.354  -18.703  13.215 0.0000000000
66437  -50.698  -14.538  13.657 0.0000000000
66445  -49.604  -14.191  12.973 0.0000000000
67370  -50.192  -13.488  12.798 0.0000000000
67363  -51.422  -13.383  13.419 0.0000000000
121548  -40.239  -28.451  18.809 0.0000000000
122511  -40.056  -28.363  17.950 0.0000000000
54566  -41.411  -27.611  15.482 0.0000000000
116106  -41.945  -27.407  14.932 0.0000000000
54587  -42.514  -27.304  14.399 0.0000000000
40422  -26.066  -42.219  24.417 0.0000000000
127427  -25.922  -41.917  25.017 0.0000000000
41440  -25.735  -41.940  23.696 0.0000000000
116985  -54.994  -6.419  7.132 0.0000000000
73840  -54.726  -6.653  6.436 0.0000000000
30111  -13.127  -51.301  27.473 0.0000000000
30110  -12.863  -51.314  27.578 0.0000000000
49074  -37.744  -34.422  18.137 0.0000000000
129096  -37.519  -34.895  17.372 0.0000000000
49075  -37.807  -33.711  19.113 0.0000000000
48157  -40.696  -34.556  23.031 0.0000000000
51706  -39.706  -30.430  22.501 0.0000000000
122127  -39.437  -30.941  22.375 0.0000000000
51711  -39.264  -30.299  21.922 0.0000000000
51710  -38.728  -30.662  21.308 0.0000000000
133783  -28.159  -41.088  20.947 0.0000000000
42432  -27.920  -40.054  21.288 0.0000000000
47216  -34.257  -35.325  24.628 0.0000000000
117079  -33.782  -35.498  24.001 0.0000000000
119183  -28.358  -39.992  22.737 0.0000000000
42399  -28.719  -41.135  22.854 0.0000000000
41477  -28.188  -41.918  21.344 0.0000000000
69278  -49.793  -10.957  5.004 0.0000000000
69231  -50.958  -10.567  11.972 0.0000000000
70152  -50.590  -10.311  11.255 0.0000000000
70153  -51.102  -9.968  11.581 0.0000000000
72881  -53.614  -7.432  11.243 0.0000000000
71978  -52.695  -8.077  10.328 0.0000000000
71993  -52.921  -7.812  9.725 0.0000000000
72007  -52.234  -8.291  8.135 0.0000000000
72898  -53.443  -7.438  9.504 0.0000000000
72892  -54.106  -7.043  10.697 0.0000000000
54561  -36.763  -27.899  14.640 0.0000000000
53695  -36.209  -28.217  14.266 0.0000000000
56472  -41.300  -25.209  8.463 0.0000000000
56482  -41.367  -25.436  7.768 0.0000000000
55539  -44.740  -26.696  11.704 0.0000000000
134905  -46.622  -23.369  11.430 0.0000000000
59067  -46.228  -22.687  11.442 0.0000000000
59964  -47.159  -21.825  11.788 0.0000000000
120030  -47.839  -22.382  11.800 0.0000000000
134337  -16.957  -45.425  25.013 0.0000000000
36913  -17.133  -45.523  25.614 0.0000000000
36933  -16.557  -45.979  25.047 0.0000000000
36054  -16.353  -46.546  25.406 0.0000000000
121630  -16.020  -46.869  24.138 0.0000000000
30150  -13.137  -53.290  22.624 0.0000000000
27589  -10.442  -56.376  23.495 0.0000000000
28442  -9.957  -55.638  24.730 0.0000000000
27588  -9.652  -56.351  24.176 0.0000000000
53651  -42.208  -27.677  18.010 0.0000000000
41457  -25.281  -41.622  22.005 0.0000000000
136404  -14.306  -50.703  27.161 0.0000000000
131589  -14.432  -50.535  28.129 0.0000000000
123936  -13.903  -50.937  27.325 0.0000000000
31024  -13.518  -51.395  26.536 0.0000000000
117473  -36.390  -36.404  17.828 0.0000000000
47320  -38.001  -35.457  18.729 0.0000000000
44260  -28.260  -38.420  23.430 0.0000000000
46239  -29.601  -36.480  24.456 0.0000000000
46254  -29.160  -36.106  23.532 0.0000000000
46267  -28.861  -35.786  22.671 0.0000000000
46268  -35.551  -36.341  22.535 0.0000000000
47274  -34.994  -36.033  20.231 0.0000000000
47257  -34.868  -36.086  21.096 0.0000000000
47293  -34.313  -35.347  19.734 0.0000000000
47317  -34.504  -35.572  18.655 0.0000000000
44238  -30.639  -37.930  28.282 0.0000000000
44228  -30.365  -38.752  28.537 0.0000000000
44237  -30.119  -38.443  27.785 0.0000000000
43304  -29.692  -39.017  27.190 0.0000000000
44242  -29.470  -38.769  26.440 0.0000000000
44255  -29.005  -38.265  24.873 0.0000000000
44248  -29.266  -38.544  25.678 0.0000000000
44254  -28.685  -38.818  24.162 0.0000000000
43323  -28.460  -39.337  23.443 0.0000000000
65546  -44.961  -14.819  9.741 0.0000000000
55498  -37.947  -27.076  12.573 0.0000000000
54630  -37.310  -27.489  12.523 0.0000000000
55533  -37.881  -27.069  11.799 0.0000000000
55570  -40.445  -26.460  8.983 0.0000000000
132864  -47.765  -25.816  11.796 0.0000000000
57297  -48.791  -23.886  11.920 0.0000000000
42358  -21.516  -40.785  26.524 0.0000000000
41398  -20.927  -41.330  26.070 0.0000000000
41378  -20.460  -41.982  26.420 0.0000000000
40381  -20.174  -42.365  26.758 0.0000000000
39467  -19.681  -43.109  27.280 0.0000000000
38597  -18.085  -44.377  24.188 0.0000000000
37749  -17.585  -44.893  24.493 0.0000000000
45320  -38.278  -37.491  21.705 0.0000000000
46258  -40.332  -35.950  23.561 0.0000000000
47172  -33.571  -35.234  27.611 0.0000000000
124627  -34.939  -35.121  26.351 0.0000000000
46210  -35.039  -35.185  25.697 0.0000000000
46197  -37.699  -36.145  27.347 0.0000000000
46196  -36.911  -35.862  27.029 0.0000000000
45254  -37.619  -36.823  25.159 0.0000000000
122318  -36.413  -36.004  24.847 0.0000000000
46243  -36.346  -36.400  23.968 0.0000000000
45284  -36.894  -37.018  23.538 0.0000000000
45285  -38.119  -37.515  23.338 0.0000000000
45304  -37.643  -37.569  22.314 0.0000000000
45319  -37.500  -37.573  21.432 0.0000000000
47162  -34.552  -35.612  28.694 0.0000000000
47160  -32.757  -35.449  28.264 0.0000000000
60866  -44.542  -20.107  11.166 0.0000000000
118818  -46.105  -18.123  12.694 0.0000000000
138738  -45.506  -18.224  12.310 0.0000000000
63713  -45.532  -17.564  12.401 0.0000000000
128973  -44.338  -17.559  11.482 0.0000000000
64626  -45.603  -16.740  12.390 0.0000000000
119548  -48.644  -17.106  14.012 0.0000000000
64623  -49.053  -16.369  13.946 0.0000000000
65526  -47.431  -15.251  12.698 0.0000000000
65516  -47.842  -15.816  13.266 0.0000000000
65525  -46.517  -15.480  12.417 0.0000000000
65524  -45.758  -15.924  12.223 0.0000000000
65534  -46.187  -14.967  11.816 0.0000000000
67377  -47.550  -13.357  11.181 0.0000000000
67376  -46.939  -13.642  11.005 0.0000000000
67386  -47.299  -13.084  10.590 0.0000000000
67392  -46.462  -13.167  9.433 0.0000000000
68313  -47.669  -12.504  10.259 0.0000000000
68307  -48.578  -12.582  11.279 0.0000000000
68304  -50.917  -12.265  12.685 0.0000000000
68303  -50.150  -12.003  12.086 0.0000000000
69223  -50.871  -11.401  12.336 0.0000000000
70122  -52.882  -10.648  14.328 0.0000000000
53630  -37.427  -28.613  18.446 0.0000000000
53629  -36.697  -28.708  18.045 0.0000000000
127722  -37.731  -28.222  16.800 0.0000000000
54548  -38.169  -28.017  16.048 0.0000000000
54535  -41.129  -28.111  16.779 0.0000000000
129020  -40.155  -27.635  15.427 0.0000000000
132586  -38.860  -27.527  14.876 0.0000000000
54610  -43.328  -27.309  13.468 0.0000000000
54635  -43.202  -27.292  12.811 0.0000000000
54657  -43.640  -27.146  12.188 0.0000000000
54636  -44.104  -27.332  12.757 0.0000000000
128330  -46.394  -27.475  13.340 0.0000000000
54638  -45.804  -27.300  12.628 0.0000000000
55517  -47.056  -26.850  12.291 0.0000000000
41399  -25.527  -41.321  25.332 0.0000000000
42370  -24.838  -40.552  25.717 0.0000000000
42360  -24.711  -40.518  26.530 0.0000000000
41456  -24.791  -40.923  22.525 0.0000000000
42414  -22.639  -39.762  22.590 0.0000000000
42397  -23.529  -39.659  23.373 0.0000000000
42380  -22.328  -39.865  24.727 0.0000000000
42395  -21.573  -40.101  23.912 0.0000000000
31012  -11.398  -51.915  26.838 0.0000000000
49109  -36.351  -33.961  16.301 0.0000000000
50783  -35.929  -31.722  17.647 0.0000000000
46296  -39.145  -36.213  20.960 0.0000000000
48210  -39.235  -34.697  20.622 0.0000000000
48225  -38.682  -34.480  20.114 0.0000000000
125274  -39.215  -33.997  20.557 0.0000000000
49884  -39.274  -32.140  21.449 0.0000000000
49048  -39.000  -33.282  20.529 0.0000000000
133011  -38.523  -32.790  20.278 0.0000000000
50771  -38.234  -31.917  20.403 0.0000000000
50765  -37.714  -30.798  20.258 0.0000000000
51721  -37.242  -30.153  19.743 0.0000000000
51720  -36.941  -29.694  19.165 0.0000000000
52631  -39.440  -29.111  20.780 0.0000000000
53604  -39.811  -28.728  20.085 0.0000000000
53616  -39.633  -28.572  19.436 0.0000000000
53569  -42.097  -29.024  21.935 0.0000000000
52625  -41.187  -29.140  21.864 0.0000000000
53618  -41.696  -28.245  19.742 0.0000000000
43346  -27.696  -39.188  21.480 0.0000000000
44286  -27.520  -38.410  21.098 0.0000000000
48155  -30.904  -34.801  22.742 0.0000000000
47255  -33.570  -35.353  21.739 0.0000000000
47238  -33.432  -35.507  22.604 0.0000000000
48191  -33.065  -34.942  21.359 0.0000000000
40403  -27.559  -42.455  24.837 0.0000000000
42371  -28.724  -40.998  25.745 0.0000000000
40462  -28.255  -42.473  22.759 0.0000000000
40444  -27.732  -42.831  23.198 0.0000000000
126117  -27.684  -42.747  22.539 0.0000000000
69241  -48.130  -11.496  9.312 0.0000000000
69242  -48.797  -11.101  9.615 0.0000000000
70169  -49.225  -10.457  8.406 0.0000000000
71061  -51.962  -8.952  11.949 0.0000000000
71060  -51.473  -9.358  11.447 0.0000000000
71066  -51.977  -8.743  11.152 0.0000000000
71991  -51.682  -8.747  9.209 0.0000000000
124748  -51.037  -9.173  8.868 0.0000000000
71096  -50.583  -9.504  7.400 0.0000000000
71109  -50.838  -9.443  6.680 0.0000000000
72016  -52.238  -8.299  7.290 0.0000000000
120230  -51.432  -9.049  6.326 0.0000000000
132976  -51.877  -8.838  5.732 0.0000000000
72040  -52.422  -8.486  5.484 0.0000000000
117743  -52.770  -7.875  6.838 0.0000000000
72908  -54.017  -6.967  8.457 0.0000000000
72914  -53.367  -7.448  7.207 0.0000000000
73832  -54.633  -6.590  7.941 0.0000000000
34142  -14.767  -49.557  23.624 0.0000000000
33151  -14.387  -50.387  23.638 0.0000000000
52667  -35.318  -29.680  16.416 0.0000000000
53662  -35.623  -28.965  16.078 0.0000000000
59096  -42.877  -22.827  8.026 0.0000000000
59086  -43.007  -22.924  8.860 0.0000000000
135443  -41.481  -27.034  11.203 0.0000000000
55536  -42.076  -26.975  11.101 0.0000000000
55559  -42.273  -26.399  10.505 0.0000000000
56454  -45.558  -25.379  11.120 0.0000000000
56465  -43.385  -24.959  10.251 0.0000000000
125353  -44.003  -24.132  10.378 0.0000000000
59078  -44.433  -22.544  10.602 0.0000000000
59971  -43.883  -22.023  10.214 0.0000000000
59962  -45.215  -21.533  11.272 0.0000000000
59953  -47.450  -21.015  12.284 0.0000000000
119864  -47.780  -20.208  12.806 0.0000000000
36053  -15.951  -47.212  25.373 0.0000000000
137357  -16.108  -47.516  26.225 0.0000000000
35068  -15.666  -48.014  25.843 0.0000000000
34128  -15.134  -48.687  24.759 0.0000000000
35106  -15.533  -47.983  22.960 0.0000000000
35120  -15.353  -48.509  22.244 0.0000000000
32073  -14.041  -50.713  24.132 0.0000000000
32054  -13.715  -51.313  24.337 0.0000000000
117343  -13.069  -53.230  24.364 0.0000000000
31049  -13.203  -52.621  24.433 0.0000000000
30138  -12.839  -53.217  24.701 0.0000000000
29271  -12.484  -53.746  24.902 0.0000000000
28464  -11.817  -55.796  21.407 0.0000000000
29290  -12.004  -55.161  21.750 0.0000000000
28457  -11.858  -55.245  22.939 0.0000000000
28435  -11.566  -54.631  24.963 0.0000000000
28451  -11.945  -55.018  24.236 0.0000000000
29270  -11.918  -54.100  25.077 0.0000000000
119784  -9.898  -54.639  25.208 0.0000000000
29257  -9.943  -54.169  25.446 0.0000000000
30123  -9.985  -53.496  25.788 0.0000000000
27586  -8.356  -56.981  23.298 0.0000000000
27587  -8.735  -56.179  24.129 0.0000000000
46327  -36.809  -36.701  18.451 0.0000000000
45266  -29.138  -37.385  24.660 0.0000000000
46240  -30.311  -35.929  24.554 0.0000000000
46180  -32.022  -35.940  28.829 0.0000000000
45235  -30.947  -37.043  27.976 0.0000000000
45234  -30.459  -37.629  27.504 0.0000000000
45252  -29.475  -37.715  25.419 0.0000000000
67391  -45.790  -13.567  8.807 0.0000000000
69268  -47.723  -11.776  7.030 0.0000000000
49929  -35.272  -32.389  16.093 0.0000000000
54654  -37.767  -27.387  11.219 0.0000000000
55534  -38.349  -26.948  11.180 0.0000000000
54678  -38.084  -27.558  10.536 0.0000000000
41418  -20.357  -41.481  24.532 0.0000000000
41397  -20.412  -41.752  25.589 0.0000000000
40421  -19.865  -42.111  24.912 0.0000000000
40399  -19.465  -42.760  25.199 0.0000000000
39482  -19.079  -43.378  25.473 0.0000000000
37769  -17.928  -44.849  22.508 0.0000000000
45306  -39.621  -36.965  23.009 0.0000000000
135377  -39.822  -37.014  23.686 0.0000000000
45288  -40.271  -36.583  24.106 0.0000000000
45289  -40.399  -36.065  24.168 0.0000000000
47173  -34.577  -35.377  27.771 0.0000000000
132010  -35.086  -35.584  28.232 0.0000000000
47174  -35.472  -35.463  27.563 0.0000000000
135231  -36.112  -35.553  26.684 0.0000000000
46214  -38.274  -36.652  26.709 0.0000000000
45245  -38.092  -36.921  25.803 0.0000000000
45268  -37.779  -37.220  24.597 0.0000000000
129133  -37.592  -37.277  23.901 0.0000000000
61789  -46.397  -19.490  12.385 0.0000000000
61794  -45.620  -19.449  11.972 0.0000000000
62779  -46.627  -18.777  12.790 0.0000000000
63715  -46.812  -18.039  13.189 0.0000000000
65519  -50.334  -15.346  13.990 0.0000000000
65518  -49.489  -15.572  13.764 0.0000000000
65527  -48.268  -15.063  12.970 0.0000000000
66443  -47.834  -14.503  12.395 0.0000000000
66450  -48.165  -13.913  12.115 0.0000000000
67368  -48.656  -13.595  12.166 0.0000000000
67379  -48.950  -13.018  11.924 0.0000000000
68302  -49.725  -12.852  12.246 0.0000000000
121107  -50.402  -12.742  12.551 0.0000000000
68293  -51.626  -12.602  13.306 0.0000000000
53631  -38.437  -28.457  18.538 0.0000000000
53649  -39.211  -28.329  17.621 0.0000000000
53666  -39.547  -28.160  16.751 0.0000000000
54565  -40.741  -27.585  15.310 0.0000000000
54585  -40.324  -27.422  14.734 0.0000000000
116800  -40.944  -27.212  14.001 0.0000000000
54608  -41.610  -27.098  13.275 0.0000000000
40383  -26.429  -42.090  25.952 0.0000000000
42413  -21.764  -40.026  22.840 0.0000000000
133946  -53.606  -7.764  4.758 0.0000000000
72933  -54.474  -6.963  5.666 0.0000000000
72944  -54.341  -7.318  4.705 0.0000000000
72934  -54.963  -6.805  4.966 0.0000000000
30116  -11.719  -51.971  26.747 0.0000000000
133927  -36.933  -35.476  16.616 0.0000000000
49896  -37.356  -32.662  19.096 0.0000000000
47258  -40.193  -35.257  22.198 0.0000000000
48193  -40.194  -34.568  21.984 0.0000000000
49036  -40.055  -33.791  21.867 0.0000000000
50749  -39.905  -32.014  23.119 0.0000000000
50757  -38.752  -31.548  21.105 0.0000000000
51715  -38.249  -30.203  20.798 0.0000000000
52632  -40.084  -29.060  21.196 0.0000000000
53588  -42.588  -28.758  21.521 0.0000000000
45317  -27.834  -36.933  21.608 0.0000000000
47214  -32.341  -35.274  24.696 0.0000000000
47227  -32.893  -35.393  23.994 0.0000000000
47237  -32.628  -35.323  22.991 0.0000000000
41402  -28.446  -41.747  25.370 0.0000000000
42382  -28.978  -41.166  23.878 0.0000000000
70155  -49.763  -10.400  10.118 0.0000000000
71977  -52.124  -8.575  10.416 0.0000000000
136745  -52.455  -8.333  10.879 0.0000000000
71992  -52.333  -8.355  9.606 0.0000000000
72006  -51.638  -8.706  8.450 0.0000000000
71097  -51.217  -9.068  7.176 0.0000000000
72015  -51.676  -8.667  7.670 0.0000000000
72017  -52.785  -7.812  7.730 0.0000000000
72907  -53.551  -7.327  8.833 0.0000000000
121291  -54.006  -6.998  9.297 0.0000000000
33172  -14.862  -49.901  21.831 0.0000000000
33162  -14.486  -50.601  22.098 0.0000000000
127015  -36.069  -28.475  15.708 0.0000000000
53678  -35.563  -28.832  15.218 0.0000000000
53679  -36.051  -28.301  14.927 0.0000000000
57320  -41.694  -24.730  7.858 0.0000000000
58194  -42.692  -23.633  9.170 0.0000000000
55537  -43.260  -26.898  11.587 0.0000000000
55560  -43.671  -26.383  11.113 0.0000000000
56453  -44.056  -25.688  10.799 0.0000000000
57295  -46.521  -24.129  11.299 0.0000000000
58189  -45.202  -23.576  10.900 0.0000000000
58188  -44.416  -23.380  10.547 0.0000000000
58174  -45.471  -22.896  11.179 0.0000000000
133833  -45.611  -22.246  11.330 0.0000000000
59963  -46.176  -21.769  11.582 0.0000000000
119867  -48.284  -21.057  12.637 0.0000000000
136738  -17.869  -45.442  26.755 0.0000000000
36886  -17.379  -45.756  26.390 0.0000000000
119904  -15.742  -47.306  24.520 0.0000000000
35095  -15.390  -48.054  24.250 0.0000000000
36075  -15.719  -47.457  23.684 0.0000000000
36092  -15.992  -47.249  22.709 0.0000000000
125851  -13.527  -52.535  22.644 0.0000000000
31060  -13.583  -51.968  24.057 0.0000000000
29284  -13.047  -53.630  23.820 0.0000000000
28443  -10.920  -55.287  24.732 0.0000000000
28434  -10.885  -54.758  25.166 0.0000000000
28433  -10.236  -55.005  25.080 0.0000000000
28432  -9.469  -55.096  24.902 0.0000000000
46181  -37.100  -35.788  28.156 0.0000000000
45236  -39.302  -36.842  26.880 0.0000000000
63703  -49.669  -17.914  14.518 0.0000000000
63711  -48.993  -17.695  14.207 0.0000000000
139114  -50.008  -17.147  14.525 0.0000000000
66438  -51.559  -14.124  13.795 0.0000000000
67364  -52.076  -13.332  13.761 0.0000000000
53634  -41.539  -27.976  18.665 0.0000000000
54536  -41.940  -27.859  17.010 0.0000000000
54553  -42.525  -27.523  16.404 0.0000000000
115655  -43.357  -27.289  14.731 0.0000000000
137316  -24.670  -40.968  21.668 0.0000000000
122062  -13.494  -50.880  28.080 0.0000000000
30119  -13.078  -51.686  26.591 0.0000000000
46328  -37.253  -36.367  17.867 0.0000000000
52609  -40.608  -29.544  22.466 0.0000000000
43335  -27.938  -39.584  22.076 0.0000000000
45282  -28.286  -37.553  23.293 0.0000000000
45302  -28.036  -37.233  22.478 0.0000000000
46266  -28.296  -36.369  22.171 0.0000000000
135448  -28.624  -35.525  21.785 0.0000000000
47235  -29.266  -35.016  22.210 0.0000000000
47229  -34.813  -36.011  22.907 0.0000000000
47228  -34.030  -35.748  23.171 0.0000000000
47256  -34.236  -35.623  21.407 0.0000000000
138509  -33.967  -35.074  20.310 0.0000000000
42362  -29.383  -39.824  27.380 0.0000000000
43303  -29.180  -39.592  26.622 0.0000000000
43316  -29.045  -39.249  24.985 0.0000000000
65536  -44.461  -15.843  10.323 0.0000000000
69277  -49.142  -11.371  5.366 0.0000000000
71034  -52.473  -9.443  13.543 0.0000000000
70141  -51.539  -9.831  12.246 0.0000000000
71931  -52.608  -8.576  13.239 0.0000000000
72882  -54.285  -6.905  11.542 0.0000000000
54603  -36.749  -27.853  13.036 0.0000000000
124561  -41.475  -25.286  9.238 0.0000000000
54660  -46.223  -26.742  11.963 0.0000000000
55540  -45.367  -26.253  11.478 0.0000000000
56439  -47.128  -25.458  11.505 0.0000000000
126911  -47.219  -24.610  11.433 0.0000000000
57296  -48.004  -24.196  11.628 0.0000000000
58177  -48.130  -23.208  11.731 0.0000000000
59057  -48.592  -22.458  12.077 0.0000000000
38580  -18.843  -44.159  26.685 0.0000000000
38590  -18.636  -43.994  25.802 0.0000000000
38579  -18.259  -44.548  26.100 0.0000000000
37748  -17.428  -45.093  25.204 0.0000000000
127344  -16.785  -45.693  24.395 0.0000000000
36948  -16.825  -46.007  23.460 0.0000000000
36972  -17.066  -46.103  22.386 0.0000000000
26696  -9.796  -57.731  22.399 0.0000000000
46282  -37.050  -37.473  20.892 0.0000000000
46283  -38.812  -37.044  21.243 0.0000000000
46284  -39.581  -36.372  21.807 0.0000000000
46270  -39.906  -36.313  22.646 0.0000000000
46285  -40.065  -35.776  22.423 0.0000000000
47241  -40.422  -35.422  22.782 0.0000000000
46231  -40.596  -36.148  25.386 0.0000000000
46209  -31.323  -36.112  26.625 0.0000000000
47170  -31.918  -35.584  26.876 0.0000000000
47184  -32.607  -35.203  26.486 0.0000000000
47201  -33.433  -34.980  25.908 0.0000000000
47186  -34.344  -35.112  26.946 0.0000000000
47202  -34.266  -35.065  25.382 0.0000000000
46241  -35.009  -35.419  24.894 0.0000000000
46213  -37.506  -36.310  26.447 0.0000000000
117184  -36.311  -35.745  25.703 0.0000000000
45303  -36.860  -37.251  22.606 0.0000000000
46269  -36.235  -36.799  22.117 0.0000000000
46195  -31.942  -35.696  28.138 0.0000000000
124323  -43.908  -21.119  10.244 0.0000000000
60886  -43.500  -20.906  9.536 0.0000000000
60877  -43.992  -20.232  10.557 0.0000000000
62784  -45.168  -18.700  11.949 0.0000000000
127396  -48.358  -17.854  13.867 0.0000000000
63710  -47.899  -17.207  13.687 0.0000000000
63709  -47.140  -17.292  13.369 0.0000000000
137025  -46.847  -16.673  13.147 0.0000000000
64633  -45.055  -16.302  11.814 0.0000000000
65532  -44.644  -15.951  11.090 0.0000000000
65537  -44.967  -15.174  10.560 0.0000000000
66455  -45.500  -14.427  10.210 0.0000000000
66448  -46.594  -14.306  11.417 0.0000000000
66456  -46.224  -14.012  10.643 0.0000000000
66464  -45.959  -13.767  9.807 0.0000000000
125284  -46.363  -12.944  8.707 0.0000000000
68327  -46.676  -12.473  8.246 0.0000000000
68318  -47.518  -12.187  9.517 0.0000000000
68319  -48.028  -11.977  9.969 0.0000000000
69234  -48.554  -11.591  10.136 0.0000000000
68315  -48.911  -11.838  10.907 0.0000000000
69230  -50.336  -11.078  11.654 0.0000000000
119584  -52.050  -11.902  13.468 0.0000000000
69213  -51.985  -11.131  13.329 0.0000000000
118996  -52.416  -10.723  13.701 0.0000000000
70132  -52.519  -10.144  13.787 0.0000000000
71021  -52.815  -9.754  14.276 0.0000000000
51725  -36.385  -29.972  18.622 0.0000000000
52658  -35.604  -29.924  17.302 0.0000000000
52659  -36.145  -29.332  17.924 0.0000000000
53646  -36.423  -28.680  17.373 0.0000000000
53664  -36.884  -28.341  16.757 0.0000000000
137197  -36.618  -28.328  16.077 0.0000000000
129457  -40.603  -28.254  17.369 0.0000000000
54550  -39.890  -27.835  16.068 0.0000000000
54549  -39.060  -27.909  16.057 0.0000000000
54563  -38.565  -27.728  15.382 0.0000000000
124138  -38.228  -27.541  14.783 0.0000000000
54582  -37.623  -27.517  14.202 0.0000000000
54605  -38.227  -27.162  13.464 0.0000000000
55499  -38.829  -26.823  12.821 0.0000000000
55516  -39.511  -26.615  12.098 0.0000000000
54631  -40.100  -26.888  11.183 0.0000000000
54681  -40.741  -26.970  10.839 0.0000000000
54655  -41.960  -27.149  11.714 0.0000000000
54634  -42.232  -27.181  12.565 0.0000000000
116646  -43.931  -27.409  13.922 0.0000000000
126200  -44.525  -27.467  13.338 0.0000000000
54612  -45.904  -27.534  14.241 0.0000000000
54637  -44.940  -27.384  12.695 0.0000000000
134074  -47.692  -26.452  12.185 0.0000000000
41439  -25.033  -40.925  23.692 0.0000000000
120444  -24.338  -39.958  24.136 0.0000000000
42381  -24.211  -39.938  25.177 0.0000000000
137960  -22.088  -40.156  25.470 0.0000000000
42379  -21.489  -40.388  24.914 0.0000000000
41438  -21.047  -40.612  23.076 0.0000000000
73847  -55.289  -6.463  5.661 0.0000000000
49930  -35.834  -32.954  16.648 0.0000000000
49914  -35.604  -32.100  16.914 0.0000000000
46312  -38.073  -36.346  19.715 0.0000000000
47296  -38.263  -35.637  19.504 0.0000000000
47276  -39.230  -35.429  20.781 0.0000000000
127359  -38.243  -34.190  19.615 0.0000000000
49885  -39.767  -32.877  21.827 0.0000000000
49035  -39.598  -33.470  21.113 0.0000000000
50770  -37.557  -31.817  19.718 0.0000000000
50777  -36.934  -31.593  19.085 0.0000000000
52650  -37.251  -29.057  19.062 0.0000000000
52640  -38.165  -28.989  19.937 0.0000000000
53615  -38.718  -28.597  19.368 0.0000000000
120738  -40.920  -28.386  19.146 0.0000000000
52624  -40.312  -29.319  21.790 0.0000000000
53587  -41.774  -28.920  21.233 0.0000000000
116893  -40.983  -28.597  19.852 0.0000000000
46227  -31.163  -35.984  25.773 0.0000000000
47198  -30.987  -35.758  24.912 0.0000000000
47212  -30.734  -35.481  24.076 0.0000000000
47213  -31.531  -35.391  24.388 0.0000000000
47224  -30.392  -35.130  23.314 0.0000000000
47236  -30.058  -34.756  22.530 0.0000000000
48170  -29.790  -34.501  21.652 0.0000000000
134509  -32.187  -35.021  22.289 0.0000000000
48190  -32.256  -34.681  21.488 0.0000000000
48172  -31.500  -34.694  22.108 0.0000000000
40384  -26.786  -42.205  26.238 0.0000000000
40402  -26.858  -42.360  25.443 0.0000000000
40423  -26.709  -42.607  24.275 0.0000000000
42361  -28.857  -40.399  26.684 0.0000000000
41401  -28.608  -42.157  24.631 0.0000000000
41422  -28.801  -42.141  24.058 0.0000000000
40425  -28.275  -42.457  24.354 0.0000000000
126260  -27.061  -42.762  23.625 0.0000000000
40459  -26.041  -42.235  21.338 0.0000000000
69259  -47.689  -11.569  7.821 0.0000000000
69260  -48.334  -11.168  7.507 0.0000000000
69251  -48.690  -10.893  8.889 0.0000000000
70168  -48.651  -10.815  8.172 0.0000000000
69261  -48.763  -10.918  6.905 0.0000000000
70157  -51.000  -9.653  10.930 0.0000000000
71068  -50.688  -9.493  9.585 0.0000000000
124662  -50.399  -9.591  8.999 0.0000000000
70179  -49.777  -10.017  7.683 0.0000000000
70196  -50.271  -10.277  5.502 0.0000000000
70197  -50.933  -9.951  5.079 0.0000000000
72051  -52.561  -8.610  4.670 0.0000000000
72041  -53.034  -8.067  5.129 0.0000000000
72923  -53.319  -7.563  6.442 0.0000000000
72924  -53.964  -7.094  6.577 0.0000000000
73826  -55.117  -6.271  8.569 0.0000000000
34114  -14.986  -49.289  25.446 0.0000000000
33121  -14.405  -50.086  25.320 0.0000000000
125980  -14.359  -50.118  24.303 0.0000000000
32072  -14.016  -51.183  23.639 0.0000000000
32084  -14.162  -51.294  22.527 0.0000000000
51741  -34.895  -30.231  15.723 0.0000000000
53721  -36.390  -28.447  12.754 0.0000000000
134750  -43.584  -21.576  9.705 0.0000000000
57312  -42.339  -24.484  9.427 0.0000000000
58195  -43.313  -23.174  9.635 0.0000000000
138190  -45.052  -20.725  11.337 0.0000000000
60868  -46.113  -20.191  11.964 0.0000000000
61790  -47.871  -19.362  13.240 0.0000000000
61785  -48.580  -19.326  13.684 0.0000000000
59954  -48.868  -21.787  12.489 0.0000000000
34106  -15.405  -48.924  26.345 0.0000000000
117548  -15.981  -48.211  26.768 0.0000000000
35105  -15.140  -48.722  23.250 0.0000000000
32040  -13.946  -50.829  25.587 0.0000000000
31040  -13.561  -51.407  25.712 0.0000000000
135094  -13.365  -51.941  24.595 0.0000000000
138287  -13.275  -51.819  25.112 0.0000000000
30125  -13.054  -51.982  25.638 0.0000000000
30124  -12.590  -52.391  25.786 0.0000000000
29291  -12.321  -54.548  22.245 0.0000000000
29283  -12.595  -54.303  24.065 0.0000000000
29261  -12.185  -53.419  25.207 0.0000000000
29260  -12.117  -52.686  25.906 0.0000000000
29252  -11.482  -52.862  25.996 0.0000000000
121988  -11.184  -52.584  26.294 0.0000000000
29251  -10.885  -53.271  25.894 0.0000000000
30115  -10.682  -52.853  26.151 0.0000000000
27599  -9.218  -57.387  23.148 0.0000000000
30149  -12.734  -54.090  22.986 0.0000000000
63718  -44.910  -17.925  11.985 0.0000000000
64616  -50.635  -16.796  14.632 0.0000000000
64622  -48.253  -16.455  13.667 0.0000000000
64627  -47.059  -15.981  13.009 0.0000000000
66435  -49.085  -14.903  13.281 0.0000000000
66446  -50.263  -14.159  13.244 0.0000000000
67378  -48.190  -13.335  11.603 0.0000000000
67393  -47.068  -12.794  9.873 0.0000000000
68294  -52.493  -12.517  13.901 0.0000000000
70161  -50.023  -9.923  9.544 0.0000000000
71065  -51.521  -9.046  10.672 0.0000000000
71069  -51.241  -9.112  9.547 0.0000000000
124818  -44.901  -17.132  11.981 0.0000000000
131788  -37.616  -27.267  12.169 0.0000000000
135829  -45.948  -15.427  12.044 0.0000000000
136986  -26.996  -42.611  24.714 0.0000000000
137649  -17.154  -45.246  24.655 0.0000000000
138444  -8.569  -56.637  23.744 0.0000000000
138656  -39.840  -27.534  15.034 0.0000000000
