#!ascii label  , from subject sub-v2s8x29204_ses-1 vox2ras=TkReg
1384
13315  0.930  -72.294  -51.414 0.5000000000
11624  -0.194  -74.536  -51.790 0.5000000000
11617  -1.556  -75.013  -49.866 0.5000000000
119091  -1.849  -75.879  -49.598 0.5000000000
14160  0.535  -71.253  -49.489 0.5000000000
14185  1.040  -71.836  -50.335 0.5000000000
124385  0.267  -71.398  -50.461 0.5000000000
14186  0.358  -71.788  -51.466 0.5000000000
14188  -1.448  -71.513  -51.082 0.6000000238
13335  -0.434  -72.573  -52.793 0.5000000000
9974  -1.469  -76.565  -49.604 0.5000000000
129995  -0.070  -74.244  -52.672 0.5000000000
128961  -2.853  -76.670  -49.582 0.5000000000
11625  -0.900  -74.269  -50.779 0.6000000238
9975  -2.394  -76.246  -49.529 0.6000000238
12458  -1.766  -73.912  -50.254 0.6000000238
10806  -2.532  -75.365  -49.350 0.6000000238
9086  -3.545  -76.944  -49.618 0.6999999881
10807  -3.208  -75.139  -48.671 0.6999999881
121148  -3.200  -76.085  -49.162 0.6999999881
10793  -3.708  -75.771  -48.359 0.6999999881
9976  -3.877  -76.611  -49.063 0.6999999881
14161  -0.185  -71.025  -49.823 0.5000000000
14162  -0.984  -70.925  -50.126 0.6000000238
15057  -1.370  -70.482  -49.320 0.6000000238
14163  -2.825  -71.041  -50.371 0.6000000238
13326  -1.095  -72.521  -52.335 0.5000000000
9101  -3.898  -77.359  -50.495 0.5000000000
9114  -3.315  -77.623  -51.350 0.5000000000
8250  -4.461  -77.907  -52.075 0.6999999881
9115  -4.196  -77.618  -51.393 0.6999999881
12468  -1.384  -73.393  -51.306 0.6000000238
12469  -2.205  -72.855  -50.845 0.6999999881
9102  -4.468  -77.594  -50.449 0.6999999881
11619  -2.830  -74.433  -49.123 0.6999999881
10778  -3.791  -74.762  -47.932 0.6999999881
9088  -4.951  -77.619  -49.519 0.6999999881
10779  -4.372  -75.444  -47.718 0.6999999881
9952  -4.311  -76.358  -48.233 0.6999999881
9064  -4.506  -77.036  -48.899 0.6999999881
131686  -5.686  -77.925  -48.915 0.6999999881
9934  -5.032  -76.110  -47.642 0.6999999881
9041  -5.662  -76.932  -47.703 0.6999999881
9065  -5.237  -77.365  -48.561 0.6999999881
9066  -6.042  -77.727  -48.221 0.6999999881
15048  -0.347  -70.503  -48.271 0.5000000000
15050  -1.664  -70.259  -48.659 0.6000000238
120714  -2.366  -70.281  -48.382 0.6000000238
15058  -2.243  -70.543  -49.507 0.6000000238
14139  -3.800  -71.186  -49.842 0.6000000238
14189  -2.388  -71.629  -50.934 0.6000000238
13317  -2.491  -72.071  -51.229 0.6000000238
7445  -4.763  -79.143  -52.804 0.6999999881
8251  -5.222  -78.857  -51.434 0.6999999881
113972  -6.298  -80.022  -52.797 0.6999999881
13302  -2.995  -72.377  -50.557 0.6999999881
133033  -3.171  -73.624  -49.056 0.6999999881
12440  -3.701  -73.228  -48.768 0.6999999881
8231  -4.775  -77.946  -51.038 0.6999999881
8232  -5.514  -78.641  -50.473 0.6999999881
7446  -5.914  -79.737  -51.939 0.6999999881
135760  -6.659  -80.030  -52.004 0.6999999881
11604  -3.411  -74.133  -48.438 0.6999999881
11605  -4.017  -73.753  -48.092 0.6999999881
8207  -5.800  -78.397  -49.585 0.6999999881
7447  -6.929  -79.841  -51.242 0.6999999881
10780  -5.213  -75.180  -47.550 0.6999999881
8233  -6.245  -78.986  -50.066 0.6999999881
9935  -5.980  -75.927  -47.313 0.6999999881
8184  -6.406  -78.323  -48.759 0.6999999881
8208  -6.804  -78.886  -49.416 0.6999999881
128988  -6.338  -76.753  -47.230 0.6999999881
8185  -7.216  -78.572  -48.580 0.6999999881
9043  -7.200  -77.764  -47.284 0.6999999881
117050  -0.548  -70.484  -47.437 0.5000000000
134462  -1.545  -70.080  -47.909 0.6000000238
15033  -2.685  -70.057  -47.176 0.6000000238
15032  -1.813  -69.887  -47.143 0.5000000000
15034  -3.802  -70.589  -47.145 0.6000000238
14107  -0.928  -70.523  -46.237 0.5000000000
15013  -0.881  -70.389  -46.641 0.5000000000
15051  -3.454  -70.789  -48.521 0.6000000238
14121  -5.688  -71.355  -48.139 0.6000000238
14140  -4.227  -71.302  -49.192 0.6000000238
14141  -5.000  -71.448  -49.522 0.6000000238
14164  -3.495  -71.330  -50.325 0.6000000238
13303  -3.705  -72.009  -50.568 0.6999999881
13304  -4.432  -71.713  -50.331 0.6999999881
13281  -3.904  -72.299  -49.834 0.6999999881
115095  -7.310  -79.898  -53.442 0.6999999881
12441  -4.751  -73.484  -48.418 0.6999999881
13282  -4.597  -72.271  -50.098 0.6999999881
113967  -7.190  -80.108  -52.325 0.6999999881
130442  -8.099  -79.708  -53.192 0.6999999881
11606  -5.736  -73.785  -48.421 0.6999999881
7448  -7.886  -79.864  -51.320 0.6999999881
114668  -8.081  -79.993  -52.284 0.6999999881
113968  -7.347  -79.217  -54.697 0.6999999881
117084  -6.154  -74.748  -47.661 0.6000000238
7429  -7.602  -79.526  -50.433 0.6999999881
113970  -8.501  -79.119  -53.933 0.6999999881
115923  -7.422  -77.711  -56.403 0.6999999881
7408  -7.390  -79.211  -49.774 0.6999999881
7409  -8.015  -79.201  -49.735 0.6000000238
7449  -8.805  -79.420  -51.343 0.6999999881
114960  -8.885  -79.384  -52.498 0.6999999881
9021  -6.901  -77.100  -46.925 0.6000000238
8163  -6.823  -78.082  -48.003 0.6999999881
8164  -7.587  -78.290  -47.814 0.6999999881
8209  -7.627  -78.909  -49.158 0.6999999881
8210  -8.360  -78.841  -49.110 0.6000000238
137729  -9.029  -79.136  -50.692 0.6000000238
9022  -7.547  -77.390  -46.634 0.6000000238
8186  -7.975  -78.666  -48.423 0.6000000238
8187  -8.795  -78.575  -48.442 0.5000000000
8211  -9.172  -78.725  -49.261 0.5000000000
7431  -9.316  -78.889  -50.154 0.5000000000
134618  -8.120  -77.561  -46.407 0.6000000238
8155  -8.765  -77.941  -46.749 0.5000000000
8166  -9.259  -78.299  -47.686 0.5000000000
15015  -2.158  -69.715  -46.148 0.6000000238
15036  -5.498  -70.889  -46.870 0.5000000000
15037  -6.474  -70.640  -46.870 0.6999999881
138050  -1.339  -70.162  -45.820 0.5000000000
131434  -1.840  -70.163  -45.496 0.6000000238
15926  -2.678  -69.551  -45.335 0.6000000238
13241  -1.507  -72.103  -46.023 0.6000000238
128705  -1.274  -70.788  -45.830 0.6000000238
120328  -6.614  -71.469  -48.160 0.4000000060
13242  -2.048  -71.294  -45.585 0.6000000238
14142  -5.786  -71.503  -49.688 0.5000000000
14166  -5.272  -71.629  -50.431 0.6000000238
12460  -5.503  -72.295  -50.809 0.6999999881
13305  -5.258  -71.788  -50.673 0.6000000238
12443  -6.045  -73.255  -49.720 0.6999999881
11607  -6.660  -74.065  -48.588 0.6000000238
10781  -6.795  -75.511  -47.228 0.6000000238
7450  -9.539  -78.956  -51.782 0.6000000238
7467  -9.577  -78.847  -52.978 0.6000000238
7478  -9.031  -78.603  -54.793 0.6999999881
114548  -8.220  -77.411  -56.593 0.6999999881
10767  -7.339  -75.988  -46.731 0.6000000238
127319  -9.505  -78.919  -50.935 0.6000000238
114791  -7.562  -77.545  -57.828 0.6999999881
9915  -7.951  -76.972  -46.074 0.6000000238
8188  -9.701  -78.464  -48.589 0.4000000060
8234  -10.150  -78.635  -50.507 0.4000000060
8252  -10.176  -78.674  -51.298 0.5000000000
7451  -10.151  -78.715  -52.030 0.6000000238
8275  -10.261  -78.609  -53.970 0.6000000238
114648  -8.618  -77.214  -57.295 0.6000000238
9023  -8.619  -77.249  -45.984 0.5000000000
9024  -9.468  -77.483  -46.142 0.5000000000
9045  -9.800  -77.998  -46.939 0.5000000000
8253  -10.788  -78.510  -51.748 0.4000000060
8267  -10.547  -78.564  -52.628 0.6000000238
129170  -4.417  -69.474  -45.462 0.6000000238
123856  -4.115  -69.990  -46.089 0.6000000238
14095  -2.532  -70.389  -45.101 0.6000000238
14980  -3.094  -69.726  -44.769 0.5000000000
14082  -3.767  -70.051  -44.258 0.6000000238
123922  -4.202  -71.326  -44.241 0.6000000238
12393  -2.429  -72.856  -45.736 0.6999999881
13233  -3.878  -72.211  -44.898 0.6000000238
13234  -4.606  -72.520  -44.269 0.6000000238
127048  -7.725  -71.932  -49.496 0.5000000000
117162  -7.695  -71.733  -48.133 0.6000000238
11559  -2.894  -73.970  -45.442 0.6000000238
12383  -4.215  -73.366  -44.833 0.6999999881
14168  -6.762  -71.704  -51.070 0.5000000000
11546  -3.709  -74.116  -45.096 0.6999999881
14167  -5.989  -71.685  -51.084 0.6000000238
10734  -3.356  -75.328  -44.255 0.6000000238
13306  -6.188  -72.048  -51.577 0.6000000238
12461  -6.427  -72.791  -51.468 0.6000000238
12444  -7.034  -73.719  -49.972 0.6000000238
11608  -7.581  -74.364  -48.759 0.6000000238
11592  -7.997  -74.839  -47.852 0.6000000238
11576  -9.593  -74.571  -46.244 0.6000000238
127787  -7.892  -75.736  -46.631 0.6000000238
10755  -9.795  -75.284  -45.483 0.6000000238
9893  -8.642  -76.456  -45.771 0.6000000238
8268  -11.059  -78.412  -53.173 0.6000000238
123747  -10.436  -78.213  -55.138 0.6000000238
114735  -9.932  -77.359  -56.713 0.6000000238
9005  -9.209  -76.864  -45.673 0.5000000000
9025  -10.496  -77.550  -46.338 0.5000000000
9046  -10.671  -77.962  -47.246 0.5000000000
8306  -10.713  -77.601  -57.291 0.6000000238
8254  -11.345  -78.358  -52.334 0.4000000060
8276  -11.155  -78.302  -54.190 0.6000000238
8288  -11.005  -77.817  -55.663 0.6000000238
15916  -4.989  -69.132  -44.760 0.6000000238
15928  -6.043  -69.160  -45.006 0.5000000000
15944  -6.652  -69.341  -45.568 0.6000000238
15945  -7.221  -69.099  -45.951 0.5000000000
15915  -4.164  -69.153  -44.682 0.6000000238
15910  -5.339  -69.812  -43.753 0.6000000238
15019  -6.060  -69.914  -45.936 0.5000000000
15020  -6.828  -69.468  -46.140 0.5000000000
15038  -7.889  -70.202  -47.036 0.5000000000
14066  -4.517  -70.534  -43.742 0.5000000000
15909  -4.850  -69.404  -44.178 0.6000000238
13223  -4.987  -71.677  -43.537 0.5000000000
14123  -8.639  -71.349  -47.311 0.6000000238
135483  -3.764  -74.775  -44.649 0.6999999881
12374  -4.855  -73.546  -44.128 0.6000000238
11533  -4.949  -74.547  -43.793 0.6000000238
13307  -7.633  -71.967  -51.146 0.5000000000
10712  -2.896  -75.902  -43.780 0.5000000000
10713  -3.714  -75.749  -43.658 0.6999999881
12476  -6.870  -72.559  -52.245 0.5000000000
114006  -7.471  -73.552  -51.345 0.5000000000
11610  -8.976  -74.358  -48.332 0.6000000238
11609  -8.412  -74.478  -48.689 0.5000000000
11594  -9.250  -74.378  -47.358 0.6000000238
9895  -10.605  -76.338  -45.334 0.5000000000
8255  -12.098  -78.025  -52.102 0.5000000000
8277  -12.510  -77.822  -53.568 0.5000000000
8298  -11.609  -77.515  -56.242 0.6000000238
15918  -6.598  -69.484  -44.698 0.6000000238
126575  -6.767  -69.331  -45.394 0.6000000238
14972  -5.934  -70.209  -43.552 0.6000000238
15959  -7.758  -68.809  -46.570 0.5000000000
14067  -5.134  -70.864  -43.327 0.6000000238
13224  -5.630  -72.418  -43.239 0.6999999881
126856  -9.026  -70.943  -47.149 0.6000000238
124455  -5.169  -72.761  -43.733 0.6000000238
14124  -9.508  -71.486  -47.639 0.6000000238
10714  -4.560  -75.483  -43.515 0.6000000238
10715  -5.340  -75.188  -43.266 0.6000000238
114008  -7.812  -73.331  -52.115 0.5000000000
8990  -2.971  -77.109  -42.898 0.5000000000
9843  -3.745  -76.835  -42.683 0.6000000238
12445  -8.036  -74.254  -50.087 0.5000000000
12447  -9.929  -73.842  -49.514 0.6000000238
12446  -9.019  -74.298  -49.641 0.5000000000
12409  -10.104  -73.910  -47.094 0.5000000000
137262  -10.208  -74.178  -46.311 0.5000000000
8278  -12.906  -77.616  -54.367 0.6000000238
14983  -7.274  -70.131  -44.344 0.6000000238
15929  -7.401  -69.745  -44.949 0.5000000000
115124  -7.414  -69.281  -45.689 0.5000000000
14069  -6.677  -70.973  -43.214 0.6999999881
13210  -6.032  -72.179  -42.886 0.6999999881
14056  -6.243  -71.676  -42.898 0.6000000238
15967  -7.748  -68.240  -47.183 0.5000000000
119868  -5.530  -73.535  -43.460 0.6000000238
15960  -8.282  -69.819  -47.151 0.5000000000
14125  -10.020  -71.266  -47.968 0.6000000238
10697  -5.728  -75.680  -42.737 0.6999999881
13285  -10.075  -71.686  -48.673 0.6000000238
9845  -5.363  -76.352  -42.385 0.6000000238
114599  -8.944  -72.274  -50.570 0.6000000238
8970  -4.665  -77.666  -41.318 0.6999999881
9844  -4.567  -76.589  -42.535 0.6999999881
114012  -7.930  -72.742  -52.108 0.5000000000
8980  -3.427  -77.616  -42.273 0.6000000238
114009  -8.457  -73.209  -52.158 0.5000000000
8969  -3.832  -77.991  -41.525 0.5000000000
114010  -9.423  -73.548  -51.876 0.6000000238
114712  -8.536  -73.873  -51.389 0.5000000000
119905  -2.669  -78.838  -41.242 0.6000000238
114785  -9.436  -73.960  -50.804 0.5000000000
12425  -10.428  -73.581  -48.225 0.6000000238
12426  -11.018  -73.450  -47.308 0.5000000000
14973  -7.462  -70.751  -43.730 0.6999999881
14984  -8.127  -70.638  -44.400 0.5000000000
122737  -7.920  -72.087  -42.551 0.8000000119
121331  -7.639  -71.436  -43.056 0.6999999881
119869  -7.895  -68.457  -46.409 0.5000000000
16805  -7.657  -67.585  -46.844 0.5000000000
11521  -7.458  -74.171  -42.238 0.6999999881
12361  -6.861  -73.372  -42.509 0.6999999881
14057  -7.033  -71.827  -42.691 0.8000000119
124702  -6.176  -73.954  -42.978 0.6999999881
16826  -8.195  -68.056  -47.636 0.5000000000
10686  -6.951  -76.029  -41.986 0.6999999881
11520  -6.714  -74.489  -42.565 0.6999999881
15039  -9.513  -70.868  -47.420 0.6000000238
15968  -8.860  -69.292  -47.875 0.5000000000
8971  -5.584  -77.323  -41.127 0.6000000238
9846  -6.127  -76.180  -42.194 0.6000000238
114011  -9.791  -72.056  -50.669 0.6000000238
8954  -5.033  -78.064  -40.490 0.6999999881
9831  -5.032  -76.996  -41.913 0.6999999881
135417  -8.801  -72.949  -52.328 0.6000000238
114931  -9.285  -72.735  -52.121 0.6000000238
8111  -4.195  -78.322  -40.608 0.6000000238
12471  -10.205  -73.288  -52.162 0.6000000238
12462  -10.320  -73.644  -50.968 0.6000000238
121931  -2.979  -78.789  -39.782 0.6000000238
13286  -10.807  -73.355  -49.245 0.6000000238
13265  -11.169  -73.256  -48.192 0.5000000000
14058  -8.510  -71.776  -42.911 0.6000000238
14070  -8.277  -71.265  -43.610 0.5000000000
14985  -9.027  -70.873  -44.722 0.5000000000
16806  -7.992  -67.277  -46.658 0.5000000000
12351  -7.756  -73.364  -42.205 0.8000000119
17678  -7.835  -66.958  -46.877 0.5000000000
10699  -7.260  -75.156  -42.204 0.6999999881
15052  -10.228  -70.611  -48.239 0.6000000238
12332  -2.548  -73.670  -39.255 0.6000000238
9832  -6.394  -76.677  -41.418 0.8000000119
11493  -3.158  -73.948  -38.885 0.6000000238
8955  -5.865  -77.834  -40.052 0.6999999881
8956  -6.730  -77.381  -40.076 0.8000000119
125654  -10.438  -71.278  -48.603 0.6000000238
10654  -2.731  -75.569  -38.999 0.6000000238
8098  -5.013  -78.322  -39.604 0.6000000238
13328  -10.008  -72.858  -52.394 0.6000000238
12478  -10.762  -73.010  -52.355 0.6000000238
8934  -3.286  -77.479  -38.648 0.6000000238
118377  -2.873  -78.475  -39.314 0.6000000238
119773  -4.229  -78.502  -39.765 0.6000000238
135901  -11.478  -73.109  -51.355 0.6000000238
8097  -3.501  -78.702  -40.103 0.5000000000
13287  -11.627  -72.942  -48.779 0.5000000000
13308  -12.252  -72.583  -49.404 0.5000000000
14071  -9.079  -71.595  -43.489 0.5000000000
14084  -9.567  -71.295  -44.083 0.5000000000
12362  -8.234  -72.765  -42.210 0.6000000238
14059  -9.374  -71.931  -42.701 0.5000000000
137862  -8.095  -73.988  -41.922 0.8000000119
12352  -8.481  -73.437  -41.789 0.6999999881
10688  -8.463  -75.398  -41.225 0.8000000119
10687  -7.739  -75.743  -41.639 0.8000000119
15969  -9.801  -69.023  -48.762 0.6000000238
17704  -8.926  -66.811  -48.040 0.5000000000
132209  -3.148  -71.912  -38.218 0.6000000238
9821  -7.513  -76.870  -40.308 0.8000000119
15970  -10.706  -68.725  -49.183 0.5000000000
12322  -3.717  -73.516  -38.467 0.6999999881
13174  -3.568  -72.689  -38.248 0.6000000238
8946  -6.479  -77.711  -39.206 0.8000000119
14170  -11.180  -71.184  -50.398 0.6000000238
15060  -10.961  -70.722  -49.373 0.6000000238
15977  -10.718  -69.775  -49.097 0.6000000238
11481  -3.818  -74.234  -38.545 0.6000000238
126369  -10.627  -72.653  -52.334 0.6000000238
114925  -10.161  -72.270  -51.800 0.6000000238
14192  -11.619  -71.266  -51.415 0.6000000238
9802  -3.012  -76.511  -38.742 0.6000000238
8089  -5.103  -78.184  -38.820 0.6000000238
8945  -5.677  -78.075  -39.209 0.5000000000
13319  -11.575  -72.872  -52.077 0.6000000238
8079  -3.622  -78.186  -38.817 0.6000000238
117943  -11.994  -72.760  -50.814 0.6000000238
13320  -12.540  -72.486  -51.708 0.6000000238
14193  -12.793  -72.367  -50.250 0.5000000000
14171  -12.909  -72.159  -49.206 0.5000000000
13288  -12.346  -72.601  -48.272 0.5000000000
14145  -13.339  -71.939  -48.487 0.5000000000
13204  -8.984  -72.852  -41.747 0.6000000238
11514  -8.679  -74.316  -41.373 0.6999999881
125535  -3.934  -69.757  -37.449 0.6000000238
14924  -3.784  -70.777  -37.354 0.6000000238
10676  -8.112  -76.249  -40.910 0.8000000119
16828  -9.858  -67.834  -48.689 0.5000000000
14001  -3.810  -71.820  -37.600 0.6000000238
9822  -8.272  -76.520  -40.020 0.8000000119
16838  -11.578  -68.536  -49.402 0.5000000000
13163  -4.226  -72.599  -37.729 0.6999999881
119772  -7.160  -77.422  -38.768 0.8000000119
15061  -11.535  -70.452  -50.465 0.6000000238
15978  -11.354  -69.518  -49.781 0.6000000238
12323  -4.431  -73.817  -38.172 0.8000000119
8936  -6.678  -77.478  -38.456 0.6999999881
15072  -12.184  -70.496  -51.355 0.6000000238
11482  -4.478  -74.511  -38.224 0.6999999881
9804  -4.559  -76.287  -38.103 0.6999999881
125699  -5.234  -77.778  -38.305 0.6000000238
139050  -11.874  -72.091  -52.493 0.6000000238
119968  -13.331  -70.696  -52.344 0.6000000238
9803  -3.809  -76.681  -38.418 0.6000000238
14205  -12.539  -71.813  -52.574 0.5000000000
12353  -9.141  -73.519  -41.283 0.6000000238
12354  -9.655  -72.953  -41.201 0.5000000000
16745  -4.609  -68.058  -37.820 0.6000000238
11504  -9.379  -74.195  -40.802 0.6999999881
15865  -4.298  -68.815  -37.722 0.6000000238
11503  -9.099  -75.016  -40.726 0.6999999881
10678  -9.313  -75.354  -39.955 0.6000000238
128316  -4.869  -69.368  -37.433 0.6000000238
10668  -8.856  -76.088  -39.531 0.6000000238
9813  -8.868  -76.350  -38.583 0.6999999881
14002  -4.571  -72.230  -37.328 0.8000000119
8947  -7.770  -77.235  -38.770 0.6999999881
9795  -8.383  -76.851  -37.202 0.6000000238
13164  -4.952  -72.903  -37.508 0.8000000119
8923  -6.904  -77.251  -37.907 0.8000000119
10643  -7.495  -76.286  -36.773 0.6999999881
11470  -5.131  -74.108  -37.784 0.6999999881
10657  -4.981  -74.880  -37.890 0.6999999881
10642  -6.180  -75.856  -37.466 0.6000000238
138216  -6.893  -76.355  -37.290 0.8000000119
17617  -4.825  -67.510  -37.603 0.6000000238
116750  -5.161  -68.525  -37.686 0.6000000238
14925  -4.595  -70.314  -37.063 0.6999999881
10644  -8.724  -76.268  -36.929 0.6000000238
13986  -4.626  -71.407  -36.928 0.6999999881
13987  -5.600  -71.398  -36.538 0.6999999881
9781  -8.169  -76.696  -36.720 0.6999999881
10627  -7.952  -75.829  -36.303 0.6000000238
14003  -5.356  -72.335  -36.923 0.8000000119
13165  -6.070  -72.902  -36.964 0.6000000238
12311  -6.202  -73.500  -37.116 0.5000000000
11473  -7.122  -75.155  -36.867 0.6999999881
12281  -7.889  -73.829  -36.069 0.6999999881
11437  -8.828  -74.435  -35.626 0.6000000238
12310  -5.554  -73.398  -37.415 0.8000000119
11453  -6.705  -74.069  -36.938 0.6000000238
11472  -6.386  -74.888  -37.281 0.6000000238
18444  -5.041  -67.056  -37.141 0.6000000238
18427  -5.912  -66.941  -36.919 0.6000000238
16746  -6.018  -68.187  -37.825 0.6999999881
117273  -5.302  -67.948  -37.788 0.6000000238
15866  -5.733  -69.030  -37.529 0.6999999881
14909  -5.195  -70.717  -36.670 0.6999999881
14910  -5.960  -70.520  -36.560 0.6000000238
10628  -8.691  -75.754  -36.469 0.6000000238
13153  -6.674  -72.658  -36.574 0.6000000238
11438  -9.694  -74.590  -35.645 0.5000000000
120892  -8.505  -73.526  -35.413 0.6000000238
129675  -9.292  -74.012  -35.293 0.5000000000
12265  -10.062  -73.023  -34.597 0.5000000000
13137  -8.393  -72.504  -35.185 0.6000000238
13138  -9.337  -72.401  -34.715 0.5000000000
18403  -6.736  -66.074  -34.848 0.6000000238
18416  -6.216  -66.650  -35.726 0.6000000238
17604  -6.393  -67.203  -37.498 0.6999999881
18428  -6.838  -66.679  -36.588 0.6999999881
17619  -6.598  -67.673  -37.791 0.6999999881
15867  -6.528  -68.768  -37.546 0.6000000238
15853  -6.270  -69.612  -36.973 0.5000000000
14911  -6.930  -70.285  -36.553 0.6999999881
16734  -7.835  -69.096  -36.976 0.6000000238
13988  -6.467  -71.214  -36.348 0.6000000238
136528  -7.198  -71.007  -36.215 0.6000000238
14912  -7.779  -70.499  -36.409 0.6000000238
13973  -7.573  -72.137  -35.693 0.6000000238
13974  -8.243  -71.560  -35.508 0.5000000000
14894  -9.361  -70.485  -35.965 0.5000000000
133177  -9.613  -70.796  -35.330 0.5000000000
21202  -5.001  -63.074  -35.906 0.6999999881
21203  -5.616  -63.319  -36.473 0.6999999881
21211  -5.042  -62.521  -37.108 0.6999999881
19300  -7.091  -65.396  -34.943 0.6000000238
20247  -6.594  -64.007  -36.361 0.6999999881
21230  -5.370  -62.468  -37.975 0.6999999881
22254  -5.345  -62.126  -37.848 0.6999999881
23353  -6.087  -62.198  -38.302 0.6000000238
18417  -6.894  -66.295  -35.469 0.6999999881
20225  -7.103  -64.706  -35.429 0.6999999881
20266  -7.065  -64.172  -37.550 0.6999999881
22272  -5.746  -62.699  -38.463 0.6999999881
115122  -7.495  -66.335  -36.584 0.6999999881
19314  -7.435  -65.279  -35.550 0.6999999881
21231  -5.866  -63.129  -38.588 0.6999999881
16747  -6.885  -68.115  -37.854 0.6999999881
15868  -7.162  -68.674  -37.468 0.6000000238
16735  -8.516  -68.399  -36.788 0.6000000238
17606  -9.072  -67.716  -36.685 0.6000000238
123346  -7.618  -69.839  -36.704 0.6000000238
137355  -8.486  -69.260  -36.753 0.6000000238
15856  -9.090  -69.380  -36.535 0.5000000000
16736  -9.318  -68.401  -36.427 0.6000000238
118461  -10.058  -68.053  -36.488 0.6000000238
14913  -8.561  -70.679  -36.135 0.5000000000
14914  -9.114  -70.128  -36.450 0.5000000000
15857  -9.927  -68.946  -36.183 0.5000000000
22242  -4.579  -62.009  -36.496 0.6999999881
122648  -5.822  -61.552  -37.395 0.6000000238
23336  -7.188  -61.571  -37.271 0.6000000238
23354  -7.756  -61.918  -37.882 0.6000000238
21243  -6.382  -63.305  -39.131 0.6000000238
22273  -7.175  -62.515  -38.988 0.5000000000
22274  -8.340  -61.794  -38.907 0.4000000060
122089  -9.032  -60.971  -38.800 0.5000000000
17605  -7.070  -67.149  -37.595 0.6999999881
19326  -7.747  -65.667  -36.432 0.8000000119
22291  -7.163  -63.205  -39.874 0.4000000060
22292  -7.849  -62.375  -39.801 0.4000000060
23388  -8.644  -61.722  -40.451 0.4000000060
23389  -9.466  -61.056  -41.049 0.4000000060
127444  -8.069  -66.367  -37.349 0.8000000119
20249  -8.023  -65.218  -37.272 0.8000000119
20267  -7.906  -64.886  -38.691 0.8000000119
21244  -7.233  -63.940  -40.285 0.6000000238
22310  -7.778  -63.501  -40.986 0.4000000060
23403  -8.972  -61.958  -41.296 0.4000000060
17620  -7.430  -67.618  -37.768 0.8000000119
18430  -8.470  -66.998  -38.375 0.6999999881
18445  -8.143  -66.923  -37.781 0.5000000000
21262  -7.787  -64.019  -41.129 0.5000000000
22323  -8.521  -62.909  -41.423 0.4000000060
22324  -9.290  -62.350  -41.387 0.4000000060
17621  -8.198  -67.668  -37.393 0.5000000000
122641  -9.036  -67.073  -37.572 0.5000000000
125252  -9.693  -67.425  -36.891 0.6000000238
134716  -5.180  -61.586  -37.104 0.6000000238
23318  -5.116  -61.120  -36.437 0.5000000000
24463  -6.871  -61.153  -36.645 0.5000000000
24464  -8.056  -61.369  -36.309 0.4000000060
23337  -8.391  -61.448  -36.757 0.5000000000
23355  -8.732  -61.432  -37.660 0.5000000000
24474  -9.485  -60.854  -37.939 0.5000000000
24475  -10.035  -59.852  -38.718 0.5000000000
25545  -10.484  -59.732  -37.924 0.5000000000
119198  -9.584  -60.162  -39.558 0.5000000000
25553  -10.818  -59.038  -39.410 0.5000000000
20268  -8.520  -65.862  -38.504 0.6999999881
120003  -7.661  -64.599  -40.175 0.6000000238
20283  -8.785  -65.659  -39.713 0.5000000000
20282  -7.760  -64.336  -40.776 0.5000000000
24488  -9.950  -60.307  -40.675 0.5000000000
24489  -10.365  -59.615  -40.135 0.5000000000
18429  -7.827  -67.153  -37.798 0.8000000119
19327  -8.361  -66.090  -37.721 0.6999999881
19338  -8.969  -66.518  -38.976 0.6000000238
127428  -8.472  -64.799  -40.516 0.5000000000
20316  -8.816  -64.125  -41.353 0.4000000060
22312  -9.617  -62.781  -41.299 0.5000000000
24523  -10.206  -60.905  -41.235 0.4000000060
23391  -10.846  -60.250  -40.828 0.5000000000
18446  -8.779  -66.554  -38.648 0.5000000000
19353  -9.188  -66.139  -39.327 0.5000000000
20284  -9.055  -65.382  -40.061 0.6000000238
20304  -8.927  -64.621  -40.924 0.5000000000
21263  -9.217  -63.934  -41.252 0.5000000000
22293  -9.810  -63.239  -40.673 0.5000000000
18447  -9.444  -66.532  -38.248 0.5000000000
19339  -9.409  -66.291  -38.924 0.5000000000
20269  -9.440  -65.872  -39.474 0.5000000000
21245  -9.325  -64.706  -40.269 0.5000000000
19340  -9.918  -66.370  -37.875 0.6000000238
24440  -5.801  -60.494  -35.952 0.5000000000
24441  -6.678  -60.346  -36.050 0.5000000000
126630  -7.528  -60.524  -36.035 0.5000000000
24442  -8.621  -60.914  -35.583 0.4000000060
25527  -6.627  -59.820  -35.542 0.5000000000
25528  -7.616  -59.722  -35.615 0.4000000060
23319  -9.000  -61.393  -35.966 0.5000000000
23338  -9.241  -61.303  -36.670 0.6000000238
24465  -10.018  -60.733  -36.879 0.5000000000
25546  -10.887  -58.926  -38.050 0.4000000060
26483  -11.223  -58.154  -37.866 0.4000000060
25511  -8.047  -59.178  -34.978 0.4000000060
24429  -8.422  -59.797  -35.160 0.4000000060
24430  -9.310  -60.501  -34.830 0.4000000060
24443  -9.577  -61.065  -35.413 0.5000000000
23320  -9.648  -61.263  -35.964 0.5000000000
24444  -10.272  -60.889  -35.640 0.5000000000
24431  -10.290  -60.703  -34.866 0.4000000060
25513  -10.861  -60.134  -34.315 0.4000000060
24445  -11.035  -60.487  -35.094 0.5000000000
25529  -11.436  -59.670  -35.654 0.4000000060
123175  -11.139  -59.108  -36.887 0.4000000060
26484  -11.634  -57.687  -37.080 0.4000000060
136574  -8.425  -59.024  -34.224 0.4000000060
122982  -8.826  -59.611  -34.444 0.4000000060
25512  -9.864  -60.031  -34.204 0.4000000060
26439  -9.719  -58.552  -33.106 0.4000000060
26440  -10.566  -58.674  -33.122 0.4000000060
25499  -11.273  -59.477  -33.732 0.4000000060
25514  -11.698  -59.744  -34.534 0.5000000000
25530  -12.140  -59.182  -35.215 0.4000000060
26470  -11.562  -58.687  -36.415 0.4000000060
25500  -11.995  -59.330  -33.745 0.4000000060
138641  -12.969  -58.656  -34.088 0.4000000060
26472  -12.954  -57.959  -35.411 0.4000000060
26471  -12.245  -58.319  -35.900 0.4000000060
27352  -12.403  -57.466  -36.431 0.4000000060
26421  -9.323  -58.071  -32.701 0.4000000060
26422  -9.988  -58.092  -32.669 0.3000000119
26441  -11.568  -58.806  -33.157 0.4000000060
27295  -10.826  -57.200  -31.579 0.4000000060
27312  -10.297  -57.694  -32.239 0.3000000119
26423  -10.873  -58.188  -32.623 0.3000000119
26424  -11.938  -58.218  -32.577 0.4000000060
27329  -13.711  -57.331  -33.111 0.5000000000
26443  -13.331  -58.154  -33.564 0.4000000060
126382  -13.535  -57.665  -34.892 0.4000000060
28244  -12.964  -55.878  -36.982 0.3000000119
28199  -13.499  -56.437  -32.587 0.5000000000
28213  -14.077  -56.565  -33.160 0.5000000000
27340  -13.872  -57.656  -34.028 0.4000000060
28224  -13.955  -57.090  -34.820 0.4000000060
28237  -13.736  -56.557  -35.957 0.3000000119
27294  -9.860  -57.227  -31.842 0.4000000060
136510  -10.926  -56.637  -31.211 0.4000000060
27296  -11.636  -57.182  -31.671 0.4000000060
27314  -12.208  -57.486  -32.121 0.5000000000
27315  -12.986  -57.032  -32.341 0.5000000000
29040  -12.151  -55.736  -31.523 0.4000000060
28198  -12.911  -56.200  -32.161 0.5000000000
29055  -13.108  -55.513  -32.383 0.5000000000
29071  -13.832  -55.766  -32.813 0.4000000060
28214  -14.561  -56.013  -33.547 0.4000000060
28225  -14.574  -56.292  -34.758 0.3000000119
29917  -13.307  -54.814  -32.680 0.3000000119
125289  -14.046  -55.186  -33.073 0.3000000119
28184  -10.315  -56.669  -31.261 0.4000000060
29899  -12.142  -54.760  -31.648 0.3000000119
29947  -15.218  -55.000  -34.370 0.3000000119
29898  -11.310  -54.376  -31.051 0.3000000119
120642  -11.620  -53.682  -31.555 0.3000000119
15016  -3.130  -69.631  -45.943 0.6000000238
15017  -3.732  -69.247  -45.368 0.5000000000
13136  -7.803  -72.940  -35.767 0.6000000238
13154  -7.221  -72.893  -36.366 0.6000000238
10814  -0.515  -74.959  -50.339 0.5000000000
11618  -2.244  -74.475  -49.628 0.6000000238
14203  -0.946  -71.951  -52.143 0.5000000000
9087  -4.195  -77.203  -49.741 0.6999999881
11589  -4.539  -74.487  -47.752 0.6999999881
9953  -4.883  -76.803  -48.158 0.6999999881
14165  -4.523  -71.575  -50.169 0.5000000000
7427  -6.100  -79.378  -50.808 0.6999999881
11590  -5.303  -74.337  -47.835 0.6999999881
7428  -6.860  -79.386  -50.243 0.6999999881
9913  -6.757  -76.313  -46.943 0.6999999881
15035  -4.702  -70.789  -46.721 0.6000000238
7430  -8.469  -79.333  -50.456 0.6999999881
11591  -7.167  -74.742  -47.799 0.6000000238
125808  -7.911  -76.302  -46.221 0.6000000238
8165  -8.363  -78.351  -47.650 0.5000000000
13243  -3.003  -71.838  -45.328 0.6999999881
10782  -7.596  -75.338  -47.208 0.6000000238
8274  -9.482  -78.127  -55.644 0.6000000238
10768  -8.455  -75.687  -46.119 0.5000000000
9006  -10.003  -76.940  -45.608 0.5000000000
8269  -11.846  -78.136  -53.185 0.5000000000
119982  -3.371  -70.836  -44.709 0.6000000238
12394  -3.436  -73.132  -45.342 0.6999999881
13283  -8.587  -72.092  -49.454 0.6000000238
10783  -8.255  -75.243  -47.045 0.5000000000
10769  -9.099  -75.259  -45.872 0.6000000238
11575  -8.834  -74.971  -46.640 0.5000000000
9894  -9.619  -76.192  -45.432 0.5000000000
126814  -10.554  -77.300  -56.930 0.6000000238
8289  -11.971  -77.866  -54.622 0.6000000238
9122  -12.536  -77.788  -52.749 0.5000000000
11534  -5.616  -74.441  -43.313 0.6000000238
10666  -2.433  -74.827  -39.263 0.6000000238
118896  -2.064  -78.247  -39.340 0.6000000238
12463  -11.357  -73.105  -50.272 0.6000000238
10667  -3.171  -74.743  -38.879 0.6000000238
8957  -7.271  -77.324  -39.434 0.8000000119
133204  -4.059  -75.708  -38.421 0.6000000238
15079  -12.080  -71.580  -52.266 0.6000000238
8935  -4.532  -77.343  -38.202 0.6000000238
13329  -12.256  -72.194  -52.448 0.6000000238
120370  -8.083  -77.157  -37.279 0.8000000119
15990  -12.540  -69.533  -50.841 0.6000000238
9792  -5.840  -76.665  -37.683 0.6000000238
9791  -5.224  -76.996  -37.856 0.6999999881
117444  -5.942  -74.098  -37.390 0.6000000238
13152  -6.188  -72.105  -36.511 0.6000000238
12299  -7.199  -73.629  -36.604 0.6999999881
13989  -6.979  -71.913  -36.189 0.6000000238
13975  -8.841  -71.806  -34.979 0.5000000000
16748  -7.591  -68.237  -37.540 0.5000000000
13990  -7.667  -71.231  -35.965 0.6000000238
14895  -10.028  -70.211  -35.479 0.5000000000
20237  -6.036  -63.995  -35.586 0.6999999881
21212  -5.679  -63.196  -37.486 0.6999999881
20248  -7.560  -64.823  -36.199 0.8000000119
21232  -6.738  -63.887  -39.354 0.6000000238
117849  -6.174  -62.853  -38.986 0.5000000000
22313  -10.394  -62.035  -40.998 0.5000000000
24462  -5.792  -61.013  -36.582 0.5000000000
20270  -9.946  -65.906  -38.433 0.5000000000
24466  -10.767  -60.081  -36.455 0.5000000000
124355  -9.092  -58.486  -33.136 0.4000000060
25497  -9.224  -59.128  -33.673 0.4000000060
25498  -10.300  -59.409  -33.641 0.4000000060
25515  -12.453  -59.163  -34.275 0.5000000000
26454  -12.729  -58.636  -34.882 0.4000000060
26442  -12.521  -58.683  -33.402 0.4000000060
27313  -11.262  -57.709  -32.102 0.3000000119
27328  -12.873  -57.902  -32.748 0.4000000060
27353  -13.296  -57.291  -35.749 0.4000000060
27330  -14.307  -56.928  -33.833 0.4000000060
28186  -12.359  -56.549  -31.752 0.5000000000
29054  -12.619  -55.518  -31.943 0.5000000000
29935  -14.683  -55.045  -33.610 0.4000000060
29916  -12.681  -54.601  -32.332 0.4000000060
30785  -12.260  -53.739  -32.351 0.3000000119
29933  -12.687  -53.797  -32.698 0.3000000119
113973  -10.686  -83.822  -55.083 0.5000000000
5900  -11.749  -84.573  -55.361 0.5000000000
5889  -12.115  -83.378  -53.375 0.5000000000
5901  -12.651  -84.297  -55.356 0.5000000000
5890  -12.649  -82.383  -53.544 0.5000000000
5902  -13.358  -83.923  -55.235 0.5000000000
5903  -11.008  -82.235  -55.666 0.5000000000
5904  -12.203  -83.100  -55.842 0.5000000000
6653  -13.051  -83.077  -55.764 0.5000000000
6633  -12.448  -80.869  -52.738 0.6000000238
6647  -13.486  -82.421  -55.794 0.6000000238
138502  -13.464  -83.279  -54.670 0.6000000238
113964  -9.219  -81.509  -55.233 0.4000000060
113971  -5.109  -80.320  -56.504 0.4000000060
113982  -5.610  -79.702  -56.988 0.4000000060
113983  -6.115  -80.777  -56.270 0.5000000000
114950  -7.177  -80.784  -55.932 0.5000000000
116620  -8.403  -81.472  -54.840 0.5000000000
114658  -7.801  -80.373  -56.248 0.5000000000
130436  -6.758  -79.019  -57.953 0.5000000000
114966  -8.589  -79.904  -56.610 0.5000000000
7452  -12.915  -80.115  -52.322 0.6000000238
122628  -13.599  -79.893  -51.843 0.6000000238
132346  -9.914  -81.297  -55.663 0.5000000000
6651  -9.787  -79.783  -56.729 0.5000000000
7479  -12.992  -80.240  -53.275 0.6000000238
6652  -11.399  -81.066  -56.379 0.5000000000
128683  -13.067  -81.439  -56.496 0.6000000238
6648  -13.702  -81.060  -55.588 0.6000000238
7468  -13.524  -79.779  -52.728 0.6000000238
7490  -14.105  -80.383  -56.202 0.6000000238
123004  -13.668  -79.845  -53.734 0.6000000238
7469  -14.315  -79.533  -53.145 0.6999999881
118870  -13.896  -80.004  -54.885 0.6000000238
7481  -14.439  -79.522  -54.245 0.6999999881
113976  -4.786  -79.353  -55.387 0.6000000238
114765  -5.544  -79.724  -54.397 0.6000000238
114744  -6.393  -79.967  -53.828 0.6000000238
114852  -4.950  -79.600  -56.524 0.5000000000
113977  -4.827  -79.243  -57.142 0.5000000000
114905  -5.829  -79.022  -55.888 0.6000000238
114787  -6.115  -79.678  -57.202 0.5000000000
136607  -5.096  -78.603  -57.405 0.5000000000
114749  -5.853  -78.473  -57.986 0.5000000000
113974  -7.773  -78.470  -57.835 0.5000000000
113979  -6.604  -78.111  -58.207 0.5000000000
7411  -14.173  -80.269  -49.979 0.6999999881
7432  -14.090  -80.046  -50.988 0.6000000238
7433  -14.981  -80.075  -50.352 0.8000000119
6655  -10.562  -79.129  -57.287 0.5000000000
6656  -11.962  -80.429  -56.886 0.5000000000
7502  -12.590  -79.923  -57.301 0.6000000238
7454  -14.396  -79.706  -51.979 0.6999999881
118107  -14.861  -79.898  -51.140 0.6999999881
6654  -13.633  -81.087  -56.494 0.6000000238
126269  -15.151  -79.294  -53.659 0.6999999881
7497  -14.094  -80.226  -56.960 0.6000000238
127813  -14.548  -79.871  -56.554 0.6000000238
7499  -15.292  -79.327  -56.453 0.6999999881
7492  -15.415  -79.176  -54.949 0.6999999881
7482  -16.007  -78.960  -54.082 0.6000000238
136825  -4.517  -79.344  -54.148 0.5000000000
114780  -5.358  -79.743  -53.310 0.6000000238
130271  -5.969  -77.984  -57.029 0.6000000238
113969  -6.607  -77.519  -57.924 0.6000000238
8305  -8.889  -77.457  -57.399 0.6000000238
7412  -14.815  -80.222  -49.557 0.6999999881
113984  -8.959  -78.126  -57.592 0.5000000000
7500  -10.052  -77.891  -57.549 0.5000000000
134343  -15.646  -79.924  -48.772 0.6000000238
7434  -15.436  -79.992  -50.928 0.6000000238
132173  -12.983  -79.457  -57.664 0.5000000000
123189  -15.151  -79.456  -52.576 0.6999999881
7503  -13.737  -79.339  -57.522 0.5000000000
7470  -15.920  -79.251  -53.061 0.6000000238
7483  -16.692  -78.904  -53.527 0.6000000238
8308  -14.460  -78.380  -57.624 0.5000000000
8300  -15.853  -78.444  -57.186 0.6000000238
8279  -16.302  -78.759  -55.044 0.5000000000
8302  -17.508  -77.506  -57.025 0.5000000000
8281  -17.502  -78.414  -54.096 0.5000000000
121187  -3.980  -77.925  -53.123 0.4000000060
8296  -9.634  -77.339  -57.238 0.5000000000
7413  -15.588  -80.065  -49.536 0.6000000238
7504  -11.094  -78.118  -57.644 0.5000000000
122036  -15.893  -80.081  -50.410 0.5000000000
132233  -12.773  -78.463  -57.887 0.5000000000
124670  -16.036  -79.759  -52.117 0.5000000000
7456  -16.752  -80.234  -51.693 0.5000000000
7414  -16.492  -80.061  -49.788 0.5000000000
9161  -13.136  -77.757  -57.705 0.5000000000
7471  -16.910  -79.770  -52.577 0.5000000000
131513  -14.878  -77.454  -57.731 0.6000000238
10022  -15.603  -76.678  -57.608 0.6000000238
8280  -16.859  -78.533  -54.521 0.5000000000
7484  -17.596  -79.202  -53.256 0.6000000238
9157  -16.362  -76.866  -57.607 0.6000000238
9148  -17.043  -76.668  -57.310 0.5000000000
9143  -11.543  -77.501  -57.307 0.5000000000
123427  -17.336  -80.415  -51.349 0.5000000000
9153  -12.331  -77.602  -57.539 0.5000000000
9154  -13.115  -77.120  -57.328 0.5000000000
7472  -17.927  -80.160  -52.642 0.5000000000
7458  -18.055  -80.526  -51.499 0.5000000000
7436  -18.301  -80.448  -50.680 0.5000000000
7437  -18.883  -80.368  -50.222 0.5000000000
121793  -20.972  -80.359  -49.874 0.5000000000
9146  -14.076  -76.765  -56.104 0.6000000238
9147  -14.928  -76.472  -56.745 0.6000000238
10017  -16.522  -76.305  -57.264 0.6000000238
8283  -19.453  -78.691  -54.525 0.5000000000
115357  -17.280  -75.825  -56.563 0.5000000000
10018  -18.319  -75.693  -57.127 0.5000000000
116125  -13.711  -77.476  -54.185 0.5000000000
126670  -18.185  -80.497  -52.224 0.5000000000
6622  -18.839  -80.659  -52.098 0.5000000000
6611  -19.687  -80.418  -50.676 0.5000000000
6595  -20.244  -80.359  -49.991 0.5000000000
9136  -13.405  -77.210  -55.285 0.5000000000
9129  -14.439  -77.287  -54.158 0.6000000238
7473  -18.771  -80.443  -52.654 0.5000000000
124248  -20.221  -80.639  -51.631 0.5000000000
6612  -20.637  -80.461  -50.721 0.5000000000
138822  -21.943  -80.427  -49.787 0.5000000000
135072  -16.399  -76.292  -56.043 0.5000000000
7485  -18.739  -79.675  -53.343 0.5000000000
136217  -19.592  -79.548  -53.815 0.5000000000
9128  -13.227  -77.552  -53.196 0.5000000000
6624  -20.828  -80.793  -52.540 0.5000000000
6613  -21.183  -80.780  -51.682 0.5000000000
6596  -22.961  -80.725  -50.398 0.4000000060
6625  -21.911  -81.231  -52.760 0.4000000060
14106  -0.626  -70.695  -46.825 0.4000000060
13173  -2.744  -72.391  -38.726 0.5000000000
15864  -3.421  -69.091  -37.933 0.5000000000
14923  -3.112  -70.100  -37.767 0.5000000000
115494  -4.017  -67.485  -37.892 0.5000000000
16744  -3.774  -68.189  -38.002 0.5000000000
139012  -4.857  -61.621  -36.750 0.5000000000
9135  -12.534  -77.340  -55.678 0.5000000000
9144  -12.176  -77.241  -56.870 0.5000000000
123940  -12.944  -81.322  -53.885 0.6000000238
117652  -12.470  -81.987  -56.329 0.6000000238
7480  -13.402  -80.593  -54.363 0.6000000238
6657  -13.425  -80.320  -57.113 0.6000000238
7491  -14.612  -79.661  -55.482 0.6999999881
130338  -5.289  -79.313  -55.804 0.6000000238
7501  -11.379  -78.945  -57.522 0.5000000000
7498  -14.592  -79.460  -57.115 0.6000000238
8290  -16.194  -78.771  -56.214 0.6000000238
126511  -14.999  -80.181  -48.900 0.6999999881
8311  -11.679  -77.926  -57.677 0.5000000000
8307  -13.604  -78.285  -57.822 0.5000000000
8309  -15.319  -77.920  -57.672 0.6000000238
8301  -16.668  -77.721  -57.311 0.6000000238
8291  -16.998  -78.386  -56.021 0.5000000000
8282  -18.318  -78.479  -53.956 0.5000000000
7457  -17.500  -80.400  -52.066 0.5000000000
9155  -14.161  -76.709  -57.144 0.5000000000
126770  -17.464  -76.084  -57.212 0.5000000000
9145  -13.191  -76.895  -56.495 0.5000000000
9138  -14.904  -76.848  -55.283 0.5000000000
6623  -19.795  -80.699  -52.321 0.5000000000
7474  -19.727  -80.240  -53.301 0.5000000000
131042  -22.305  -80.680  -50.772 0.5000000000
6635  -20.473  -80.638  -53.051 0.4000000060
123438  -22.092  -81.004  -51.642 0.4000000060
7323  -17.555  -79.411  -44.582 0.5000000000
118079  -17.177  -79.318  -45.440 0.6000000238
122392  -17.164  -79.345  -47.056 0.6000000238
7344  -16.783  -79.322  -46.300 0.6000000238
133238  -16.019  -79.306  -44.837 0.4000000060
7368  -18.244  -79.547  -47.881 0.4000000060
123414  -17.944  -79.903  -49.276 0.4000000060
7394  -17.705  -79.656  -48.541 0.5000000000
7366  -16.668  -79.504  -47.690 0.6000000238
7393  -16.885  -79.647  -48.422 0.5000000000
7415  -17.344  -80.208  -49.908 0.4000000060
7343  -15.903  -79.358  -46.511 0.5000000000
125136  -16.296  -79.818  -49.013 0.5000000000
135528  -15.286  -79.551  -47.209 0.6000000238
7365  -14.471  -79.797  -47.374 0.6000000238
7364  -13.834  -80.172  -47.835 0.6000000238
6575  -13.482  -80.405  -48.561 0.6000000238
6609  -13.336  -80.318  -50.461 0.6000000238
6593  -13.440  -80.448  -49.546 0.6000000238
6621  -12.623  -80.570  -50.972 0.5000000000
6620  -12.148  -81.277  -51.683 0.4000000060
6632  -12.102  -82.001  -52.648 0.5000000000
5227  -12.098  -84.717  -54.295 0.4000000060
15979  -12.105  -69.044  -50.091 0.4000000060
16849  -12.894  -68.858  -50.357 0.4000000060
15999  -12.933  -70.114  -51.693 0.5000000000
116590  -11.161  -67.941  -36.638 0.5000000000
17607  -10.440  -67.390  -36.884 0.5000000000
18431  -11.293  -67.200  -36.843 0.4000000060
17609  -12.851  -67.353  -36.394 0.4000000060
21234  -9.929  -64.597  -38.373 0.4000000060
20250  -10.430  -64.851  -37.363 0.4000000060
19328  -10.621  -65.524  -37.119 0.4000000060
21233  -10.011  -63.450  -38.951 0.4000000060
121577  -10.448  -63.435  -37.779 0.4000000060
20252  -12.143  -64.678  -36.299 0.4000000060
22294  -10.499  -62.446  -39.609 0.4000000060
22275  -10.598  -62.653  -38.107 0.4000000060
21215  -12.181  -63.168  -36.117 0.4000000060
23356  -11.100  -61.835  -38.887 0.4000000060
23390  -10.766  -61.124  -41.069 0.4000000060
138778  -11.528  -61.159  -39.636 0.4000000060
25554  -11.251  -58.432  -38.999 0.3000000119
25570  -11.202  -59.465  -40.317 0.4000000060
27360  -11.931  -56.931  -37.462 0.3000000119
27369  -11.567  -57.425  -38.154 0.3000000119
25563  -11.674  -58.753  -39.730 0.3000000119
26493  -11.609  -58.039  -39.029 0.3000000119
18432  -12.235  -66.836  -36.619 0.4000000060
19329  -12.401  -65.722  -36.352 0.4000000060
18449  -11.167  -66.268  -36.834 0.4000000060
127413  -11.548  -65.271  -36.573 0.4000000060
20251  -11.201  -64.504  -36.655 0.4000000060
20253  -12.955  -64.886  -35.925 0.4000000060
135204  -11.812  -63.900  -36.329 0.4000000060
21214  -11.364  -63.295  -36.592 0.4000000060
22255  -10.882  -62.886  -37.151 0.4000000060
135222  -22.535  -84.263  -45.870 0.3000000119
4538  -22.384  -83.589  -45.048 0.3000000119
4000  -22.336  -84.597  -46.744 0.4000000060
4556  -21.880  -83.919  -45.789 0.3000000119
128246  -21.738  -82.700  -44.327 0.4000000060
4555  -20.599  -83.887  -46.452 0.3000000119
123938  -21.099  -83.578  -45.647 0.3000000119
126515  -20.972  -82.921  -44.805 0.4000000060
4571  -20.125  -84.242  -47.434 0.3000000119
4536  -20.220  -83.222  -45.338 0.3000000119
5164  -20.255  -82.425  -44.547 0.3000000119
4554  -19.706  -83.622  -46.167 0.3000000119
120690  -19.657  -82.678  -44.809 0.3000000119
5812  -19.539  -81.877  -44.261 0.3000000119
4535  -19.294  -83.157  -45.322 0.3000000119
5163  -18.949  -82.549  -44.708 0.3000000119
4534  -18.446  -83.091  -45.194 0.3000000119
5162  -18.104  -82.478  -44.598 0.3000000119
5811  -18.607  -81.806  -44.185 0.3000000119
115946  -17.270  -83.622  -46.659 0.3000000119
4552  -17.927  -83.472  -45.791 0.3000000119
4533  -17.599  -83.030  -45.081 0.3000000119
5810  -17.746  -81.763  -44.043 0.3000000119
120992  -17.144  -83.356  -45.634 0.4000000060
3999  -21.473  -84.259  -46.684 0.4000000060
5814  -20.919  -82.124  -44.095 0.4000000060
4011  -21.000  -84.657  -47.712 0.3000000119
5813  -20.284  -81.668  -44.027 0.4000000060
4570  -19.232  -83.870  -46.991 0.3000000119
5796  -19.914  -80.987  -43.723 0.4000000060
5795  -19.064  -81.067  -43.731 0.4000000060
129715  -18.836  -84.080  -47.827 0.3000000119
6517  -18.677  -80.362  -43.565 0.4000000060
4008  -17.050  -83.845  -48.160 0.3000000119
4009  -18.069  -83.966  -48.001 0.4000000060
127601  -17.844  -80.263  -43.529 0.4000000060
129110  -17.373  -80.925  -43.557 0.3000000119
116405  -16.837  -84.279  -49.429 0.3000000119
5165  -22.634  -82.951  -44.170 0.3000000119
5145  -22.182  -82.092  -43.503 0.3000000119
127552  -22.955  -82.384  -43.448 0.3000000119
5798  -21.847  -80.966  -42.974 0.3000000119
6520  -21.244  -80.244  -43.309 0.3000000119
3539  -21.643  -86.262  -48.644 0.4000000060
5797  -20.848  -81.075  -43.474 0.3000000119
4022  -20.521  -85.164  -49.142 0.3000000119
4023  -21.244  -85.503  -48.706 0.4000000060
6519  -20.327  -80.286  -43.498 0.4000000060
7277  -20.659  -79.800  -43.645 0.3000000119
7276  -19.807  -79.869  -43.659 0.4000000060
7303  -20.054  -79.573  -43.935 0.4000000060
4010  -19.603  -84.465  -48.426 0.3000000119
113924  -19.465  -85.749  -50.299 0.3000000119
7275  -19.084  -79.896  -43.649 0.4000000060
7325  -19.370  -79.464  -44.424 0.4000000060
113919  -18.937  -84.692  -49.413 0.3000000119
114885  -18.746  -85.980  -50.255 0.3000000119
7324  -18.429  -79.448  -44.529 0.4000000060
7346  -18.605  -79.346  -46.420 0.5000000000
123266  -17.930  -79.577  -43.977 0.4000000060
118078  -18.051  -79.343  -45.418 0.4000000060
122391  -17.964  -79.356  -47.135 0.5000000000
113920  -16.562  -84.820  -50.396 0.3000000119
5770  -22.733  -80.581  -42.711 0.3000000119
5799  -22.674  -81.500  -42.885 0.3000000119
3067  -20.967  -86.555  -49.084 0.4000000060
7326  -20.304  -79.400  -44.704 0.4000000060
118075  -20.499  -79.395  -45.848 0.4000000060
3066  -20.438  -86.297  -49.825 0.4000000060
118077  -18.952  -79.357  -45.362 0.4000000060
122390  -19.351  -79.441  -47.097 0.5000000000
124063  -19.062  -79.589  -47.902 0.4000000060
114884  -19.844  -86.324  -50.096 0.3000000119
133482  -18.658  -79.433  -47.298 0.4000000060
114890  -18.882  -86.396  -49.753 0.3000000119
7395  -18.564  -79.713  -48.632 0.4000000060
7416  -18.143  -80.319  -49.995 0.4000000060
113917  -17.924  -85.714  -50.330 0.3000000119
113922  -17.521  -85.097  -50.259 0.3000000119
3542  -16.190  -85.610  -50.953 0.3000000119
7278  -21.572  -79.744  -43.537 0.3000000119
7304  -20.942  -79.456  -44.031 0.3000000119
3059  -20.400  -86.670  -49.230 0.4000000060
122389  -20.211  -79.489  -46.889 0.5000000000
7396  -19.558  -79.832  -48.731 0.4000000060
3530  -19.067  -86.430  -48.096 0.4000000060
116210  -18.789  -80.041  -49.413 0.4000000060
3528  -16.955  -86.339  -47.993 0.3000000119
3529  -18.101  -86.300  -47.786 0.3000000119
113916  -17.853  -86.267  -49.253 0.3000000119
114677  -17.214  -86.166  -49.551 0.3000000119
3536  -16.454  -86.181  -51.089 0.3000000119
114913  -16.563  -86.396  -49.527 0.3000000119
7327  -21.185  -79.384  -45.033 0.3000000119
7348  -21.076  -79.557  -46.737 0.4000000060
7397  -20.534  -79.870  -48.443 0.4000000060
3050  -16.439  -86.477  -46.454 0.3000000119
3049  -15.794  -86.808  -46.429 0.3000000119
3058  -16.016  -86.625  -47.865 0.3000000119
3041  -15.584  -87.072  -45.373 0.3000000119
132798  -15.456  -87.339  -46.474 0.3000000119
124226  -15.703  -86.895  -47.993 0.3000000119
7371  -21.663  -79.784  -47.455 0.3000000119
132433  -21.379  -79.969  -48.262 0.4000000060
2202  -15.310  -88.278  -45.499 0.3000000119
2207  -16.063  -88.915  -45.990 0.3000000119
7349  -22.901  -79.631  -46.305 0.3000000119
7372  -22.565  -79.919  -47.309 0.3000000119
7398  -22.218  -80.133  -48.175 0.3000000119
7373  -23.482  -80.075  -47.219 0.3000000119
6559  -23.100  -80.266  -48.094 0.3000000119
6576  -22.796  -80.446  -49.118 0.3000000119
18448  -10.294  -66.817  -37.324 0.5000000000
23372  -11.314  -60.718  -40.537 0.4000000060
7391  -15.253  -79.835  -48.069 0.6000000238
7392  -16.103  -79.691  -48.260 0.5000000000
6594  -19.589  -80.224  -49.687 0.4000000060
7417  -20.348  -80.156  -49.269 0.4000000060
7418  -21.167  -80.217  -49.047 0.4000000060
16725  -10.929  -68.753  -36.137 0.5000000000
17608  -12.055  -67.661  -36.625 0.4000000060
4569  -18.347  -83.735  -46.752 0.3000000119
120339  -21.966  -85.231  -47.869 0.4000000060
7301  -18.759  -79.635  -43.922 0.4000000060
3538  -20.821  -86.057  -49.532 0.4000000060
4021  -19.816  -85.297  -49.818 0.3000000119
118076  -19.751  -79.363  -45.320 0.4000000060
113918  -17.876  -86.011  -50.274 0.3000000119
7369  -19.930  -79.606  -47.785 0.4000000060
4031  -17.194  -85.595  -50.448 0.3000000119
7370  -20.804  -79.677  -47.603 0.4000000060
136242  -18.024  -86.219  -46.573 0.3000000119
3057  -16.162  -86.707  -50.315 0.3000000119
123404  -21.932  -79.601  -46.574 0.3000000119
2206  -15.352  -88.129  -46.374 0.3000000119
6592  -12.643  -80.627  -49.152 0.5000000000
6574  -12.463  -80.556  -48.133 0.5000000000
120751  -12.729  -80.316  -47.244 0.5000000000
131729  -13.508  -79.761  -46.154 0.5000000000
7342  -14.962  -79.485  -46.467 0.4000000060
9124  -14.619  -77.164  -53.258 0.4000000060
7322  -16.708  -79.352  -44.666 0.5000000000
7273  -16.541  -79.712  -43.674 0.3000000119
5143  -16.896  -81.733  -43.810 0.3000000119
7274  -17.444  -79.765  -43.721 0.4000000060
5161  -17.250  -82.461  -44.440 0.3000000119
123640  -18.586  -86.269  -46.706 0.3000000119
124147  -19.401  -86.424  -46.987 0.3000000119
3531  -19.821  -86.709  -48.361 0.3000000119
3521  -18.941  -86.186  -45.767 0.3000000119
3051  -20.382  -86.807  -47.486 0.3000000119
3060  -21.214  -86.996  -48.300 0.3000000119
3540  -22.431  -86.703  -47.888 0.3000000119
3052  -22.035  -87.125  -47.659 0.3000000119
3522  -19.725  -86.341  -46.146 0.3000000119
125863  -20.437  -86.426  -45.967 0.3000000119
3043  -21.512  -87.113  -47.066 0.3000000119
3532  -22.505  -86.130  -48.092 0.3000000119
4012  -22.837  -85.523  -47.460 0.3000000119
3511  -20.525  -86.045  -44.826 0.3000000119
3533  -23.051  -86.295  -47.619 0.3000000119
3053  -22.839  -87.088  -47.034 0.3000000119
5879  -11.599  -82.655  -52.253 0.3000000119
119206  -15.527  -79.353  -45.580 0.5000000000
7341  -14.150  -79.644  -46.439 0.4000000060
6548  -13.540  -79.990  -47.067 0.5000000000
5793  -16.504  -80.810  -43.398 0.3000000119
20238  -13.597  -64.173  -35.622 0.3000000119
21216  -12.649  -63.995  -35.949 0.3000000119
23357  -11.648  -61.355  -38.497 0.3000000119
6607  -12.012  -81.081  -49.751 0.4000000060
6546  -11.619  -80.664  -46.387 0.4000000060
3484  -13.436  -85.391  -43.048 0.4000000060
5097  -13.189  -82.276  -41.912 0.4000000060
131133  -12.765  -80.525  -42.797 0.4000000060
7269  -13.127  -79.924  -43.421 0.4000000060
7319  -13.663  -79.597  -45.233 0.4000000060
6537  -12.305  -80.107  -45.030 0.4000000060
6547  -12.879  -80.082  -46.478 0.4000000060
7318  -12.948  -79.774  -44.830 0.4000000060
115967  -13.080  -86.135  -44.995 0.3000000119
3972  -13.667  -84.538  -43.287 0.4000000060
5117  -13.704  -81.926  -42.454 0.4000000060
115521  -12.243  -80.256  -45.949 0.4000000060
126228  -13.546  -83.877  -41.706 0.4000000060
5767  -12.559  -81.269  -42.366 0.4000000060
3506  -13.218  -85.795  -44.092 0.3000000119
116785  -13.756  -83.788  -42.823 0.4000000060
5768  -13.202  -81.526  -42.267 0.4000000060
6528  -12.649  -79.985  -44.162 0.4000000060
6512  -13.476  -80.153  -42.900 0.4000000060
7270  -13.953  -79.737  -43.382 0.4000000060
123861  -13.358  -85.472  -44.947 0.3000000119
120748  -13.575  -84.864  -44.288 0.3000000119
4513  -14.042  -83.084  -43.405 0.3000000119
4529  -13.906  -83.860  -44.098 0.3000000119
5791  -14.657  -80.688  -42.842 0.3000000119
7271  -14.839  -79.691  -43.414 0.3000000119
6490  -13.958  -80.501  -42.686 0.3000000119
7272  -15.666  -79.704  -43.549 0.3000000119
7299  -16.105  -79.406  -44.053 0.3000000119
7321  -15.338  -79.379  -44.637 0.3000000119
6513  -14.363  -80.014  -42.937 0.3000000119
7297  -14.444  -79.483  -44.234 0.3000000119
134426  -18.918  -90.221  -40.366 0.3000000119
1774  -19.662  -90.207  -40.489 0.3000000119
132050  -16.159  -86.563  -43.815 0.3000000119
1784  -22.201  -89.932  -42.022 0.3000000119
138453  -21.360  -88.359  -41.760 0.3000000119
2175  -19.426  -88.176  -42.039 0.3000000119
2174  -18.084  -87.929  -41.775 0.3000000119
2581  -17.230  -87.328  -41.476 0.3000000119
2580  -16.549  -87.042  -41.738 0.3000000119
3017  -16.205  -86.737  -42.325 0.3000000119
3026  -16.143  -86.540  -42.976 0.3000000119
2583  -20.769  -87.852  -41.465 0.3000000119
2569  -19.825  -87.260  -40.951 0.3000000119
2582  -18.980  -87.544  -41.344 0.3000000119
2568  -17.951  -87.188  -41.081 0.3000000119
2998  -16.992  -86.548  -41.011 0.3000000119
5140  -14.400  -81.712  -42.881 0.3000000119
1405  -20.161  -90.905  -41.245 0.3000000119
2187  -20.041  -88.934  -42.691 0.3000000119
2189  -21.768  -89.801  -42.256 0.3000000119
1407  -22.077  -90.309  -41.679 0.3000000119
2188  -21.081  -89.357  -42.445 0.3000000119
2176  -20.690  -88.472  -42.049 0.3000000119
1401  -18.319  -90.394  -40.215 0.3000000119
1406  -21.259  -90.655  -41.624 0.3000000119
1417  -21.779  -90.308  -42.133 0.3000000119
2177  -21.945  -89.086  -41.947 0.3000000119
2203  -15.385  -88.488  -44.765 0.3000000119
2605  -15.211  -87.834  -45.418 0.3000000119
3061  -21.615  -86.827  -48.392 0.4000000060
3062  -23.092  -86.772  -47.343 0.3000000119
3537  -19.736  -86.638  -49.508 0.4000000060
4029  -20.214  -85.952  -50.165 0.4000000060
4492  -13.642  -82.870  -42.276 0.4000000060
4537  -21.598  -83.354  -45.069 0.4000000060
4553  -18.806  -83.534  -45.931 0.3000000119
5139  -14.094  -82.403  -42.955 0.3000000119
5144  -21.482  -81.796  -43.609 0.3000000119
5228  -12.304  -85.033  -55.037 0.5000000000
5756  -12.756  -81.887  -41.957 0.4000000060
5769  -13.855  -81.105  -42.538 0.3000000119
5771  -23.336  -81.118  -42.537 0.3000000119
5794  -18.221  -81.033  -43.677 0.3000000119
5897  -12.927  -84.208  -54.581 0.5000000000
6489  -13.303  -80.796  -42.536 0.4000000060
6511  -12.424  -80.354  -43.415 0.4000000060
6514  -15.200  -79.993  -43.110 0.3000000119
6516  -16.965  -80.087  -43.448 0.3000000119
6518  -19.478  -80.345  -43.565 0.4000000060
6557  -11.902  -80.613  -47.255 0.4000000060
6558  -13.226  -80.301  -47.781 0.5000000000
6608  -12.693  -80.654  -50.056 0.5000000000
6610  -18.845  -80.494  -51.113 0.5000000000
6634  -19.476  -80.570  -52.634 0.5000000000
6640  -13.681  -82.483  -55.114 0.6000000238
7296  -13.439  -79.665  -44.162 0.4000000060
7298  -15.302  -79.481  -43.883 0.3000000119
7300  -17.045  -79.496  -44.012 0.5000000000
7302  -19.408  -79.681  -43.840 0.4000000060
7320  -14.559  -79.463  -45.523 0.4000000060
7340  -12.911  -79.878  -45.641 0.4000000060
7345  -17.620  -79.321  -46.283 0.6000000238
7347  -19.571  -79.377  -46.182 0.4000000060
7367  -17.444  -79.512  -47.791 0.5000000000
7390  -14.250  -80.373  -49.129 0.6999999881
7410  -8.659  -78.982  -49.732 0.5000000000
7435  -17.648  -80.409  -50.675 0.4000000060
7453  -13.146  -80.150  -51.366 0.6000000238
7455  -15.334  -79.770  -51.628 0.6000000238
7505  -12.090  -78.769  -57.756 0.5000000000
8078  -2.754  -77.973  -38.929 0.6000000238
8080  -4.468  -78.055  -38.561 0.6000000238
8087  -3.589  -78.537  -39.406 0.6000000238
8088  -4.334  -78.415  -39.027 0.6000000238
8096  -2.671  -78.958  -40.458 0.6000000238
8110  -3.336  -78.612  -40.943 0.6000000238
8167  -10.160  -78.214  -47.855 0.5000000000
8297  -11.263  -77.332  -57.037 0.6000000238
8299  -15.142  -78.795  -57.246 0.6000000238
8310  -16.021  -77.448  -57.740 0.6000000238
8312  -15.520  -77.130  -57.846 0.6000000238
8922  -6.059  -77.415  -38.001 0.6000000238
8924  -7.544  -77.267  -38.009 0.8000000119
8925  -8.293  -77.072  -37.938 0.6000000238
8972  -6.283  -77.233  -40.703 0.8000000119
8981  -4.212  -77.274  -42.061 0.6999999881
9042  -6.494  -77.419  -47.532 0.6999999881
9044  -7.885  -78.036  -46.972 0.6000000238
9103  -5.048  -77.998  -50.219 0.6999999881
9137  -14.129  -77.204  -54.929 0.6000000238
9156  -15.091  -76.545  -57.322 0.6000000238
9162  -14.017  -77.433  -57.651 0.6000000238
9163  -14.937  -76.900  -57.627 0.6000000238
9164  -15.976  -76.883  -57.805 0.6000000238
9793  -6.573  -76.867  -37.595 0.6000000238
9794  -7.464  -77.034  -37.283 0.8000000119
9811  -7.863  -77.010  -39.542 0.8000000119
9812  -8.334  -76.762  -39.066 0.6999999881
9820  -6.829  -76.901  -40.750 0.8000000119
9833  -7.288  -76.439  -41.211 0.8000000119
9857  -4.132  -76.172  -43.111 0.6000000238
9914  -7.373  -76.688  -46.535 0.6000000238
10016  -15.677  -76.378  -57.280 0.6000000238
10023  -16.055  -76.565  -57.540 0.6000000238
10641  -5.253  -75.832  -37.755 0.6999999881
10645  -9.316  -75.788  -37.268 0.6000000238
10655  -3.444  -75.634  -38.674 0.6000000238
10656  -4.531  -75.307  -38.182 0.6999999881
10677  -8.727  -75.811  -40.437 0.6000000238
10696  -4.973  -75.933  -42.975 0.6000000238
10698  -6.479  -75.429  -42.478 0.6999999881
10735  -4.174  -75.098  -44.147 0.6999999881
10754  -9.082  -75.774  -45.638 0.6000000238
11454  -7.549  -74.543  -36.487 0.6999999881
11455  -8.359  -74.927  -36.103 0.6000000238
11456  -9.210  -75.091  -36.072 0.6000000238
11471  -5.639  -74.896  -37.596 0.6000000238
11513  -8.018  -74.825  -41.871 0.8000000119
11519  -6.032  -74.879  -42.935 0.6000000238
11545  -3.050  -74.777  -44.846 0.6999999881
11547  -4.335  -74.303  -44.519 0.6999999881
11593  -8.604  -74.672  -47.634 0.6000000238
11603  -2.599  -73.493  -49.771 0.6999999881
11628  0.147  -73.949  -53.056 0.5000000000
12282  -9.235  -73.292  -34.906 0.5000000000
12298  -6.688  -73.247  -36.787 0.6000000238
12309  -4.890  -73.488  -37.760 0.8000000119
12321  -2.982  -73.215  -38.804 0.6000000238
12360  -6.159  -72.939  -42.926 0.6999999881
12442  -5.294  -73.011  -49.359 0.6999999881
12459  -3.331  -72.839  -49.606 0.6999999881
12467  -0.615  -73.977  -52.063 0.6000000238
12470  -6.855  -72.465  -52.148 0.6000000238
12472  -10.965  -73.277  -51.762 0.6000000238
12475  -1.050  -73.112  -52.392 0.5000000000
12477  -10.201  -73.008  -52.483 0.6000000238
13175  -4.330  -73.198  -38.002 0.6999999881
13211  -6.589  -72.401  -42.679 0.6999999881
13212  -7.384  -72.599  -42.433 0.8000000119
13213  -8.791  -72.303  -42.328 0.5000000000
13255  -0.821  -71.416  -46.285 0.5000000000
13284  -9.370  -71.967  -48.702 0.6000000238
13316  -1.721  -72.467  -51.769 0.5000000000
13318  -3.108  -71.721  -50.762 0.6999999881
13321  -13.259  -72.175  -52.271 0.5000000000
13325  0.507  -72.409  -52.292 0.5000000000
13327  -1.795  -72.079  -51.705 0.5000000000
13334  0.156  -72.757  -53.008 0.5000000000
14055  -5.636  -71.619  -43.141 0.6999999881
14068  -5.783  -70.973  -43.180 0.6000000238
14083  -8.823  -71.205  -44.109 0.5000000000
14094  -1.916  -69.895  -45.612 0.6000000238
14105  -0.187  -71.261  -47.149 0.4000000060
14120  -4.741  -71.221  -47.890 0.6000000238
14122  -7.372  -70.943  -47.238 0.6000000238
14126  -12.887  -72.262  -48.039 0.5000000000
14143  -8.747  -71.950  -48.139 0.6000000238
14144  -12.743  -72.283  -48.641 0.5000000000
14159  1.325  -71.579  -49.163 0.5000000000
14169  -10.646  -71.525  -49.903 0.6000000238
14187  -0.432  -71.453  -51.183 0.5000000000
14190  -6.729  -72.148  -51.997 0.5000000000
14191  -10.956  -71.730  -51.503 0.6000000238
14202  -0.097  -72.041  -52.385 0.5000000000
14204  -11.363  -72.036  -52.365 0.6000000238
14926  -5.423  -69.899  -36.987 0.6999999881
14935  -3.075  -71.101  -37.872 0.5000000000
14970  -4.845  -70.055  -43.631 0.5000000000
14971  -5.377  -70.402  -43.454 0.6000000238
14981  -4.235  -69.639  -44.132 0.6000000238
14982  -6.644  -70.075  -43.934 0.6000000238
14996  -2.528  -69.712  -45.195 0.6000000238
14997  -3.173  -69.325  -44.951 0.5000000000
14998  -4.135  -68.936  -45.005 0.6000000238
15014  -1.293  -70.007  -46.237 0.5000000000
15018  -5.043  -70.338  -45.958 0.6000000238
15031  -1.112  -70.109  -47.204 0.6000000238
15049  -0.954  -70.221  -48.241 0.6000000238
15056  -0.583  -70.566  -49.072 0.5000000000
15059  -3.092  -70.747  -49.638 0.6000000238
15071  -1.937  -70.926  -50.276 0.6000000238
15080  -12.695  -71.073  -52.322 0.6000000238
15838  -9.697  -69.816  -36.137 0.5000000000
15854  -7.059  -69.372  -37.016 0.6000000238
15855  -8.440  -69.906  -36.658 0.6000000238
15914  -3.659  -69.075  -44.871 0.5000000000
15917  -5.759  -69.439  -44.288 0.5000000000
15927  -5.276  -69.299  -45.217 0.6000000238
15943  -3.389  -69.137  -45.096 0.5000000000
15958  -7.148  -69.658  -46.453 0.5000000000
15989  -11.920  -69.735  -50.516 0.6000000238
16827  -8.890  -68.049  -48.335 0.5000000000
17618  -5.733  -67.522  -37.619 0.6000000238
17622  -9.839  -67.017  -37.414 0.6000000238
17690  -8.155  -66.709  -47.136 0.5000000000
17703  -8.355  -67.398  -47.656 0.5000000000
18404  -7.267  -65.872  -35.452 0.6999999881
18433  -13.076  -66.494  -36.248 0.4000000060
18460  -9.163  -66.391  -39.008 0.5000000000
20302  -8.397  -63.955  -41.404 0.5000000000
20303  -8.343  -64.351  -41.125 0.5000000000
21213  -10.731  -63.839  -37.066 0.4000000060
21272  -8.240  -63.597  -41.375 0.5000000000
21273  -8.908  -63.454  -41.526 0.4000000060
22311  -8.129  -62.642  -40.855 0.4000000060
23335  -4.997  -61.986  -37.321 0.6999999881
23370  -9.183  -60.786  -40.111 0.5000000000
23371  -11.094  -61.482  -40.406 0.4000000060
23404  -9.646  -61.500  -41.286 0.4000000060
23405  -10.076  -61.701  -41.268 0.5000000000
26455  -13.322  -58.185  -34.465 0.4000000060
28185  -11.528  -56.439  -31.323 0.4000000060
114007  -7.092  -72.832  -52.243 0.5000000000
114757  -16.946  -85.877  -50.557 0.3000000119
114881  -9.608  -72.985  -52.353 0.6000000238
115097  -7.021  -72.724  -52.279 0.5000000000
115590  -9.607  -74.067  -48.347 0.6000000238
115981  -21.525  -80.550  -50.705 0.5000000000
116052  -5.862  -77.851  -38.658 0.5000000000
116454  -16.046  -80.049  -51.234 0.5000000000
116582  -3.944  -77.680  -38.467 0.6000000238
117102  -9.039  -71.112  -35.512 0.5000000000
117654  -7.596  -73.040  -52.264 0.5000000000
117760  -13.998  -77.379  -53.426 0.4000000060
117792  -12.112  -81.175  -50.618 0.4000000060
118080  -16.355  -79.304  -45.542 0.4000000060
118933  -6.685  -71.662  -49.692 0.5000000000
119296  -14.392  -80.181  -48.331 0.6000000238
119514  -19.426  -80.606  -51.587 0.5000000000
119646  -10.776  -78.384  -50.199 0.4000000060
120204  -5.707  -76.703  -41.828 0.6000000238
120420  -3.974  -71.576  -50.193 0.6999999881
120482  -15.728  -76.381  -56.348 0.5000000000
122393  -16.491  -79.364  -47.031 0.6000000238
122691  -11.362  -72.514  -52.375 0.6000000238
123432  -16.780  -80.285  -50.701 0.5000000000
123902  -3.924  -74.977  -38.529 0.6000000238
125090  -3.633  -69.345  -44.644 0.5000000000
125135  -17.104  -79.806  -49.173 0.5000000000
125272  -12.285  -80.376  -46.673 0.4000000060
125696  -4.102  -72.958  -48.767 0.6999999881
125881  -3.304  -76.382  -43.249 0.5000000000
127371  -7.644  -67.365  -47.035 0.5000000000
127417  -0.565  -71.020  -46.591 0.5000000000
128681  -2.191  -78.885  -39.807 0.6000000238
129245  -19.930  -87.784  -41.597 0.3000000119
131956  -11.340  -60.028  -40.395 0.5000000000
132177  -6.332  -66.401  -34.938 0.6000000238
132505  -21.885  -80.265  -48.851 0.3000000119
133719  -7.536  -77.218  -57.448 0.6999999881
134243  -15.939  -79.505  -47.487 0.5000000000
134975  -18.313  -79.830  -43.706 0.4000000060
135461  -12.599  -80.483  -51.803 0.5000000000
135799  -4.077  -71.118  -48.136 0.6000000238
136033  -6.140  -69.331  -45.313 0.6000000238
136061  -12.931  -80.158  -43.057 0.4000000060
136542  -13.956  -79.582  -45.872 0.4000000060
137290  -9.557  -74.687  -40.277 0.6999999881
137305  -9.597  -71.983  -49.502 0.6000000238
137505  -2.704  -74.262  -39.184 0.6000000238
137834  -10.196  -72.560  -41.177 0.5000000000
138117  -6.785  -75.650  -37.181 0.8000000119
138228  -4.648  -78.371  -40.117 0.6000000238
138503  -5.340  -79.095  -57.545 0.5000000000
138658  -5.526  -72.906  -37.244 0.8000000119
138918  -11.280  -63.855  -36.599 0.4000000060
