#!ascii label  , from subject sub-v2s8x29209_ses-1 vox2ras=TkReg
682
69506  22.456  15.195  -46.165 0.2500000000
69505  23.265  15.152  -46.528 0.2500000000
116269  23.993  15.074  -46.852 0.7500000000
114245  21.807  17.632  -46.256 0.2500000000
111049  21.505  16.831  -46.002 0.1250000000
70400  22.387  16.717  -46.423 0.2500000000
119948  22.848  15.910  -46.490 0.2500000000
130324  23.758  15.815  -46.906 0.7500000000
68540  24.619  15.143  -47.144 0.8750000000
133046  24.235  15.479  -47.071 0.8750000000
69514  25.337  15.403  -47.473 0.8750000000
71306  22.971  17.377  -46.763 0.3750000000
70399  23.307  16.602  -46.813 0.3750000000
129617  23.662  17.163  -47.122 0.8750000000
71312  25.262  17.191  -47.746 1.0000000000
123141  24.728  16.683  -47.486 1.0000000000
70407  24.057  16.592  -47.209 0.8750000000
70406  25.444  16.317  -47.675 1.0000000000
69515  24.576  15.910  -47.311 0.8750000000
134779  26.053  16.352  -47.933 1.0000000000
71314  23.606  17.855  -47.204 0.7500000000
71313  24.366  17.403  -47.461 0.8750000000
71321  25.899  17.729  -48.287 1.0000000000
72178  25.075  18.024  -47.836 1.0000000000
71320  26.836  17.364  -48.474 1.0000000000
70414  26.016  16.891  -48.095 1.0000000000
70413  26.626  16.446  -48.208 1.0000000000
111046  20.788  17.393  -45.590 0.1250000000
72169  22.829  18.241  -46.777 0.6250000000
72179  24.272  18.319  -47.576 1.0000000000
72180  23.551  18.682  -47.287 0.8750000000
72186  26.531  18.404  -48.688 1.0000000000
72187  25.647  18.587  -48.429 1.0000000000
72185  27.398  18.230  -48.676 1.0000000000
125509  28.292  18.818  -48.120 1.0000000000
72184  28.062  18.115  -48.422 1.0000000000
74924  22.045  22.077  -47.241 0.2500000000
72170  21.845  18.721  -46.352 0.2500000000
73026  22.852  19.141  -46.874 0.3750000000
116636  23.528  19.515  -47.420 1.0000000000
73035  24.196  19.154  -47.711 1.0000000000
123313  25.366  19.274  -48.517 1.0000000000
73043  27.124  19.169  -49.089 1.0000000000
73044  26.133  19.354  -48.956 1.0000000000
73042  27.796  19.699  -49.096 1.0000000000
73041  28.245  19.595  -48.424 1.0000000000
73953  28.162  20.365  -48.724 1.0000000000
73926  22.158  20.846  -46.719 0.3750000000
73036  22.894  20.036  -47.095 0.5000000000
73940  22.934  20.985  -47.434 0.5000000000
127597  23.481  20.274  -47.580 0.8750000000
73939  24.104  20.022  -47.882 1.0000000000
74942  24.455  21.642  -48.836 1.0000000000
73051  26.075  20.280  -49.340 1.0000000000
73956  24.663  20.578  -48.553 1.0000000000
73967  26.859  20.543  -49.505 1.0000000000
74923  28.022  21.861  -48.021 1.0000000000
132578  28.469  20.997  -47.592 0.8750000000
74944  22.428  22.609  -47.976 0.5000000000
128001  22.919  21.749  -47.865 0.5000000000
74943  23.383  22.064  -48.416 0.6250000000
73957  23.727  21.042  -48.102 0.7500000000
74957  25.172  21.778  -49.409 1.0000000000
75923  27.558  22.625  -49.104 1.0000000000
122690  27.280  22.034  -49.502 1.0000000000
74955  26.678  21.434  -49.631 1.0000000000
73968  26.145  20.960  -49.557 1.0000000000
74941  27.856  21.748  -48.891 1.0000000000
74954  27.471  21.183  -49.391 1.0000000000
75905  27.811  22.473  -48.268 0.8750000000
75941  23.788  22.646  -48.963 0.8750000000
76899  26.240  23.514  -50.206 1.0000000000
75940  25.427  22.449  -49.696 1.0000000000
75938  27.080  22.851  -49.662 1.0000000000
132799  26.519  23.032  -49.908 1.0000000000
74956  25.854  21.631  -49.622 1.0000000000
77776  27.375  24.440  -49.132 1.0000000000
76869  27.788  23.017  -47.682 1.0000000000
76870  27.640  23.220  -48.457 1.0000000000
76887  27.338  23.549  -49.344 1.0000000000
131885  22.958  22.818  -48.489 0.5000000000
77794  25.498  24.829  -50.560 1.0000000000
76900  25.347  23.399  -50.048 1.0000000000
115458  24.500  22.980  -49.574 1.0000000000
79411  27.230  25.908  -49.637 1.0000000000
77786  27.011  24.910  -50.444 1.0000000000
113675  27.355  25.967  -48.590 1.0000000000
114440  27.349  25.055  -49.936 1.0000000000
77763  27.545  24.608  -48.120 1.0000000000
78617  27.353  25.254  -48.819 1.0000000000
80230  24.565  27.182  -50.745 1.0000000000
79412  22.569  26.061  -49.136 0.3750000000
79418  23.691  26.309  -50.136 0.8750000000
115342  25.108  25.512  -50.608 1.0000000000
78627  26.762  26.318  -50.367 1.0000000000
78633  26.468  25.871  -50.632 1.0000000000
81027  23.211  28.179  -50.540 0.8750000000
81026  24.319  27.950  -51.058 1.0000000000
79417  24.892  26.631  -50.711 1.0000000000
80229  25.041  27.724  -51.266 1.0000000000
119958  25.681  26.882  -50.726 1.0000000000
80227  26.184  27.075  -50.615 1.0000000000
80221  26.867  27.086  -49.851 1.0000000000
81032  24.870  28.475  -51.545 1.0000000000
80235  25.201  28.128  -51.347 1.0000000000
118640  25.984  27.919  -50.832 1.0000000000
81031  25.347  28.862  -51.494 1.0000000000
81025  25.560  28.208  -51.208 1.0000000000
85128  22.261  33.010  -49.784 0.1250000000
85121  22.569  32.927  -48.839 0.1250000000
127572  21.937  33.312  -50.745 0.2500000000
131531  21.868  34.008  -51.036 0.1250000000
132707  21.823  33.373  -51.640 0.3750000000
86024  21.755  33.705  -53.428 0.5000000000
118544  21.600  33.837  -52.223 0.2500000000
86855  21.291  34.263  -54.313 0.3750000000
86011  22.078  34.715  -50.360 0.2500000000
86848  21.674  34.818  -51.499 0.2500000000
86843  21.580  35.692  -51.466 0.2500000000
86018  21.291  34.407  -52.922 0.2500000000
122676  20.815  35.928  -53.242 0.2500000000
86856  21.044  35.158  -53.687 0.3750000000
86849  21.246  35.338  -52.406 0.2500000000
86862  21.350  36.173  -55.197 0.3750000000
120564  20.947  36.027  -54.360 0.2500000000
71319  27.731  17.361  -48.409 1.0000000000
77787  26.684  24.228  -50.336 1.0000000000
67595  22.470  13.948  -45.789 0.1250000000
68530  24.425  14.455  -46.835 0.6250000000
68539  25.183  14.566  -47.223 0.7500000000
113310  26.080  14.740  -47.638 1.0000000000
69507  21.921  15.234  -45.637 0.1250000000
69513  26.196  15.749  -47.859 1.0000000000
70412  27.439  16.553  -48.314 1.0000000000
72177  28.437  18.106  -47.770 1.0000000000
73027  22.021  19.745  -46.477 0.2500000000
73938  28.478  20.357  -47.766 0.8750000000
75904  28.048  22.415  -47.434 0.8750000000
74922  28.382  21.598  -47.320 0.8750000000
119463  28.023  24.019  -46.778 0.8750000000
78629  22.521  25.267  -48.984 0.1250000000
75925  22.214  23.565  -48.156 0.3750000000
132388  23.773  24.369  -49.653 0.6250000000
76854  27.696  23.812  -47.589 0.8750000000
132167  22.813  26.584  -49.467 0.5000000000
80231  23.258  27.217  -50.157 0.8750000000
78637  23.082  25.571  -49.426 0.3750000000
78636  24.069  25.490  -50.119 0.8750000000
134260  27.091  26.490  -49.787 1.0000000000
80216  27.126  27.430  -48.878 1.0000000000
81011  26.787  28.054  -49.284 1.0000000000
125677  26.440  27.699  -50.225 1.0000000000
132833  23.348  29.449  -51.383 0.8750000000
81841  24.884  29.546  -51.917 1.0000000000
81840  25.358  29.799  -51.748 1.0000000000
81024  25.962  28.717  -51.014 1.0000000000
84297  21.785  32.093  -49.145 0.1250000000
115256  22.133  32.007  -51.207 0.6250000000
85143  22.114  33.165  -52.676 0.6250000000
85155  22.279  33.831  -54.460 0.5000000000
123536  22.249  33.912  -50.044 0.2500000000
86029  21.766  34.472  -55.350 0.5000000000
86004  22.295  34.631  -49.426 0.2500000000
86842  21.902  35.561  -50.680 0.2500000000
86863  21.810  35.469  -55.653 0.5000000000
131193  21.979  36.176  -50.168 0.1250000000
87642  21.089  36.243  -52.181 0.2500000000
88436  21.236  38.033  -53.923 0.2500000000
87655  22.236  36.442  -55.442 0.3750000000
88443  21.789  37.927  -54.453 0.2500000000
87638  21.631  36.513  -51.048 0.1250000000
68532  22.817  14.471  -46.212 0.1250000000
68531  23.619  14.428  -46.531 0.5000000000
112132  21.893  16.009  -46.036 0.1250000000
72188  24.888  18.826  -48.025 1.0000000000
123804  27.877  18.913  -48.782 1.0000000000
73045  24.774  19.632  -48.267 1.0000000000
73049  27.242  19.915  -49.314 1.0000000000
73050  26.690  19.833  -49.299 1.0000000000
73954  27.655  20.437  -49.251 1.0000000000
74940  28.218  21.121  -48.228 1.0000000000
73955  25.414  20.049  -48.847 1.0000000000
73969  25.398  20.984  -49.244 1.0000000000
125302  27.978  20.977  -48.977 1.0000000000
117178  28.681  20.902  -46.993 0.8750000000
124597  24.683  22.275  -49.350 1.0000000000
114055  27.528  23.925  -48.516 1.0000000000
131787  25.973  22.914  -49.987 1.0000000000
75939  26.401  22.316  -49.769 1.0000000000
76898  26.931  23.576  -49.970 1.0000000000
75924  23.006  23.345  -48.709 0.6250000000
75942  23.473  23.495  -49.198 0.7500000000
76909  25.098  24.145  -50.300 1.0000000000
76908  25.880  24.140  -50.451 1.0000000000
78634  25.951  25.630  -50.738 1.0000000000
77792  26.550  25.406  -50.609 1.0000000000
79404  27.191  26.650  -48.952 1.0000000000
78626  26.997  25.577  -50.385 1.0000000000
77795  24.449  24.691  -50.141 1.0000000000
79415  26.087  26.342  -50.736 1.0000000000
79416  25.461  26.347  -50.712 1.0000000000
81033  24.028  28.853  -51.508 0.8750000000
113986  25.303  27.105  -50.817 1.0000000000
80228  25.483  27.560  -50.976 1.0000000000
84286  22.469  32.157  -48.427 0.1250000000
123787  22.416  33.792  -49.148 0.2500000000
123819  21.954  32.669  -50.691 0.3750000000
87647  20.809  36.942  -53.367 0.2500000000
87653  21.306  37.068  -54.583 0.2500000000
67587  22.133  13.835  -45.387 0.1250000000
110893  22.411  13.435  -45.605 0.1250000000
68545  26.780  15.158  -47.991 1.0000000000
76888  22.677  24.009  -48.737 0.6250000000
76901  24.270  23.856  -49.778 0.8750000000
76902  23.214  24.193  -49.242 0.7500000000
78628  23.288  24.868  -49.469 0.8750000000
78635  24.702  26.051  -50.544 1.0000000000
81842  24.042  29.798  -51.867 1.0000000000
82643  25.180  30.508  -52.487 1.0000000000
84305  21.848  32.180  -50.037 0.3750000000
84319  22.943  32.509  -53.219 0.7500000000
128100  22.170  32.634  -51.810 0.7500000000
85150  22.682  33.227  -53.763 0.7500000000
88442  22.215  37.857  -54.479 0.2500000000
87652  22.823  36.980  -55.081 0.3750000000
129980  27.707  11.595  -46.830 0.7500000000
110911  28.790  12.388  -46.591 0.7500000000
110897  26.396  11.612  -46.792 0.7500000000
110898  25.589  11.692  -46.630 0.7500000000
112494  28.861  13.170  -46.743 0.7500000000
110906  27.808  12.288  -47.105 0.7500000000
110907  27.140  12.736  -47.328 0.7500000000
112398  26.194  12.391  -46.992 0.7500000000
112456  28.633  14.055  -47.159 0.7500000000
110916  28.351  13.449  -47.427 0.7500000000
119726  27.893  13.045  -47.522 0.7500000000
110903  25.743  13.901  -47.319 0.7500000000
110899  24.934  13.788  -46.867 0.6250000000
115049  27.278  13.626  -47.689 0.7500000000
112433  26.480  13.989  -47.613 0.8750000000
110921  28.826  14.792  -46.701 0.7500000000
110917  28.239  14.205  -47.754 0.7500000000
68538  26.990  14.469  -47.906 0.8750000000
110928  28.662  15.747  -47.055 0.7500000000
68543  28.102  14.990  -48.013 0.7500000000
69512  28.263  15.746  -47.877 0.8750000000
70405  28.422  16.557  -47.638 0.7500000000
70411  28.070  16.555  -48.186 0.8750000000
71311  28.670  17.390  -47.194 0.8750000000
72168  28.789  18.291  -46.992 0.8750000000
126022  28.577  18.753  -47.465 0.8750000000
122947  29.832  20.227  -45.235 0.3750000000
120333  29.376  20.156  -45.811 0.6250000000
73025  28.852  19.091  -46.847 0.7500000000
73034  28.560  19.447  -47.567 0.7500000000
73913  29.550  20.918  -45.338 0.5000000000
73924  28.996  20.834  -46.104 0.7500000000
75879  29.820  22.199  -44.531 0.1250000000
74889  29.449  21.796  -45.135 0.3750000000
74902  29.089  21.479  -45.684 0.6250000000
74903  28.719  21.575  -46.371 0.6250000000
76824  30.012  23.649  -43.828 0.1250000000
76831  29.562  23.157  -44.498 0.1250000000
76842  28.940  23.140  -45.224 0.1250000000
76832  29.011  23.912  -44.865 0.1250000000
75884  28.547  23.125  -46.021 0.6250000000
119995  28.349  23.779  -46.298 0.6250000000
76853  28.070  23.225  -46.865 0.7500000000
132171  29.520  24.024  -44.315 0.1250000000
78573  29.267  25.450  -44.259 0.1250000000
77723  28.680  24.621  -45.303 0.1250000000
77744  28.325  24.548  -46.227 0.5000000000
77714  29.748  24.678  -43.824 0.1250000000
78581  28.412  25.336  -45.768 0.5000000000
78593  27.993  25.379  -46.635 0.6250000000
77745  27.793  24.664  -47.128 0.7500000000
81836  22.984  28.968  -50.772 0.6250000000
81837  22.499  29.690  -50.786 0.5000000000
113051  27.684  26.154  -46.951 0.6250000000
123034  27.543  26.434  -47.916 0.6250000000
79386  27.796  26.695  -46.352 0.5000000000
79397  27.568  26.928  -47.162 0.6250000000
80215  27.494  27.235  -48.098 0.7500000000
129686  23.083  30.000  -51.503 0.7500000000
81018  26.412  28.574  -50.134 0.8750000000
123683  27.091  28.712  -48.659 0.8750000000
123623  26.804  28.846  -49.236 0.8750000000
81829  26.676  29.472  -49.612 0.8750000000
82635  26.522  30.206  -50.046 0.8750000000
80197  27.615  27.435  -46.502 0.3750000000
80207  27.495  27.721  -47.317 0.5000000000
80208  27.344  28.135  -48.219 0.6250000000
80986  27.653  28.059  -45.873 0.2500000000
125245  27.478  28.161  -46.619 0.3750000000
80995  27.374  28.570  -47.237 0.5000000000
82646  22.377  30.502  -51.215 0.6250000000
82645  23.573  30.558  -51.897 0.7500000000
82644  24.769  30.414  -52.567 0.8750000000
81839  25.800  29.371  -51.204 0.8750000000
125006  25.990  30.080  -50.981 0.7500000000
81822  27.052  29.454  -48.624 0.7500000000
80996  27.234  29.392  -47.133 0.5000000000
82627  26.830  30.325  -48.922 0.7500000000
122076  27.382  28.947  -46.235 0.2500000000
83455  22.737  31.223  -51.737 0.6250000000
126104  25.113  31.092  -53.201 0.8750000000
83453  25.573  31.173  -52.507 0.8750000000
84312  25.581  31.892  -52.839 0.7500000000
82640  25.660  30.648  -51.654 0.8750000000
83435  26.368  31.587  -49.529 0.7500000000
82607  27.087  30.231  -47.283 0.2500000000
81812  27.189  29.644  -47.827 0.5000000000
81805  27.222  29.948  -46.347 0.2500000000
83448  21.710  31.315  -50.345 0.5000000000
84314  23.170  31.791  -52.666 0.5000000000
83457  24.422  31.512  -53.445 0.7500000000
84313  25.049  31.939  -53.453 0.7500000000
84317  25.077  32.871  -53.483 0.7500000000
125167  25.525  32.629  -52.971 0.7500000000
85141  25.560  32.831  -51.957 0.7500000000
84304  25.753  32.037  -51.711 0.7500000000
84296  25.917  32.221  -50.584 0.7500000000
123947  25.620  32.708  -50.901 0.7500000000
84285  26.290  32.181  -48.693 0.5000000000
84295  26.098  32.281  -49.617 0.6250000000
125451  27.002  30.959  -47.252 0.2500000000
83414  26.775  31.465  -47.625 0.3750000000
84272  26.491  32.087  -47.906 0.3750000000
84318  24.172  32.164  -53.703 0.7500000000
85148  25.168  33.835  -53.385 0.7500000000
85142  25.415  33.551  -52.591 0.7500000000
85134  25.070  33.674  -51.431 0.7500000000
85133  25.274  33.492  -50.579 0.6250000000
85126  26.012  32.969  -48.771 0.3750000000
85127  25.730  33.020  -49.815 0.3750000000
84255  26.930  32.265  -47.257 0.1250000000
85112  26.810  33.084  -47.387 0.1250000000
123506  26.331  32.776  -47.981 0.2500000000
85149  24.088  33.122  -53.903 0.6250000000
85153  24.562  34.072  -53.865 0.7500000000
86017  25.168  34.445  -52.843 0.6250000000
123685  25.457  33.824  -49.561 0.3750000000
85120  25.843  33.822  -48.789 0.2500000000
85987  27.533  34.356  -47.023 0.1250000000
118947  26.947  33.858  -47.305 0.1250000000
85103  27.215  32.874  -46.840 0.1250000000
85154  23.586  33.831  -54.337 0.6250000000
121943  24.591  34.894  -52.080 0.3750000000
86023  24.987  34.552  -53.413 0.3750000000
124650  24.480  35.034  -51.007 0.3750000000
86834  25.285  35.180  -49.363 0.2500000000
86003  25.158  34.346  -49.846 0.3750000000
86009  24.787  34.248  -50.725 0.3750000000
86814  26.745  35.431  -47.804 0.1250000000
85997  25.607  34.561  -49.002 0.3750000000
85996  26.214  34.635  -48.193 0.1250000000
116103  23.597  36.375  -54.611 0.3750000000
86028  23.210  34.466  -54.973 0.3750000000
86027  24.419  34.860  -54.124 0.3750000000
86846  24.291  35.631  -51.882 0.3750000000
86853  24.751  35.198  -53.141 0.3750000000
124476  24.510  36.011  -50.942 0.3750000000
86835  24.924  35.828  -49.992 0.3750000000
86841  24.888  34.913  -50.157 0.3750000000
87610  27.237  36.966  -48.259 0.1250000000
86823  25.917  35.508  -48.483 0.1250000000
87612  25.855  36.441  -48.533 0.2500000000
86813  27.587  35.712  -47.515 0.1250000000
126648  23.466  37.146  -52.457 0.2500000000
87637  24.205  36.725  -51.492 0.2500000000
86847  23.737  36.212  -52.956 0.3750000000
88406  24.791  37.476  -49.707 0.1250000000
87625  25.145  36.824  -49.182 0.1250000000
87626  24.710  36.741  -50.327 0.2500000000
89278  26.689  38.198  -48.866 0.1250000000
124563  25.403  35.993  -48.976 0.1250000000
122450  23.093  37.342  -54.018 0.3750000000
88427  23.818  37.873  -51.568 0.2500000000
121634  24.637  38.316  -49.821 0.1250000000
121941  24.237  38.257  -50.675 0.1250000000
89297  25.314  38.708  -49.452 0.1250000000
89298  24.691  39.009  -49.855 0.1250000000
89277  27.430  38.271  -49.218 0.1250000000
90240  26.540  39.447  -49.769 0.1250000000
90254  23.886  39.647  -51.062 0.1250000000
90241  25.777  39.442  -49.721 0.1250000000
91188  24.937  39.889  -50.404 0.1250000000
90238  27.832  39.027  -50.327 0.1250000000
119383  27.539  38.768  -49.755 0.1250000000
69517  27.854  15.785  -48.185 0.8750000000
72167  29.134  18.596  -46.246 0.6250000000
78582  28.093  26.016  -46.124 0.6250000000
83454  24.112  31.019  -52.881 0.8750000000
83447  25.886  31.461  -51.235 0.7500000000
83446  26.238  30.970  -50.477 0.7500000000
124045  26.886  30.738  -47.954 0.5000000000
83428  26.585  31.326  -48.565 0.5000000000
122680  26.556  30.891  -49.490 0.7500000000
88393  26.582  37.500  -48.558 0.1250000000
88420  24.459  37.537  -50.623 0.2500000000
90242  25.057  39.440  -49.872 0.1250000000
126536  27.242  39.350  -49.956 0.1250000000
75892  28.435  22.382  -46.581 0.6250000000
88394  25.863  37.284  -48.657 0.1250000000
122252  27.842  28.781  -45.184 0.1250000000
65719  28.019  10.952  -46.574 0.7500000000
131102  27.077  11.047  -46.748 0.7500000000
115417  26.068  10.942  -46.617 0.7500000000
120368  28.924  11.869  -46.261 0.7500000000
110915  29.275  13.306  -46.048 0.7500000000
110890  24.503  12.910  -46.529 0.6250000000
110901  26.386  13.280  -47.359 0.7500000000
113794  29.039  13.979  -46.405 0.6250000000
121843  28.933  16.245  -46.266 0.6250000000
71305  28.942  17.045  -46.294 0.6250000000
125757  28.998  17.829  -46.321 0.5000000000
111852  29.588  18.828  -45.603 0.3750000000
111528  30.083  20.598  -44.803 0.1250000000
75878  30.309  21.723  -44.086 0.1250000000
111675  30.285  22.624  -43.858 0.1250000000
76823  30.586  23.251  -43.243 0.1250000000
78560  30.266  25.049  -43.125 0.1250000000
78561  29.773  25.739  -43.565 0.1250000000
134545  22.369  29.146  -50.277 0.3750000000
78574  28.747  25.362  -44.943 0.1250000000
79371  28.468  26.029  -45.366 0.1250000000
79372  28.170  26.541  -45.717 0.2500000000
80185  27.954  27.198  -45.750 0.2500000000
82641  21.715  30.304  -50.144 0.5000000000
81799  27.538  29.707  -45.522 0.1250000000
134816  27.421  31.139  -45.919 0.1250000000
84254  27.327  32.329  -46.471 0.1250000000
85102  27.502  33.182  -46.127 0.1250000000
85974  27.721  33.952  -46.168 0.1250000000
85986  27.981  35.136  -47.082 0.1250000000
85973  28.226  34.650  -46.478 0.1250000000
87609  27.935  37.160  -48.371 0.1250000000
88404  28.573  37.712  -49.607 0.1250000000
123788  22.764  33.719  -48.467 0.1250000000
88434  23.070  38.071  -52.915 0.2500000000
89326  23.232  38.837  -52.295 0.1250000000
90264  23.290  40.231  -52.120 0.1250000000
91187  25.492  39.946  -50.251 0.1250000000
91199  25.208  40.472  -50.882 0.1250000000
91185  26.858  39.948  -50.464 0.1250000000
89310  28.473  38.683  -50.639 0.1250000000
90239  27.453  39.596  -50.617 0.1250000000
78607  27.587  25.513  -47.713 0.7500000000
114610  22.395  27.671  -49.581 0.3750000000
81835  26.248  29.413  -50.534 0.8750000000
71318  28.256  17.339  -48.036 0.8750000000
69518  27.126  15.790  -48.203 0.8750000000
73925  28.891  20.031  -46.743 0.7500000000
86860  23.717  35.496  -54.835 0.3750000000
87651  22.994  36.077  -55.382 0.3750000000
89331  21.955  38.925  -54.096 0.1250000000
88435  22.470  38.317  -54.009 0.2500000000
110900  27.073  11.937  -46.980 0.7500000000
113047  28.386  12.668  -47.077 0.7500000000
66679  29.193  12.526  -46.111 0.7500000000
127899  27.979  13.689  -47.808 0.7500000000
110902  25.510  13.110  -46.964 0.7500000000
110918  27.768  14.315  -47.983 0.8750000000
110922  28.431  14.903  -47.505 0.7500000000
68544  27.502  15.083  -48.100 0.8750000000
126906  30.247  19.866  -44.794 0.2500000000
73014  29.752  19.582  -45.423 0.5000000000
73024  29.271  19.390  -46.108 0.6250000000
74879  29.948  21.356  -44.685 0.2500000000
129549  29.328  22.515  -44.982 0.2500000000
75883  28.864  22.281  -45.654 0.6250000000
77713  30.354  24.140  -43.212 0.1250000000
77722  29.155  24.682  -44.566 0.1250000000
76843  28.613  23.861  -45.625 0.5000000000
81003  27.258  28.997  -47.956 0.5000000000
83436  26.160  31.732  -50.285 0.7500000000
82615  27.069  30.092  -48.126 0.5000000000
83400  27.132  31.570  -46.885 0.1250000000
82606  27.218  30.858  -46.487 0.1250000000
82599  27.497  30.623  -45.665 0.1250000000
134284  26.624  32.549  -47.624 0.3750000000
86010  24.757  34.265  -51.675 0.3750000000
85119  26.377  33.709  -47.925 0.3750000000
126099  27.333  35.035  -47.379 0.1250000000
85111  27.313  33.540  -46.841 0.1250000000
85988  26.828  34.532  -47.548 0.1250000000
87602  27.095  36.267  -47.938 0.1250000000
123333  26.441  36.101  -48.175 0.1250000000
86854  24.268  35.693  -54.024 0.3750000000
87611  26.526  36.767  -48.336 0.1250000000
88392  27.284  37.650  -48.621 0.1250000000
86812  28.418  35.809  -47.353 0.1250000000
87601  27.942  36.492  -47.799 0.1250000000
88405  25.222  37.803  -49.175 0.1250000000
89295  26.963  38.858  -49.412 0.1250000000
89279  25.964  38.065  -48.876 0.1250000000
89312  23.745  38.841  -51.149 0.1250000000
90253  24.558  39.487  -50.370 0.1250000000
89294  28.103  38.282  -49.872 0.1250000000
91201  23.817  40.432  -51.610 0.1250000000
131999  23.398  39.449  -51.844 0.1250000000
64779  27.487  10.257  -46.455 0.7500000000
118810  28.388  11.810  -46.673 0.7500000000
65710  28.649  11.089  -46.065 0.7500000000
64780  26.598  10.223  -46.528 0.7500000000
134254  25.274  12.391  -46.677 0.6250000000
130908  29.345  18.172  -45.756 0.5000000000
79355  28.832  26.076  -44.628 0.1250000000
79354  29.267  26.110  -44.057 0.1250000000
83399  27.405  31.635  -46.119 0.1250000000
126361  28.526  36.788  -48.176 0.1250000000
88391  27.976  37.683  -49.071 0.1250000000
110889  25.083  10.950  -46.380 0.5000000000
64778  28.162  10.273  -46.108 0.6250000000
66678  29.355  12.611  -45.242 0.3750000000
110924  29.742  13.929  -44.483 0.2500000000
112076  29.486  13.434  -45.268 0.3750000000
114067  29.254  14.637  -45.943 0.5000000000
112296  29.062  15.446  -46.155 0.5000000000
110927  29.190  15.982  -45.642 0.3750000000
111915  29.645  12.953  -44.344 0.5000000000
66671  29.365  12.043  -44.532 0.6250000000
112019  29.299  17.492  -45.632 0.5000000000
63816  28.191  9.561  -45.625 0.6250000000
64781  25.628  10.202  -46.400 0.3750000000
64768  28.515  10.315  -45.413 0.6250000000
63832  26.155  9.480  -46.347 0.6250000000
65687  29.455  11.445  -43.882 0.3750000000
65698  29.114  11.256  -44.577 0.5000000000
110883  23.988  10.839  -46.168 0.2500000000
67563  29.804  12.868  -43.467 0.3750000000
112420  29.734  14.812  -44.533 0.2500000000
67571  29.936  13.622  -43.644 0.2500000000
110895  24.059  13.736  -46.527 0.3750000000
111962  29.404  16.194  -45.002 0.3750000000
116524  29.593  17.082  -44.830 0.2500000000
110935  29.800  18.130  -45.107 0.2500000000
73927  21.165  20.557  -45.912 0.1250000000
75906  21.539  23.276  -47.395 0.2500000000
77788  22.542  24.662  -48.842 0.3750000000
83438  20.885  30.762  -49.365 0.2500000000
74905  21.397  21.764  -46.373 0.1250000000
73028  20.982  19.361  -45.813 0.2500000000
65709  29.092  11.749  -45.485 0.6250000000
118668  29.362  12.953  -45.715 0.5000000000
112155  29.348  13.943  -45.788 0.5000000000
110939  30.156  19.021  -45.006 0.2500000000
110885  24.457  11.812  -46.367 0.3750000000
125661  23.586  13.120  -46.269 0.2500000000
112135  29.215  16.681  -45.602 0.2500000000
135040  28.817  10.971  -45.198 0.6250000000
112587  30.022  14.439  -43.836 0.2500000000
110919  29.512  14.345  -45.220 0.3750000000
110920  29.404  15.292  -45.281 0.3750000000
66662  29.656  12.189  -43.725 0.3750000000
64782  24.638  10.165  -46.194 0.3750000000
63830  27.758  9.681  -46.131 0.6250000000
64757  29.262  10.828  -43.986 0.3750000000
64758  28.861  10.430  -44.496 0.5000000000
117799  29.698  15.665  -44.467 0.2500000000
72162  20.226  18.907  -45.456 0.1250000000
62841  27.092  8.158  -45.742 0.5000000000
122783  28.653  9.029  -44.150 0.3750000000
63804  28.543  9.622  -44.809 0.5000000000
63817  27.626  8.920  -45.859 0.5000000000
61826  26.633  7.478  -45.570 0.3750000000
62842  26.119  8.099  -45.829 0.5000000000
62855  26.656  8.792  -46.152 0.5000000000
63831  27.089  9.520  -46.349 0.5000000000
59853  26.172  5.860  -45.211 0.1250000000
63818  24.877  8.892  -45.865 0.2500000000
59837  26.948  5.342  -44.778 0.1250000000
60831  26.987  6.273  -45.079 0.2500000000
60830  27.648  6.875  -44.823 0.3750000000
63792  29.208  9.273  -43.375 0.2500000000
62824  28.486  8.310  -44.303 0.3750000000
62832  28.273  8.728  -45.073 0.5000000000
121281  25.931  5.001  -44.950 0.1250000000
60848  27.039  6.982  -45.293 0.3750000000
61812  28.125  7.742  -44.797 0.3750000000
61828  24.596  7.061  -45.407 0.1250000000
116829  23.960  7.707  -45.262 0.1250000000
80168  28.141  27.753  -45.107 0.1250000000
63833  25.209  9.487  -46.159 0.3750000000
63819  24.244  9.455  -45.809 0.2500000000
64744  29.570  10.817  -43.361 0.2500000000
62833  27.788  8.208  -45.405 0.5000000000
63793  28.855  9.723  -44.057 0.3750000000
61825  27.448  7.563  -45.319 0.3750000000
61827  25.671  7.325  -45.595 0.2500000000
131914  24.997  8.075  -45.694 0.1250000000
62856  25.669  8.789  -46.083 0.1250000000
59854  25.148  5.579  -45.101 0.1250000000
60849  26.327  6.733  -45.411 0.2500000000
60850  25.370  6.452  -45.366 0.1250000000
62823  28.819  8.415  -43.587 0.2500000000
113645  27.583  6.094  -44.468 0.2500000000
60829  28.204  6.980  -44.224 0.2500000000
110888  23.430  12.382  -46.071 0.2500000000
133676  27.923  6.531  -44.346 0.1250000000
110887  22.428  12.176  -45.436 0.1250000000
81028  22.170  28.519  -49.789 0.1250000000
81029  21.133  28.561  -49.053 0.1250000000
82642  20.978  29.927  -49.397 0.1250000000
81838  21.706  29.351  -49.754 0.1250000000
134635  21.037  29.022  -48.684 0.1250000000
81830  20.855  29.176  -49.025 0.1250000000
83430  20.681  30.901  -48.791 0.1250000000
82636  20.666  30.043  -48.959 0.1250000000
82628  20.828  30.264  -48.592 0.1250000000
82618  21.507  30.464  -48.115 0.1250000000
122692  22.314  26.927  -49.115 0.1250000000
129089  23.833  10.172  -45.868 0.1250000000
110884  23.217  11.550  -45.772 0.1250000000
76889  22.127  24.526  -48.259 0.1250000000
79405  22.387  26.440  -48.892 0.1250000000
80217  22.115  27.289  -49.036 0.1250000000
81019  21.627  27.922  -49.002 0.1250000000
81006  22.629  28.028  -48.776 0.1250000000
81815  22.400  29.856  -48.199 0.1250000000
82617  22.768  30.666  -47.786 0.1250000000
83417  21.064  31.036  -48.343 0.1250000000
110896  23.040  13.690  -46.145 0.1250000000
64769  22.978  10.645  -45.403 0.1250000000
110894  22.768  12.937  -45.723 0.1250000000
110886  22.245  11.434  -45.202 0.1250000000
81012  21.623  27.965  -48.958 0.1250000000
81816  21.242  29.592  -48.422 0.1250000000
81013  21.646  28.795  -48.600 0.1250000000
81005  24.209  28.628  -48.615 0.1250000000
83415  22.823  31.306  -47.409 0.1250000000
66653  29.839  12.327  -42.921 0.1250000000
67562  30.125  13.239  -42.752 0.1250000000
67570  30.298  14.187  -43.074 0.1250000000
111730  30.479  15.570  -43.222 0.1250000000
110925  30.049  15.237  -43.858 0.1250000000
111805  30.063  16.049  -43.836 0.1250000000
134098  29.723  16.383  -44.408 0.1250000000
126994  30.804  17.288  -42.887 0.1250000000
126830  30.452  17.493  -43.523 0.1250000000
110926  30.036  16.890  -43.994 0.1250000000
111314  30.719  18.898  -43.394 0.1250000000
127359  30.106  17.756  -44.307 0.1250000000
110938  30.474  19.221  -44.160 0.1250000000
118281  29.798  9.090  -42.577 0.1250000000
61801  28.542  7.671  -43.912 0.1250000000
63769  29.740  10.040  -42.846 0.1250000000
64722  29.929  10.921  -42.680 0.1250000000
67554  30.545  13.144  -41.923 0.1250000000
66652  30.281  12.422  -42.238 0.1250000000
110940  30.629  13.952  -42.303 0.1250000000
110937  31.257  15.160  -42.046 0.1250000000
113072  31.037  15.842  -42.488 0.1250000000
112130  30.554  16.552  -43.194 0.1250000000
127010  31.226  17.529  -42.336 0.1250000000
126858  31.109  19.024  -42.716 0.1250000000
127245  30.534  20.129  -44.091 0.1250000000
126904  31.300  20.587  -42.894 0.1250000000
126865  31.406  19.842  -42.469 0.1250000000
132666  30.337  20.368  -44.500 0.1250000000
65669  29.712  11.553  -43.148 0.1250000000
127665  30.239  18.510  -44.516 0.1250000000
112177  30.786  14.868  -42.645 0.1250000000
64745  29.269  10.183  -43.676 0.1250000000
62804  29.359  8.398  -42.919 0.1250000000
65668  30.070  11.661  -42.487 0.1250000000
111321  30.826  18.133  -42.964 0.1250000000
126857  30.471  18.336  -43.818 0.1250000000
111318  30.890  19.769  -43.331 0.1250000000
63768  30.218  9.636  -42.235 0.1250000000
68489  31.104  14.474  -41.871 0.1250000000
77793  26.317  24.884  -50.610 1.0000000000
81823  20.872  29.389  -48.830 0.1250000000
83437  20.932  31.516  -49.185 0.3750000000
86861  20.941  35.101  -55.123 0.5000000000
87656  22.000  37.149  -55.076 0.3750000000
89296  26.196  38.797  -49.300 0.1250000000
89311  24.258  38.957  -50.367 0.1250000000
110932  30.348  14.867  -43.328 0.2500000000
117072  27.214  24.300  -49.987 1.0000000000
133545  28.723  16.594  -46.909 0.6250000000
134301  22.707  35.097  -55.536 0.3750000000
