#!ascii label  , from subject sub-v2s8x29238_ses-1 vox2ras=TkReg
1020
52049  14.606  -24.720  20.089 0.0000000000
64280  31.148  -11.700  5.966 0.0000000000
56819  22.989  -20.045  11.151 0.0000000000
48156  2.083  -28.759  26.015 0.0000000000
49198  10.940  -27.128  24.067 0.0000000000
59658  24.808  -16.922  9.627 0.0000000000
45475  7.640  -31.295  24.243 0.0000000000
45443  5.839  -30.833  27.548 0.0000000000
43742  10.822  -33.625  23.997 0.0000000000
63317  35.648  -12.536  5.505 0.0000000000
55827  17.319  -20.695  20.130 0.0000000000
54803  17.600  -21.730  15.952 0.0000000000
51168  19.192  -25.200  20.002 0.0000000000
119626  33.367  -7.870  4.434 0.0000000000
110359  37.155  -8.803  3.058 0.0000000000
65161  27.302  -10.537  8.526 0.0000000000
61423  31.338  -13.797  10.172 0.0000000000
59671  28.321  -16.721  8.477 0.0000000000
56808  27.835  -19.534  12.603 0.0000000000
48197  15.627  -28.127  23.661 0.0000000000
43684  0.590  -33.017  28.686 0.0000000000
44551  -3.259  -32.367  29.800 0.0000000000
46239  -4.827  -30.581  33.814 0.0000000000
52882  11.045  -23.926  22.129 0.0000000000
44616  14.432  -32.557  23.286 0.0000000000
58671  18.313  -17.626  12.991 0.0000000000
54797  23.066  -21.685  16.615 0.0000000000
70600  38.893  -4.942  1.186 0.0000000000
63319  33.137  -12.304  5.421 0.0000000000
62362  33.252  -13.154  7.853 0.0000000000
115477  15.694  -22.513  19.599 0.0000000000
52934  17.532  -23.828  18.321 0.0000000000
51183  17.052  -25.203  19.834 0.0000000000
67151  30.983  -9.099  6.704 0.0000000000
68056  32.471  -7.710  6.580 0.0000000000
66201  31.995  -9.778  5.035 0.0000000000
123632  34.118  -10.101  3.847 0.0000000000
41866  -5.805  -35.356  34.234 0.0000000000
62352  27.802  -13.265  8.559 0.0000000000
61425  25.763  -13.883  9.403 0.0000000000
122304  24.087  -18.797  10.004 0.0000000000
56837  25.642  -18.797  9.704 0.0000000000
55931  25.507  -20.063  11.514 0.0000000000
55897  25.432  -20.506  14.367 0.0000000000
46320  3.745  -30.128  26.643 0.0000000000
46290  4.575  -30.181  28.351 0.0000000000
45444  3.336  -31.012  27.859 0.0000000000
44562  2.131  -32.340  28.947 0.0000000000
45447  0.795  -31.357  27.385 0.0000000000
46282  -2.379  -30.037  29.630 0.0000000000
46262  -4.563  -31.028  31.918 0.0000000000
51140  10.693  -25.457  23.039 0.0000000000
128088  12.891  -29.306  20.819 0.0000000000
45514  12.575  -30.634  21.756 0.0000000000
42853  10.023  -34.362  26.443 0.0000000000
114430  12.416  -34.483  27.045 0.0000000000
53784  20.842  -22.560  18.078 0.0000000000
118103  20.804  -20.908  15.737 0.0000000000
109592  25.552  -14.298  10.707 0.0000000000
59625  23.124  -16.391  11.189 0.0000000000
59642  21.651  -17.126  11.043 0.0000000000
112428  8.388  -33.457  27.043 0.0000000000
44561  7.600  -32.642  28.084 0.0000000000
45455  6.654  -31.568  26.060 0.0000000000
47236  5.478  -29.384  25.063 0.0000000000
49187  3.118  -27.639  25.591 0.0000000000
45500  11.893  -31.557  22.656 0.0000000000
45486  10.516  -32.076  23.375 0.0000000000
113481  9.137  -32.811  24.045 0.0000000000
57679  17.166  -18.643  19.431 0.0000000000
57717  16.459  -18.966  16.275 0.0000000000
54773  16.915  -21.819  17.282 0.0000000000
52087  18.976  -24.111  18.013 0.0000000000
69730  35.900  -5.558  3.264 0.0000000000
67181  35.486  -8.590  3.346 0.0000000000
64306  36.675  -11.326  3.868 0.0000000000
64271  29.566  -10.778  6.749 0.0000000000
63277  30.561  -12.766  8.566 0.0000000000
63279  29.112  -12.627  8.623 0.0000000000
60566  30.050  -15.323  9.024 0.0000000000
58702  29.932  -17.790  9.846 0.0000000000
59673  26.171  -16.509  8.811 0.0000000000
57787  28.256  -18.332  9.494 0.0000000000
50222  14.003  -26.283  21.738 0.0000000000
120771  15.987  -25.478  22.547 0.0000000000
67126  29.554  -8.744  8.466 0.0000000000
48142  0.481  -28.797  27.370 0.0000000000
46292  -0.691  -30.720  27.995 0.0000000000
44550  -1.944  -32.506  29.005 0.0000000000
42772  -1.916  -34.730  31.355 0.0000000000
42774  -3.724  -34.280  31.498 0.0000000000
42751  -5.303  -33.757  32.638 0.0000000000
44489  -5.824  -32.521  33.643 0.0000000000
45364  -6.418  -31.972  35.083 0.0000000000
52051  12.334  -23.863  20.383 0.0000000000
48229  13.785  -28.343  20.878 0.0000000000
46374  15.695  -30.525  22.746 0.0000000000
43756  13.069  -33.354  23.564 0.0000000000
56822  20.307  -19.484  11.543 0.0000000000
55901  17.850  -19.340  14.507 0.0000000000
55914  19.751  -19.796  14.071 0.0000000000
54853  23.206  -21.178  13.637 0.0000000000
110108  18.810  -25.533  22.604 0.0000000000
68926  40.850  -5.931  -0.096 0.0000000000
68900  38.322  -6.691  2.250 0.0000000000
68096  39.847  -7.260  1.596 0.0000000000
63321  31.809  -12.034  5.750 0.0000000000
63307  33.375  -12.624  6.170 0.0000000000
63293  31.955  -12.762  7.105 0.0000000000
52924  14.711  -23.482  19.509 0.0000000000
111385  16.329  -24.546  19.380 0.0000000000
52062  15.363  -24.629  19.768 0.0000000000
65197  30.994  -10.222  5.788 0.0000000000
66202  31.428  -9.743  5.577 0.0000000000
65196  31.530  -10.455  5.326 0.0000000000
64279  32.444  -11.361  4.902 0.0000000000
41867  -6.686  -35.006  34.752 0.0000000000
64233  25.481  -11.825  9.847 0.0000000000
63256  25.287  -12.407  10.240 0.0000000000
56831  23.493  -19.453  10.542 0.0000000000
130187  25.074  -19.551  10.450 0.0000000000
55932  24.597  -20.325  11.777 0.0000000000
55920  25.504  -20.309  12.444 0.0000000000
55921  24.695  -20.569  12.867 0.0000000000
47221  3.261  -29.591  25.972 0.0000000000
46303  3.432  -30.633  27.108 0.0000000000
46321  2.772  -30.386  26.534 0.0000000000
46304  2.143  -31.040  26.896 0.0000000000
47224  1.083  -30.013  26.731 0.0000000000
49208  10.707  -27.028  23.146 0.0000000000
48214  11.228  -28.551  21.957 0.0000000000
47290  11.582  -29.515  22.325 0.0000000000
42818  10.028  -34.198  28.359 0.0000000000
59575  17.456  -16.347  17.182 0.0000000000
54722  21.556  -20.901  18.713 0.0000000000
59641  22.599  -17.041  10.823 0.0000000000
60525  21.406  -15.975  11.718 0.0000000000
44597  7.746  -32.556  25.454 0.0000000000
44585  7.241  -32.261  26.203 0.0000000000
45454  7.208  -31.757  25.203 0.0000000000
47252  6.059  -28.810  24.556 0.0000000000
48188  5.078  -27.771  24.938 0.0000000000
48172  4.481  -28.400  25.190 0.0000000000
113528  11.440  -30.706  23.772 0.0000000000
45474  8.399  -31.587  23.931 0.0000000000
44622  9.038  -32.180  23.795 0.0000000000
44605  8.542  -32.450  24.260 0.0000000000
43725  8.949  -33.653  25.680 0.0000000000
56741  16.841  -19.854  18.659 0.0000000000
55838  17.050  -20.814  19.137 0.0000000000
52060  17.946  -25.000  19.305 0.0000000000
52933  18.175  -24.006  18.100 0.0000000000
52058  19.626  -24.789  19.477 0.0000000000
52073  20.077  -24.359  18.900 0.0000000000
52047  20.460  -24.576  20.657 0.0000000000
68068  33.046  -7.406  5.175 0.0000000000
68897  34.872  -6.991  3.692 0.0000000000
68073  34.093  -7.484  4.045 0.0000000000
64293  34.638  -11.819  4.448 0.0000000000
65219  34.928  -10.263  3.668 0.0000000000
64292  35.548  -11.672  4.208 0.0000000000
65171  28.379  -10.490  7.659 0.0000000000
63296  29.315  -12.173  7.907 0.0000000000
114979  28.118  -11.704  8.272 0.0000000000
123862  27.626  -14.222  8.447 0.0000000000
61440  28.434  -13.978  8.557 0.0000000000
60568  28.572  -15.781  8.421 0.0000000000
59655  30.010  -17.076  9.287 0.0000000000
58730  28.851  -17.195  8.739 0.0000000000
60541  25.156  -15.563  10.439 0.0000000000
60554  25.411  -15.704  9.586 0.0000000000
59657  25.469  -16.523  9.287 0.0000000000
123588  26.782  -19.354  10.475 0.0000000000
57778  27.070  -19.009  9.937 0.0000000000
56816  28.231  -19.074  10.752 0.0000000000
57766  28.971  -18.824  10.904 0.0000000000
49206  14.825  -26.891  22.961 0.0000000000
50208  15.021  -26.270  23.542 0.0000000000
67116  27.980  -9.043  9.204 0.0000000000
66161  28.219  -9.464  8.318 0.0000000000
66173  29.340  -9.814  7.155 0.0000000000
44574  6.933  -32.027  27.782 0.0000000000
45430  6.477  -31.443  28.306 0.0000000000
44548  1.541  -32.778  29.427 0.0000000000
44535  1.440  -32.472  30.768 0.0000000000
43653  0.987  -33.130  30.531 0.0000000000
119948  0.500  -33.610  30.144 0.0000000000
48115  -0.237  -28.019  28.912 0.0000000000
47197  -0.105  -29.269  27.836 0.0000000000
47186  -1.110  -29.201  28.975 0.0000000000
44552  -3.251  -31.417  29.804 0.0000000000
45424  -2.028  -31.542  28.783 0.0000000000
43673  -2.526  -32.929  29.531 0.0000000000
43656  -1.357  -33.923  29.999 0.0000000000
44536  -3.068  -33.263  30.067 0.0000000000
42773  -2.880  -34.514  31.261 0.0000000000
43658  -3.495  -33.432  30.523 0.0000000000
46252  -4.669  -30.765  32.876 0.0000000000
44508  -5.071  -32.621  32.008 0.0000000000
117719  -5.181  -32.177  32.415 0.0000000000
43599  -5.846  -33.351  33.360 0.0000000000
45376  -5.659  -31.799  34.037 0.0000000000
54674  11.942  -21.758  22.808 0.0000000000
54690  12.311  -21.913  21.601 0.0000000000
109344  11.718  -23.886  20.775 0.0000000000
50228  12.837  -25.968  20.858 0.0000000000
49235  12.325  -26.797  20.648 0.0000000000
45512  13.899  -31.059  21.664 0.0000000000
46384  14.873  -30.085  21.573 0.0000000000
45483  15.625  -31.367  23.274 0.0000000000
43758  11.320  -33.282  23.455 0.0000000000
44619  11.833  -32.849  22.983 0.0000000000
43741  11.637  -33.785  24.054 0.0000000000
42849  13.106  -34.253  26.597 0.0000000000
62348  30.993  -13.085  9.367 0.0000000000
62347  31.913  -13.246  9.236 0.0000000000
62310  31.926  -13.733  10.552 0.0000000000
59612  18.818  -16.386  12.132 0.0000000000
58692  19.522  -17.456  11.502 0.0000000000
57756  19.254  -18.941  12.236 0.0000000000
54826  16.880  -21.234  15.927 0.0000000000
57726  16.688  -18.853  15.372 0.0000000000
54825  18.248  -21.014  15.337 0.0000000000
112296  21.694  -21.340  16.214 0.0000000000
54823  20.701  -20.714  15.443 0.0000000000
54822  21.452  -21.233  15.497 0.0000000000
54854  21.743  -21.333  13.760 0.0000000000
54820  23.333  -21.671  15.813 0.0000000000
55885  24.476  -21.059  15.052 0.0000000000
51147  17.728  -25.586  22.566 0.0000000000
69746  39.625  -5.143  0.691 0.0000000000
67179  37.180  -7.815  2.848 0.0000000000
68901  37.506  -6.349  2.426 0.0000000000
67191  38.164  -7.953  2.705 0.0000000000
68083  39.634  -7.835  2.124 0.0000000000
67187  40.789  -8.821  1.916 0.0000000000
116100  8.212  -29.995  23.969 0.0000000000
129444  7.585  -29.679  24.100 0.0000000000
108594  33.816  -12.467  5.515 0.0000000000
63305  35.555  -12.478  6.544 0.0000000000
63306  34.215  -12.623  6.106 0.0000000000
54724  16.768  -21.610  19.776 0.0000000000
53786  16.912  -22.415  18.814 0.0000000000
120070  16.604  -23.125  18.891 0.0000000000
52061  17.199  -24.678  19.195 0.0000000000
51182  17.934  -25.419  20.051 0.0000000000
68046  32.458  -7.752  7.626 0.0000000000
67150  31.614  -8.739  6.425 0.0000000000
67164  32.315  -8.460  5.389 0.0000000000
67171  33.076  -8.789  4.341 0.0000000000
66210  33.593  -9.494  4.005 0.0000000000
65204  32.773  -9.854  4.461 0.0000000000
119000  33.710  -11.384  4.440 0.0000000000
41865  -5.007  -35.488  33.813 0.0000000000
65149  26.739  -10.259  9.244 0.0000000000
64243  27.369  -11.391  8.522 0.0000000000
64244  26.796  -11.900  8.885 0.0000000000
62332  26.249  -13.497  8.977 0.0000000000
108099  26.957  -14.922  8.482 0.0000000000
58703  24.202  -17.351  9.888 0.0000000000
58721  24.833  -17.705  9.504 0.0000000000
57790  24.900  -18.466  9.659 0.0000000000
108266  26.214  -19.541  10.657 0.0000000000
107853  27.182  -19.690  12.033 0.0000000000
56800  26.985  -19.869  13.884 0.0000000000
56789  26.846  -19.945  14.801 0.0000000000
47231  16.712  -29.651  25.014 0.0000000000
121972  4.555  -30.146  26.932 0.0000000000
46289  5.328  -30.433  28.058 0.0000000000
46302  4.758  -30.195  27.658 0.0000000000
46291  3.975  -30.292  28.560 0.0000000000
45432  3.402  -30.982  28.885 0.0000000000
45434  1.978  -32.144  28.096 0.0000000000
128646  0.843  -32.617  28.304 0.0000000000
48117  -1.444  -28.809  29.703 0.0000000000
47176  -2.709  -29.646  30.449 0.0000000000
45412  -3.644  -30.942  30.539 0.0000000000
121226  -3.834  -31.846  30.323 0.0000000000
46261  -3.947  -30.546  31.372 0.0000000000
46251  -4.165  -30.219  32.265 0.0000000000
46238  -4.297  -29.993  33.187 0.0000000000
52032  10.799  -24.760  22.612 0.0000000000
48251  11.920  -27.481  20.660 0.0000000000
122415  11.614  -28.231  21.030 0.0000000000
47307  12.625  -29.751  21.221 0.0000000000
45498  13.620  -31.709  22.141 0.0000000000
42868  10.349  -34.309  25.432 0.0000000000
42867  11.473  -34.508  25.529 0.0000000000
42851  11.614  -34.594  26.631 0.0000000000
60540  31.655  -15.466  10.120 0.0000000000
59597  17.615  -16.537  14.129 0.0000000000
112165  19.861  -22.995  16.974 0.0000000000
54801  19.921  -21.224  15.932 0.0000000000
124520  20.672  -22.094  17.172 0.0000000000
110129  21.696  -21.109  17.158 0.0000000000
71378  38.032  -3.456  1.666 0.0000000000
117579  -7.601  -33.664  35.399 0.0000000000
61394  25.785  -14.775  11.403 0.0000000000
60542  24.642  -16.070  10.499 0.0000000000
59624  23.988  -16.252  10.835 0.0000000000
59640  23.503  -16.991  10.431 0.0000000000
57780  22.990  -18.555  10.387 0.0000000000
56832  22.522  -19.397  10.691 0.0000000000
43694  9.032  -33.737  27.792 0.0000000000
43668  8.681  -33.267  29.384 0.0000000000
123208  7.859  -33.032  27.302 0.0000000000
44586  6.782  -31.847  26.924 0.0000000000
110470  6.125  -31.079  26.800 0.0000000000
46334  6.387  -30.555  25.047 0.0000000000
46335  5.686  -30.168  25.570 0.0000000000
46318  5.657  -30.558  26.364 0.0000000000
47220  4.312  -29.680  26.041 0.0000000000
47238  3.863  -28.942  25.555 0.0000000000
126765  2.449  -28.057  25.793 0.0000000000
108793  11.784  -30.296  22.542 0.0000000000
47270  11.645  -30.087  23.320 0.0000000000
45485  11.260  -31.848  23.045 0.0000000000
121382  10.642  -33.155  23.547 0.0000000000
45473  10.253  -31.485  23.671 0.0000000000
44621  9.494  -32.576  23.742 0.0000000000
43723  10.230  -33.811  24.548 0.0000000000
126326  9.563  -34.106  25.826 0.0000000000
43704  9.132  -33.909  26.614 0.0000000000
58626  17.743  -16.877  18.933 0.0000000000
59566  17.084  -17.014  17.621 0.0000000000
57708  16.590  -18.499  17.704 0.0000000000
55856  16.539  -20.315  17.090 0.0000000000
54804  17.093  -21.838  16.529 0.0000000000
53785  17.328  -23.175  18.092 0.0000000000
53793  17.418  -22.596  17.260 0.0000000000
52959  19.026  -22.989  16.713 0.0000000000
52931  20.447  -23.629  18.468 0.0000000000
52920  21.229  -23.294  19.796 0.0000000000
69731  35.242  -5.468  3.910 0.0000000000
117220  35.591  -6.935  3.295 0.0000000000
67180  36.287  -8.214  3.069 0.0000000000
66209  34.387  -9.404  3.681 0.0000000000
66221  35.864  -9.864  3.465 0.0000000000
64270  30.382  -11.329  6.307 0.0000000000
63294  31.029  -12.566  7.363 0.0000000000
63295  30.136  -12.339  7.651 0.0000000000
63278  29.811  -12.678  8.690 0.0000000000
62349  30.080  -13.476  9.362 0.0000000000
110984  28.349  -12.532  8.516 0.0000000000
121144  29.300  -13.686  8.942 0.0000000000
61424  30.601  -14.404  9.588 0.0000000000
59637  31.297  -16.363  9.842 0.0000000000
58700  31.247  -17.080  10.207 0.0000000000
108277  25.471  -14.215  9.902 0.0000000000
61443  26.142  -15.131  8.784 0.0000000000
120222  26.883  -16.561  8.568 0.0000000000
58719  26.377  -17.819  9.037 0.0000000000
58718  27.078  -17.925  8.916 0.0000000000
58731  28.243  -17.414  8.693 0.0000000000
57786  29.047  -18.126  9.636 0.0000000000
51173  14.151  -25.208  20.712 0.0000000000
51160  14.876  -25.524  21.507 0.0000000000
51149  15.160  -25.632  22.580 0.0000000000
51139  15.391  -25.803  24.025 0.0000000000
66172  30.205  -9.422  6.916 0.0000000000
66189  29.980  -10.052  6.585 0.0000000000
49170  1.826  -27.918  26.365 0.0000000000
49134  1.032  -27.151  28.000 0.0000000000
48141  1.101  -28.341  26.898 0.0000000000
47209  0.430  -29.664  27.207 0.0000000000
45448  0.033  -31.069  27.612 0.0000000000
45435  -0.489  -31.721  28.072 0.0000000000
47199  -1.356  -29.871  28.731 0.0000000000
44566  -1.287  -32.114  28.543 0.0000000000
43685  -0.185  -33.359  28.950 0.0000000000
43655  -0.708  -34.096  30.231 0.0000000000
42793  -0.628  -34.396  30.933 0.0000000000
41881  -3.551  -35.583  33.242 0.0000000000
44523  -4.690  -32.860  31.395 0.0000000000
42750  -4.436  -34.270  32.050 0.0000000000
41882  -4.520  -35.269  33.272 0.0000000000
41883  -5.433  -34.948  33.492 0.0000000000
42714  -6.210  -34.651  33.959 0.0000000000
44490  -6.312  -33.001  34.131 0.0000000000
45363  -5.849  -31.617  34.845 0.0000000000
44469  -6.103  -32.257  34.482 0.0000000000
44470  -6.733  -32.651  34.799 0.0000000000
53770  13.894  -22.972  19.748 0.0000000000
53747  13.132  -22.482  20.277 0.0000000000
52050  13.084  -24.180  20.064 0.0000000000
51162  13.569  -25.642  20.982 0.0000000000
49224  13.736  -27.171  21.193 0.0000000000
48213  14.924  -28.434  21.910 0.0000000000
114402  13.829  -29.080  20.874 0.0000000000
47304  15.001  -29.271  21.633 0.0000000000
47269  16.059  -29.726  23.135 0.0000000000
46376  12.065  -30.790  22.351 0.0000000000
44629  13.212  -32.326  22.531 0.0000000000
43755  13.968  -33.108  23.793 0.0000000000
42866  12.967  -34.197  25.673 0.0000000000
43721  13.471  -33.864  25.260 0.0000000000
43738  14.325  -33.212  24.488 0.0000000000
62363  32.392  -13.127  7.942 0.0000000000
121736  20.965  -16.647  11.390 0.0000000000
121982  20.749  -18.279  10.926 0.0000000000
56820  21.976  -19.883  11.107 0.0000000000
58643  16.562  -18.057  15.991 0.0000000000
57725  16.900  -17.872  15.016 0.0000000000
57737  17.890  -18.591  14.156 0.0000000000
55887  19.083  -20.171  14.903 0.0000000000
56790  19.278  -19.486  14.150 0.0000000000
130395  18.965  -18.873  12.897 0.0000000000
124059  20.201  -20.208  12.558 0.0000000000
110541  21.715  -20.619  12.222 0.0000000000
54865  23.170  -20.865  12.814 0.0000000000
55898  24.787  -20.761  14.541 0.0000000000
51159  16.946  -25.593  21.223 0.0000000000
51158  17.763  -25.639  21.424 0.0000000000
51145  19.210  -25.500  21.759 0.0000000000
51134  20.220  -25.223  23.350 0.0000000000
52031  20.449  -24.986  22.401 0.0000000000
70611  41.154  -4.450  -0.688 0.0000000000
69740  37.794  -5.080  1.876 0.0000000000
69739  38.510  -5.487  1.588 0.0000000000
68084  38.949  -7.818  2.461 0.0000000000
68899  39.095  -7.094  2.050 0.0000000000
69738  39.216  -5.742  1.271 0.0000000000
68906  40.166  -6.738  1.101 0.0000000000
68101  41.269  -7.600  0.239 0.0000000000
63308  32.421  -12.460  6.107 0.0000000000
63309  31.489  -12.294  6.418 0.0000000000
119687  14.632  -24.195  19.647 0.0000000000
64281  30.963  -10.998  5.710 0.0000000000
112284  31.750  -11.339  5.326 0.0000000000
56818  24.004  -20.017  10.983 0.0000000000
55933  23.699  -20.337  11.614 0.0000000000
47222  2.402  -29.543  26.141 0.0000000000
46322  1.871  -30.250  26.552 0.0000000000
47223  1.649  -29.441  26.409 0.0000000000
49207  10.942  -27.766  23.413 0.0000000000
48198  10.862  -27.782  22.600 0.0000000000
42810  9.901  -33.990  29.341 0.0000000000
115685  10.543  -34.282  29.142 0.0000000000
59574  18.062  -15.895  17.889 0.0000000000
44606  7.867  -32.132  24.544 0.0000000000
46351  8.103  -30.789  23.886 0.0000000000
125549  8.233  -32.722  24.902 0.0000000000
130361  18.517  -25.256  19.785 0.0000000000
52059  18.855  -24.937  19.290 0.0000000000
52048  19.879  -24.968  20.287 0.0000000000
68889  33.431  -6.703  5.568 0.0000000000
68893  33.639  -7.030  4.729 0.0000000000
63329  35.479  -12.295  4.709 0.0000000000
117778  36.171  -12.465  4.888 0.0000000000
40924  -3.167  -36.139  33.931 0.0000000000
64242  27.921  -10.898  7.990 0.0000000000
61441  28.025  -14.964  8.355 0.0000000000
59670  29.110  -16.453  8.600 0.0000000000
59638  24.937  -16.217  9.882 0.0000000000
111014  27.811  -19.421  11.526 0.0000000000
56827  27.441  -19.269  10.634 0.0000000000
49215  15.214  -28.009  22.815 0.0000000000
49205  15.182  -27.143  23.617 0.0000000000
66162  27.482  -9.749  8.723 0.0000000000
65160  27.913  -10.113  8.062 0.0000000000
66174  28.555  -9.886  7.666 0.0000000000
45442  6.375  -31.390  27.580 0.0000000000
125687  5.999  -30.979  28.044 0.0000000000
43683  1.056  -33.108  29.141 0.0000000000
117631  1.425  -32.807  30.099 0.0000000000
43669  1.037  -33.193  29.787 0.0000000000
43670  0.503  -33.414  29.371 0.0000000000
48130  -0.509  -28.834  28.574 0.0000000000
120990  -2.687  -31.960  29.261 0.0000000000
42796  -2.905  -33.938  30.586 0.0000000000
44537  -3.737  -32.738  30.334 0.0000000000
45387  -4.987  -31.527  32.594 0.0000000000
45375  -5.188  -31.289  33.496 0.0000000000
45388  -5.446  -32.002  33.132 0.0000000000
54657  11.782  -21.931  23.267 0.0000000000
110124  11.395  -23.056  22.102 0.0000000000
52900  11.504  -23.313  21.267 0.0000000000
52040  11.295  -24.331  21.360 0.0000000000
50230  11.680  -25.758  20.924 0.0000000000
45497  14.402  -31.526  22.167 0.0000000000
45496  15.138  -31.186  22.371 0.0000000000
44615  15.187  -32.200  23.595 0.0000000000
44603  15.426  -32.358  24.394 0.0000000000
62330  31.472  -13.438  9.993 0.0000000000
59605  17.978  -16.260  13.410 0.0000000000
60506  18.440  -15.883  12.781 0.0000000000
59613  18.296  -16.746  12.772 0.0000000000
58681  18.777  -17.374  12.072 0.0000000000
57757  18.787  -18.284  12.501 0.0000000000
123853  17.357  -20.999  15.481 0.0000000000
54798  22.010  -21.252  16.753 0.0000000000
109938  22.538  -21.598  16.153 0.0000000000
54821  22.497  -21.608  15.408 0.0000000000
70608  39.161  -4.221  0.722 0.0000000000
115281  39.811  -4.430  0.333 0.0000000000
129195  37.688  -8.343  2.891 0.0000000000
47250  7.888  -29.085  24.163 0.0000000000
48184  8.095  -28.559  24.554 0.0000000000
63292  32.880  -12.865  6.997 0.0000000000
63291  33.878  -12.818  7.091 0.0000000000
53768  16.448  -22.441  19.310 0.0000000000
67135  31.480  -8.586  7.227 0.0000000000
66187  31.272  -9.347  6.066 0.0000000000
67165  31.849  -9.029  5.591 0.0000000000
67172  32.413  -8.997  4.867 0.0000000000
64294  33.055  -11.781  4.840 0.0000000000
63330  33.811  -12.196  4.889 0.0000000000
119386  26.236  -10.912  9.435 0.0000000000
65162  26.660  -11.062  8.918 0.0000000000
126369  25.798  -13.134  9.428 0.0000000000
63265  26.306  -12.583  9.111 0.0000000000
110759  26.913  -13.898  8.579 0.0000000000
61442  26.187  -14.373  8.842 0.0000000000
57791  24.303  -18.086  9.744 0.0000000000
122170  24.854  -19.936  10.926 0.0000000000
56817  25.567  -19.742  10.821 0.0000000000
112275  26.105  -19.812  11.242 0.0000000000
55930  26.365  -19.961  12.048 0.0000000000
56809  27.090  -19.841  12.898 0.0000000000
55910  25.493  -20.442  13.469 0.0000000000
55909  26.202  -20.225  14.127 0.0000000000
55896  26.045  -20.287  14.997 0.0000000000
45445  2.484  -31.528  27.601 0.0000000000
45446  1.627  -31.570  27.395 0.0000000000
44575  1.047  -32.189  27.846 0.0000000000
47163  -2.931  -29.316  31.304 0.0000000000
46272  -3.048  -30.487  30.044 0.0000000000
46260  -3.349  -30.076  30.873 0.0000000000
47164  -3.547  -29.750  31.749 0.0000000000
127151  11.021  -24.898  24.121 0.0000000000
52024  10.858  -24.824  23.428 0.0000000000
52863  10.975  -24.057  23.093 0.0000000000
51164  10.722  -25.551  22.206 0.0000000000
49226  10.932  -26.736  21.721 0.0000000000
50217  10.711  -26.300  22.140 0.0000000000
47308  11.860  -29.196  21.436 0.0000000000
46386  13.317  -30.466  21.393 0.0000000000
45513  13.155  -31.216  21.813 0.0000000000
42852  10.813  -34.542  26.241 0.0000000000
42835  10.837  -34.509  27.409 0.0000000000
60477  17.674  -15.899  14.644 0.0000000000
59590  17.253  -16.751  15.064 0.0000000000
54721  21.734  -20.037  18.899 0.0000000000
54745  21.526  -20.892  18.121 0.0000000000
54770  21.805  -20.744  17.600 0.0000000000
43562  -8.224  -33.137  35.465 0.0000000000
60521  25.490  -15.252  11.370 0.0000000000
58706  22.254  -17.824  10.622 0.0000000000
57781  22.020  -18.690  10.591 0.0000000000
115249  8.261  -33.225  27.909 0.0000000000
46317  6.159  -30.899  25.873 0.0000000000
47251  6.989  -29.097  24.222 0.0000000000
46352  6.934  -30.074  24.356 0.0000000000
47235  6.195  -29.727  24.698 0.0000000000
46336  5.065  -29.689  25.686 0.0000000000
47237  4.724  -29.120  25.384 0.0000000000
48173  3.753  -28.095  25.356 0.0000000000
48174  2.931  -28.673  25.659 0.0000000000
48183  11.745  -29.481  24.280 0.0000000000
46363  11.040  -31.418  23.461 0.0000000000
108474  11.016  -32.618  23.222 0.0000000000
43760  9.636  -32.988  23.844 0.0000000000
43743  9.557  -33.351  24.335 0.0000000000
43724  9.554  -33.800  25.079 0.0000000000
43705  8.510  -33.460  26.271 0.0000000000
58615  17.354  -17.713  19.186 0.0000000000
118921  16.840  -18.275  18.505 0.0000000000
55839  16.815  -20.561  18.107 0.0000000000
56742  16.663  -19.798  17.862 0.0000000000
125620  16.720  -21.093  17.421 0.0000000000
112041  16.707  -21.194  16.630 0.0000000000
52935  17.025  -23.538  18.581 0.0000000000
52948  17.834  -23.400  17.645 0.0000000000
52947  18.568  -23.546  17.437 0.0000000000
53792  18.066  -22.967  16.914 0.0000000000
52946  19.410  -23.568  17.442 0.0000000000
52932  19.779  -24.031  18.125 0.0000000000
52910  20.836  -24.003  20.240 0.0000000000
52921  20.645  -23.854  19.359 0.0000000000
68045  32.941  -7.100  7.033 0.0000000000
70594  35.609  -4.903  3.703 0.0000000000
68078  35.516  -7.663  3.292 0.0000000000
65218  35.788  -10.937  3.764 0.0000000000
64254  29.760  -11.667  7.034 0.0000000000
119628  30.286  -12.977  9.296 0.0000000000
62350  29.603  -12.987  9.109 0.0000000000
63281  27.491  -12.324  8.634 0.0000000000
120701  28.919  -14.757  8.590 0.0000000000
61439  29.719  -14.507  9.026 0.0000000000
60552  31.052  -15.546  9.629 0.0000000000
60553  30.487  -15.649  9.252 0.0000000000
58715  30.616  -17.196  9.778 0.0000000000
58701  30.679  -17.658  10.356 0.0000000000
62311  25.380  -13.423  10.430 0.0000000000
60570  25.833  -15.743  8.984 0.0000000000
61426  25.725  -14.884  9.292 0.0000000000
60569  26.535  -15.802  8.624 0.0000000000
58720  25.646  -18.031  9.299 0.0000000000
57789  26.516  -18.497  9.426 0.0000000000
57788  27.450  -18.454  9.420 0.0000000000
58717  27.871  -17.926  8.923 0.0000000000
109390  28.597  -17.793  9.070 0.0000000000
57776  28.646  -18.622  10.169 0.0000000000
51161  14.087  -25.748  21.488 0.0000000000
51150  14.503  -25.907  22.271 0.0000000000
111492  15.279  -26.474  24.242 0.0000000000
50215  15.049  -25.844  23.234 0.0000000000
67136  30.711  -8.849  7.464 0.0000000000
67137  29.840  -9.071  7.667 0.0000000000
65170  28.873  -10.429  7.281 0.0000000000
44560  8.155  -32.977  28.749 0.0000000000
112391  7.627  -32.471  29.092 0.0000000000
46278  5.142  -30.275  28.876 0.0000000000
45411  2.633  -31.314  30.392 0.0000000000
49151  2.123  -27.003  26.755 0.0000000000
49135  0.397  -27.611  28.477 0.0000000000
49153  0.711  -27.957  27.654 0.0000000000
48158  0.983  -29.185  26.740 0.0000000000
47198  -0.762  -29.761  28.270 0.0000000000
46307  -0.133  -30.174  27.634 0.0000000000
47187  -1.710  -29.592  29.319 0.0000000000
44549  -1.122  -33.011  28.920 0.0000000000
43671  -0.851  -33.658  29.533 0.0000000000
42794  -1.422  -34.370  30.683 0.0000000000
42771  -1.106  -34.718  31.463 0.0000000000
42748  -2.440  -35.044  31.955 0.0000000000
42749  -3.398  -34.798  31.965 0.0000000000
41895  -2.980  -35.361  32.575 0.0000000000
45399  -4.274  -31.413  31.049 0.0000000000
44538  -4.346  -32.325  30.850 0.0000000000
43621  -4.974  -33.347  31.964 0.0000000000
42730  -4.927  -34.597  32.839 0.0000000000
42732  -6.362  -33.840  33.949 0.0000000000
45362  -5.400  -31.096  34.366 0.0000000000
46227  -5.597  -30.927  35.150 0.0000000000
44449  -7.321  -32.332  35.179 0.0000000000
53746  14.167  -22.311  20.096 0.0000000000
53748  12.191  -22.499  20.844 0.0000000000
126607  12.840  -21.820  20.947 0.0000000000
52912  12.480  -23.057  20.330 0.0000000000
52911  13.071  -23.368  19.948 0.0000000000
51174  13.155  -25.020  20.589 0.0000000000
49234  13.022  -26.961  20.709 0.0000000000
50223  13.528  -26.239  21.213 0.0000000000
49223  14.360  -27.887  21.557 0.0000000000
48250  12.425  -28.211  20.622 0.0000000000
47329  13.124  -28.832  20.662 0.0000000000
126973  15.225  -30.514  22.071 0.0000000000
47289  15.514  -29.713  22.285 0.0000000000
46346  16.512  -30.260  24.405 0.0000000000
46361  16.162  -30.472  23.542 0.0000000000
44618  12.672  -32.900  22.923 0.0000000000
44630  12.362  -32.178  22.586 0.0000000000
44617  13.582  -32.814  23.065 0.0000000000
42850  12.329  -34.507  26.135 0.0000000000
129388  12.300  -34.381  25.334 0.0000000000
43693  13.900  -33.971  26.978 0.0000000000
43703  13.733  -33.894  26.026 0.0000000000
43720  14.282  -33.482  25.306 0.0000000000
62364  31.467  -12.968  8.249 0.0000000000
60526  20.387  -15.974  11.614 0.0000000000
114117  20.004  -18.117  11.216 0.0000000000
57768  20.493  -18.894  11.131 0.0000000000
57767  21.235  -18.828  10.796 0.0000000000
56821  21.085  -19.594  11.197 0.0000000000
58634  16.513  -18.267  16.940 0.0000000000
58642  16.789  -17.277  16.746 0.0000000000
123063  17.052  -19.625  15.003 0.0000000000
56780  17.203  -18.754  14.681 0.0000000000
116524  17.394  -18.104  14.359 0.0000000000
54824  19.418  -20.750  15.411 0.0000000000
118767  20.331  -20.618  15.527 0.0000000000
54843  20.275  -20.222  14.646 0.0000000000
55899  19.598  -19.827  14.619 0.0000000000
56802  19.029  -19.173  13.571 0.0000000000
56801  19.441  -19.552  13.582 0.0000000000
56811  19.336  -19.399  12.889 0.0000000000
55924  20.242  -20.375  13.389 0.0000000000
123437  22.512  -21.404  13.893 0.0000000000
54867  21.660  -21.009  12.906 0.0000000000
54866  22.468  -21.157  13.212 0.0000000000
55923  22.394  -20.769  12.444 0.0000000000
55912  23.940  -20.816  13.309 0.0000000000
54839  23.979  -21.071  14.254 0.0000000000
55874  24.879  -21.007  15.868 0.0000000000
108614  15.972  -25.489  21.651 0.0000000000
123001  15.706  -25.375  20.859 0.0000000000
51146  18.460  -25.610  21.878 0.0000000000
51157  18.633  -25.582  21.152 0.0000000000
52030  21.062  -24.483  22.338 0.0000000000
70612  40.352  -4.329  -0.115 0.0000000000
69750  40.675  -5.137  -0.181 0.0000000000
113634  36.073  -4.789  3.318 0.0000000000
69734  37.241  -5.461  2.343 0.0000000000
69733  38.039  -5.909  2.042 0.0000000000
68907  39.497  -6.522  1.447 0.0000000000
68915  39.872  -6.021  0.881 0.0000000000
63320  32.410  -11.960  5.331 0.0000000000
113058  15.726  -23.196  19.281 0.0000000000
52923  15.468  -24.049  19.297 0.0000000000
51184  16.033  -25.100  20.124 0.0000000000
66188  30.677  -9.757  6.274 0.0000000000
65195  32.201  -10.635  4.848 0.0000000000
65151  25.777  -11.192  9.838 0.0000000000
64224  25.522  -11.527  10.359 0.0000000000
63266  25.593  -12.450  9.655 0.0000000000
62333  25.445  -13.211  9.816 0.0000000000
56830  24.405  -19.508  10.432 0.0000000000
113193  2.844  -31.038  27.137 0.0000000000
46305  1.316  -30.832  26.935 0.0000000000
47152  -3.091  -29.053  32.163 0.0000000000
120734  10.705  -25.888  23.340 0.0000000000
49217  10.730  -26.948  22.342 0.0000000000
46387  12.027  -30.049  21.877 0.0000000000
42836  9.758  -34.200  27.309 0.0000000000
59582  17.190  -16.504  16.131 0.0000000000
53767  21.521  -22.240  19.239 0.0000000000
53783  21.304  -21.974  18.476 0.0000000000
53766  21.827  -21.514  19.619 0.0000000000
59626  22.198  -16.387  11.446 0.0000000000
44584  7.871  -32.990  26.422 0.0000000000
45463  6.651  -31.190  25.369 0.0000000000
48187  5.861  -27.966  24.639 0.0000000000
48171  5.245  -28.582  24.894 0.0000000000
46348  11.020  -31.028  23.968 0.0000000000
46350  8.701  -30.826  23.909 0.0000000000
46364  9.240  -31.542  23.782 0.0000000000
43744  8.843  -33.192  24.792 0.0000000000
44596  8.332  -33.130  25.583 0.0000000000
126645  16.848  -19.104  18.897 0.0000000000
54747  16.955  -21.452  18.258 0.0000000000
52076  17.699  -24.404  18.702 0.0000000000
52075  18.486  -24.525  18.657 0.0000000000
52074  19.324  -24.509  18.698 0.0000000000
52057  20.267  -24.489  19.795 0.0000000000
52046  21.035  -24.134  21.065 0.0000000000
68069  32.544  -7.819  5.654 0.0000000000
68891  34.804  -6.131  4.110 0.0000000000
68892  34.263  -6.643  4.368 0.0000000000
68079  34.750  -7.972  3.599 0.0000000000
117251  34.309  -10.885  4.033 0.0000000000
65202  35.025  -11.156  3.959 0.0000000000
128525  36.076  -11.542  4.037 0.0000000000
112219  36.297  -12.030  4.389 0.0000000000
64255  28.748  -11.298  7.501 0.0000000000
63280  28.685  -12.090  8.183 0.0000000000
60567  29.413  -15.562  8.664 0.0000000000
59669  29.934  -16.260  8.899 0.0000000000
130260  29.459  -16.943  8.871 0.0000000000
61408  25.571  -14.971  10.642 0.0000000000
114315  25.434  -15.123  9.886 0.0000000000
56828  26.311  -19.150  10.010 0.0000000000
57777  27.858  -18.831  10.040 0.0000000000
121904  28.554  -19.143  11.408 0.0000000000
112185  14.416  -26.730  22.154 0.0000000000
50216  14.743  -26.144  22.878 0.0000000000
67103  28.333  -8.668  10.101 0.0000000000
67127  28.735  -8.858  8.721 0.0000000000
66160  28.958  -9.249  7.918 0.0000000000
44547  7.043  -31.992  28.666 0.0000000000
44534  2.019  -32.233  29.976 0.0000000000
43654  -0.064  -34.067  30.511 0.0000000000
48129  0.105  -28.415  28.137 0.0000000000
109860  -2.632  -30.969  29.288 0.0000000000
43672  -1.682  -33.352  29.487 0.0000000000
43657  -2.172  -33.799  30.130 0.0000000000
42795  -2.242  -34.334  30.781 0.0000000000
43638  -3.596  -33.911  30.956 0.0000000000
45400  -4.798  -31.969  31.702 0.0000000000
43622  -5.468  -32.815  32.687 0.0000000000
45350  -6.725  -31.522  35.440 0.0000000000
52913  11.980  -23.296  20.625 0.0000000000
125121  12.477  -24.602  20.487 0.0000000000
51175  12.220  -25.344  20.706 0.0000000000
50229  12.070  -26.104  20.711 0.0000000000
46385  14.117  -30.323  21.319 0.0000000000
47306  13.451  -29.636  20.976 0.0000000000
46375  14.638  -30.826  21.770 0.0000000000
45482  16.160  -31.162  24.090 0.0000000000
112759  15.715  -31.813  23.991 0.0000000000
44631  11.652  -32.251  22.864 0.0000000000
43757  12.148  -33.387  23.423 0.0000000000
43740  12.529  -33.793  24.165 0.0000000000
123079  12.866  -34.441  28.089 0.0000000000
42832  13.166  -34.325  27.568 0.0000000000
62329  32.123  -13.507  10.207 0.0000000000
61376  18.753  -15.098  12.982 0.0000000000
60505  19.099  -15.560  12.330 0.0000000000
60527  19.533  -16.087  11.721 0.0000000000
59628  19.285  -16.802  11.677 0.0000000000
127072  19.257  -18.220  11.773 0.0000000000
57769  19.769  -18.933  11.596 0.0000000000
111893  16.477  -19.736  16.479 0.0000000000
56781  16.610  -19.726  15.704 0.0000000000
55888  17.805  -20.235  14.936 0.0000000000
113206  21.108  -21.018  16.046 0.0000000000
54842  21.134  -21.067  14.643 0.0000000000
55913  20.928  -20.960  13.585 0.0000000000
54841  22.031  -21.507  14.585 0.0000000000
54840  23.004  -21.485  14.433 0.0000000000
110466  23.596  -21.467  15.058 0.0000000000
108205  16.563  -25.491  22.998 0.0000000000
51137  17.145  -25.456  23.606 0.0000000000
51136  18.252  -25.491  23.544 0.0000000000
69745  40.301  -5.586  0.361 0.0000000000
68895  36.070  -6.492  3.044 0.0000000000
68902  36.627  -5.962  2.688 0.0000000000
68086  36.884  -6.863  2.723 0.0000000000
68085  37.785  -7.172  2.571 0.0000000000
67188  40.090  -8.525  2.285 0.0000000000
68095  40.385  -8.001  1.654 0.0000000000
124138  40.403  -7.370  1.216 0.0000000000
127218  7.578  -30.434  24.084 0.0000000000
47248  9.043  -30.284  24.250 0.0000000000
63318  34.631  -12.492  5.206 0.0000000000
113957  34.950  -12.590  5.977 0.0000000000
110492  34.792  -12.627  6.855 0.0000000000
54723  17.000  -21.312  19.614 0.0000000000
52922  16.306  -23.845  18.955 0.0000000000
52077  16.998  -24.172  18.835 0.0000000000
51169  18.651  -25.448  20.411 0.0000000000
67134  32.054  -8.261  6.967 0.0000000000
67149  32.099  -8.305  6.091 0.0000000000
67163  32.723  -8.177  4.888 0.0000000000
65203  33.549  -10.435  4.174 0.0000000000
64295  32.926  -10.922  4.530 0.0000000000
40925  -4.158  -35.776  33.864 0.0000000000
63282  26.909  -12.451  8.800 0.0000000000
64232  26.054  -11.676  9.397 0.0000000000
62353  26.946  -13.004  8.735 0.0000000000
59672  27.549  -16.015  8.393 0.0000000000
57779  24.924  -19.101  9.979 0.0000000000
56829  25.621  -19.344  10.235 0.0000000000
116707  26.848  -19.622  11.211 0.0000000000
55919  26.298  -20.175  13.148 0.0000000000
117104  16.479  -29.273  24.438 0.0000000000
129816  15.994  -28.150  24.580 0.0000000000
66150  27.251  -9.516  9.566 0.0000000000
46301  5.345  -30.421  27.138 0.0000000000
110350  4.094  -30.290  27.605 0.0000000000
45423  2.730  -31.625  29.384 0.0000000000
44563  1.361  -32.674  28.607 0.0000000000
47175  -2.060  -29.222  30.077 0.0000000000
52041  10.896  -24.779  21.907 0.0000000000
51163  11.180  -25.360  21.452 0.0000000000
50225  10.884  -26.053  21.742 0.0000000000
49225  11.374  -27.189  21.164 0.0000000000
47330  12.408  -28.948  20.859 0.0000000000
120683  11.026  -27.598  21.739 0.0000000000
44628  14.056  -32.213  22.603 0.0000000000
42876  11.071  -34.161  24.666 0.0000000000
128922  11.808  -34.574  27.419 0.0000000000
42834  11.747  -34.536  28.114 0.0000000000
42833  12.422  -34.498  27.796 0.0000000000
126578  31.301  -14.603  10.035 0.0000000000
61407  31.811  -14.303  10.548 0.0000000000
60492  17.834  -15.880  13.946 0.0000000000
58672  17.846  -17.059  13.532 0.0000000000
53804  19.130  -22.217  16.180 0.0000000000
54802  18.706  -21.664  15.765 0.0000000000
53803  19.920  -22.240  16.443 0.0000000000
54800  20.883  -21.219  16.449 0.0000000000
53791  21.309  -21.342  17.635 0.0000000000
54771  21.347  -21.282  17.029 0.0000000000
54799  21.493  -21.264  16.662 0.0000000000
70601  38.442  -4.163  1.263 0.0000000000
66219  37.682  -9.644  3.273 0.0000000000
67178  38.160  -8.805  2.987 0.0000000000
62294  25.676  -13.882  11.300 0.0000000000
59639  24.330  -16.633  10.161 0.0000000000
58704  23.628  -17.907  10.077 0.0000000000
58705  22.977  -17.611  10.466 0.0000000000
43681  9.236  -33.697  28.827 0.0000000000
43682  8.657  -33.379  28.532 0.0000000000
44573  7.361  -32.520  27.117 0.0000000000
45476  6.995  -30.939  24.647 0.0000000000
46319  5.111  -30.082  26.346 0.0000000000
123036  11.257  -28.777  23.129 0.0000000000
49197  11.323  -28.264  24.173 0.0000000000
46362  11.605  -30.961  22.961 0.0000000000
45487  9.726  -32.116  23.603 0.0000000000
44620  10.119  -32.711  23.549 0.0000000000
43759  10.129  -33.321  23.904 0.0000000000
59565  17.601  -16.570  18.119 0.0000000000
58627  17.178  -17.328  18.357 0.0000000000
58633  16.745  -17.746  17.654 0.0000000000
56759  16.478  -19.222  17.225 0.0000000000
57697  16.653  -19.102  18.158 0.0000000000
55875  16.581  -20.504  16.132 0.0000000000
54746  17.044  -21.697  18.867 0.0000000000
54772  17.098  -22.349  18.133 0.0000000000
53806  17.618  -22.350  16.573 0.0000000000
53805  18.298  -22.394  16.330 0.0000000000
52945  20.201  -23.294  17.632 0.0000000000
52930  21.064  -23.027  18.914 0.0000000000
68896  35.388  -6.250  3.537 0.0000000000
68077  36.231  -7.339  2.991 0.0000000000
67170  33.940  -8.511  3.867 0.0000000000
67182  34.735  -8.742  3.557 0.0000000000
66222  35.183  -9.340  3.480 0.0000000000
124732  35.696  -9.206  3.366 0.0000000000
119301  36.213  -9.069  3.238 0.0000000000
64269  30.628  -12.021  6.680 0.0000000000
62331  30.818  -13.413  9.694 0.0000000000
62351  28.838  -13.091  8.812 0.0000000000
59636  31.876  -16.370  10.385 0.0000000000
59654  30.659  -16.464  9.437 0.0000000000
127435  30.982  -16.828  9.777 0.0000000000
112814  25.321  -17.290  9.315 0.0000000000
59656  25.932  -17.256  9.014 0.0000000000
58733  26.659  -17.242  8.746 0.0000000000
58732  27.528  -17.175  8.579 0.0000000000
58716  29.316  -17.524  9.203 0.0000000000
57775  29.439  -18.394  10.356 0.0000000000
57774  30.198  -18.190  10.655 0.0000000000
116639  13.882  -24.511  20.053 0.0000000000
51172  15.101  -25.104  20.497 0.0000000000
125310  14.812  -25.864  22.786 0.0000000000
107887  15.604  -25.579  23.283 0.0000000000
65187  30.409  -10.540  6.198 0.0000000000
49169  2.590  -27.291  26.061 0.0000000000
49152  1.390  -27.488  27.172 0.0000000000
48157  1.500  -28.738  26.440 0.0000000000
46306  0.561  -30.526  27.211 0.0000000000
118240  0.323  -31.777  27.766 0.0000000000
44564  0.276  -32.449  28.193 0.0000000000
128225  0.067  -32.936  28.538 0.0000000000
46293  -1.216  -30.391  28.416 0.0000000000
46281  -1.853  -30.494  28.872 0.0000000000
45436  -1.308  -31.170  28.375 0.0000000000
44565  -0.489  -32.630  28.494 0.0000000000
117869  -0.103  -33.806  29.732 0.0000000000
41880  -2.595  -35.814  33.230 0.0000000000
43659  -4.118  -33.181  30.826 0.0000000000
43639  -4.300  -33.673  31.405 0.0000000000
41896  -3.967  -35.032  32.613 0.0000000000
42731  -5.720  -34.188  33.320 0.0000000000
42715  -6.890  -34.243  34.675 0.0000000000
46226  -4.974  -30.461  34.716 0.0000000000
43580  -6.922  -33.433  34.663 0.0000000000
53769  14.831  -22.750  19.664 0.0000000000
52063  13.843  -23.778  19.717 0.0000000000
49216  14.739  -27.580  22.299 0.0000000000
49236  11.719  -26.628  20.817 0.0000000000
120500  12.567  -27.519  20.569 0.0000000000
47305  14.320  -29.572  21.168 0.0000000000
48228  14.417  -28.807  21.247 0.0000000000
48212  15.364  -28.889  22.270 0.0000000000
109059  15.753  -28.935  22.948 0.0000000000
47268  16.352  -29.747  23.803 0.0000000000
114114  12.506  -31.358  22.232 0.0000000000
45499  12.953  -31.794  22.207 0.0000000000
42875  11.963  -34.238  24.720 0.0000000000
43722  12.791  -34.067  24.906 0.0000000000
43739  13.510  -33.600  24.478 0.0000000000
44604  14.753  -32.778  24.047 0.0000000000
44595  14.987  -32.924  24.868 0.0000000000
118341  32.773  -13.297  8.605 0.0000000000
61392  32.562  -14.197  11.056 0.0000000000
59627  20.019  -16.797  11.353 0.0000000000
58691  20.684  -17.493  11.110 0.0000000000
58690  21.412  -18.042  10.754 0.0000000000
56833  21.759  -19.334  10.798 0.0000000000
58652  16.841  -17.276  15.771 0.0000000000
58662  17.429  -17.374  14.305 0.0000000000
57747  17.851  -17.878  13.774 0.0000000000
55886  20.036  -20.157  15.159 0.0000000000
55900  18.772  -19.664  14.507 0.0000000000
56791  18.609  -19.079  14.098 0.0000000000
57746  18.481  -18.511  13.415 0.0000000000
56810  19.798  -19.662  12.185 0.0000000000
116513  20.893  -20.617  12.549 0.0000000000
55936  20.558  -20.067  11.884 0.0000000000
55935  21.386  -20.246  11.699 0.0000000000
55934  22.242  -20.362  11.708 0.0000000000
122351  23.057  -20.512  11.989 0.0000000000
55922  23.863  -20.600  12.382 0.0000000000
55911  24.728  -20.683  13.825 0.0000000000
55884  25.248  -20.632  15.119 0.0000000000
51171  16.551  -25.436  20.665 0.0000000000
51148  16.861  -25.582  22.039 0.0000000000
51170  17.406  -25.534  20.610 0.0000000000
127242  18.093  -25.574  20.705 0.0000000000
51156  19.427  -25.362  20.873 0.0000000000
51135  19.297  -25.434  23.437 0.0000000000
121011  19.706  -25.358  22.514 0.0000000000
51144  19.968  -25.220  21.660 0.0000000000
51155  20.109  -25.027  20.991 0.0000000000
52039  20.619  -24.669  21.552 0.0000000000
52038  21.205  -24.193  21.761 0.0000000000
69735  36.512  -5.070  2.781 0.0000000000
70596  37.093  -4.467  2.362 0.0000000000
70602  37.794  -4.257  1.782 0.0000000000
126232  38.289  -4.802  1.521 0.0000000000
126632  38.493  -7.341  2.429 0.0000000000
68908  38.774  -6.266  1.749 0.0000000000
68914  40.479  -6.345  0.497 0.0000000000
68102  40.683  -7.106  0.659 0.0000000000
68913  41.026  -6.738  0.032 0.0000000000
45484  14.867  -31.915  22.809 0.0000000000
48196  16.185  -29.023  23.700 0.0000000000
48249  13.127  -27.900  20.579 0.0000000000
50205  10.761  -26.340  23.630 0.0000000000
50209  10.656  -26.212  22.833 0.0000000000
50224  11.273  -26.297  21.310 0.0000000000
52023  11.144  -24.217  23.931 0.0000000000
52052  11.771  -24.707  20.815 0.0000000000
52881  11.290  -23.243  22.858 0.0000000000
53709  11.643  -22.368  22.628 0.0000000000
53726  11.767  -22.438  21.723 0.0000000000
54691  11.968  -21.925  22.225 0.0000000000
54744  21.931  -20.213  18.218 0.0000000000
54769  22.242  -21.112  17.221 0.0000000000
55889  16.930  -20.469  15.453 0.0000000000
55925  19.718  -19.950  13.053 0.0000000000
116227  21.424  -21.521  18.646 0.0000000000
121268  40.186  -4.941  0.246 0.0000000000
124948  31.082  -9.764  5.908 0.0000000000
127843  20.042  -17.444  11.245 0.0000000000
129501  21.563  -16.517  11.405 0.0000000000
