#!ascii label  , from subject sub-v2s8x29215_ses-1 vox2ras=TkReg
1370
49277  -42.116  -34.427  56.139 0.0000000000
39454  -32.091  -44.495  61.843 0.0000000000
55709  -49.627  -28.260  41.616 0.0000000000
51395  -38.582  -32.429  45.385 0.0000000000
126068  -46.772  -33.695  49.662 0.0000000000
40445  -40.851  -44.193  57.031 0.0000000000
41548  -31.088  -42.180  50.971 0.0000000000
45560  -34.817  -39.114  45.330 0.0000000000
41316  -23.629  -42.520  63.509 0.0000000000
57457  -58.481  -28.316  44.731 0.0000000000
41521  -23.210  -42.661  51.933 0.0000000000
50302  -40.560  -33.505  51.665 0.0000000000
51355  -43.270  -32.384  48.482 0.0000000000
106400  -44.246  -32.276  53.780 0.0000000000
44475  -42.699  -39.148  56.647 0.0000000000
42589  -38.661  -42.455  51.429 0.0000000000
46494  -39.462  -37.212  51.458 0.0000000000
48395  -36.390  -35.626  45.735 0.0000000000
57515  -57.347  -26.183  40.087 0.0000000000
42456  -28.424  -41.796  62.720 0.0000000000
106971  -23.794  -42.500  57.649 0.0000000000
41419  -27.882  -42.788  57.569 0.0000000000
52467  -48.702  -31.913  45.185 0.0000000000
38670  -37.000  -46.150  59.027 0.0000000000
40442  -32.605  -43.409  56.498 0.0000000000
111682  -36.705  -43.601  53.825 0.0000000000
43597  -33.814  -40.468  48.546 0.0000000000
39425  -19.775  -44.766  63.441 0.0000000000
108524  -52.492  -32.389  52.171 0.0000000000
53547  -53.208  -30.350  47.900 0.0000000000
56530  -56.624  -27.213  49.287 0.0000000000
57454  -54.324  -26.709  44.016 0.0000000000
128682  -56.606  -28.630  40.481 0.0000000000
39495  -19.579  -44.172  58.194 0.0000000000
121038  -26.900  -42.343  51.920 0.0000000000
49313  -41.314  -34.372  53.845 0.0000000000
51274  -42.093  -32.425  52.515 0.0000000000
122024  -42.625  -32.289  55.417 0.0000000000
47411  -43.047  -37.092  56.351 0.0000000000
45463  -41.287  -38.100  54.479 0.0000000000
108886  -41.314  -36.075  53.902 0.0000000000
106495  -40.314  -35.289  51.856 0.0000000000
55762  -48.492  -28.525  38.732 0.0000000000
56671  -50.457  -27.424  39.375 0.0000000000
40315  -30.117  -43.246  63.363 0.0000000000
126365  -27.997  -43.207  60.894 0.0000000000
109817  -30.070  -43.704  60.728 0.0000000000
52487  -39.644  -31.544  43.488 0.0000000000
50354  -45.437  -33.384  48.937 0.0000000000
51398  -44.400  -32.520  45.776 0.0000000000
50377  -46.498  -33.388  46.595 0.0000000000
51413  -47.335  -32.763  44.508 0.0000000000
50369  -48.101  -33.121  47.781 0.0000000000
38672  -39.054  -46.259  58.260 0.0000000000
39523  -36.467  -44.798  56.673 0.0000000000
38715  -39.386  -45.316  54.625 0.0000000000
43584  -37.267  -41.062  48.732 0.0000000000
110796  -36.909  -42.433  49.045 0.0000000000
44588  -34.363  -40.311  46.809 0.0000000000
49393  -37.120  -34.151  45.859 0.0000000000
52416  -52.632  -31.573  49.686 0.0000000000
56554  -56.914  -27.974  47.112 0.0000000000
56581  -57.173  -28.519  44.704 0.0000000000
57494  -55.584  -27.588  41.950 0.0000000000
56608  -58.225  -29.448  43.170 0.0000000000
56677  -60.315  -28.583  40.523 0.0000000000
40313  -21.683  -43.603  63.774 0.0000000000
39468  -19.597  -44.334  61.015 0.0000000000
41341  -21.825  -43.080  61.157 0.0000000000
41455  -23.124  -42.490  55.196 0.0000000000
41453  -21.458  -42.696  55.577 0.0000000000
40494  -21.114  -43.822  51.666 0.0000000000
108234  -31.875  -42.660  53.668 0.0000000000
113273  -29.871  -42.593  53.888 0.0000000000
106965  -29.328  -42.644  51.867 0.0000000000
50364  -39.408  -33.268  47.663 0.0000000000
127423  -40.939  -31.907  47.136 0.0000000000
109539  -41.615  -32.338  49.669 0.0000000000
51296  -43.982  -32.510  51.327 0.0000000000
50303  -46.329  -33.542  52.104 0.0000000000
42535  -41.857  -41.357  57.165 0.0000000000
41485  -39.597  -43.312  54.259 0.0000000000
43535  -40.381  -40.376  54.983 0.0000000000
44551  -38.622  -39.403  51.834 0.0000000000
45538  -36.971  -38.499  48.693 0.0000000000
127603  -35.678  -37.476  45.781 0.0000000000
47479  -38.142  -36.193  49.010 0.0000000000
49369  -38.667  -34.729  48.279 0.0000000000
57480  -57.382  -26.656  42.454 0.0000000000
59207  -55.371  -23.539  41.211 0.0000000000
42437  -25.649  -41.339  63.210 0.0000000000
41356  -23.993  -42.135  60.608 0.0000000000
42489  -26.024  -41.941  60.794 0.0000000000
41417  -25.634  -42.615  57.329 0.0000000000
41474  -25.575  -42.566  54.896 0.0000000000
52476  -42.279  -31.633  45.005 0.0000000000
53584  -47.834  -31.101  43.171 0.0000000000
53586  -49.292  -30.376  43.774 0.0000000000
38636  -34.641  -45.394  60.973 0.0000000000
39497  -32.763  -44.247  58.960 0.0000000000
39512  -34.595  -44.442  57.701 0.0000000000
40463  -34.288  -43.245  54.925 0.0000000000
121208  -33.416  -42.127  52.473 0.0000000000
40487  -38.336  -44.054  51.897 0.0000000000
42586  -34.687  -41.557  51.385 0.0000000000
42614  -32.136  -41.229  50.094 0.0000000000
51183  -42.755  -32.343  58.344 0.0000000000
39443  -34.397  -44.864  63.233 0.0000000000
38638  -38.842  -45.728  60.902 0.0000000000
108921  -41.866  -44.783  59.405 0.0000000000
122030  -44.588  -31.567  56.916 0.0000000000
51229  -46.396  -32.796  55.422 0.0000000000
50265  -48.307  -33.663  53.737 0.0000000000
50247  -50.969  -33.467  55.087 0.0000000000
50326  -49.184  -33.170  50.405 0.0000000000
51342  -50.733  -32.328  49.081 0.0000000000
53560  -51.335  -30.724  46.419 0.0000000000
54660  -51.220  -29.415  44.714 0.0000000000
55609  -55.675  -28.991  48.548 0.0000000000
55653  -53.284  -28.345  45.672 0.0000000000
56591  -51.698  -27.551  43.169 0.0000000000
57511  -52.365  -26.595  40.505 0.0000000000
55734  -59.505  -29.298  41.829 0.0000000000
38634  -18.370  -45.495  60.804 0.0000000000
38704  -17.946  -45.286  55.520 0.0000000000
40406  -21.469  -43.012  58.360 0.0000000000
40449  -19.782  -43.698  55.794 0.0000000000
41420  -30.189  -42.879  57.242 0.0000000000
41476  -27.637  -42.396  54.859 0.0000000000
41523  -24.735  -42.422  51.340 0.0000000000
111198  -24.927  -43.790  48.199 0.0000000000
50228  -41.821  -33.897  55.374 0.0000000000
51225  -41.843  -33.016  55.031 0.0000000000
51207  -42.272  -32.815  56.176 0.0000000000
116953  -42.606  -35.674  56.639 0.0000000000
48325  -42.009  -36.392  54.924 0.0000000000
48314  -41.980  -35.648  55.100 0.0000000000
117324  -41.343  -35.330  53.913 0.0000000000
106509  -48.765  -28.560  41.128 0.0000000000
56647  -49.039  -27.867  39.677 0.0000000000
56670  -49.564  -27.702  39.207 0.0000000000
56622  -50.059  -27.617  40.884 0.0000000000
113964  -30.850  -44.006  62.603 0.0000000000
114437  -30.016  -43.725  61.619 0.0000000000
109136  -30.630  -43.945  61.343 0.0000000000
51422  -37.444  -32.379  43.174 0.0000000000
52461  -39.153  -31.925  44.939 0.0000000000
50355  -46.298  -33.615  49.231 0.0000000000
107802  -46.033  -33.496  48.223 0.0000000000
50356  -46.775  -33.565  48.397 0.0000000000
50378  -47.180  -33.336  46.789 0.0000000000
50357  -47.566  -33.462  48.593 0.0000000000
38685  -40.231  -45.362  57.490 0.0000000000
107384  -39.354  -45.551  56.635 0.0000000000
39525  -40.114  -45.004  55.783 0.0000000000
44590  -36.453  -40.043  47.236 0.0000000000
43617  -36.269  -41.031  47.178 0.0000000000
43632  -35.437  -40.180  46.378 0.0000000000
44617  -33.465  -39.507  45.628 0.0000000000
121746  -38.128  -33.026  45.820 0.0000000000
111665  -36.458  -33.693  44.181 0.0000000000
51406  -36.955  -32.750  43.515 0.0000000000
112914  -58.340  -28.606  45.274 0.0000000000
56583  -58.498  -28.984  44.684 0.0000000000
56594  -58.252  -29.459  43.766 0.0000000000
55678  -58.668  -29.138  44.119 0.0000000000
41315  -22.948  -42.899  63.869 0.0000000000
40345  -22.011  -43.184  62.227 0.0000000000
114619  -22.595  -42.902  62.467 0.0000000000
41493  -23.450  -42.553  53.506 0.0000000000
41506  -21.849  -42.784  53.023 0.0000000000
40485  -21.811  -43.091  52.067 0.0000000000
39573  -21.683  -44.657  50.668 0.0000000000
40501  -22.016  -44.022  50.580 0.0000000000
41511  -31.260  -42.596  52.395 0.0000000000
121465  -30.691  -42.666  52.842 0.0000000000
41526  -29.966  -42.604  51.490 0.0000000000
50338  -40.241  -33.206  49.519 0.0000000000
51353  -40.513  -32.756  49.020 0.0000000000
51337  -40.751  -32.658  49.929 0.0000000000
51257  -43.231  -32.211  53.486 0.0000000000
106939  -42.969  -32.319  51.942 0.0000000000
125352  -44.535  -32.644  52.087 0.0000000000
51297  -45.070  -32.965  51.274 0.0000000000
51259  -45.877  -33.181  52.927 0.0000000000
43494  -42.236  -40.463  57.048 0.0000000000
43523  -40.868  -40.556  55.794 0.0000000000
43524  -41.413  -39.985  55.947 0.0000000000
45493  -40.149  -37.804  52.763 0.0000000000
45477  -39.712  -38.571  52.754 0.0000000000
45509  -39.325  -37.915  51.729 0.0000000000
45520  -37.718  -38.671  50.120 0.0000000000
46505  -38.639  -37.285  50.434 0.0000000000
46539  -37.037  -37.391  48.339 0.0000000000
47464  -38.809  -36.723  50.215 0.0000000000
49335  -40.272  -34.432  51.414 0.0000000000
106576  -39.684  -34.921  50.237 0.0000000000
50337  -39.991  -33.966  49.996 0.0000000000
120908  -39.056  -34.012  47.947 0.0000000000
43420  -27.215  -40.827  63.028 0.0000000000
42453  -26.052  -41.316  62.279 0.0000000000
125778  -27.171  -41.696  61.784 0.0000000000
40407  -27.797  -43.261  59.422 0.0000000000
106407  -27.016  -43.007  58.829 0.0000000000
106729  -27.107  -42.837  57.890 0.0000000000
41440  -25.908  -42.610  56.486 0.0000000000
123218  -26.736  -42.597  56.374 0.0000000000
52437  -42.259  -31.878  47.252 0.0000000000
52449  -41.698  -31.646  46.178 0.0000000000
52450  -42.499  -31.850  46.544 0.0000000000
107938  -45.068  -32.745  45.181 0.0000000000
123605  -43.573  -32.000  44.811 0.0000000000
51424  -44.063  -31.914  43.172 0.0000000000
51414  -48.023  -32.418  44.827 0.0000000000
52493  -47.462  -31.865  43.501 0.0000000000
52494  -48.189  -31.483  43.794 0.0000000000
53585  -48.567  -30.715  43.465 0.0000000000
53574  -49.591  -30.692  44.432 0.0000000000
38653  -35.762  -45.603  59.802 0.0000000000
38668  -35.026  -45.118  59.196 0.0000000000
38669  -35.805  -45.352  58.846 0.0000000000
39540  -36.919  -44.079  54.800 0.0000000000
39530  -35.877  -44.393  56.197 0.0000000000
110386  -35.203  -43.366  54.893 0.0000000000
41483  -33.848  -42.914  54.303 0.0000000000
41499  -35.380  -42.628  53.442 0.0000000000
42570  -39.148  -42.443  53.126 0.0000000000
40477  -39.174  -44.221  52.743 0.0000000000
116921  -38.887  -43.242  51.552 0.0000000000
42615  -35.424  -41.566  49.310 0.0000000000
112352  -36.185  -42.253  49.496 0.0000000000
42601  -34.583  -41.121  49.991 0.0000000000
106789  -34.110  -41.210  50.803 0.0000000000
47497  -36.125  -36.711  46.091 0.0000000000
38658  -40.611  -45.563  59.818 0.0000000000
42524  -43.795  -41.421  58.908 0.0000000000
52300  -43.540  -31.434  57.656 0.0000000000
51195  -47.387  -32.433  57.261 0.0000000000
51211  -47.642  -32.932  56.622 0.0000000000
50245  -47.582  -33.499  54.646 0.0000000000
50215  -48.886  -33.438  56.244 0.0000000000
124927  -51.593  -33.075  53.489 0.0000000000
50287  -50.297  -33.279  53.038 0.0000000000
51299  -50.672  -32.792  51.554 0.0000000000
108251  -49.962  -32.856  50.082 0.0000000000
51323  -51.551  -32.347  50.506 0.0000000000
53531  -52.796  -30.866  48.392 0.0000000000
52441  -52.167  -31.216  48.190 0.0000000000
53561  -52.114  -30.425  46.725 0.0000000000
53570  -51.152  -30.341  45.680 0.0000000000
54614  -52.475  -29.761  46.401 0.0000000000
55611  -57.300  -28.283  48.802 0.0000000000
56580  -54.620  -26.994  44.829 0.0000000000
55654  -54.276  -27.866  46.010 0.0000000000
56565  -53.810  -27.436  45.140 0.0000000000
56577  -51.961  -27.910  44.000 0.0000000000
112194  -52.512  -27.153  43.504 0.0000000000
57475  -52.097  -26.681  41.808 0.0000000000
57476  -52.878  -26.357  42.054 0.0000000000
56651  -55.842  -28.049  40.602 0.0000000000
56650  -54.827  -27.297  40.419 0.0000000000
56675  -54.870  -27.635  39.740 0.0000000000
57495  -57.658  -26.905  41.577 0.0000000000
56627  -59.238  -29.038  42.675 0.0000000000
113144  -59.779  -29.037  41.766 0.0000000000
126188  -19.623  -44.211  58.949 0.0000000000
39479  -18.750  -44.917  59.494 0.0000000000
39508  -18.942  -44.599  57.806 0.0000000000
38690  -18.089  -45.144  56.494 0.0000000000
39518  -18.781  -44.621  56.898 0.0000000000
41375  -23.361  -42.416  59.399 0.0000000000
41374  -22.511  -42.617  59.723 0.0000000000
41394  -22.490  -42.658  58.235 0.0000000000
40450  -20.318  -43.311  55.311 0.0000000000
117150  -19.995  -45.832  52.278 0.0000000000
40429  -32.423  -43.603  57.465 0.0000000000
126740  -31.115  -43.408  58.161 0.0000000000
40440  -31.101  -42.966  56.875 0.0000000000
107920  -28.569  -42.433  53.224 0.0000000000
41477  -28.603  -42.397  54.834 0.0000000000
107921  -27.461  -42.348  53.336 0.0000000000
107922  -26.028  -42.410  53.155 0.0000000000
106968  -26.292  -42.352  52.355 0.0000000000
39581  -23.967  -44.509  48.779 0.0000000000
50284  -40.849  -33.313  52.456 0.0000000000
51272  -40.945  -32.807  51.829 0.0000000000
108510  -41.708  -32.722  53.293 0.0000000000
51242  -42.566  -32.297  54.092 0.0000000000
51243  -43.359  -32.103  54.188 0.0000000000
45438  -43.308  -37.908  56.806 0.0000000000
45449  -41.866  -38.638  55.526 0.0000000000
46447  -42.162  -37.533  55.315 0.0000000000
116420  -41.610  -37.012  54.360 0.0000000000
108780  -40.433  -36.954  52.743 0.0000000000
48348  -39.838  -35.992  51.362 0.0000000000
48341  -40.676  -35.451  52.772 0.0000000000
48342  -40.944  -34.877  53.283 0.0000000000
127767  -51.185  -27.373  39.116 0.0000000000
115276  -29.154  -42.774  62.932 0.0000000000
41332  -28.392  -42.615  62.096 0.0000000000
40330  -29.414  -43.383  62.324 0.0000000000
113081  -29.302  -43.541  61.054 0.0000000000
111058  -29.063  -43.369  59.343 0.0000000000
51356  -44.143  -32.723  48.380 0.0000000000
51369  -43.759  -32.413  46.994 0.0000000000
51370  -44.486  -32.810  47.584 0.0000000000
51399  -45.149  -32.921  46.032 0.0000000000
50387  -45.886  -33.160  45.332 0.0000000000
107004  -46.113  -32.788  44.009 0.0000000000
50388  -46.771  -33.193  45.038 0.0000000000
51385  -47.686  -32.964  46.174 0.0000000000
51386  -48.386  -32.562  46.491 0.0000000000
38671  -37.713  -46.306  58.812 0.0000000000
38681  -36.754  -45.392  57.584 0.0000000000
114716  -38.101  -45.589  56.741 0.0000000000
38692  -38.000  -45.315  55.870 0.0000000000
39541  -38.030  -44.877  54.225 0.0000000000
43559  -38.039  -41.628  50.265 0.0000000000
42604  -37.788  -42.734  49.901 0.0000000000
42617  -36.820  -41.856  48.317 0.0000000000
42625  -36.336  -41.852  47.922 0.0000000000
43614  -34.112  -40.429  47.623 0.0000000000
44586  -32.336  -39.828  47.149 0.0000000000
44601  -32.921  -39.712  46.381 0.0000000000
48392  -36.853  -34.982  46.243 0.0000000000
49399  -36.292  -34.405  44.556 0.0000000000
51279  -53.744  -32.381  53.223 0.0000000000
51301  -52.292  -32.193  51.066 0.0000000000
52382  -54.638  -31.688  52.396 0.0000000000
53496  -54.603  -30.879  50.693 0.0000000000
53533  -54.631  -30.078  49.271 0.0000000000
57429  -57.567  -26.268  48.046 0.0000000000
56543  -57.704  -27.919  48.170 0.0000000000
56556  -58.086  -27.801  47.058 0.0000000000
57447  -55.947  -27.382  45.377 0.0000000000
57455  -55.451  -27.129  44.439 0.0000000000
57478  -54.936  -26.872  42.595 0.0000000000
57479  -55.736  -27.583  43.132 0.0000000000
56607  -56.816  -28.699  42.439 0.0000000000
56626  -58.081  -29.400  42.298 0.0000000000
58355  -57.574  -25.656  39.567 0.0000000000
56676  -59.990  -28.336  41.103 0.0000000000
57542  -59.963  -27.364  40.298 0.0000000000
40302  -21.144  -43.986  64.387 0.0000000000
39439  -19.618  -44.643  62.632 0.0000000000
40327  -20.757  -43.838  62.547 0.0000000000
111305  -20.965  -43.482  61.029 0.0000000000
40385  -20.666  -43.493  59.217 0.0000000000
41437  -23.198  -42.471  56.491 0.0000000000
41436  -22.572  -42.526  56.685 0.0000000000
41454  -22.233  -42.543  55.375 0.0000000000
40473  -21.201  -42.915  53.367 0.0000000000
40493  -20.430  -43.929  52.348 0.0000000000
38732  -20.794  -45.254  51.482 0.0000000000
39569  -21.146  -44.633  51.220 0.0000000000
116446  -32.493  -42.917  54.929 0.0000000000
120957  -30.960  -42.671  55.379 0.0000000000
120882  -30.618  -42.649  53.631 0.0000000000
107919  -29.374  -42.597  52.694 0.0000000000
126610  -27.768  -42.514  51.315 0.0000000000
50375  -39.129  -32.996  46.916 0.0000000000
51396  -39.356  -32.158  45.731 0.0000000000
51365  -39.795  -32.606  47.323 0.0000000000
112142  -40.823  -32.342  48.438 0.0000000000
125250  -42.601  -32.221  48.583 0.0000000000
51295  -41.938  -32.396  51.178 0.0000000000
121119  -42.526  -32.362  50.269 0.0000000000
51339  -43.807  -32.594  49.072 0.0000000000
50339  -45.094  -33.224  49.752 0.0000000000
50322  -45.493  -33.337  50.551 0.0000000000
124653  -46.823  -33.715  50.967 0.0000000000
41445  -41.395  -42.800  57.140 0.0000000000
40457  -40.500  -43.704  56.258 0.0000000000
42553  -40.310  -42.171  55.787 0.0000000000
42562  -39.890  -41.263  54.796 0.0000000000
43544  -39.020  -41.332  53.117 0.0000000000
44537  -40.593  -38.844  54.190 0.0000000000
44536  -39.767  -39.364  53.407 0.0000000000
43551  -38.576  -40.303  52.125 0.0000000000
44568  -37.752  -39.524  50.421 0.0000000000
44579  -37.052  -39.681  48.739 0.0000000000
45542  -36.452  -38.850  47.483 0.0000000000
110135  -35.550  -38.164  45.779 0.0000000000
46527  -36.576  -37.966  47.690 0.0000000000
47487  -37.052  -36.498  47.701 0.0000000000
47493  -36.999  -35.944  47.207 0.0000000000
47472  -39.070  -36.106  49.985 0.0000000000
48373  -38.244  -35.536  48.537 0.0000000000
48393  -37.201  -35.260  46.967 0.0000000000
49379  -38.415  -34.393  47.604 0.0000000000
50363  -38.758  -33.686  47.268 0.0000000000
57468  -57.449  -26.685  43.401 0.0000000000
58307  -56.441  -25.438  42.955 0.0000000000
58316  -56.423  -25.552  41.744 0.0000000000
58329  -56.784  -25.843  40.583 0.0000000000
58354  -56.726  -25.310  39.802 0.0000000000
59224  -57.023  -24.788  39.369 0.0000000000
42436  -24.892  -41.782  63.531 0.0000000000
124282  -23.725  -42.286  61.865 0.0000000000
42452  -25.072  -41.578  62.403 0.0000000000
42488  -25.204  -41.845  60.790 0.0000000000
41377  -25.240  -42.425  59.449 0.0000000000
41360  -27.467  -42.880  60.712 0.0000000000
107535  -25.847  -42.668  58.877 0.0000000000
41416  -24.701  -42.550  57.449 0.0000000000
41456  -24.397  -42.532  55.904 0.0000000000
41473  -24.573  -42.582  55.030 0.0000000000
41494  -24.344  -42.528  53.395 0.0000000000
52462  -39.844  -31.749  45.302 0.0000000000
52474  -40.732  -31.472  44.447 0.0000000000
52477  -42.994  -31.854  45.322 0.0000000000
54699  -48.574  -29.596  42.400 0.0000000000
55689  -49.332  -29.313  42.746 0.0000000000
39471  -33.445  -44.921  61.392 0.0000000000
39470  -32.244  -44.462  60.792 0.0000000000
39483  -33.343  -44.646  59.670 0.0000000000
39498  -33.571  -44.462  58.756 0.0000000000
40430  -33.233  -43.799  57.251 0.0000000000
39514  -36.029  -44.850  57.327 0.0000000000
40443  -34.342  -43.843  56.308 0.0000000000
121764  -33.063  -43.368  55.850 0.0000000000
41482  -33.000  -42.827  54.435 0.0000000000
41496  -32.092  -42.604  52.867 0.0000000000
41528  -31.983  -42.350  51.970 0.0000000000
40478  -39.557  -44.472  53.762 0.0000000000
39555  -38.747  -44.433  52.744 0.0000000000
40476  -37.723  -44.235  52.818 0.0000000000
41550  -37.395  -43.082  50.006 0.0000000000
41530  -36.240  -42.611  51.404 0.0000000000
41514  -35.742  -42.446  52.461 0.0000000000
42574  -34.226  -41.880  52.289 0.0000000000
42584  -32.584  -41.809  51.467 0.0000000000
46565  -34.337  -37.894  44.296 0.0000000000
116704  -42.499  -34.627  57.440 0.0000000000
50201  -42.441  -33.169  57.690 0.0000000000
120458  -21.535  -43.737  65.034 0.0000000000
112264  -24.800  -41.659  65.454 0.0000000000
43394  -26.130  -40.680  65.207 0.0000000000
43395  -26.896  -40.360  64.770 0.0000000000
110114  -30.277  -42.772  64.107 0.0000000000
40316  -30.729  -43.191  63.923 0.0000000000
39427  -32.183  -44.206  63.418 0.0000000000
108630  -33.495  -44.808  62.865 0.0000000000
38611  -34.280  -45.145  62.477 0.0000000000
38622  -35.769  -45.554  61.949 0.0000000000
108175  -36.905  -45.864  60.551 0.0000000000
38624  -37.349  -45.697  61.425 0.0000000000
38656  -38.480  -46.064  59.869 0.0000000000
37809  -39.053  -46.133  59.328 0.0000000000
119728  -40.255  -45.654  59.040 0.0000000000
39501  -41.471  -44.708  58.482 0.0000000000
40432  -42.176  -43.301  58.002 0.0000000000
41425  -42.422  -42.581  57.955 0.0000000000
43476  -43.345  -40.806  58.205 0.0000000000
48296  -42.711  -35.378  57.351 0.0000000000
51208  -42.600  -32.471  56.724 0.0000000000
52318  -43.481  -31.773  56.321 0.0000000000
52331  -44.567  -32.026  55.376 0.0000000000
52302  -45.877  -31.465  57.668 0.0000000000
51209  -45.939  -32.291  56.084 0.0000000000
51245  -45.905  -32.817  54.591 0.0000000000
106492  -46.316  -33.204  53.781 0.0000000000
118699  -46.900  -33.657  52.418 0.0000000000
50305  -47.369  -33.738  51.633 0.0000000000
50246  -49.010  -33.602  54.484 0.0000000000
106715  -48.684  -33.550  52.156 0.0000000000
50325  -48.332  -33.479  50.638 0.0000000000
51357  -48.973  -33.084  49.160 0.0000000000
114376  -49.388  -32.694  48.449 0.0000000000
52438  -49.975  -31.823  46.995 0.0000000000
52415  -51.865  -31.826  49.333 0.0000000000
52439  -50.623  -31.731  47.536 0.0000000000
52469  -50.179  -31.163  45.762 0.0000000000
53575  -50.256  -30.358  44.736 0.0000000000
54659  -50.572  -29.722  44.420 0.0000000000
55676  -50.597  -28.860  43.535 0.0000000000
54545  -55.646  -29.720  49.768 0.0000000000
54589  -54.528  -29.345  47.992 0.0000000000
55639  -55.810  -28.136  47.360 0.0000000000
55624  -55.055  -28.703  47.643 0.0000000000
54615  -53.221  -29.455  46.747 0.0000000000
55652  -52.513  -28.741  45.404 0.0000000000
55677  -51.183  -28.378  43.572 0.0000000000
55691  -51.027  -27.922  42.770 0.0000000000
56623  -50.775  -27.258  41.141 0.0000000000
57510  -51.488  -26.831  40.548 0.0000000000
56672  -51.870  -27.242  39.202 0.0000000000
57492  -53.559  -26.403  41.394 0.0000000000
57539  -53.339  -26.861  39.823 0.0000000000
56687  -53.363  -27.822  38.774 0.0000000000
56609  -58.914  -29.192  43.367 0.0000000000
55711  -58.999  -29.484  42.773 0.0000000000
110358  -58.639  -29.438  41.370 0.0000000000
55735  -60.010  -29.153  41.245 0.0000000000
55753  -59.180  -29.369  40.830 0.0000000000
55752  -57.447  -28.970  40.405 0.0000000000
39466  -19.040  -44.860  60.998 0.0000000000
41355  -22.584  -42.659  60.712 0.0000000000
41373  -21.715  -42.959  59.636 0.0000000000
40405  -20.799  -43.355  58.450 0.0000000000
41434  -21.198  -42.819  56.396 0.0000000000
114022  -20.684  -43.206  56.997 0.0000000000
39519  -19.292  -44.168  56.342 0.0000000000
39538  -18.400  -44.906  54.778 0.0000000000
40391  -31.163  -43.746  59.459 0.0000000000
40426  -29.976  -43.184  58.125 0.0000000000
107290  -29.342  -42.905  57.646 0.0000000000
41462  -29.997  -42.540  55.397 0.0000000000
41441  -28.845  -42.492  56.328 0.0000000000
107101  -28.041  -42.534  56.695 0.0000000000
41475  -26.602  -42.454  54.691 0.0000000000
108170  -25.223  -42.462  53.301 0.0000000000
41522  -23.925  -42.554  51.703 0.0000000000
126361  -27.815  -42.561  50.021 0.0000000000
41565  -26.388  -42.494  49.614 0.0000000000
41543  -25.583  -42.446  49.981 0.0000000000
41542  -24.755  -42.523  50.369 0.0000000000
127735  -23.677  -43.344  49.738 0.0000000000
40504  -22.626  -43.902  50.074 0.0000000000
50213  -42.111  -33.501  56.218 0.0000000000
108229  -42.373  -34.918  56.771 0.0000000000
48303  -42.271  -35.464  55.931 0.0000000000
49289  -41.916  -34.885  55.432 0.0000000000
55731  -48.532  -28.325  40.214 0.0000000000
55732  -49.286  -27.973  40.608 0.0000000000
39441  -31.661  -44.301  62.679 0.0000000000
39453  -31.128  -44.241  61.973 0.0000000000
51408  -38.341  -32.200  44.543 0.0000000000
51423  -38.166  -32.056  43.616 0.0000000000
106996  -46.909  -33.663  49.096 0.0000000000
50341  -47.316  -33.645  49.490 0.0000000000
39515  -40.823  -44.795  57.647 0.0000000000
110865  -40.406  -44.919  56.775 0.0000000000
115395  -40.385  -44.519  56.281 0.0000000000
117528  -35.646  -39.524  46.282 0.0000000000
44589  -36.018  -40.299  46.680 0.0000000000
51394  -37.826  -32.704  45.049 0.0000000000
50394  -37.231  -33.016  44.791 0.0000000000
51407  -37.504  -32.548  44.140 0.0000000000
57448  -57.857  -26.813  45.437 0.0000000000
125735  -58.408  -28.315  45.263 0.0000000000
41307  -23.561  -42.586  64.400 0.0000000000
41329  -23.043  -42.755  62.983 0.0000000000
41507  -22.721  -42.663  52.628 0.0000000000
40495  -22.543  -42.973  51.612 0.0000000000
115064  -21.890  -43.558  51.250 0.0000000000
124039  -22.568  -43.396  50.780 0.0000000000
41527  -31.370  -42.384  51.669 0.0000000000
106730  -30.710  -42.561  51.760 0.0000000000
117713  -30.421  -42.425  51.085 0.0000000000
112754  -40.385  -33.185  50.254 0.0000000000
51318  -40.685  -32.848  50.964 0.0000000000
106737  -43.952  -32.313  52.848 0.0000000000
51258  -44.940  -32.682  52.906 0.0000000000
127031  -42.608  -39.801  56.970 0.0000000000
44474  -42.033  -39.728  56.413 0.0000000000
46482  -39.835  -37.403  52.151 0.0000000000
45492  -39.672  -38.039  52.291 0.0000000000
46493  -38.815  -37.737  51.013 0.0000000000
46506  -39.163  -36.985  50.799 0.0000000000
50321  -40.276  -33.708  50.836 0.0000000000
49349  -39.994  -34.464  50.707 0.0000000000
43421  -27.800  -41.058  62.739 0.0000000000
42454  -26.991  -41.257  62.298 0.0000000000
42455  -27.694  -41.781  62.108 0.0000000000
41398  -27.764  -43.074  58.470 0.0000000000
41418  -26.491  -42.648  57.206 0.0000000000
106969  -27.275  -42.618  57.019 0.0000000000
108431  -42.584  -32.093  47.953 0.0000000000
51368  -43.004  -32.134  47.167 0.0000000000
51410  -44.969  -32.557  44.392 0.0000000000
52479  -48.457  -31.736  44.470 0.0000000000
53573  -48.906  -31.072  44.109 0.0000000000
52480  -49.192  -31.333  44.773 0.0000000000
124193  -36.646  -45.929  59.764 0.0000000000
125804  -36.376  -45.725  59.219 0.0000000000
121890  -36.096  -43.507  54.702 0.0000000000
40464  -35.721  -43.089  54.164 0.0000000000
41484  -34.734  -42.963  54.258 0.0000000000
42576  -38.936  -42.409  52.241 0.0000000000
43582  -34.515  -40.867  49.155 0.0000000000
43581  -33.300  -40.639  49.416 0.0000000000
43596  -32.836  -40.383  48.730 0.0000000000
47492  -36.699  -35.842  46.548 0.0000000000
47496  -35.778  -36.188  45.196 0.0000000000
51231  -48.276  -33.245  56.441 0.0000000000
51278  -52.756  -32.722  53.380 0.0000000000
51261  -53.024  -33.020  54.609 0.0000000000
110004  -51.555  -32.686  52.334 0.0000000000
51277  -50.742  -32.990  52.440 0.0000000000
51322  -50.768  -32.630  50.518 0.0000000000
51300  -51.506  -32.487  51.306 0.0000000000
53546  -52.340  -30.747  47.564 0.0000000000
54587  -52.815  -30.097  47.119 0.0000000000
56529  -55.564  -27.087  49.212 0.0000000000
55594  -56.988  -28.068  49.523 0.0000000000
56579  -53.775  -26.949  44.435 0.0000000000
56592  -53.405  -26.750  43.763 0.0000000000
57464  -53.120  -26.508  42.909 0.0000000000
57465  -54.041  -26.529  43.180 0.0000000000
55751  -55.993  -28.294  39.898 0.0000000000
57516  -58.263  -27.365  40.933 0.0000000000
39494  -19.010  -44.656  58.750 0.0000000000
39509  -19.471  -44.124  57.295 0.0000000000
41395  -23.454  -42.519  58.498 0.0000000000
107834  -23.069  -42.535  57.792 0.0000000000
38727  -19.609  -45.577  52.542 0.0000000000
40441  -31.888  -43.279  56.909 0.0000000000
120977  -27.878  -42.408  52.656 0.0000000000
106967  -27.137  -42.367  52.524 0.0000000000
41525  -26.314  -42.324  51.495 0.0000000000
49325  -40.989  -33.894  53.137 0.0000000000
50285  -41.166  -33.121  53.031 0.0000000000
50263  -41.376  -33.372  53.674 0.0000000000
51226  -42.321  -32.475  54.857 0.0000000000
52342  -43.011  -32.001  54.919 0.0000000000
46434  -42.733  -37.659  55.970 0.0000000000
47422  -42.454  -36.911  55.521 0.0000000000
47430  -41.650  -36.524  54.390 0.0000000000
46460  -41.955  -36.979  54.846 0.0000000000
47439  -41.294  -36.700  53.915 0.0000000000
47438  -40.892  -36.943  53.500 0.0000000000
48332  -40.839  -36.261  53.265 0.0000000000
118612  -40.371  -36.112  52.308 0.0000000000
48333  -41.004  -35.629  53.454 0.0000000000
49324  -40.629  -34.383  52.379 0.0000000000
55749  -48.381  -28.335  39.407 0.0000000000
56684  -50.791  -27.724  38.749 0.0000000000
41317  -29.769  -42.997  63.415 0.0000000000
41334  -29.574  -43.235  62.824 0.0000000000
40331  -29.882  -43.475  62.697 0.0000000000
40389  -29.459  -43.585  60.035 0.0000000000
52486  -38.846  -31.740  43.038 0.0000000000
126470  -44.817  -33.078  48.381 0.0000000000
50366  -45.894  -33.385  47.256 0.0000000000
51384  -45.191  -33.076  46.962 0.0000000000
50376  -45.834  -33.258  46.327 0.0000000000
120395  -46.416  -33.294  45.830 0.0000000000
50379  -47.841  -33.035  47.015 0.0000000000
119651  -48.470  -32.693  47.205 0.0000000000
111582  -38.192  -46.272  58.197 0.0000000000
38683  -38.703  -45.886  57.317 0.0000000000
38694  -39.570  -45.329  55.558 0.0000000000
38693  -38.784  -45.559  56.218 0.0000000000
38706  -38.847  -45.481  55.151 0.0000000000
38705  -38.274  -45.230  54.927 0.0000000000
38714  -38.835  -45.307  54.307 0.0000000000
43571  -37.635  -40.750  49.789 0.0000000000
42618  -37.440  -42.078  49.246 0.0000000000
127915  -35.085  -40.514  46.617 0.0000000000
43599  -35.873  -41.464  47.415 0.0000000000
43615  -35.051  -40.861  47.099 0.0000000000
43598  -34.868  -40.957  47.972 0.0000000000
44587  -33.348  -40.023  47.183 0.0000000000
49392  -36.591  -34.694  45.405 0.0000000000
51263  -54.585  -32.065  53.873 0.0000000000
52367  -54.492  -32.072  53.119 0.0000000000
53497  -55.506  -30.525  51.277 0.0000000000
52401  -55.045  -31.189  51.773 0.0000000000
53516  -54.127  -30.654  49.685 0.0000000000
53517  -55.376  -30.226  50.316 0.0000000000
58272  -57.358  -25.333  46.754 0.0000000000
58271  -56.569  -24.851  46.680 0.0000000000
58263  -57.069  -25.475  47.460 0.0000000000
58264  -57.790  -26.108  47.416 0.0000000000
57430  -58.158  -27.001  47.628 0.0000000000
111101  -57.818  -28.523  45.367 0.0000000000
57467  -56.291  -27.943  43.861 0.0000000000
56593  -57.005  -28.783  43.291 0.0000000000
58356  -58.693  -26.023  39.549 0.0000000000
57541  -58.511  -26.824  40.160 0.0000000000
40303  -21.773  -43.597  64.507 0.0000000000
40312  -20.974  -43.923  63.428 0.0000000000
40344  -21.275  -43.493  61.929 0.0000000000
40366  -20.591  -43.583  60.118 0.0000000000
40367  -21.370  -43.180  60.299 0.0000000000
107925  -23.552  -42.477  55.942 0.0000000000
108171  -22.769  -42.476  55.971 0.0000000000
41491  -21.793  -42.669  53.933 0.0000000000
40484  -21.068  -43.246  52.561 0.0000000000
39568  -20.552  -44.565  51.786 0.0000000000
38736  -21.996  -45.238  50.378 0.0000000000
37861  -21.941  -45.958  50.809 0.0000000000
41481  -32.168  -42.724  54.335 0.0000000000
41480  -31.305  -42.663  54.258 0.0000000000
41495  -31.303  -42.678  53.264 0.0000000000
41510  -30.139  -42.672  52.307 0.0000000000
107918  -30.051  -42.651  53.118 0.0000000000
106966  -28.562  -42.544  52.274 0.0000000000
106963  -28.449  -42.583  51.388 0.0000000000
51352  -40.071  -32.816  48.195 0.0000000000
121211  -41.003  -32.403  49.186 0.0000000000
51354  -41.778  -32.176  48.696 0.0000000000
51294  -41.570  -32.523  51.879 0.0000000000
121846  -42.271  -32.375  51.747 0.0000000000
106938  -42.895  -32.399  51.148 0.0000000000
108137  -43.672  -32.533  50.418 0.0000000000
108158  -43.443  -32.494  49.720 0.0000000000
109104  -44.281  -32.762  49.722 0.0000000000
51320  -44.664  -32.865  50.474 0.0000000000
51298  -45.863  -33.446  51.332 0.0000000000
50323  -46.183  -33.602  50.705 0.0000000000
107519  -46.447  -33.620  51.372 0.0000000000
41424  -41.868  -42.248  57.420 0.0000000000
41444  -40.753  -42.616  56.488 0.0000000000
42544  -41.331  -41.973  56.873 0.0000000000
42563  -40.359  -41.260  55.489 0.0000000000
42571  -39.415  -41.491  53.976 0.0000000000
43534  -39.826  -40.641  54.359 0.0000000000
46446  -41.789  -38.109  55.124 0.0000000000
44518  -41.265  -38.855  55.046 0.0000000000
44552  -39.150  -39.411  52.540 0.0000000000
43552  -39.064  -40.311  52.911 0.0000000000
117378  -38.193  -40.343  51.311 0.0000000000
44564  -38.163  -39.409  51.142 0.0000000000
45530  -37.320  -38.666  49.426 0.0000000000
45537  -36.736  -39.399  48.007 0.0000000000
125713  -36.709  -38.387  48.082 0.0000000000
108512  -36.257  -38.125  46.972 0.0000000000
47470  -37.808  -36.869  49.078 0.0000000000
47478  -37.630  -36.332  48.413 0.0000000000
47465  -39.350  -36.357  50.667 0.0000000000
48359  -39.519  -35.684  50.500 0.0000000000
48374  -38.968  -35.111  48.989 0.0000000000
108747  -39.269  -35.420  49.737 0.0000000000
48385  -38.112  -34.992  47.907 0.0000000000
49378  -37.791  -34.794  47.309 0.0000000000
50352  -39.603  -33.557  48.389 0.0000000000
58306  -55.778  -24.316  42.601 0.0000000000
58315  -55.725  -24.455  41.691 0.0000000000
58328  -56.056  -24.845  40.975 0.0000000000
59208  -56.037  -24.569  40.180 0.0000000000
121707  -56.393  -24.553  39.657 0.0000000000
118060  -56.494  -24.011  39.410 0.0000000000
119346  -25.366  -41.427  63.979 0.0000000000
42469  -25.608  -41.559  61.492 0.0000000000
41357  -24.673  -42.129  60.128 0.0000000000
41358  -25.590  -42.244  60.140 0.0000000000
41345  -28.283  -43.040  61.457 0.0000000000
126299  -26.446  -42.812  58.783 0.0000000000
41378  -26.520  -42.801  59.339 0.0000000000
106970  -25.336  -42.613  58.132 0.0000000000
41439  -25.006  -42.580  56.608 0.0000000000
41457  -25.303  -42.595  55.771 0.0000000000
113794  -24.057  -42.571  54.234 0.0000000000
113278  -24.927  -42.530  54.164 0.0000000000
51380  -40.311  -32.108  46.859 0.0000000000
52448  -40.214  -31.810  46.023 0.0000000000
52464  -41.600  -31.571  45.466 0.0000000000
52475  -41.462  -31.494  44.692 0.0000000000
51382  -43.768  -32.307  46.257 0.0000000000
52466  -43.101  -31.993  46.009 0.0000000000
51397  -43.681  -32.172  45.539 0.0000000000
52491  -43.368  -31.758  44.034 0.0000000000
118850  -46.702  -32.851  44.213 0.0000000000
51428  -47.113  -32.511  43.805 0.0000000000
53596  -47.473  -30.707  42.519 0.0000000000
54678  -48.933  -29.975  43.124 0.0000000000
54679  -49.637  -29.664  43.452 0.0000000000
38635  -34.137  -45.207  61.553 0.0000000000
39472  -33.952  -45.069  60.531 0.0000000000
39499  -34.394  -44.639  58.557 0.0000000000
39484  -34.188  -44.885  59.473 0.0000000000
39511  -33.790  -44.250  57.893 0.0000000000
39520  -34.045  -44.037  57.080 0.0000000000
40454  -34.743  -43.631  55.593 0.0000000000
40444  -35.172  -44.120  56.217 0.0000000000
40453  -33.782  -43.425  55.594 0.0000000000
117716  -33.054  -43.122  55.216 0.0000000000
40462  -33.585  -43.102  54.894 0.0000000000
107777  -33.802  -42.346  53.000 0.0000000000
41497  -33.389  -42.639  53.672 0.0000000000
41512  -32.976  -42.462  52.991 0.0000000000
41529  -32.742  -42.218  52.251 0.0000000000
40456  -40.139  -43.715  55.529 0.0000000000
40466  -39.910  -44.162  54.772 0.0000000000
40488  -38.935  -44.097  52.062 0.0000000000
127053  -37.614  -43.952  52.209 0.0000000000
42603  -37.295  -42.682  49.557 0.0000000000
41532  -37.926  -43.226  50.469 0.0000000000
42602  -36.830  -42.784  49.713 0.0000000000
42587  -35.890  -42.226  50.658 0.0000000000
41549  -36.787  -42.970  50.384 0.0000000000
41515  -36.626  -43.113  51.950 0.0000000000
42575  -35.276  -41.974  51.931 0.0000000000
43569  -32.796  -41.041  50.122 0.0000000000
42600  -33.141  -41.319  50.841 0.0000000000
42599  -32.357  -41.476  50.709 0.0000000000
42598  -31.670  -41.610  50.499 0.0000000000
109258  -35.161  -38.438  45.219 0.0000000000
46553  -35.394  -37.804  45.310 0.0000000000
40293  -20.976  -44.068  65.389 0.0000000000
42417  -25.502  -41.054  65.641 0.0000000000
42440  -30.036  -42.052  64.613 0.0000000000
108493  -36.267  -45.705  61.145 0.0000000000
126744  -36.759  -45.708  61.225 0.0000000000
38626  -39.419  -45.328  61.959 0.0000000000
38625  -38.397  -45.502  61.995 0.0000000000
38637  -37.893  -45.859  60.674 0.0000000000
122901  -39.164  -45.843  60.107 0.0000000000
115772  -41.153  -45.384  60.219 0.0000000000
38659  -41.163  -45.306  59.331 0.0000000000
38674  -40.651  -45.307  58.340 0.0000000000
40416  -42.581  -43.492  58.644 0.0000000000
127750  -42.530  -43.041  58.279 0.0000000000
41405  -42.936  -42.753  58.564 0.0000000000
43496  -43.535  -39.888  58.053 0.0000000000
51194  -42.588  -32.580  57.387 0.0000000000
111109  -42.895  -32.004  57.400 0.0000000000
52301  -44.351  -31.299  57.514 0.0000000000
111143  -43.286  -31.766  56.970 0.0000000000
114260  -43.903  -31.542  56.898 0.0000000000
52319  -44.364  -31.730  56.215 0.0000000000
51210  -46.846  -32.656  56.310 0.0000000000
52320  -46.398  -32.104  57.005 0.0000000000
51227  -45.486  -32.412  55.325 0.0000000000
51246  -46.787  -33.243  54.647 0.0000000000
50264  -47.691  -33.624  53.785 0.0000000000
107766  -47.251  -33.629  53.029 0.0000000000
107098  -47.779  -33.712  53.007 0.0000000000
50286  -47.321  -33.708  52.344 0.0000000000
107097  -47.885  -33.756  52.273 0.0000000000
50248  -52.069  -33.277  55.488 0.0000000000
125863  -49.856  -33.564  55.081 0.0000000000
109168  -49.856  -33.508  54.297 0.0000000000
51276  -49.757  -33.173  52.022 0.0000000000
118071  -49.300  -33.481  52.880 0.0000000000
50307  -48.960  -33.306  51.271 0.0000000000
50306  -48.069  -33.662  51.485 0.0000000000
119206  -48.608  -33.342  49.855 0.0000000000
125086  -50.542  -32.580  49.720 0.0000000000
51358  -49.908  -32.709  49.230 0.0000000000
51359  -50.266  -32.305  48.381 0.0000000000
51372  -49.744  -32.259  47.673 0.0000000000
52399  -52.948  -31.769  50.652 0.0000000000
52398  -52.053  -32.032  50.131 0.0000000000
53545  -51.717  -30.893  47.071 0.0000000000
52440  -51.554  -31.351  47.739 0.0000000000
52453  -51.191  -31.229  47.027 0.0000000000
52452  -50.569  -31.322  46.543 0.0000000000
53559  -50.757  -30.822  45.947 0.0000000000
53568  -49.886  -30.952  45.086 0.0000000000
54638  -51.508  -29.718  45.384 0.0000000000
54637  -50.888  -30.040  45.040 0.0000000000
54680  -50.285  -29.399  43.786 0.0000000000
55663  -50.885  -29.090  44.075 0.0000000000
54565  -56.360  -29.147  49.505 0.0000000000
54564  -55.136  -29.535  48.912 0.0000000000
56542  -57.207  -28.264  48.048 0.0000000000
55638  -54.670  -28.339  46.791 0.0000000000
55637  -53.671  -28.700  46.395 0.0000000000
55623  -54.064  -29.100  47.141 0.0000000000
55636  -52.820  -29.049  46.090 0.0000000000
56604  -50.872  -27.543  41.992 0.0000000000
56605  -51.536  -27.257  42.331 0.0000000000
57491  -52.667  -26.406  41.208 0.0000000000
57490  -52.000  -26.634  41.094 0.0000000000
57538  -52.062  -26.792  39.844 0.0000000000
120447  -52.754  -26.700  39.969 0.0000000000
57477  -53.796  -26.430  42.292 0.0000000000
57493  -54.569  -26.771  41.651 0.0000000000
57540  -54.094  -26.938  40.039 0.0000000000
56674  -53.809  -27.352  39.406 0.0000000000
56673  -52.790  -27.172  39.353 0.0000000000
57469  -58.505  -28.220  43.906 0.0000000000
57481  -58.427  -27.952  43.052 0.0000000000
121046  -59.397  -29.340  42.249 0.0000000000
55733  -58.958  -29.598  42.118 0.0000000000
125880  -19.923  -44.115  61.553 0.0000000000
39451  -19.429  -44.613  61.779 0.0000000000
38651  -18.368  -45.212  58.937 0.0000000000
114727  -18.318  -45.382  59.802 0.0000000000
38678  -17.616  -45.628  57.058 0.0000000000
38689  -17.465  -45.718  56.063 0.0000000000
38703  -17.488  -45.912  55.142 0.0000000000
116661  -17.902  -45.535  54.738 0.0000000000
41343  -23.353  -42.413  61.221 0.0000000000
41393  -22.014  -42.817  58.889 0.0000000000
40424  -21.022  -43.126  57.744 0.0000000000
111472  -21.993  -42.559  56.158 0.0000000000
41435  -21.870  -42.669  56.933 0.0000000000
40460  -19.635  -43.757  54.781 0.0000000000
40439  -20.465  -43.255  56.174 0.0000000000
40438  -19.981  -43.653  56.736 0.0000000000
39529  -19.100  -44.250  55.315 0.0000000000
37856  -21.232  -45.862  51.345 0.0000000000
124260  -21.216  -46.359  51.851 0.0000000000
39482  -32.503  -44.405  59.855 0.0000000000
39481  -31.685  -44.141  60.125 0.0000000000
39496  -31.977  -43.978  59.201 0.0000000000
40427  -30.772  -43.204  57.780 0.0000000000
40410  -30.650  -43.436  58.682 0.0000000000
41442  -29.505  -42.661  56.782 0.0000000000
41479  -30.394  -42.582  54.522 0.0000000000
41461  -29.119  -42.428  55.511 0.0000000000
41460  -28.115  -42.424  55.741 0.0000000000
41459  -27.115  -42.515  55.606 0.0000000000
107493  -25.550  -42.401  52.608 0.0000000000
41509  -24.714  -42.440  52.409 0.0000000000
119637  -27.025  -42.540  49.162 0.0000000000
41545  -27.237  -42.501  49.917 0.0000000000
122019  -26.322  -42.612  48.961 0.0000000000
41577  -25.197  -43.105  48.624 0.0000000000
41564  -25.648  -42.653  49.131 0.0000000000
41563  -24.783  -42.817  49.388 0.0000000000
119690  -24.610  -43.386  48.799 0.0000000000
40508  -23.734  -44.024  49.020 0.0000000000
40505  -23.315  -43.839  49.538 0.0000000000
114340  -23.323  -43.234  50.252 0.0000000000
50243  -41.573  -33.673  54.464 0.0000000000
123711  -41.998  -33.126  55.669 0.0000000000
122576  -42.254  -32.674  55.533 0.0000000000
121182  -42.647  -36.312  56.112 0.0000000000
110124  -42.297  -36.180  55.473 0.0000000000
48324  -41.668  -35.851  54.445 0.0000000000
124624  -41.619  -34.851  54.642 0.0000000000
125367  -48.091  -28.802  40.665 0.0000000000
55750  -48.898  -27.974  39.073 0.0000000000
56648  -49.811  -27.540  39.974 0.0000000000
40332  -30.560  -43.609  63.167 0.0000000000
40348  -30.189  -43.729  62.380 0.0000000000
123962  -30.511  -43.960  62.015 0.0000000000
52472  -38.984  -31.772  44.042 0.0000000000
50365  -45.310  -33.240  47.910 0.0000000000
50367  -46.615  -33.471  47.490 0.0000000000
50368  -47.346  -33.385  47.670 0.0000000000
38684  -39.540  -45.746  57.441 0.0000000000
38695  -39.923  -45.307  56.587 0.0000000000
44578  -36.814  -40.900  47.819 0.0000000000
43616  -35.732  -40.858  46.814 0.0000000000
120336  -34.713  -40.062  46.231 0.0000000000
44602  -33.858  -39.892  46.290 0.0000000000
45558  -33.127  -39.063  44.941 0.0000000000
50386  -37.460  -33.364  45.463 0.0000000000
50385  -36.815  -33.719  44.951 0.0000000000
50393  -36.852  -33.110  44.176 0.0000000000
58281  -57.665  -25.978  46.280 0.0000000000
57439  -58.113  -26.677  47.009 0.0000000000
56569  -58.157  -27.686  46.104 0.0000000000
56582  -58.281  -29.113  44.652 0.0000000000
110248  -57.831  -29.244  44.108 0.0000000000
55666  -58.469  -29.341  44.131 0.0000000000
55692  -58.621  -29.380  43.622 0.0000000000
40314  -22.307  -43.307  64.222 0.0000000000
40328  -21.505  -43.539  62.864 0.0000000000
40329  -22.297  -43.186  63.213 0.0000000000
118090  -23.241  -42.536  54.347 0.0000000000
41492  -22.587  -42.587  53.681 0.0000000000
40500  -21.543  -44.143  51.049 0.0000000000
39574  -22.235  -44.595  50.178 0.0000000000
125618  -30.703  -42.639  52.342 0.0000000000
106962  -29.258  -42.600  51.094 0.0000000000
50353  -40.050  -33.208  48.829 0.0000000000
51319  -41.378  -32.456  50.585 0.0000000000
51275  -43.016  -32.289  52.723 0.0000000000
123874  -43.688  -32.386  52.181 0.0000000000
107518  -45.470  -33.117  52.086 0.0000000000
121693  -41.354  -41.361  56.705 0.0000000000
43509  -41.472  -40.686  56.498 0.0000000000
44496  -40.999  -39.728  55.407 0.0000000000
45479  -40.833  -38.034  53.894 0.0000000000
45478  -40.309  -38.357  53.385 0.0000000000
45491  -39.211  -38.616  52.112 0.0000000000
45508  -38.715  -38.568  51.465 0.0000000000
45521  -38.202  -38.579  50.793 0.0000000000
46504  -38.219  -37.875  50.342 0.0000000000
110847  -37.779  -37.990  49.802 0.0000000000
46528  -37.498  -37.731  49.216 0.0000000000
46516  -38.159  -37.243  49.822 0.0000000000
47471  -38.436  -36.478  49.586 0.0000000000
48349  -39.893  -35.157  51.032 0.0000000000
49358  -39.510  -34.634  49.443 0.0000000000
49370  -39.287  -34.324  48.665 0.0000000000
107557  -39.787  -33.812  49.115 0.0000000000
42438  -26.478  -41.002  63.067 0.0000000000
42470  -26.577  -41.659  61.506 0.0000000000
40387  -27.899  -43.304  60.329 0.0000000000
41379  -27.202  -43.023  59.812 0.0000000000
41397  -26.283  -42.746  58.143 0.0000000000
41458  -26.212  -42.580  55.647 0.0000000000
52436  -41.626  -31.766  46.891 0.0000000000
52435  -40.945  -31.732  46.503 0.0000000000
52465  -42.388  -31.723  45.763 0.0000000000
117206  -44.309  -32.364  44.988 0.0000000000
51409  -44.231  -32.151  44.160 0.0000000000
52478  -47.772  -32.194  44.132 0.0000000000
38652  -34.815  -45.374  60.132 0.0000000000
39500  -35.198  -44.832  58.316 0.0000000000
39531  -36.600  -44.438  55.786 0.0000000000
40455  -35.775  -43.903  55.522 0.0000000000
41498  -34.278  -42.618  53.612 0.0000000000
119361  -39.379  -42.554  53.861 0.0000000000
41502  -39.383  -43.575  53.199 0.0000000000
41501  -39.133  -43.581  52.157 0.0000000000
41516  -38.715  -43.746  51.561 0.0000000000
42616  -36.379  -42.117  48.569 0.0000000000
118813  -35.147  -41.517  50.346 0.0000000000
43570  -33.710  -40.933  50.108 0.0000000000
39444  -35.177  -44.675  63.453 0.0000000000
38639  -39.715  -45.601  60.946 0.0000000000
38640  -40.609  -45.433  60.831 0.0000000000
41406  -43.589  -42.301  59.039 0.0000000000
52284  -43.174  -31.569  58.918 0.0000000000
125917  -43.118  -31.686  58.171 0.0000000000
52285  -43.549  -31.143  58.593 0.0000000000
53374  -44.193  -30.891  58.328 0.0000000000
51230  -47.389  -33.179  55.643 0.0000000000
50229  -48.251  -33.486  55.506 0.0000000000
110087  -48.292  -33.609  54.604 0.0000000000
51247  -52.824  -33.029  55.335 0.0000000000
50268  -52.014  -33.327  54.743 0.0000000000
50267  -50.736  -33.360  54.012 0.0000000000
51321  -49.888  -32.961  50.953 0.0000000000
53515  -53.194  -31.088  49.192 0.0000000000
52428  -52.394  -31.392  48.857 0.0000000000
54613  -51.785  -30.058  46.056 0.0000000000
54639  -52.165  -29.424  45.716 0.0000000000
56519  -56.234  -27.735  49.925 0.0000000000
116439  -56.964  -28.632  49.335 0.0000000000
55610  -56.896  -28.688  48.808 0.0000000000
56566  -55.027  -27.378  45.661 0.0000000000
56553  -55.452  -27.721  46.508 0.0000000000
56564  -52.885  -28.078  45.103 0.0000000000
56578  -52.906  -27.459  44.412 0.0000000000
56606  -52.272  -26.877  42.638 0.0000000000
57514  -55.216  -27.396  41.124 0.0000000000
57496  -58.483  -27.826  42.420 0.0000000000
120176  -59.218  -28.505  42.108 0.0000000000
55755  -60.337  -28.765  40.044 0.0000000000
55754  -60.016  -29.213  40.560 0.0000000000
39450  -18.800  -45.258  61.687 0.0000000000
40365  -19.814  -44.090  60.292 0.0000000000
39467  -19.311  -44.545  60.450 0.0000000000
39480  -19.332  -44.477  59.673 0.0000000000
38667  -18.475  -44.991  58.220 0.0000000000
38679  -18.288  -45.070  57.449 0.0000000000
39528  -18.569  -44.697  55.897 0.0000000000
108796  -23.908  -42.183  59.901 0.0000000000
111149  -23.287  -42.333  60.238 0.0000000000
108356  -22.758  -42.606  58.944 0.0000000000
41413  -21.781  -42.808  57.745 0.0000000000
41452  -20.915  -42.909  54.990 0.0000000000
40472  -19.616  -43.885  53.739 0.0000000000
39539  -19.037  -44.378  54.278 0.0000000000
38723  -19.247  -45.363  52.895 0.0000000000
37851  -20.202  -46.279  52.367 0.0000000000
114448  -20.900  -46.698  52.461 0.0000000000
40412  -32.211  -43.798  58.328 0.0000000000
40428  -31.570  -43.405  57.713 0.0000000000
126546  -29.413  -42.546  53.395 0.0000000000
41478  -29.525  -42.482  54.696 0.0000000000
113274  -29.041  -42.440  54.034 0.0000000000
113275  -28.110  -42.325  54.086 0.0000000000
113276  -27.278  -42.337  54.135 0.0000000000
122432  -26.637  -42.375  53.717 0.0000000000
122084  -26.696  -42.378  53.002 0.0000000000
41524  -25.519  -42.340  51.855 0.0000000000
38745  -24.860  -45.349  48.261 0.0000000000
40509  -24.251  -43.905  48.674 0.0000000000
51273  -41.307  -32.749  52.514 0.0000000000
51241  -41.848  -32.787  54.182 0.0000000000
128647  -42.092  -32.542  53.737 0.0000000000
51256  -42.413  -32.391  53.317 0.0000000000
52343  -43.936  -31.996  54.718 0.0000000000
45437  -42.799  -38.392  56.325 0.0000000000
44498  -42.245  -38.879  56.038 0.0000000000
45450  -42.316  -38.185  55.691 0.0000000000
46459  -41.692  -37.489  54.696 0.0000000000
46472  -41.229  -37.387  54.032 0.0000000000
46471  -40.641  -37.559  53.403 0.0000000000
47453  -39.925  -36.692  51.886 0.0000000000
121472  -39.551  -36.632  51.239 0.0000000000
55763  -49.428  -28.169  38.639 0.0000000000
125288  -28.970  -42.020  63.424 0.0000000000
41333  -28.985  -43.193  62.255 0.0000000000
40346  -29.007  -43.375  61.726 0.0000000000
40347  -29.598  -43.560  62.012 0.0000000000
40368  -28.515  -43.354  60.941 0.0000000000
40388  -28.594  -43.472  60.047 0.0000000000
40408  -28.451  -43.256  58.990 0.0000000000
41399  -28.527  -42.986  58.069 0.0000000000
113314  -43.567  -32.425  47.754 0.0000000000
51383  -44.460  -32.663  46.608 0.0000000000
51411  -45.652  -32.851  44.560 0.0000000000
51412  -46.253  -33.029  44.596 0.0000000000
50389  -47.036  -33.278  45.918 0.0000000000
51400  -47.526  -32.935  45.300 0.0000000000
51401  -48.216  -32.499  45.631 0.0000000000
51402  -48.926  -32.028  45.993 0.0000000000
112976  -37.341  -45.987  58.299 0.0000000000
38682  -37.739  -45.798  57.498 0.0000000000
38691  -37.365  -45.294  56.769 0.0000000000
39524  -37.197  -44.829  56.119 0.0000000000
39532  -37.498  -44.724  55.329 0.0000000000
40465  -37.514  -44.289  53.809 0.0000000000
43560  -38.356  -41.380  51.384 0.0000000000
42588  -38.289  -42.647  50.581 0.0000000000
43600  -36.457  -41.563  47.664 0.0000000000
43583  -35.678  -41.660  48.232 0.0000000000
127224  -33.312  -40.211  48.052 0.0000000000
43613  -32.545  -40.090  47.968 0.0000000000
44600  -31.403  -39.490  46.173 0.0000000000
110453  -32.382  -39.358  45.661 0.0000000000
48403  -36.050  -35.276  44.932 0.0000000000
49398  -35.655  -34.927  44.064 0.0000000000
49407  -35.992  -34.046  43.763 0.0000000000
125702  -35.555  -34.420  43.343 0.0000000000
51262  -53.830  -32.469  54.289 0.0000000000
52381  -53.501  -32.028  51.959 0.0000000000
52400  -54.016  -31.482  51.219 0.0000000000
52383  -55.223  -31.368  52.659 0.0000000000
52417  -53.568  -31.272  50.117 0.0000000000
53532  -53.646  -30.515  48.751 0.0000000000
54563  -54.070  -29.930  48.357 0.0000000000
57420  -57.072  -26.667  48.711 0.0000000000
56531  -57.365  -27.597  48.861 0.0000000000
57421  -57.818  -27.204  48.256 0.0000000000
118261  -57.873  -28.002  47.483 0.0000000000
56555  -57.994  -28.106  46.848 0.0000000000
56568  -58.117  -28.094  46.111 0.0000000000
56567  -56.635  -27.723  46.291 0.0000000000
57466  -55.052  -26.833  43.544 0.0000000000
120587  -55.959  -27.832  42.619 0.0000000000
56625  -56.420  -28.410  41.565 0.0000000000
56652  -57.508  -29.126  41.250 0.0000000000
39440  -20.268  -44.276  63.033 0.0000000000
39452  -20.057  -44.172  62.224 0.0000000000
40343  -20.516  -43.801  61.719 0.0000000000
124436  -20.197  -43.852  60.966 0.0000000000
40384  -20.019  -43.911  59.478 0.0000000000
40404  -20.157  -43.791  58.660 0.0000000000
41415  -23.172  -42.491  57.132 0.0000000000
115799  -21.645  -42.666  54.776 0.0000000000
41471  -22.441  -42.552  54.562 0.0000000000
41470  -21.015  -42.885  54.122 0.0000000000
38733  -21.415  -45.282  50.918 0.0000000000
40452  -32.453  -43.132  55.594 0.0000000000
40451  -31.705  -43.042  56.044 0.0000000000
41463  -31.845  -42.831  55.084 0.0000000000
121034  -27.689  -42.451  51.914 0.0000000000
51378  -38.846  -32.712  46.161 0.0000000000
51379  -39.582  -32.379  46.513 0.0000000000
51366  -40.520  -32.277  47.642 0.0000000000
51367  -41.472  -31.988  47.728 0.0000000000
120190  -41.230  -32.565  51.320 0.0000000000
51338  -42.734  -32.318  49.210 0.0000000000
51340  -44.634  -33.001  49.031 0.0000000000
50340  -45.839  -33.568  49.894 0.0000000000
108737  -46.478  -33.681  50.135 0.0000000000
40431  -41.538  -43.589  57.514 0.0000000000
40446  -41.000  -43.395  56.902 0.0000000000
41465  -40.282  -43.003  55.890 0.0000000000
41464  -39.854  -42.898  55.226 0.0000000000
42543  -40.834  -41.478  56.296 0.0000000000
42552  -39.956  -41.919  55.215 0.0000000000
118265  -39.597  -42.191  54.610 0.0000000000
118348  -38.650  -41.282  52.298 0.0000000000
44497  -41.658  -39.286  55.715 0.0000000000
44517  -40.654  -39.506  54.788 0.0000000000
44516  -40.130  -39.843  54.233 0.0000000000
43545  -39.512  -40.444  53.699 0.0000000000
44563  -37.890  -40.285  50.650 0.0000000000
108962  -37.356  -39.683  49.620 0.0000000000
44603  -36.118  -39.300  46.771 0.0000000000
45561  -35.370  -38.951  45.748 0.0000000000
45548  -35.805  -38.629  46.314 0.0000000000
46544  -35.933  -37.705  46.318 0.0000000000
46538  -36.641  -37.278  47.411 0.0000000000
46545  -36.349  -37.268  46.753 0.0000000000
47486  -36.665  -36.591  46.950 0.0000000000
48366  -38.676  -35.811  49.328 0.0000000000
48384  -37.573  -35.610  47.726 0.0000000000
49387  -37.461  -34.504  46.612 0.0000000000
49388  -38.110  -34.099  46.934 0.0000000000
50373  -37.780  -33.748  46.221 0.0000000000
50374  -38.449  -33.379  46.558 0.0000000000
57456  -57.660  -26.802  44.428 0.0000000000
58297  -56.698  -25.263  44.068 0.0000000000
59225  -58.111  -24.911  39.180 0.0000000000
60165  -57.412  -24.061  39.147 0.0000000000
112600  -24.244  -42.251  63.990 0.0000000000
41330  -23.682  -42.374  62.612 0.0000000000
41331  -24.288  -42.068  63.044 0.0000000000
42451  -24.279  -41.976  62.096 0.0000000000
42467  -24.128  -42.094  61.337 0.0000000000
42468  -24.797  -41.731  61.465 0.0000000000
42487  -24.559  -41.944  60.848 0.0000000000
41376  -24.303  -42.410  59.201 0.0000000000
41396  -24.444  -42.525  58.280 0.0000000000
42471  -27.475  -42.326  61.456 0.0000000000
41344  -26.803  -42.277  60.879 0.0000000000
41359  -26.513  -42.570  60.174 0.0000000000
112917  -25.956  -42.554  59.591 0.0000000000
107511  -25.042  -42.535  58.776 0.0000000000
41438  -23.972  -42.485  56.737 0.0000000000
121252  -23.885  -42.521  55.373 0.0000000000
41472  -23.778  -42.542  54.835 0.0000000000
41508  -23.725  -42.554  52.610 0.0000000000
41568  -29.821  -42.086  49.993 0.0000000000
52473  -39.906  -31.576  44.490 0.0000000000
107191  -41.012  -31.588  45.888 0.0000000000
52463  -40.670  -31.553  45.208 0.0000000000
113080  -40.422  -31.449  43.787 0.0000000000
51381  -43.229  -32.144  46.590 0.0000000000
128579  -42.896  -31.730  44.664 0.0000000000
52492  -46.797  -32.226  43.173 0.0000000000
53597  -48.221  -30.341  42.789 0.0000000000
54698  -47.801  -29.935  42.119 0.0000000000
54719  -48.149  -29.253  41.507 0.0000000000
55708  -48.998  -28.912  42.012 0.0000000000
124818  -49.658  -28.722  42.401 0.0000000000
39455  -33.005  -44.761  62.090 0.0000000000
128337  -32.775  -44.677  61.353 0.0000000000
113564  -33.057  -44.714  60.590 0.0000000000
39510  -33.003  -44.009  58.105 0.0000000000
114170  -36.539  -45.625  58.509 0.0000000000
38680  -35.946  -45.110  58.014 0.0000000000
39513  -35.367  -44.642  57.510 0.0000000000
39522  -35.612  -44.504  56.807 0.0000000000
39521  -34.838  -44.287  56.918 0.0000000000
109883  -33.504  -43.636  56.429 0.0000000000
119636  -32.566  -42.625  53.661 0.0000000000
39533  -40.159  -44.467  55.510 0.0000000000
110556  -39.895  -45.009  54.689 0.0000000000
39543  -39.384  -45.093  53.937 0.0000000000
39556  -39.175  -44.675  53.318 0.0000000000
39542  -38.796  -44.954  53.559 0.0000000000
39554  -38.220  -44.660  53.346 0.0000000000
40496  -38.133  -43.616  51.150 0.0000000000
41531  -37.334  -43.348  50.810 0.0000000000
40486  -37.558  -43.703  51.665 0.0000000000
40475  -36.902  -43.566  52.648 0.0000000000
40474  -36.194  -43.008  53.452 0.0000000000
41513  -34.756  -42.229  52.855 0.0000000000
42585  -33.512  -41.672  51.696 0.0000000000
42583  -31.831  -41.952  51.232 0.0000000000
48402  -35.528  -35.815  44.421 0.0000000000
106486  -42.298  -33.932  57.016 0.0000000000
40304  -22.158  -43.375  65.191 0.0000000000
41306  -22.874  -42.951  64.786 0.0000000000
41308  -24.155  -42.176  64.855 0.0000000000
43407  -26.111  -40.857  64.036 0.0000000000
43408  -27.031  -40.572  63.741 0.0000000000
43409  -27.772  -40.590  63.510 0.0000000000
43410  -28.504  -40.999  63.450 0.0000000000
111622  -28.878  -40.818  64.363 0.0000000000
43411  -29.278  -41.599  64.140 0.0000000000
42439  -29.622  -42.475  63.788 0.0000000000
118314  -31.161  -43.521  63.764 0.0000000000
40333  -31.338  -43.946  63.293 0.0000000000
39442  -32.560  -44.537  62.764 0.0000000000
121586  -33.668  -45.000  62.101 0.0000000000
38612  -35.198  -45.265  62.843 0.0000000000
38621  -34.897  -45.417  61.809 0.0000000000
118701  -35.458  -45.604  60.882 0.0000000000
38654  -36.195  -45.761  60.418 0.0000000000
38655  -37.556  -46.187  59.606 0.0000000000
37808  -38.452  -46.353  58.940 0.0000000000
38673  -39.480  -46.044  58.878 0.0000000000
38657  -39.830  -45.773  59.814 0.0000000000
108238  -39.866  -45.822  58.227 0.0000000000
127297  -41.369  -44.291  57.741 0.0000000000
39502  -42.260  -44.244  58.980 0.0000000000
107103  -41.944  -43.977  58.178 0.0000000000
114295  -41.886  -42.924  57.609 0.0000000000
42536  -42.381  -41.832  57.678 0.0000000000
42523  -43.045  -41.839  58.258 0.0000000000
43495  -42.625  -41.084  57.647 0.0000000000
124253  -42.930  -40.254  57.513 0.0000000000
44458  -43.131  -39.471  57.302 0.0000000000
44459  -43.634  -39.054  57.791 0.0000000000
44476  -43.231  -38.714  57.023 0.0000000000
47412  -43.436  -37.219  57.208 0.0000000000
47403  -43.054  -36.304  57.037 0.0000000000
50214  -42.313  -33.017  56.869 0.0000000000
110954  -42.597  -32.378  56.027 0.0000000000
52317  -42.925  -32.047  56.542 0.0000000000
52329  -43.004  -32.000  55.788 0.0000000000
52330  -43.689  -31.851  55.541 0.0000000000
51244  -44.931  -32.383  54.596 0.0000000000
53362  -45.171  -30.919  58.271 0.0000000000
106369  -45.042  -31.432  57.364 0.0000000000
117282  -45.323  -31.788  56.702 0.0000000000
51228  -45.142  -32.018  55.914 0.0000000000
107567  -45.402  -32.729  53.759 0.0000000000
51260  -46.658  -33.486  52.987 0.0000000000
50244  -47.075  -33.517  53.801 0.0000000000
50304  -46.857  -33.720  51.801 0.0000000000
50324  -47.519  -33.689  50.838 0.0000000000
50216  -49.693  -33.313  56.519 0.0000000000
50230  -49.173  -33.563  55.509 0.0000000000
125374  -49.812  -33.443  53.547 0.0000000000
50266  -49.049  -33.585  53.643 0.0000000000
106844  -48.434  -33.685  52.952 0.0000000000
110280  -47.780  -33.615  50.042 0.0000000000
50342  -48.106  -33.423  49.258 0.0000000000
50358  -48.501  -33.112  48.492 0.0000000000
51341  -49.335  -33.050  49.737 0.0000000000
51371  -48.895  -32.671  47.757 0.0000000000
51387  -49.165  -32.220  46.919 0.0000000000
52451  -49.719  -31.662  46.280 0.0000000000
51343  -51.263  -32.302  49.738 0.0000000000
52414  -51.316  -32.019  49.025 0.0000000000
52427  -51.710  -31.613  48.577 0.0000000000
52426  -51.036  -31.903  48.386 0.0000000000
52468  -49.450  -31.510  45.491 0.0000000000
54658  -49.936  -30.029  44.117 0.0000000000
55675  -50.056  -28.947  43.086 0.0000000000
54588  -53.606  -29.736  47.512 0.0000000000
119936  -56.093  -28.521  48.124 0.0000000000
55651  -51.852  -29.067  45.069 0.0000000000
55665  -52.270  -28.378  44.725 0.0000000000
55664  -51.535  -28.696  44.378 0.0000000000
112002  -50.631  -28.474  43.083 0.0000000000
55690  -50.308  -28.242  42.396 0.0000000000
55710  -50.309  -27.771  41.641 0.0000000000
56649  -50.634  -27.205  40.240 0.0000000000
56624  -51.437  -26.989  41.493 0.0000000000
57509  -51.275  -27.066  39.699 0.0000000000
57512  -53.290  -26.546  40.487 0.0000000000
57513  -54.281  -26.763  40.796 0.0000000000
56686  -52.421  -27.746  38.707 0.0000000000
124975  -18.823  -44.926  60.223 0.0000000000
37837  -16.999  -46.389  55.582 0.0000000000
108910  -23.150  -42.585  62.144 0.0000000000
41342  -22.575  -42.794  61.664 0.0000000000
110275  -21.990  -42.862  60.296 0.0000000000
120024  -21.126  -43.246  59.646 0.0000000000
40423  -20.239  -43.628  57.725 0.0000000000
41414  -22.484  -42.595  57.425 0.0000000000
41412  -21.291  -42.902  57.167 0.0000000000
118843  -20.853  -42.945  55.705 0.0000000000
37855  -20.565  -45.920  51.885 0.0000000000
39469  -31.410  -44.232  61.091 0.0000000000
40369  -30.864  -43.889  60.426 0.0000000000
40411  -31.454  -43.613  58.575 0.0000000000
40390  -30.304  -43.637  59.743 0.0000000000
40409  -29.760  -43.387  59.064 0.0000000000
40425  -29.181  -43.151  58.534 0.0000000000
125483  -31.043  -42.813  56.131 0.0000000000
41443  -30.346  -42.690  56.261 0.0000000000
127363  -29.571  -42.523  56.054 0.0000000000
115198  -28.687  -42.698  57.183 0.0000000000
125910  -27.445  -42.534  56.288 0.0000000000
113277  -25.824  -42.456  53.997 0.0000000000
107986  -29.181  -42.442  50.343 0.0000000000
125505  -28.620  -42.567  50.691 0.0000000000
120926  -27.759  -42.538  50.650 0.0000000000
41544  -26.562  -42.386  50.563 0.0000000000
41578  -25.918  -42.894  48.508 0.0000000000
109570  -25.560  -42.341  50.936 0.0000000000
40506  -24.046  -43.444  49.282 0.0000000000
41562  -24.072  -42.940  49.942 0.0000000000
41541  -23.980  -42.666  50.770 0.0000000000
40502  -23.226  -42.834  51.152 0.0000000000
38737  -22.481  -45.118  49.928 0.0000000000
39582  -24.534  -44.498  48.345 0.0000000000
40386  -21.292  -43.132  59.026 0.0000000000
41500  -36.181  -42.803  52.875 0.0000000000
41533  -38.481  -43.317  51.030 0.0000000000
46552  -35.051  -37.737  44.715 0.0000000000
53569  -50.528  -30.612  45.371 0.0000000000
56544  -58.007  -27.676  47.697 0.0000000000
106964  -27.151  -42.395  51.315 0.0000000000
120443  -19.198  -45.886  52.867 0.0000000000
121157  -47.065  -33.751  50.202 0.0000000000
122734  -40.202  -31.437  43.042 0.0000000000
127541  -21.929  -42.811  58.311 0.0000000000
127957  -38.999  -46.304  58.808 0.0000000000
128334  -32.107  -39.609  46.475 0.0000000000
