#!ascii label  , from subject sub-v2s8x29197_ses-1 vox2ras=TkReg
706
103661  -22.127  -29.454  59.713 0.0000000000
50541  -37.389  -16.495  50.504 0.0000000000
52358  -44.698  -13.775  45.263 0.0000000000
52411  -53.403  -14.004  41.382 0.0000000000
45252  -37.226  -21.927  51.371 0.0000000000
51491  -49.285  -15.199  44.262 0.0000000000
57677  -52.277  -7.769  33.634 0.0000000000
115851  -57.402  -5.805  31.635 0.0000000000
111672  -41.500  -16.353  51.710 0.0000000000
51423  -44.906  -14.514  49.944 0.0000000000
52329  -40.262  -14.304  48.345 0.0000000000
40663  -24.275  -27.809  61.688 0.0000000000
38898  -27.419  -28.643  59.502 0.0000000000
37185  -30.269  -31.348  56.944 0.0000000000
36402  -34.683  -31.390  56.245 0.0000000000
38061  -38.238  -30.852  54.206 0.0000000000
42626  -39.124  -25.598  53.353 0.0000000000
46068  -40.150  -20.629  52.914 0.0000000000
48917  -48.676  -18.087  46.463 0.0000000000
59491  -58.541  -5.755  29.494 0.0000000000
50528  -39.489  -15.985  53.084 0.0000000000
52298  -41.524  -13.477  52.077 0.0000000000
118082  -38.372  -14.847  49.765 0.0000000000
41638  -24.925  -26.422  59.407 0.0000000000
39787  -26.198  -27.835  60.311 0.0000000000
111157  -37.558  -28.126  52.737 0.0000000000
39854  -38.838  -28.665  53.491 0.0000000000
42630  -37.079  -25.430  52.701 0.0000000000
48006  -37.555  -19.536  50.463 0.0000000000
46084  -37.819  -20.894  53.944 0.0000000000
48877  -38.701  -18.141  53.104 0.0000000000
48879  -40.528  -18.513  52.522 0.0000000000
53166  -45.452  -12.936  48.700 0.0000000000
50565  -46.894  -16.528  48.275 0.0000000000
51436  -48.012  -14.412  47.202 0.0000000000
51538  -50.993  -15.264  42.053 0.0000000000
51478  -52.118  -15.295  44.008 0.0000000000
50613  -54.066  -16.200  42.049 0.0000000000
110002  -54.820  -15.763  40.405 0.0000000000
58528  -56.318  -7.696  35.733 0.0000000000
56722  -54.239  -9.040  36.935 0.0000000000
43571  -36.355  -24.564  50.974 0.0000000000
52419  -49.626  -14.626  39.478 0.0000000000
59449  -54.225  -6.397  32.330 0.0000000000
58569  -57.566  -6.601  33.432 0.0000000000
57730  -58.300  -8.489  28.779 0.0000000000
107470  -41.494  -17.439  49.156 0.0000000000
51412  -43.226  -15.179  51.264 0.0000000000
53151  -43.560  -12.517  50.183 0.0000000000
38869  -23.108  -29.509  61.787 0.0000000000
36375  -26.837  -33.113  58.533 0.0000000000
38020  -28.640  -30.664  57.751 0.0000000000
36396  -28.652  -33.562  56.981 0.0000000000
35655  -31.099  -33.927  56.082 0.0000000000
35675  -32.505  -33.982  55.065 0.0000000000
35708  -35.317  -33.464  53.829 0.0000000000
37212  -36.729  -31.705  54.805 0.0000000000
38093  -39.797  -31.068  52.383 0.0000000000
43554  -37.071  -23.730  53.177 0.0000000000
107982  -39.044  -23.553  53.226 0.0000000000
44420  -41.099  -23.333  50.551 0.0000000000
104458  -40.824  -21.177  50.788 0.0000000000
105714  -40.806  -18.901  50.696 0.0000000000
51455  -50.053  -14.867  45.978 0.0000000000
54812  -52.505  -10.871  37.857 0.0000000000
53995  -54.809  -12.343  39.875 0.0000000000
101158  -21.536  -28.916  61.611 0.0000000000
50536  -38.491  -16.311  52.157 0.0000000000
51398  -38.781  -14.951  51.499 0.0000000000
51410  -37.535  -15.728  50.214 0.0000000000
40786  -36.414  -27.086  51.733 0.0000000000
40774  -37.409  -26.891  52.853 0.0000000000
105908  -36.662  -25.637  52.165 0.0000000000
116766  -37.519  -18.690  50.607 0.0000000000
48007  -37.814  -18.904  51.532 0.0000000000
49739  -37.962  -17.301  51.665 0.0000000000
49728  -39.217  -17.373  53.377 0.0000000000
53176  -46.517  -13.856  47.406 0.0000000000
112701  -46.177  -13.900  46.551 0.0000000000
51560  -51.765  -14.735  41.554 0.0000000000
51516  -52.955  -14.813  42.661 0.0000000000
52395  -53.594  -14.719  42.144 0.0000000000
51540  -54.351  -15.401  41.728 0.0000000000
52412  -54.327  -14.077  41.360 0.0000000000
56755  -56.877  -9.184  35.141 0.0000000000
56735  -56.729  -9.147  36.090 0.0000000000
55767  -55.172  -10.450  34.844 0.0000000000
59460  -53.846  -6.590  31.384 0.0000000000
116189  -56.134  -5.754  32.384 0.0000000000
59441  -56.181  -5.957  33.703 0.0000000000
59452  -57.553  -5.780  32.936 0.0000000000
57697  -57.953  -7.330  31.965 0.0000000000
58580  -58.118  -6.561  31.693 0.0000000000
58602  -59.094  -7.010  29.569 0.0000000000
50548  -41.862  -16.492  50.628 0.0000000000
50549  -42.577  -16.001  50.403 0.0000000000
50543  -42.436  -15.604  51.559 0.0000000000
52315  -40.682  -13.809  49.576 0.0000000000
53142  -42.154  -13.005  51.583 0.0000000000
53163  -42.613  -12.900  49.340 0.0000000000
53173  -43.209  -12.805  48.558 0.0000000000
52339  -41.602  -13.935  47.393 0.0000000000
38870  -23.595  -30.208  61.402 0.0000000000
39777  -24.673  -29.096  61.210 0.0000000000
38897  -26.487  -29.556  59.848 0.0000000000
38929  -30.857  -28.521  57.661 0.0000000000
38021  -29.501  -30.631  57.413 0.0000000000
37183  -28.608  -31.961  57.537 0.0000000000
37184  -29.456  -31.948  57.130 0.0000000000
36397  -29.576  -33.519  56.578 0.0000000000
37198  -30.742  -32.154  56.628 0.0000000000
36410  -33.612  -33.072  55.786 0.0000000000
35696  -34.041  -33.682  54.583 0.0000000000
113197  -35.362  -32.703  55.271 0.0000000000
38968  -37.351  -29.744  53.374 0.0000000000
38059  -36.754  -30.922  54.843 0.0000000000
37213  -37.592  -31.482  54.459 0.0000000000
36431  -37.284  -32.362  54.313 0.0000000000
37214  -38.377  -31.654  54.023 0.0000000000
118246  -38.792  -32.177  53.081 0.0000000000
38076  -39.492  -30.958  53.253 0.0000000000
41704  -38.584  -27.110  53.504 0.0000000000
39865  -40.025  -28.359  53.228 0.0000000000
108658  -40.380  -27.867  52.637 0.0000000000
41720  -40.343  -26.262  52.065 0.0000000000
120732  -36.759  -24.253  52.341 0.0000000000
108442  -36.936  -22.710  53.013 0.0000000000
46067  -38.352  -21.079  53.903 0.0000000000
45208  -38.482  -21.895  53.720 0.0000000000
45224  -39.535  -22.002  52.982 0.0000000000
121076  -40.612  -23.574  51.513 0.0000000000
45238  -40.764  -22.173  51.356 0.0000000000
47000  -40.626  -20.697  52.033 0.0000000000
121858  -40.857  -17.467  51.790 0.0000000000
48892  -40.754  -18.652  51.289 0.0000000000
112923  -41.037  -17.741  51.034 0.0000000000
113370  -41.088  -17.967  50.120 0.0000000000
42578  -23.700  -25.631  60.632 0.0000000000
41608  -23.783  -26.377  62.053 0.0000000000
39754  -23.014  -28.033  62.508 0.0000000000
51432  -43.915  -15.882  48.985 0.0000000000
50563  -45.178  -16.297  48.500 0.0000000000
49759  -47.773  -17.136  47.540 0.0000000000
52383  -48.706  -14.947  44.774 0.0000000000
52360  -48.750  -14.551  45.567 0.0000000000
52373  -50.365  -14.639  44.886 0.0000000000
49797  -52.637  -17.584  43.506 0.0000000000
49791  -51.503  -17.443  44.579 0.0000000000
55727  -55.654  -9.991  38.147 0.0000000000
55741  -52.596  -9.840  36.868 0.0000000000
54813  -53.633  -10.689  38.213 0.0000000000
107468  -53.032  -11.277  38.400 0.0000000000
54005  -55.181  -11.833  39.252 0.0000000000
53232  -55.595  -13.517  39.506 0.0000000000
59480  -56.005  -6.390  29.613 0.0000000000
59482  -58.361  -6.012  30.377 0.0000000000
59489  -56.596  -5.759  28.816 0.0000000000
60389  -58.122  -5.083  28.674 0.0000000000
50530  -40.636  -15.558  52.913 0.0000000000
52271  -41.251  -14.878  52.672 0.0000000000
51400  -40.400  -14.843  52.806 0.0000000000
52314  -40.049  -14.022  50.433 0.0000000000
105020  -39.651  -14.339  49.296 0.0000000000
118776  -25.002  -26.685  61.035 0.0000000000
40671  -25.410  -27.750  60.802 0.0000000000
40681  -27.556  -27.161  59.604 0.0000000000
38977  -37.854  -29.148  53.219 0.0000000000
38969  -38.511  -29.339  53.501 0.0000000000
39853  -38.170  -28.447  53.263 0.0000000000
41703  -37.855  -26.887  53.324 0.0000000000
42624  -37.491  -25.458  53.227 0.0000000000
46119  -37.545  -21.102  50.682 0.0000000000
46987  -37.387  -21.084  52.263 0.0000000000
46999  -37.672  -20.203  52.564 0.0000000000
103843  -38.088  -19.971  53.775 0.0000000000
46976  -38.709  -19.858  53.802 0.0000000000
46989  -40.573  -20.025  52.389 0.0000000000
122007  -39.791  -18.126  53.383 0.0000000000
49734  -40.193  -16.575  53.147 0.0000000000
42591  -23.413  -25.738  59.380 0.0000000000
52318  -45.176  -13.504  49.828 0.0000000000
50556  -45.906  -15.756  49.170 0.0000000000
52332  -46.240  -13.931  48.702 0.0000000000
51435  -47.832  -15.003  48.107 0.0000000000
51444  -48.557  -15.143  47.491 0.0000000000
51513  -50.546  -15.231  43.394 0.0000000000
121006  -51.184  -14.707  44.105 0.0000000000
51494  -51.588  -14.796  43.698 0.0000000000
50601  -52.897  -15.740  43.328 0.0000000000
57668  -53.843  -7.688  35.039 0.0000000000
57653  -52.926  -8.331  35.245 0.0000000000
57655  -55.498  -7.902  36.167 0.0000000000
56723  -55.646  -8.839  37.249 0.0000000000
113753  -36.998  -17.916  49.664 0.0000000000
112600  -37.039  -19.053  49.051 0.0000000000
53198  -45.960  -14.141  45.384 0.0000000000
50610  -49.037  -16.387  42.971 0.0000000000
50623  -49.951  -16.004  42.064 0.0000000000
116961  -50.835  -15.042  41.243 0.0000000000
52409  -51.126  -14.518  40.716 0.0000000000
58555  -52.894  -7.228  33.172 0.0000000000
58557  -55.406  -6.508  34.216 0.0000000000
58543  -56.827  -7.488  35.003 0.0000000000
109555  -57.039  -8.408  34.192 0.0000000000
59473  -58.563  -6.362  30.653 0.0000000000
57718  -58.005  -8.369  29.640 0.0000000000
49751  -42.694  -16.469  48.369 0.0000000000
51421  -43.372  -15.630  50.017 0.0000000000
51422  -43.918  -14.809  50.863 0.0000000000
52284  -42.667  -13.896  52.304 0.0000000000
52300  -43.789  -13.308  51.665 0.0000000000
52301  -44.380  -13.061  51.072 0.0000000000
53165  -44.792  -12.623  49.301 0.0000000000
119910  -43.668  -12.867  47.243 0.0000000000
51429  -37.413  -15.486  48.254 0.0000000000
51430  -38.254  -15.029  48.365 0.0000000000
102553  -40.926  -14.483  46.908 0.0000000000
38894  -22.112  -29.616  60.772 0.0000000000
38881  -23.568  -30.676  61.148 0.0000000000
35640  -27.334  -33.513  57.469 0.0000000000
40691  -28.084  -26.943  59.379 0.0000000000
39789  -27.935  -27.340  59.509 0.0000000000
38912  -27.769  -29.441  58.900 0.0000000000
35641  -27.818  -33.517  57.464 0.0000000000
35694  -30.829  -33.890  54.886 0.0000000000
35706  -31.542  -33.698  54.237 0.0000000000
38057  -35.189  -30.505  55.669 0.0000000000
38058  -35.864  -30.716  55.280 0.0000000000
37206  -35.501  -31.457  55.778 0.0000000000
36429  -35.871  -33.043  54.604 0.0000000000
35710  -36.485  -33.157  53.554 0.0000000000
38970  -39.835  -29.852  53.359 0.0000000000
101936  -36.780  -24.976  52.426 0.0000000000
42623  -37.155  -24.626  53.016 0.0000000000
102498  -37.695  -24.812  53.480 0.0000000000
45207  -37.278  -22.536  53.653 0.0000000000
44403  -37.975  -23.351  53.657 0.0000000000
43555  -39.385  -24.577  52.983 0.0000000000
43556  -40.430  -24.540  51.778 0.0000000000
119574  -41.204  -24.493  50.606 0.0000000000
121807  -40.876  -21.379  50.012 0.0000000000
103698  -40.703  -20.213  51.261 0.0000000000
47016  -40.729  -20.444  50.858 0.0000000000
115474  -40.743  -20.460  50.131 0.0000000000
48023  -40.820  -19.108  48.795 0.0000000000
39764  -22.685  -28.846  62.265 0.0000000000
53193  -47.158  -14.330  45.871 0.0000000000
52351  -49.228  -14.510  46.148 0.0000000000
50586  -49.860  -16.551  46.133 0.0000000000
51465  -51.038  -14.766  44.877 0.0000000000
107233  -50.580  -16.491  45.549 0.0000000000
48926  -49.358  -18.414  45.789 0.0000000000
103853  -49.789  -13.622  38.662 0.0000000000
53228  -52.135  -13.511  40.029 0.0000000000
56721  -52.334  -9.417  36.154 0.0000000000
55740  -51.580  -10.019  36.390 0.0000000000
54011  -51.171  -11.857  38.081 0.0000000000
53993  -52.554  -12.765  39.413 0.0000000000
53229  -53.341  -13.061  40.331 0.0000000000
53222  -54.976  -13.649  40.666 0.0000000000
39786  -21.331  -29.193  59.989 0.0000000000
118663  -37.773  -16.656  51.221 0.0000000000
50542  -37.850  -15.922  51.086 0.0000000000
41730  -36.128  -26.732  51.370 0.0000000000
41731  -36.505  -26.367  51.951 0.0000000000
119723  -36.099  -25.930  51.567 0.0000000000
49742  -37.480  -17.311  50.803 0.0000000000
48891  -37.661  -18.073  51.134 0.0000000000
53190  -45.056  -13.476  46.238 0.0000000000
53184  -45.679  -13.532  46.848 0.0000000000
53191  -45.778  -13.894  46.090 0.0000000000
52401  -52.762  -14.393  41.856 0.0000000000
52402  -53.484  -14.331  41.808 0.0000000000
52403  -54.137  -14.609  41.696 0.0000000000
56754  -55.791  -9.822  34.476 0.0000000000
103836  -56.080  -6.061  31.365 0.0000000000
59462  -57.302  -5.659  32.421 0.0000000000
59453  -57.762  -6.017  32.193 0.0000000000
59463  -57.736  -5.942  32.009 0.0000000000
50538  -42.183  -15.213  52.187 0.0000000000
53149  -41.777  -13.191  50.128 0.0000000000
52330  -41.440  -13.669  48.602 0.0000000000
103324  -40.904  -14.234  47.698 0.0000000000
40670  -24.693  -28.088  61.297 0.0000000000
38022  -30.638  -29.921  57.337 0.0000000000
105061  -30.057  -29.348  57.717 0.0000000000
37197  -29.949  -32.676  56.787 0.0000000000
37201  -34.115  -31.046  56.445 0.0000000000
36401  -33.841  -32.024  56.274 0.0000000000
107259  -34.310  -32.458  55.939 0.0000000000
35677  -34.429  -33.254  55.335 0.0000000000
36411  -34.921  -32.305  55.795 0.0000000000
38074  -37.996  -30.056  53.949 0.0000000000
38060  -37.538  -30.736  54.418 0.0000000000
36455  -38.906  -31.724  53.446 0.0000000000
38075  -38.839  -31.102  53.864 0.0000000000
111943  -38.808  -26.419  53.514 0.0000000000
40775  -39.595  -27.365  53.244 0.0000000000
41719  -39.700  -26.390  52.893 0.0000000000
40776  -40.406  -27.071  52.353 0.0000000000
44418  -36.905  -22.719  52.036 0.0000000000
46085  -39.371  -21.258  53.397 0.0000000000
46086  -40.299  -21.301  52.494 0.0000000000
45225  -40.388  -22.054  52.134 0.0000000000
46102  -40.670  -21.385  51.675 0.0000000000
111187  -40.822  -16.354  52.539 0.0000000000
49743  -41.376  -17.125  50.673 0.0000000000
41609  -24.446  -26.732  61.580 0.0000000000
106692  -24.154  -25.976  61.581 0.0000000000
40662  -23.747  -27.416  62.114 0.0000000000
121741  -44.387  -15.831  49.253 0.0000000000
116735  -44.377  -16.107  48.595 0.0000000000
51433  -45.012  -15.711  49.434 0.0000000000
49771  -48.294  -17.521  47.086 0.0000000000
49770  -47.572  -17.764  47.113 0.0000000000
48916  -48.026  -18.467  46.695 0.0000000000
48030  -48.514  -19.021  46.202 0.0000000000
51475  -49.849  -14.727  44.757 0.0000000000
100963  -51.834  -8.221  34.066 0.0000000000
55712  -55.942  -10.824  38.271 0.0000000000
55726  -54.365  -10.014  38.000 0.0000000000
54798  -55.528  -11.373  38.700 0.0000000000
50529  -40.169  -15.806  53.232 0.0000000000
51389  -40.562  -15.203  52.946 0.0000000000
51388  -39.965  -15.287  53.056 0.0000000000
52295  -38.555  -14.826  50.540 0.0000000000
52296  -39.502  -14.372  51.289 0.0000000000
52313  -39.088  -14.489  50.049 0.0000000000
52327  -38.718  -14.754  49.171 0.0000000000
41626  -25.081  -26.517  60.441 0.0000000000
39874  -36.485  -27.989  51.705 0.0000000000
39864  -36.968  -28.533  52.212 0.0000000000
118757  -37.396  -29.101  52.685 0.0000000000
41717  -37.009  -26.168  52.466 0.0000000000
41718  -37.396  -26.126  53.059 0.0000000000
104893  -37.969  -26.266  53.439 0.0000000000
47014  -37.613  -20.301  50.737 0.0000000000
46101  -37.599  -20.503  51.440 0.0000000000
47015  -37.734  -19.817  51.507 0.0000000000
106140  -38.196  -18.696  52.619 0.0000000000
47999  -37.987  -19.403  52.705 0.0000000000
47992  -38.505  -19.039  53.387 0.0000000000
47984  -38.718  -19.365  53.619 0.0000000000
47985  -39.208  -19.178  53.651 0.0000000000
48870  -39.129  -18.405  53.470 0.0000000000
49733  -39.698  -16.590  53.309 0.0000000000
41625  -24.338  -25.996  59.924 0.0000000000
53153  -45.224  -12.971  49.535 0.0000000000
52331  -45.679  -13.384  49.107 0.0000000000
53167  -46.050  -13.434  48.139 0.0000000000
52342  -47.148  -14.124  47.230 0.0000000000
52341  -46.618  -13.950  47.940 0.0000000000
52333  -47.271  -14.401  47.931 0.0000000000
116476  -47.984  -15.787  48.031 0.0000000000
51514  -51.490  -14.945  43.139 0.0000000000
120953  -51.629  -14.822  43.581 0.0000000000
51517  -53.680  -15.333  42.382 0.0000000000
51496  -53.145  -15.273  42.880 0.0000000000
50602  -53.568  -16.043  42.707 0.0000000000
49798  -53.196  -16.785  43.104 0.0000000000
57669  -55.225  -7.450  35.449 0.0000000000
118577  -54.633  -7.739  35.616 0.0000000000
55744  -56.519  -9.955  37.083 0.0000000000
48900  -36.881  -18.276  49.028 0.0000000000
50622  -48.961  -16.570  42.103 0.0000000000
51577  -49.292  -15.274  39.858 0.0000000000
52408  -50.086  -14.977  40.394 0.0000000000
52420  -50.505  -14.200  39.768 0.0000000000
58579  -53.158  -6.783  31.892 0.0000000000
58566  -52.540  -7.114  32.333 0.0000000000
58567  -53.532  -6.731  32.750 0.0000000000
58556  -54.004  -6.813  33.672 0.0000000000
58568  -54.750  -6.287  33.262 0.0000000000
59442  -57.221  -6.008  33.772 0.0000000000
58558  -56.698  -6.552  34.415 0.0000000000
58559  -57.228  -6.901  34.269 0.0000000000
57679  -57.123  -7.782  34.499 0.0000000000
57685  -57.301  -7.776  33.666 0.0000000000
57684  -56.582  -8.731  33.310 0.0000000000
105555  -58.810  -6.271  30.105 0.0000000000
57719  -58.794  -7.720  29.637 0.0000000000
49750  -41.948  -17.235  48.034 0.0000000000
107875  -42.075  -16.755  48.860 0.0000000000
50554  -42.627  -16.220  49.300 0.0000000000
52283  -41.798  -14.056  52.545 0.0000000000
51401  -42.141  -14.619  52.455 0.0000000000
53137  -42.340  -13.440  52.234 0.0000000000
53150  -42.888  -12.675  50.889 0.0000000000
52299  -43.092  -13.038  51.963 0.0000000000
103314  -43.844  -12.699  51.250 0.0000000000
102411  -44.349  -12.555  50.392 0.0000000000
53164  -43.941  -12.490  49.345 0.0000000000
117247  -43.111  -13.016  47.520 0.0000000000
38880  -22.965  -29.971  61.293 0.0000000000
38895  -22.861  -30.049  60.589 0.0000000000
37972  -23.985  -30.942  61.290 0.0000000000
39778  -25.356  -29.111  60.733 0.0000000000
36385  -26.776  -33.311  58.065 0.0000000000
36395  -26.692  -33.281  57.067 0.0000000000
118236  -27.232  -33.374  58.024 0.0000000000
40702  -28.201  -26.735  58.999 0.0000000000
38004  -28.235  -30.116  58.297 0.0000000000
38019  -27.910  -31.511  58.072 0.0000000000
36386  -29.059  -33.037  57.178 0.0000000000
110500  -28.181  -33.235  57.654 0.0000000000
35652  -28.432  -33.713  56.672 0.0000000000
122143  -28.514  -33.700  55.605 0.0000000000
35654  -30.144  -33.860  56.131 0.0000000000
35673  -30.495  -34.048  55.719 0.0000000000
116138  -31.185  -34.079  55.529 0.0000000000
36409  -32.703  -33.620  55.701 0.0000000000
36399  -32.007  -33.390  56.273 0.0000000000
35695  -31.695  -33.989  54.979 0.0000000000
111438  -33.173  -33.754  54.506 0.0000000000
35697  -35.047  -33.447  54.523 0.0000000000
120967  -33.744  -33.562  54.037 0.0000000000
35707  -34.489  -33.517  53.947 0.0000000000
35715  -34.822  -33.267  53.320 0.0000000000
38072  -36.148  -30.581  54.314 0.0000000000
37207  -36.087  -31.166  55.348 0.0000000000
38047  -35.584  -30.777  55.657 0.0000000000
36412  -36.068  -32.081  55.139 0.0000000000
117934  -37.502  -32.676  53.802 0.0000000000
35699  -36.938  -32.944  53.932 0.0000000000
102468  -37.256  -32.820  53.462 0.0000000000
120257  -36.283  -33.066  53.205 0.0000000000
37246  -39.236  -31.691  52.832 0.0000000000
37262  -38.731  -31.780  52.207 0.0000000000
37263  -39.337  -31.512  52.281 0.0000000000
110369  -39.189  -29.420  53.573 0.0000000000
39855  -39.630  -28.922  53.469 0.0000000000
42642  -36.441  -25.309  51.932 0.0000000000
43562  -36.555  -24.721  51.975 0.0000000000
44409  -36.860  -24.321  52.654 0.0000000000
102262  -37.441  -23.962  53.500 0.0000000000
46083  -37.367  -21.481  53.580 0.0000000000
45223  -37.136  -22.269  53.624 0.0000000000
46066  -37.600  -21.820  53.803 0.0000000000
44404  -38.710  -22.685  53.420 0.0000000000
106979  -37.747  -22.564  53.727 0.0000000000
43550  -38.249  -24.219  53.576 0.0000000000
108102  -40.021  -23.634  52.321 0.0000000000
44419  -40.835  -23.020  51.070 0.0000000000
43563  -40.879  -24.106  51.032 0.0000000000
46120  -40.971  -22.071  50.539 0.0000000000
46136  -40.954  -21.805  50.212 0.0000000000
47993  -40.460  -19.256  52.759 0.0000000000
46990  -40.715  -20.121  51.697 0.0000000000
47994  -40.678  -19.370  52.026 0.0000000000
48008  -40.723  -19.662  51.039 0.0000000000
103163  -40.721  -19.963  50.451 0.0000000000
102196  -40.731  -19.971  49.698 0.0000000000
105342  -40.859  -19.081  49.899 0.0000000000
118108  -41.055  -18.339  49.267 0.0000000000
101304  -41.261  -18.063  48.352 0.0000000000
39765  -23.493  -28.667  62.091 0.0000000000
38879  -22.271  -29.331  61.645 0.0000000000
50557  -46.675  -15.794  48.787 0.0000000000
50564  -46.088  -16.472  48.459 0.0000000000
49757  -46.436  -16.924  47.667 0.0000000000
52369  -46.145  -14.415  44.667 0.0000000000
53199  -46.635  -14.405  45.359 0.0000000000
118857  -49.678  -14.630  45.602 0.0000000000
102008  -49.132  -14.497  45.798 0.0000000000
51445  -49.252  -14.807  46.717 0.0000000000
50580  -49.657  -15.580  46.507 0.0000000000
51477  -51.226  -14.750  44.327 0.0000000000
50595  -51.480  -15.363  44.678 0.0000000000
49782  -50.734  -17.454  45.115 0.0000000000
48927  -50.163  -18.199  45.247 0.0000000000
48044  -49.942  -19.092  45.141 0.0000000000
53227  -51.137  -13.697  39.580 0.0000000000
53239  -51.371  -13.158  39.016 0.0000000000
56734  -53.308  -8.774  36.110 0.0000000000
56733  -52.180  -8.943  35.447 0.0000000000
120822  -53.164  -9.334  36.659 0.0000000000
55725  -53.101  -10.243  37.561 0.0000000000
55724  -52.014  -10.423  37.204 0.0000000000
55739  -50.709  -10.436  36.230 0.0000000000
54811  -51.397  -11.132  37.529 0.0000000000
54810  -50.532  -11.630  37.501 0.0000000000
54004  -54.161  -11.899  39.381 0.0000000000
54003  -53.035  -11.981  38.895 0.0000000000
53994  -53.723  -12.427  39.773 0.0000000000
53230  -54.474  -12.926  40.428 0.0000000000
53231  -55.264  -13.106  40.080 0.0000000000
51387  -39.044  -15.363  52.390 0.0000000000
115242  -38.425  -15.527  51.544 0.0000000000
51411  -38.114  -15.321  50.772 0.0000000000
51420  -37.885  -15.162  49.959 0.0000000000
40773  -36.897  -27.186  52.233 0.0000000000
48884  -38.135  -18.071  52.094 0.0000000000
102853  -38.600  -17.286  52.742 0.0000000000
49732  -39.157  -16.703  53.192 0.0000000000
53175  -45.659  -13.182  47.738 0.0000000000
53185  -46.155  -13.671  47.237 0.0000000000
53186  -46.856  -14.096  46.603 0.0000000000
51539  -52.150  -14.785  42.438 0.0000000000
51515  -52.153  -14.854  43.039 0.0000000000
52394  -52.863  -14.647  42.347 0.0000000000
51541  -54.801  -14.934  41.306 0.0000000000
51562  -55.070  -15.321  40.724 0.0000000000
57670  -56.920  -8.308  35.661 0.0000000000
57656  -56.449  -8.362  36.324 0.0000000000
55768  -56.436  -9.813  35.347 0.0000000000
59461  -54.979  -6.149  31.866 0.0000000000
59450  -55.480  -5.882  32.822 0.0000000000
59451  -56.825  -5.577  33.126 0.0000000000
57686  -57.607  -7.479  32.750 0.0000000000
58570  -57.832  -6.489  32.523 0.0000000000
59492  -59.023  -6.109  29.336 0.0000000000
57731  -58.951  -7.979  28.759 0.0000000000
57742  -57.383  -8.679  27.943 0.0000000000
49747  -41.478  -17.102  50.021 0.0000000000
50553  -41.953  -16.647  49.669 0.0000000000
51402  -42.899  -14.614  52.133 0.0000000000
53141  -41.089  -13.475  50.940 0.0000000000
119584  -43.323  -12.641  49.309 0.0000000000
53172  -42.368  -13.313  48.018 0.0000000000
52340  -42.392  -13.559  46.952 0.0000000000
109838  -23.650  -29.538  61.675 0.0000000000
38871  -24.047  -30.091  61.539 0.0000000000
37167  -27.195  -32.652  58.608 0.0000000000
36398  -30.650  -33.387  56.455 0.0000000000
35676  -33.399  -33.780  55.152 0.0000000000
38092  -36.511  -30.231  53.317 0.0000000000
38073  -37.150  -30.381  54.242 0.0000000000
36453  -37.915  -32.587  53.452 0.0000000000
40760  -39.213  -28.042  53.468 0.0000000000
41732  -40.979  -26.691  51.383 0.0000000000
44425  -36.763  -23.689  50.532 0.0000000000
44417  -36.680  -24.084  51.722 0.0000000000
115822  -36.845  -23.377  51.542 0.0000000000
110096  -36.847  -23.550  52.598 0.0000000000
44410  -37.070  -22.969  53.468 0.0000000000
44411  -39.737  -22.775  52.618 0.0000000000
44412  -40.511  -22.839  51.802 0.0000000000
45239  -40.959  -22.479  50.765 0.0000000000
46103  -40.868  -21.635  51.055 0.0000000000
47001  -40.737  -20.811  51.340 0.0000000000
49735  -40.541  -17.488  52.505 0.0000000000
48885  -40.679  -18.526  51.867 0.0000000000
42569  -23.544  -25.574  61.787 0.0000000000
49758  -47.168  -17.107  47.641 0.0000000000
52382  -47.649  -15.011  44.553 0.0000000000
52371  -47.934  -14.781  45.066 0.0000000000
52372  -48.840  -14.736  45.140 0.0000000000
52361  -49.682  -14.637  45.280 0.0000000000
52352  -50.217  -14.634  45.231 0.0000000000
49792  -52.567  -16.488  43.818 0.0000000000
110427  -51.940  -16.360  44.447 0.0000000000
56715  -55.087  -9.414  37.671 0.0000000000
55742  -53.715  -9.611  37.315 0.0000000000
54797  -54.158  -11.316  38.821 0.0000000000
59471  -56.720  -6.055  30.586 0.0000000000
59472  -57.856  -5.928  31.100 0.0000000000
59481  -57.171  -5.815  29.845 0.0000000000
59490  -57.941  -5.448  29.357 0.0000000000
60388  -57.277  -4.930  28.466 0.0000000000
60390  -58.617  -5.342  28.772 0.0000000000
50537  -41.453  -15.382  52.592 0.0000000000
52282  -40.963  -14.544  52.716 0.0000000000
104314  -41.050  -13.947  52.385 0.0000000000
51399  -39.656  -14.760  52.337 0.0000000000
115442  -40.348  -14.255  52.377 0.0000000000
52297  -40.560  -13.816  51.717 0.0000000000
41616  -24.958  -27.225  61.192 0.0000000000
39788  -26.995  -27.914  59.900 0.0000000000
38037  -34.546  -30.547  56.270 0.0000000000
105364  -38.911  -30.238  53.746 0.0000000000
40759  -38.387  -27.760  53.383 0.0000000000
121384  -37.847  -27.564  53.171 0.0000000000
42625  -38.172  -25.616  53.536 0.0000000000
46988  -37.606  -20.699  53.485 0.0000000000
120525  -38.318  -20.447  53.940 0.0000000000
116768  -39.092  -20.501  53.739 0.0000000000
46977  -39.782  -19.815  53.358 0.0000000000
47986  -39.974  -19.098  53.401 0.0000000000
48878  -40.244  -18.554  53.134 0.0000000000
49729  -39.664  -17.390  53.348 0.0000000000
111808  -40.214  -17.734  53.060 0.0000000000
41615  -24.564  -26.137  60.920 0.0000000000
51424  -45.731  -14.443  49.414 0.0000000000
108608  -46.475  -14.856  48.983 0.0000000000
116433  -46.746  -14.377  48.453 0.0000000000
50558  -47.368  -15.813  48.405 0.0000000000
50566  -47.579  -16.522  47.984 0.0000000000
50567  -48.376  -16.432  47.563 0.0000000000
50600  -49.595  -15.660  43.524 0.0000000000
51492  -50.328  -14.886  44.139 0.0000000000
112019  -51.228  -14.728  43.950 0.0000000000
51495  -52.415  -15.011  43.207 0.0000000000
58540  -53.317  -7.428  34.074 0.0000000000
57667  -52.634  -8.001  34.447 0.0000000000
57654  -54.100  -8.123  35.775 0.0000000000
57644  -54.796  -8.456  36.537 0.0000000000
57645  -55.986  -8.396  36.794 0.0000000000
56716  -56.138  -9.492  37.592 0.0000000000
55728  -56.251  -10.308  37.748 0.0000000000
49741  -37.069  -17.204  50.031 0.0000000000
50547  -37.044  -16.278  49.662 0.0000000000
49746  -36.789  -17.115  49.082 0.0000000000
45262  -37.408  -22.041  50.115 0.0000000000
47031  -37.508  -20.408  49.950 0.0000000000
48011  -37.278  -19.653  49.481 0.0000000000
48896  -37.242  -18.764  49.780 0.0000000000
48890  -37.288  -18.025  50.329 0.0000000000
102784  -44.352  -13.978  44.298 0.0000000000
53197  -45.381  -13.922  45.535 0.0000000000
111260  -46.341  -14.702  44.096 0.0000000000
51490  -47.548  -15.336  43.889 0.0000000000
51512  -48.520  -15.847  43.606 0.0000000000
50611  -49.763  -16.032  42.793 0.0000000000
50612  -50.543  -15.484  42.666 0.0000000000
51537  -50.148  -15.636  41.303 0.0000000000
52410  -52.295  -14.205  40.905 0.0000000000
58554  -51.955  -7.584  32.786 0.0000000000
58541  -54.601  -7.095  34.618 0.0000000000
58542  -56.061  -6.995  35.088 0.0000000000
57678  -57.071  -8.435  34.853 0.0000000000
56773  -56.403  -9.130  34.123 0.0000000000
106864  -56.959  -8.428  32.597 0.0000000000
102874  -58.093  -6.243  31.309 0.0000000000
58591  -58.493  -6.682  30.946 0.0000000000
58592  -58.840  -6.824  30.317 0.0000000000
57709  -58.564  -7.461  30.428 0.0000000000
50555  -43.315  -15.988  48.963 0.0000000000
121299  -43.742  -15.745  49.447 0.0000000000
102778  -44.258  -15.322  49.854 0.0000000000
112170  -44.474  -14.442  50.555 0.0000000000
51403  -43.240  -13.779  52.015 0.0000000000
51413  -43.622  -14.233  51.688 0.0000000000
52316  -44.262  -13.823  51.238 0.0000000000
52317  -44.707  -13.580  50.536 0.0000000000
53152  -44.807  -12.949  50.237 0.0000000000
109170  -44.019  -12.667  48.115 0.0000000000
53174  -45.001  -12.746  48.016 0.0000000000
52357  -44.092  -13.369  45.896 0.0000000000
107603  -37.908  -15.071  49.152 0.0000000000
52328  -39.223  -14.711  48.420 0.0000000000
102309  -39.639  -14.731  47.735 0.0000000000
52338  -40.251  -14.630  47.359 0.0000000000
113726  -43.794  -13.769  44.998 0.0000000000
36376  -27.442  -33.228  58.112 0.0000000000
35653  -29.255  -33.730  56.312 0.0000000000
109005  -31.555  -32.447  56.476 0.0000000000
120695  -31.356  -33.470  56.354 0.0000000000
38045  -34.457  -30.116  56.038 0.0000000000
38046  -35.133  -30.604  56.002 0.0000000000
105111  -35.190  -30.628  53.703 0.0000000000
116730  -35.733  -33.470  54.113 0.0000000000
36430  -36.564  -32.643  54.491 0.0000000000
35698  -36.308  -33.325  54.065 0.0000000000
35709  -35.953  -33.449  53.803 0.0000000000
35716  -35.728  -33.243  53.323 0.0000000000
38978  -40.086  -30.444  52.721 0.0000000000
38971  -40.173  -29.093  53.155 0.0000000000
122404  -38.508  -24.988  53.508 0.0000000000
45237  -37.038  -21.978  52.762 0.0000000000
44402  -37.305  -23.136  53.566 0.0000000000
42631  -39.965  -25.494  52.430 0.0000000000
42632  -40.634  -25.619  51.470 0.0000000000
112193  -41.026  -24.897  50.940 0.0000000000
115395  -40.735  -20.646  51.078 0.0000000000
48000  -40.696  -19.476  51.491 0.0000000000
53192  -46.420  -14.153  45.977 0.0000000000
52350  -47.762  -14.276  46.557 0.0000000000
52359  -48.081  -14.516  45.640 0.0000000000
53187  -48.397  -14.365  46.014 0.0000000000
106775  -48.556  -14.386  46.372 0.0000000000
52343  -48.731  -14.500  46.746 0.0000000000
50568  -49.039  -15.689  47.118 0.0000000000
121382  -48.826  -17.461  46.655 0.0000000000
51493  -50.805  -14.702  44.470 0.0000000000
51476  -50.723  -14.656  44.788 0.0000000000
51464  -50.588  -14.799  45.307 0.0000000000
50588  -50.981  -15.434  45.274 0.0000000000
50587  -50.355  -15.488  45.855 0.0000000000
49772  -49.292  -17.460  46.249 0.0000000000
116641  -49.923  -14.073  39.120 0.0000000000
52421  -51.385  -13.990  40.207 0.0000000000
105009  -51.978  -8.541  34.710 0.0000000000
56753  -51.355  -9.056  34.936 0.0000000000
56731  -50.800  -9.565  35.177 0.0000000000
56732  -51.508  -9.503  35.629 0.0000000000
55757  -50.949  -9.933  35.771 0.0000000000
102642  -51.006  -12.523  38.439 0.0000000000
54796  -52.101  -11.529  38.266 0.0000000000
54002  -51.842  -12.323  38.666 0.0000000000
53220  -53.066  -13.640  40.811 0.0000000000
53221  -53.969  -13.482  40.953 0.0000000000
52413  -55.169  -14.598  40.806 0.0000000000
51580  -55.186  -15.274  40.088 0.0000000000
122464  -55.450  -13.730  40.002 0.0000000000
52423  -55.451  -14.437  39.918 0.0000000000
37245  -38.831  -32.073  52.707 0.0000000000
48871  -39.638  -18.662  53.466 0.0000000000
49781  -49.985  -17.444  45.655 0.0000000000
50579  -49.070  -16.705  46.806 0.0000000000
51434  -47.128  -15.022  48.587 0.0000000000
52424  -55.536  -14.055  39.401 0.0000000000
53238  -50.513  -13.669  39.043 0.0000000000
54827  -51.213  -10.622  36.843 0.0000000000
107117  -48.324  -15.259  44.340 0.0000000000
119026  -47.677  -14.311  46.171 0.0000000000
121293  -57.631  -5.827  32.490 0.0000000000
