#!ascii label  , from subject sub-v2s8x29197_ses-1 vox2ras=TkReg
336
117845  43.326  -52.970  13.437 0.0000000000
12592  37.743  -59.862  5.647 0.0000000000
14565  35.769  -56.438  16.400 0.0000000000
14586  35.662  -56.240  12.155 0.0000000000
11204  42.338  -61.019  10.204 0.0000000000
12493  39.154  -59.368  13.456 0.0000000000
9827  43.038  -62.617  13.219 0.0000000000
12548  36.285  -59.259  8.703 0.0000000000
15981  34.508  -54.551  9.613 0.0000000000
105403  40.021  -53.805  15.361 0.0000000000
14572  36.611  -56.054  13.984 0.0000000000
102952  37.471  -59.785  11.085 0.0000000000
11866  39.765  -60.377  7.920 0.0000000000
11247  43.918  -61.222  6.440 0.0000000000
18111  47.146  -51.400  13.570 0.0000000000
16631  44.194  -53.973  16.068 0.0000000000
113641  39.599  -55.602  18.042 0.0000000000
16697  38.469  -53.376  9.979 0.0000000000
103041  41.172  -62.198  13.622 0.0000000000
12560  36.946  -59.396  7.293 0.0000000000
113104  34.854  -58.329  7.489 0.0000000000
115008  36.627  -55.399  16.608 0.0000000000
108713  36.263  -56.493  15.172 0.0000000000
11172  41.146  -61.114  11.835 0.0000000000
11810  38.931  -59.520  12.553 0.0000000000
11188  40.296  -60.993  10.817 0.0000000000
102610  39.230  -60.599  8.850 0.0000000000
100269  40.994  -60.646  8.781 0.0000000000
11265  42.281  -61.391  5.656 0.0000000000
15908  43.934  -55.062  17.254 0.0000000000
15920  41.958  -54.508  16.655 0.0000000000
15245  42.435  -55.523  17.885 0.0000000000
16666  36.660  -53.766  13.244 0.0000000000
16687  36.273  -53.509  11.513 0.0000000000
117533  34.413  -53.634  8.395 0.0000000000
16723  36.857  -53.847  8.933 0.0000000000
12466  37.175  -59.031  14.867 0.0000000000
13147  37.407  -58.292  14.518 0.0000000000
11796  38.958  -59.907  13.984 0.0000000000
11793  41.620  -61.143  13.123 0.0000000000
11170  43.331  -61.601  12.325 0.0000000000
12528  35.540  -58.583  10.196 0.0000000000
14610  34.486  -55.853  10.940 0.0000000000
13961  33.884  -57.092  9.336 0.0000000000
14659  33.316  -56.352  8.582 0.0000000000
11940  37.630  -61.079  3.747 0.0000000000
16653  41.401  -53.409  14.838 0.0000000000
16658  36.758  -53.883  14.050 0.0000000000
14576  36.437  -56.075  13.293 0.0000000000
109599  37.860  -58.152  13.686 0.0000000000
13196  37.447  -58.765  12.258 0.0000000000
13197  36.588  -58.551  11.692 0.0000000000
112944  37.213  -59.922  9.610 0.0000000000
11868  38.025  -60.040  8.132 0.0000000000
11900  39.084  -60.105  6.528 0.0000000000
11881  43.932  -60.868  8.276 0.0000000000
115481  42.197  -60.521  6.753 0.0000000000
100012  40.266  -60.518  5.941 0.0000000000
104888  38.909  -60.781  5.115 0.0000000000
119137  46.694  -51.768  12.488 0.0000000000
17405  46.838  -53.057  13.244 0.0000000000
16650  47.150  -52.903  15.114 0.0000000000
16651  43.458  -53.326  14.791 0.0000000000
15927  41.387  -54.139  16.027 0.0000000000
15922  39.979  -54.651  16.668 0.0000000000
15236  37.578  -55.832  17.879 0.0000000000
14550  37.653  -56.437  18.499 0.0000000000
103749  35.741  -57.999  17.010 0.0000000000
16688  35.942  -53.579  10.477 0.0000000000
16662  45.077  -53.698  12.703 0.0000000000
16671  44.261  -53.935  12.170 0.0000000000
17416  43.243  -53.130  12.741 0.0000000000
12576  36.741  -59.301  6.325 0.0000000000
12577  35.994  -59.009  6.124 0.0000000000
104271  36.003  -55.866  16.529 0.0000000000
15253  36.265  -55.355  15.957 0.0000000000
13869  35.851  -56.816  15.842 0.0000000000
11187  41.592  -61.098  10.933 0.0000000000
11205  40.956  -60.854  9.743 0.0000000000
11850  42.042  -60.781  9.080 0.0000000000
10657  43.368  -63.161  3.978 0.0000000000
15909  42.727  -55.007  17.285 0.0000000000
15943  35.920  -54.786  12.340 0.0000000000
16675  36.522  -53.625  12.395 0.0000000000
15948  35.981  -54.140  12.026 0.0000000000
115936  35.798  -52.998  8.333 0.0000000000
101531  37.569  -59.616  14.608 0.0000000000
11782  37.946  -60.200  14.331 0.0000000000
10528  41.835  -62.295  13.575 0.0000000000
110067  41.520  -61.569  13.461 0.0000000000
10526  42.882  -61.934  13.302 0.0000000000
11158  42.511  -61.479  12.879 0.0000000000
10543  43.750  -61.963  12.468 0.0000000000
12539  35.837  -59.010  9.377 0.0000000000
13959  34.938  -58.097  9.857 0.0000000000
13232  34.714  -58.021  9.270 0.0000000000
13979  33.648  -57.082  8.605 0.0000000000
14670  33.094  -56.388  7.826 0.0000000000
15309  33.158  -55.644  8.329 0.0000000000
16654  40.487  -53.430  14.761 0.0000000000
16645  39.065  -53.774  15.290 0.0000000000
15262  36.466  -55.443  13.614 0.0000000000
105877  36.822  -56.926  13.566 0.0000000000
13145  38.604  -58.865  14.025 0.0000000000
13146  38.082  -58.396  14.072 0.0000000000
12486  38.804  -58.950  13.642 0.0000000000
11828  38.271  -60.164  11.335 0.0000000000
12508  37.876  -59.467  11.923 0.0000000000
13186  36.992  -58.113  12.519 0.0000000000
12509  37.015  -59.243  11.381 0.0000000000
12527  36.266  -58.940  10.830 0.0000000000
11842  37.636  -60.141  10.415 0.0000000000
108998  38.359  -60.405  8.876 0.0000000000
11867  38.789  -60.272  8.077 0.0000000000
116013  38.402  -60.012  7.496 0.0000000000
107715  39.064  -60.096  7.232 0.0000000000
9301  45.103  -63.857  5.660 0.0000000000
11263  44.701  -61.779  6.153 0.0000000000
11262  45.302  -62.058  6.568 0.0000000000
11246  45.060  -61.576  7.033 0.0000000000
11895  44.065  -60.957  7.266 0.0000000000
101902  42.904  -60.621  7.348 0.0000000000
11896  42.978  -60.794  6.629 0.0000000000
11277  41.761  -61.928  5.115 0.0000000000
11266  41.311  -61.209  5.554 0.0000000000
11267  40.409  -61.023  5.488 0.0000000000
11912  39.669  -60.688  5.595 0.0000000000
11279  39.677  -61.395  4.790 0.0000000000
18116  46.045  -51.253  12.543 0.0000000000
107451  47.020  -51.521  12.922 0.0000000000
17404  47.194  -52.597  13.032 0.0000000000
18110  47.400  -51.935  13.216 0.0000000000
16630  45.885  -53.783  16.006 0.0000000000
16639  47.159  -53.262  15.774 0.0000000000
16640  45.813  -53.341  15.066 0.0000000000
16641  44.369  -53.575  15.409 0.0000000000
16643  41.864  -53.705  15.490 0.0000000000
16633  42.343  -54.083  16.105 0.0000000000
15911  40.689  -55.008  17.269 0.0000000000
15921  40.992  -54.551  16.629 0.0000000000
15912  39.840  -55.169  17.374 0.0000000000
15249  38.142  -55.471  17.517 0.0000000000
15248  39.020  -55.355  17.505 0.0000000000
13104  36.790  -58.184  18.912 0.0000000000
117218  36.233  -58.406  18.427 0.0000000000
14551  36.341  -56.895  18.120 0.0000000000
15281  34.305  -55.257  10.216 0.0000000000
15959  35.262  -54.221  10.758 0.0000000000
16708  35.258  -53.990  9.773 0.0000000000
15980  37.487  -53.953  9.053 0.0000000000
12561  36.201  -59.132  7.851 0.0000000000
119971  35.223  -58.542  7.995 0.0000000000
15923  37.964  -54.684  16.389 0.0000000000
15930  38.548  -54.259  15.811 0.0000000000
15924  36.956  -54.873  16.231 0.0000000000
14570  36.339  -55.871  14.815 0.0000000000
11808  40.966  -60.661  12.892 0.0000000000
11809  39.776  -59.792  13.153 0.0000000000
11826  40.135  -60.353  12.538 0.0000000000
103409  39.623  -60.732  11.408 0.0000000000
116337  39.219  -60.779  10.500 0.0000000000
11841  38.400  -60.521  10.429 0.0000000000
11851  39.725  -60.801  9.725 0.0000000000
101716  40.176  -60.668  8.858 0.0000000000
11865  40.597  -60.493  8.189 0.0000000000
11909  42.883  -61.110  6.096 0.0000000000
11276  42.622  -61.974  5.296 0.0000000000
10645  42.626  -62.517  4.703 0.0000000000
15918  44.083  -54.501  16.632 0.0000000000
16632  43.234  -54.123  16.214 0.0000000000
15919  42.975  -54.517  16.689 0.0000000000
15910  41.647  -54.946  17.263 0.0000000000
15247  40.444  -55.483  17.900 0.0000000000
16686  37.057  -52.954  11.866 0.0000000000
17431  37.621  -52.788  11.134 0.0000000000
16004  34.156  -54.445  8.892 0.0000000000
101237  35.854  -53.785  8.999 0.0000000000
106706  34.897  -54.032  9.000 0.0000000000
16744  37.067  -53.499  8.550 0.0000000000
111852  35.963  -57.774  16.001 0.0000000000
13880  36.650  -57.439  15.011 0.0000000000
11781  38.459  -59.388  14.207 0.0000000000
11795  39.763  -60.120  13.507 0.0000000000
11794  40.821  -60.787  13.298 0.0000000000
11159  41.691  -61.150  12.667 0.0000000000
11171  42.214  -61.302  11.982 0.0000000000
13935  35.581  -57.532  11.465 0.0000000000
15270  35.113  -55.632  11.611 0.0000000000
14628  34.425  -56.722  10.554 0.0000000000
116825  34.073  -56.027  10.342 0.0000000000
15297  33.812  -55.824  9.747 0.0000000000
13978  34.256  -57.655  8.927 0.0000000000
14646  33.600  -56.455  9.248 0.0000000000
15982  33.940  -55.111  9.397 0.0000000000
16005  33.555  -54.988  8.670 0.0000000000
16724  33.627  -54.239  8.269 0.0000000000
11914  37.730  -60.183  5.040 0.0000000000
17397  42.884  -53.062  14.145 0.0000000000
17408  42.516  -52.896  13.458 0.0000000000
17399  41.002  -53.115  14.151 0.0000000000
15264  36.288  -55.246  12.937 0.0000000000
118482  36.128  -55.935  12.701 0.0000000000
13879  37.424  -57.664  14.117 0.0000000000
12494  38.515  -58.817  12.957 0.0000000000
13185  37.838  -58.303  13.072 0.0000000000
13913  37.338  -57.733  13.347 0.0000000000
13914  36.648  -57.374  12.702 0.0000000000
13934  36.235  -57.833  11.943 0.0000000000
13915  35.903  -57.064  12.083 0.0000000000
13198  35.811  -58.242  11.157 0.0000000000
118029  36.135  -59.176  10.076 0.0000000000
109552  36.514  -59.458  9.504 0.0000000000
11853  37.953  -60.367  9.643 0.0000000000
12538  37.606  -60.057  8.875 0.0000000000
109395  36.736  -59.406  8.157 0.0000000000
12559  37.790  -59.753  7.354 0.0000000000
12575  37.629  -59.641  6.437 0.0000000000
12591  38.395  -59.964  6.119 0.0000000000
102363  44.130  -61.395  10.875 0.0000000000
9939  45.471  -63.108  6.069 0.0000000000
11219  44.211  -61.027  9.261 0.0000000000
11863  43.169  -60.817  8.902 0.0000000000
107381  42.485  -60.624  8.151 0.0000000000
11864  41.409  -60.519  8.113 0.0000000000
11883  40.755  -60.319  7.322 0.0000000000
11910  41.973  -60.785  6.155 0.0000000000
11897  41.362  -60.427  6.613 0.0000000000
11898  40.484  -60.356  6.480 0.0000000000
11899  39.729  -60.314  6.245 0.0000000000
100060  39.034  -60.284  5.861 0.0000000000
11913  38.329  -60.271  5.440 0.0000000000
11929  38.105  -60.678  4.652 0.0000000000
18121  44.826  -52.135  11.220 0.0000000000
113752  44.866  -51.309  12.071 0.0000000000
18120  46.127  -52.124  11.910 0.0000000000
16678  46.915  -53.458  12.258 0.0000000000
16661  46.296  -53.789  12.555 0.0000000000
17406  45.395  -53.225  13.441 0.0000000000
18052  47.170  -52.158  16.178 0.0000000000
18089  47.468  -51.972  13.969 0.0000000000
17395  46.543  -52.899  14.253 0.0000000000
111186  45.138  -53.113  14.283 0.0000000000
17396  44.043  -53.049  13.972 0.0000000000
16652  42.370  -53.375  14.864 0.0000000000
16644  40.923  -53.760  15.422 0.0000000000
15928  40.470  -54.213  15.985 0.0000000000
114601  38.997  -54.619  16.471 0.0000000000
15252  37.504  -55.255  16.933 0.0000000000
13856  35.988  -56.471  17.298 0.0000000000
14559  36.828  -56.284  17.956 0.0000000000
13855  35.823  -57.374  17.608 0.0000000000
13863  35.648  -57.135  16.705 0.0000000000
15949  35.431  -54.690  11.646 0.0000000000
16698  37.626  -53.217  10.213 0.0000000000
16707  36.241  -53.716  9.399 0.0000000000
16706  36.919  -53.651  9.640 0.0000000000
9815  42.666  -62.310  13.419 0.0000000000
9816  42.362  -62.643  13.475 0.0000000000
10527  42.288  -62.033  13.505 0.0000000000
10544  43.435  -62.116  12.978 0.0000000000
10627  45.406  -62.500  6.552 0.0000000000
10637  43.367  -62.249  5.211 0.0000000000
11140  42.172  -61.635  13.263 0.0000000000
11157  43.305  -61.828  12.867 0.0000000000
11173  40.386  -60.858  11.859 0.0000000000
11230  45.492  -62.048  7.064 0.0000000000
11264  43.441  -61.633  5.705 0.0000000000
11780  39.003  -59.368  13.856 0.0000000000
11827  39.232  -60.284  11.988 0.0000000000
11852  38.772  -60.657  9.660 0.0000000000
11882  41.834  -60.412  7.321 0.0000000000
11884  39.824  -60.174  6.946 0.0000000000
11885  38.417  -59.899  6.806 0.0000000000
11911  40.975  -60.599  5.991 0.0000000000
11930  37.275  -60.456  4.338 0.0000000000
12418  36.614  -58.993  18.757 0.0000000000
12465  38.025  -58.872  14.350 0.0000000000
12526  36.844  -59.572  10.415 0.0000000000
12546  37.327  -59.711  8.107 0.0000000000
12547  36.925  -59.662  8.831 0.0000000000
12602  37.063  -59.808  5.011 0.0000000000
13131  36.629  -58.447  15.364 0.0000000000
13169  38.360  -58.554  13.599 0.0000000000
13231  35.224  -58.489  9.270 0.0000000000
13244  34.855  -58.254  8.485 0.0000000000
13848  37.032  -57.206  18.743 0.0000000000
13849  36.201  -57.681  18.346 0.0000000000
13946  35.060  -57.662  10.659 0.0000000000
13960  34.399  -57.442  9.815 0.0000000000
13994  34.184  -57.761  8.041 0.0000000000
13995  33.543  -57.181  7.657 0.0000000000
14609  35.088  -56.700  11.408 0.0000000000
14645  33.946  -56.602  9.889 0.0000000000
15246  41.360  -55.468  17.862 0.0000000000
15250  36.784  -55.729  17.305 0.0000000000
15265  35.715  -55.427  12.250 0.0000000000
15280  34.791  -54.976  10.966 0.0000000000
15298  33.501  -55.696  9.045 0.0000000000
15913  38.522  -55.067  16.966 0.0000000000
15929  39.543  -54.239  15.924 0.0000000000
15931  37.498  -54.412  15.689 0.0000000000
15939  36.486  -54.607  13.645 0.0000000000
15942  36.308  -54.368  12.774 0.0000000000
15960  34.775  -54.570  10.280 0.0000000000
16022  33.092  -54.906  7.978 0.0000000000
16642  43.036  -53.702  15.581 0.0000000000
16649  47.524  -52.697  15.758 0.0000000000
16660  46.875  -53.463  12.456 0.0000000000
16722  37.806  -53.906  8.853 0.0000000000
16745  36.316  -53.480  8.663 0.0000000000
16746  35.390  -53.500  8.666 0.0000000000
17363  47.547  -52.866  16.379 0.0000000000
17394  47.392  -52.270  14.869 0.0000000000
17398  41.920  -53.112  14.180 0.0000000000
17407  44.159  -53.202  13.021 0.0000000000
17415  47.065  -52.422  12.565 0.0000000000
17422  37.806  -52.619  11.840 0.0000000000
100747  35.935  -55.961  15.750 0.0000000000
101855  36.809  -53.139  10.812 0.0000000000
103876  36.338  -56.613  12.753 0.0000000000
104657  35.590  -58.799  8.459 0.0000000000
106071  37.150  -59.537  5.770 0.0000000000
106679  36.145  -59.060  6.975 0.0000000000
107180  36.720  -56.758  14.416 0.0000000000
108706  40.320  -60.295  13.234 0.0000000000
110927  47.214  -52.360  13.873 0.0000000000
113698  37.513  -55.562  17.435 0.0000000000
114004  44.479  -53.297  14.708 0.0000000000
116889  35.701  -53.935  11.312 0.0000000000
117853  39.296  -54.960  16.995 0.0000000000
118425  36.920  -53.958  14.547 0.0000000000
118680  36.925  -53.864  9.129 0.0000000000
119443  33.365  -56.767  8.183 0.0000000000
119486  36.915  -56.665  18.355 0.0000000000
120745  38.201  -52.859  10.674 0.0000000000
120780  38.871  -60.588  11.091 0.0000000000
