#!ascii label  , from subject sub-v2s8x29227_ses-1 vox2ras=TkReg
737
97259  40.110  24.962  -1.016 0.0000000000
99291  41.606  28.833  -0.731 0.0000000000
94507  47.701  21.558  0.438 0.0000000000
118484  35.183  22.546  2.577 0.0000000000
93242  37.653  19.906  2.172 0.0000000000
99930  41.148  29.642  -4.401 0.0000000000
99273  38.262  28.719  2.686 0.0000000000
101705  38.907  32.662  0.437 0.0000000000
93853  46.464  20.424  4.091 0.0000000000
92618  44.188  17.467  -3.650 0.0000000000
97314  44.088  25.653  -6.040 0.0000000000
95815  43.446  23.441  0.744 0.0000000000
97960  45.959  26.082  -1.043 0.0000000000
97195  46.349  26.367  3.159 0.0000000000
104122  37.771  36.874  -1.587 0.0000000000
116662  43.272  32.160  -2.254 0.0000000000
92586  41.004  18.757  0.100 0.0000000000
96532  37.124  23.929  1.157 0.0000000000
125265  36.674  21.963  2.474 0.0000000000
95803  39.416  23.323  1.455 0.0000000000
98682  40.215  27.346  -2.781 0.0000000000
97963  38.173  26.214  -0.748 0.0000000000
124006  36.393  29.989  2.351 0.0000000000
93216  45.420  19.807  5.337 0.0000000000
91930  43.982  17.734  1.471 0.0000000000
91921  42.535  18.034  2.965 0.0000000000
103631  39.930  36.446  -5.677 0.0000000000
99318  43.503  27.957  -3.358 0.0000000000
97295  45.414  25.354  -3.555 0.0000000000
97972  44.215  26.841  -1.159 0.0000000000
98579  44.375  28.791  6.475 0.0000000000
98617  46.000  28.562  3.413 0.0000000000
97863  46.293  28.264  5.755 0.0000000000
97190  44.499  25.298  4.509 0.0000000000
100505  40.527  31.176  0.583 0.0000000000
102361  41.218  33.450  0.405 0.0000000000
100518  42.207  30.446  -2.009 0.0000000000
99326  44.218  29.313  -5.467 0.0000000000
95159  45.571  22.298  0.491 0.0000000000
123562  42.655  20.943  1.987 0.0000000000
93250  43.862  19.900  0.926 0.0000000000
92577  35.574  18.797  1.692 0.0000000000
92590  36.282  18.466  0.619 0.0000000000
101747  42.228  33.135  -4.630 0.0000000000
100536  39.544  30.871  -3.245 0.0000000000
99877  40.132  29.109  1.068 0.0000000000
98633  42.201  26.913  1.196 0.0000000000
102366  34.551  33.951  0.426 0.0000000000
102376  36.268  34.127  -0.434 0.0000000000
123440  38.848  30.833  1.572 0.0000000000
93863  48.197  20.492  1.556 0.0000000000
93269  46.109  18.636  -0.429 0.0000000000
91945  46.449  17.167  -0.959 0.0000000000
91290  43.628  16.303  -2.829 0.0000000000
119840  41.408  25.539  -2.996 0.0000000000
96564  41.544  24.560  -0.589 0.0000000000
114561  43.608  24.625  -2.620 0.0000000000
95832  45.936  23.881  -1.607 0.0000000000
95825  47.235  23.280  -0.567 0.0000000000
97926  45.380  27.470  1.537 0.0000000000
97924  46.824  27.033  1.739 0.0000000000
95786  47.330  23.511  2.195 0.0000000000
95121  46.266  22.435  3.447 0.0000000000
94470  44.944  21.471  4.138 0.0000000000
103043  37.409  34.516  -4.241 0.0000000000
118046  40.540  36.432  -3.302 0.0000000000
103583  41.656  35.656  -0.814 0.0000000000
103026  43.337  34.727  -2.615 0.0000000000
127955  44.148  31.220  -5.573 0.0000000000
98697  42.449  27.835  -5.808 0.0000000000
95135  40.593  22.431  2.046 0.0000000000
93266  39.734  19.125  1.195 0.0000000000
92613  37.933  18.406  -1.143 0.0000000000
92608  42.455  18.443  -1.660 0.0000000000
96567  38.875  24.740  -0.182 0.0000000000
95804  38.549  23.264  1.544 0.0000000000
96548  39.287  24.256  0.404 0.0000000000
97973  40.090  26.040  -2.013 0.0000000000
97974  39.353  26.363  -1.591 0.0000000000
97261  38.521  25.422  -0.543 0.0000000000
96568  38.022  24.922  0.039 0.0000000000
132511  44.648  19.072  6.196 0.0000000000
116993  43.146  18.462  4.015 0.0000000000
92543  42.772  18.343  4.739 0.0000000000
91267  34.073  17.059  -0.878 0.0000000000
99302  42.498  28.704  -1.962 0.0000000000
98680  43.405  27.623  -2.350 0.0000000000
98658  42.572  27.723  -0.909 0.0000000000
98563  44.051  28.973  7.295 0.0000000000
99250  45.537  29.088  6.103 0.0000000000
99885  41.112  29.410  -0.370 0.0000000000
101158  41.077  31.137  -0.383 0.0000000000
99303  41.952  29.187  -1.436 0.0000000000
99319  43.116  28.808  -2.884 0.0000000000
95146  46.629  21.787  0.231 0.0000000000
94509  44.497  21.358  1.530 0.0000000000
118698  45.182  20.852  1.307 0.0000000000
94485  34.100  21.605  3.167 0.0000000000
94502  34.932  21.079  2.981 0.0000000000
93870  37.124  20.513  2.412 0.0000000000
137581  36.161  19.849  2.380 0.0000000000
93243  36.690  19.730  2.202 0.0000000000
114210  36.181  18.680  1.246 0.0000000000
93255  37.308  19.319  1.694 0.0000000000
101176  42.316  31.562  -5.008 0.0000000000
101177  41.136  31.616  -4.382 0.0000000000
100535  40.444  30.372  -3.643 0.0000000000
96534  35.527  24.276  1.482 0.0000000000
95789  34.582  23.182  2.473 0.0000000000
99279  39.679  28.771  1.678 0.0000000000
99271  39.938  27.950  2.052 0.0000000000
98629  39.487  27.604  2.831 0.0000000000
100485  37.211  29.709  2.449 0.0000000000
100495  37.239  30.422  1.916 0.0000000000
99869  38.003  29.451  2.415 0.0000000000
124942  39.536  29.663  1.503 0.0000000000
93864  47.717  20.270  2.443 0.0000000000
92572  47.543  18.873  0.705 0.0000000000
115653  46.251  18.741  1.744 0.0000000000
91251  42.900  16.826  0.631 0.0000000000
114068  43.800  16.574  -0.160 0.0000000000
91279  42.714  15.998  -2.122 0.0000000000
97307  42.604  25.908  -5.203 0.0000000000
96595  43.192  24.824  -3.439 0.0000000000
96610  43.830  24.786  -4.331 0.0000000000
97970  46.007  25.587  -2.087 0.0000000000
96592  45.757  24.733  -2.739 0.0000000000
96576  46.475  24.656  -1.565 0.0000000000
96559  46.838  24.091  -1.074 0.0000000000
97257  46.723  25.116  -0.733 0.0000000000
97913  42.710  26.584  2.391 0.0000000000
97947  43.020  26.785  0.975 0.0000000000
97912  44.047  26.933  2.329 0.0000000000
123986  46.682  28.373  3.727 0.0000000000
98616  46.557  28.256  3.088 0.0000000000
97210  46.752  26.804  2.389 0.0000000000
97209  46.874  25.839  1.851 0.0000000000
96518  46.619  25.391  2.493 0.0000000000
95773  46.884  23.120  2.919 0.0000000000
96499  45.995  24.747  3.213 0.0000000000
96489  43.641  24.718  4.727 0.0000000000
95123  44.145  23.332  3.806 0.0000000000
103620  37.776  35.460  -2.857 0.0000000000
103626  38.849  35.521  -4.042 0.0000000000
103608  39.112  36.422  -2.326 0.0000000000
101716  37.406  32.908  -0.273 0.0000000000
103004  37.690  34.529  -0.590 0.0000000000
102374  38.363  33.789  -0.462 0.0000000000
101713  42.503  33.602  -0.468 0.0000000000
102372  41.942  34.182  0.076 0.0000000000
123874  42.691  34.371  -0.666 0.0000000000
127476  42.702  35.364  -1.884 0.0000000000
102395  43.698  33.915  -2.382 0.0000000000
101730  44.190  33.114  -4.028 0.0000000000
101164  44.142  32.612  -3.506 0.0000000000
128912  44.170  27.828  -6.418 0.0000000000
99941  43.972  29.223  -6.379 0.0000000000
98696  43.388  26.951  -6.512 0.0000000000
97990  41.648  26.442  -4.324 0.0000000000
96544  42.869  24.042  0.125 0.0000000000
95817  41.217  23.831  0.992 0.0000000000
121683  41.888  23.294  1.360 0.0000000000
93252  41.871  19.744  1.389 0.0000000000
93883  41.443  20.296  1.942 0.0000000000
137134  39.993  18.858  0.678 0.0000000000
92588  38.641  18.730  0.504 0.0000000000
116995  39.246  18.581  -0.205 0.0000000000
92606  45.448  17.714  -1.696 0.0000000000
119380  44.067  18.542  -1.026 0.0000000000
92619  43.304  18.222  -2.749 0.0000000000
95806  36.678  23.396  1.710 0.0000000000
95139  35.784  22.076  2.582 0.0000000000
95153  37.095  22.714  2.133 0.0000000000
95152  38.143  22.624  2.082 0.0000000000
95137  38.872  22.123  2.313 0.0000000000
99329  40.855  28.754  -4.069 0.0000000000
96551  36.762  24.598  0.772 0.0000000000
93227  45.731  19.738  4.635 0.0000000000
92564  45.309  18.690  2.320 0.0000000000
119446  44.565  18.821  3.352 0.0000000000
91920  43.262  17.981  2.245 0.0000000000
98688  44.174  27.271  -4.242 0.0000000000
97988  44.836  25.678  -4.488 0.0000000000
97989  44.520  26.693  -3.759 0.0000000000
129682  44.362  26.787  -2.474 0.0000000000
97961  45.041  26.608  -0.714 0.0000000000
97882  43.442  27.294  4.898 0.0000000000
97895  43.672  27.080  3.980 0.0000000000
98607  44.683  28.272  4.508 0.0000000000
99254  46.393  28.830  4.762 0.0000000000
97880  46.579  28.111  4.964 0.0000000000
127189  45.609  26.229  4.178 0.0000000000
118530  44.978  26.230  4.944 0.0000000000
97185  44.094  25.408  5.267 0.0000000000
96473  43.011  25.183  6.306 0.0000000000
103611  36.634  36.425  -2.046 0.0000000000
101695  40.050  32.001  1.108 0.0000000000
101704  39.893  32.640  0.750 0.0000000000
101149  40.901  31.881  0.332 0.0000000000
116210  41.526  32.207  -0.191 0.0000000000
101161  42.515  31.186  -2.183 0.0000000000
101165  43.682  31.546  -3.298 0.0000000000
100525  43.095  30.517  -2.935 0.0000000000
99327  43.624  28.710  -4.088 0.0000000000
95814  44.649  23.018  0.419 0.0000000000
95148  43.131  22.280  1.614 0.0000000000
95147  44.092  22.072  1.539 0.0000000000
93881  43.153  20.511  1.578 0.0000000000
93264  42.293  19.299  0.635 0.0000000000
91983  43.761  18.075  -5.946 0.0000000000
92628  43.235  18.321  -4.627 0.0000000000
116264  33.793  18.794  2.589 0.0000000000
93872  35.588  20.703  2.719 0.0000000000
92565  35.085  19.286  2.418 0.0000000000
91931  34.075  18.073  1.309 0.0000000000
123563  34.507  17.860  0.550 0.0000000000
129390  34.916  17.751  -0.172 0.0000000000
123654  35.599  17.893  -0.644 0.0000000000
114137  40.907  32.983  -4.590 0.0000000000
101748  39.891  32.553  -4.412 0.0000000000
99282  41.191  28.515  0.049 0.0000000000
98645  41.617  27.820  0.182 0.0000000000
99277  41.053  27.821  0.804 0.0000000000
98627  41.189  26.936  2.195 0.0000000000
97906  41.639  26.495  3.406 0.0000000000
97897  41.751  26.491  4.348 0.0000000000
97866  42.211  26.965  5.979 0.0000000000
102365  35.202  33.723  0.054 0.0000000000
101717  36.455  33.000  -0.322 0.0000000000
101707  37.028  32.268  0.205 0.0000000000
101135  38.622  31.414  1.297 0.0000000000
100493  39.481  30.604  1.421 0.0000000000
100492  40.135  30.230  0.959 0.0000000000
94506  48.173  21.018  0.898 0.0000000000
93261  46.493  19.338  0.126 0.0000000000
93259  47.874  19.237  0.524 0.0000000000
92595  46.492  17.521  -1.020 0.0000000000
91953  45.963  17.012  -1.851 0.0000000000
113880  45.105  17.492  0.533 0.0000000000
91262  45.741  16.684  -1.008 0.0000000000
128294  44.454  16.962  -3.501 0.0000000000
97273  40.516  25.372  -1.726 0.0000000000
96565  40.618  24.536  -0.290 0.0000000000
97272  41.413  25.155  -2.230 0.0000000000
96580  42.969  24.587  -1.620 0.0000000000
96562  43.520  24.275  -0.859 0.0000000000
131683  45.016  24.777  -3.904 0.0000000000
96578  45.407  24.320  -2.384 0.0000000000
96561  44.774  23.998  -1.311 0.0000000000
95827  45.382  23.444  -0.782 0.0000000000
95163  47.050  22.706  -0.670 0.0000000000
95157  47.389  22.338  -0.100 0.0000000000
98643  43.174  26.934  0.222 0.0000000000
97962  44.046  26.762  -0.215 0.0000000000
113946  45.573  27.113  0.677 0.0000000000
97911  45.786  28.133  2.503 0.0000000000
97925  46.276  27.490  1.279 0.0000000000
130807  46.257  27.011  0.550 0.0000000000
97244  46.835  25.713  0.345 0.0000000000
119070  47.370  23.869  0.349 0.0000000000
95156  47.731  21.999  0.652 0.0000000000
94483  47.838  22.043  2.178 0.0000000000
123103  47.638  21.442  2.848 0.0000000000
94484  46.930  21.495  3.584 0.0000000000
134797  45.026  24.002  3.596 0.0000000000
123420  45.374  22.166  3.714 0.0000000000
93839  45.945  20.470  4.533 0.0000000000
93840  45.004  20.433  4.952 0.0000000000
103632  39.048  35.542  -5.074 0.0000000000
103625  39.900  36.220  -4.591 0.0000000000
104135  41.922  36.477  -4.187 0.0000000000
102989  40.132  34.104  -0.022 0.0000000000
104110  40.059  36.444  -1.176 0.0000000000
104109  40.478  36.475  -1.860 0.0000000000
103607  42.217  36.073  -2.540 0.0000000000
103617  42.828  35.576  -3.711 0.0000000000
102401  43.242  34.461  -4.140 0.0000000000
101746  43.504  32.899  -4.675 0.0000000000
100548  42.999  30.738  -5.680 0.0000000000
100546  44.275  30.716  -5.742 0.0000000000
99928  43.643  29.987  -6.248 0.0000000000
99336  41.783  28.856  -5.141 0.0000000000
98689  41.487  27.322  -4.587 0.0000000000
97300  41.113  26.110  -3.298 0.0000000000
95818  40.457  23.797  1.016 0.0000000000
95150  39.981  22.902  1.771 0.0000000000
94497  39.427  21.356  2.389 0.0000000000
94494  41.875  21.916  2.063 0.0000000000
93867  40.116  20.769  2.323 0.0000000000
93254  38.338  19.505  1.725 0.0000000000
92575  38.023  18.972  1.165 0.0000000000
91946  36.404  18.289  -0.301 0.0000000000
93262  45.083  19.331  0.161 0.0000000000
92584  42.861  18.840  -0.250 0.0000000000
92598  41.388  18.612  -0.511 0.0000000000
114451  41.257  18.569  -3.001 0.0000000000
92611  39.770  18.462  -1.609 0.0000000000
91910  41.177  17.666  3.754 0.0000000000
91239  41.303  17.048  1.950 0.0000000000
96566  39.704  24.624  -0.292 0.0000000000
97274  39.719  25.594  -1.396 0.0000000000
97260  39.316  25.178  -0.787 0.0000000000
92542  44.000  18.744  5.370 0.0000000000
99290  42.152  28.409  -1.194 0.0000000000
98671  42.739  27.996  -1.705 0.0000000000
127415  41.516  29.510  -0.963 0.0000000000
94508  46.281  21.129  0.813 0.0000000000
95140  35.032  21.859  2.816 0.0000000000
93869  38.094  20.649  2.382 0.0000000000
93256  36.430  19.103  1.690 0.0000000000
100549  41.484  30.734  -4.626 0.0000000000
95788  35.450  23.087  2.306 0.0000000000
95808  35.068  23.757  1.990 0.0000000000
124357  34.437  22.425  2.813 0.0000000000
99272  39.122  28.512  2.360 0.0000000000
98630  38.699  28.024  2.998 0.0000000000
99868  38.638  29.201  2.275 0.0000000000
99878  39.132  29.249  1.967 0.0000000000
93225  47.004  20.130  3.351 0.0000000000
93239  47.394  19.633  2.155 0.0000000000
92563  46.325  19.364  2.741 0.0000000000
91265  42.772  16.066  -0.945 0.0000000000
97306  43.680  25.534  -5.720 0.0000000000
97297  43.894  24.974  -5.026 0.0000000000
97305  44.115  25.224  -5.373 0.0000000000
97271  46.209  24.960  -2.226 0.0000000000
97258  46.331  25.407  -1.358 0.0000000000
97245  46.409  26.189  -0.174 0.0000000000
133506  42.343  26.506  3.066 0.0000000000
97905  43.269  26.696  3.139 0.0000000000
97903  46.779  27.813  3.082 0.0000000000
96498  46.698  24.141  2.722 0.0000000000
96490  42.952  24.264  4.871 0.0000000000
103027  37.116  35.520  -2.624 0.0000000000
103035  37.108  34.778  -3.297 0.0000000000
103034  38.608  35.644  -3.054 0.0000000000
103609  38.190  36.444  -2.248 0.0000000000
101715  38.198  33.044  -0.190 0.0000000000
124356  37.749  33.528  -0.460 0.0000000000
102364  38.831  33.323  -0.110 0.0000000000
101723  42.869  32.900  -1.297 0.0000000000
102385  43.196  33.757  -1.343 0.0000000000
101731  43.683  33.126  -2.286 0.0000000000
135882  44.066  33.359  -3.198 0.0000000000
98007  44.084  26.199  -6.648 0.0000000000
98701  44.043  27.148  -6.799 0.0000000000
98008  43.864  26.363  -6.779 0.0000000000
97999  43.340  26.125  -6.355 0.0000000000
133267  42.605  23.604  0.917 0.0000000000
93265  41.424  19.197  0.762 0.0000000000
131410  40.518  19.061  0.871 0.0000000000
92587  40.136  18.671  0.074 0.0000000000
121929  44.507  17.532  -2.828 0.0000000000
92607  44.369  18.002  -1.925 0.0000000000
122422  43.583  18.093  -3.809 0.0000000000
95805  37.562  23.287  1.619 0.0000000000
95138  38.111  21.978  2.393 0.0000000000
95151  39.140  22.753  1.927 0.0000000000
98690  40.654  27.888  -3.654 0.0000000000
99320  39.937  28.278  -2.726 0.0000000000
97975  38.597  26.705  -1.206 0.0000000000
98672  39.042  27.227  -1.634 0.0000000000
96550  37.562  24.437  0.616 0.0000000000
96533  36.322  24.093  1.310 0.0000000000
92552  45.089  19.294  4.535 0.0000000000
92553  43.562  18.449  3.172 0.0000000000
135058  42.708  17.740  2.186 0.0000000000
118034  42.962  17.438  1.494 0.0000000000
119023  42.181  17.501  2.099 0.0000000000
116877  38.988  35.699  -6.021 0.0000000000
119340  38.741  35.756  -7.011 0.0000000000
125006  44.547  26.426  -4.891 0.0000000000
117523  43.869  27.316  -3.121 0.0000000000
98670  43.391  27.358  -1.486 0.0000000000
97971  45.369  26.331  -1.769 0.0000000000
98595  43.259  27.541  5.780 0.0000000000
98594  44.440  28.420  5.475 0.0000000000
98577  46.252  28.759  5.832 0.0000000000
99249  46.206  28.983  5.584 0.0000000000
98592  46.481  28.681  5.231 0.0000000000
98605  46.576  28.532  4.470 0.0000000000
97894  46.066  27.136  4.696 0.0000000000
97881  45.759  27.239  5.427 0.0000000000
97865  44.642  26.620  6.706 0.0000000000
119436  44.002  25.989  7.049 0.0000000000
97180  43.842  25.604  6.232 0.0000000000
97181  43.332  25.545  6.970 0.0000000000
101133  40.042  31.326  1.181 0.0000000000
101150  40.467  32.025  0.796 0.0000000000
100519  41.671  30.888  -1.341 0.0000000000
134601  41.535  31.487  -0.830 0.0000000000
101724  42.125  31.885  -1.282 0.0000000000
117340  44.170  28.094  -5.205 0.0000000000
95800  43.772  22.782  1.233 0.0000000000
95799  44.590  22.421  1.147 0.0000000000
93880  44.186  20.724  1.442 0.0000000000
93251  42.743  19.846  1.233 0.0000000000
122133  43.109  19.410  0.522 0.0000000000
92566  32.957  18.577  2.700 0.0000000000
93245  34.137  19.388  2.853 0.0000000000
94501  35.513  21.398  2.732 0.0000000000
94500  36.099  21.281  2.604 0.0000000000
93244  35.953  19.428  2.169 0.0000000000
130608  35.688  19.943  2.555 0.0000000000
128773  34.527  18.580  2.011 0.0000000000
91940  34.958  18.290  1.184 0.0000000000
91939  35.146  18.107  0.532 0.0000000000
91947  35.656  18.166  0.165 0.0000000000
102408  42.088  33.995  -4.676 0.0000000000
101169  40.358  31.245  -3.813 0.0000000000
101738  40.292  32.027  -4.119 0.0000000000
101170  39.707  31.525  -3.664 0.0000000000
118075  38.994  31.475  -3.538 0.0000000000
99283  40.651  28.555  0.691 0.0000000000
99278  40.360  28.254  1.322 0.0000000000
98635  40.710  27.526  1.709 0.0000000000
97915  40.970  26.678  2.986 0.0000000000
97898  40.760  26.506  4.577 0.0000000000
97883  42.466  26.745  5.155 0.0000000000
121314  34.923  34.741  0.233 0.0000000000
101708  35.626  32.851  -0.025 0.0000000000
132816  36.215  32.303  0.184 0.0000000000
100494  38.171  30.547  1.754 0.0000000000
119376  37.846  31.024  1.489 0.0000000000
127329  38.391  30.965  1.538 0.0000000000
101134  39.468  31.368  1.313 0.0000000000
99882  40.606  29.314  0.362 0.0000000000
93877  48.224  19.938  0.706 0.0000000000
115562  46.887  18.334  0.354 0.0000000000
92582  47.358  18.781  0.270 0.0000000000
92583  46.719  17.970  -0.379 0.0000000000
92605  46.238  17.357  -1.431 0.0000000000
91952  46.306  17.042  -1.402 0.0000000000
92573  44.841  18.108  1.524 0.0000000000
91278  43.729  16.052  -1.979 0.0000000000
91263  44.850  16.452  -1.029 0.0000000000
91277  44.906  16.465  -1.966 0.0000000000
91289  44.623  16.642  -2.802 0.0000000000
125850  44.216  16.710  -3.418 0.0000000000
91300  44.146  17.082  -4.093 0.0000000000
91301  43.367  16.637  -3.826 0.0000000000
96596  42.463  24.835  -2.424 0.0000000000
96579  44.147  24.392  -1.890 0.0000000000
97296  44.966  25.049  -4.181 0.0000000000
96608  45.416  24.877  -3.423 0.0000000000
96577  46.078  24.433  -2.040 0.0000000000
95826  46.578  23.343  -1.130 0.0000000000
136064  47.366  22.707  -0.397 0.0000000000
115012  41.824  27.360  0.675 0.0000000000
98644  42.364  27.454  -0.041 0.0000000000
136641  42.480  27.067  0.603 0.0000000000
114406  43.712  26.723  1.507 0.0000000000
97946  44.199  26.729  0.663 0.0000000000
97945  44.838  26.782  0.049 0.0000000000
98618  45.032  28.330  3.751 0.0000000000
97904  44.517  27.571  3.120 0.0000000000
133278  46.618  27.585  1.718 0.0000000000
98626  46.425  27.896  2.088 0.0000000000
97943  46.606  26.924  0.965 0.0000000000
97228  46.851  26.139  1.219 0.0000000000
96517  47.146  24.594  2.017 0.0000000000
96531  47.160  24.934  1.059 0.0000000000
95798  47.468  23.747  1.250 0.0000000000
95797  47.755  22.657  1.402 0.0000000000
95120  47.275  22.255  3.038 0.0000000000
96500  44.999  25.061  3.758 0.0000000000
95775  44.297  24.182  3.914 0.0000000000
95122  44.625  22.469  3.764 0.0000000000
94469  46.064  21.419  3.928 0.0000000000
102410  36.072  33.707  -4.093 0.0000000000
103044  36.814  34.012  -4.713 0.0000000000
103042  38.188  34.975  -4.621 0.0000000000
103619  39.693  36.114  -3.391 0.0000000000
104131  40.694  36.581  -4.240 0.0000000000
104130  41.261  36.627  -3.783 0.0000000000
102362  40.509  33.385  0.480 0.0000000000
102988  41.101  34.223  0.272 0.0000000000
103001  41.439  35.006  -0.251 0.0000000000
103002  40.521  35.029  -0.365 0.0000000000
103584  40.796  35.869  -0.731 0.0000000000
103598  41.043  36.245  -1.314 0.0000000000
103606  42.864  35.533  -2.977 0.0000000000
103618  42.430  36.107  -3.492 0.0000000000
103033  43.248  34.950  -3.475 0.0000000000
124669  44.156  32.400  -4.590 0.0000000000
101745  44.032  32.742  -4.561 0.0000000000
101174  44.052  32.102  -5.146 0.0000000000
101175  43.612  31.438  -5.553 0.0000000000
100534  44.201  30.959  -4.539 0.0000000000
99913  44.343  30.192  -5.417 0.0000000000
99335  43.670  28.032  -6.516 0.0000000000
119209  43.102  28.993  -6.193 0.0000000000
99328  41.365  28.122  -4.636 0.0000000000
97299  41.909  25.712  -3.873 0.0000000000
97287  40.791  25.726  -2.505 0.0000000000
96547  40.751  24.149  0.531 0.0000000000
133622  40.817  23.210  1.531 0.0000000000
95136  39.746  22.249  2.222 0.0000000000
94496  40.342  21.620  2.327 0.0000000000
94511  42.530  21.653  1.938 0.0000000000
115959  42.276  22.505  1.711 0.0000000000
93865  41.866  21.098  2.174 0.0000000000
117315  40.178  19.601  1.641 0.0000000000
93884  40.625  20.190  2.046 0.0000000000
93885  39.932  20.086  2.098 0.0000000000
93868  39.402  20.422  2.253 0.0000000000
93240  39.325  19.667  1.802 0.0000000000
92574  38.942  19.075  1.231 0.0000000000
92601  38.334  18.539  -0.327 0.0000000000
92602  37.365  18.470  -0.354 0.0000000000
91955  36.220  18.036  -1.193 0.0000000000
113970  37.009  18.275  -1.136 0.0000000000
133845  43.116  18.500  -1.253 0.0000000000
92597  42.109  18.576  -0.791 0.0000000000
92609  41.393  18.498  -1.295 0.0000000000
92639  41.440  18.926  -5.722 0.0000000000
130362  42.145  18.655  -4.081 0.0000000000
114721  41.262  18.786  -4.290 0.0000000000
96549  38.403  24.321  0.493 0.0000000000
95821  37.979  23.816  1.042 0.0000000000
95820  38.906  23.789  0.995 0.0000000000
95819  39.715  23.801  0.960 0.0000000000
97983  40.459  26.484  -2.688 0.0000000000
97984  39.759  26.849  -2.166 0.0000000000
97275  38.939  25.883  -1.087 0.0000000000
97262  37.715  25.685  -0.289 0.0000000000
92541  44.855  19.264  5.472 0.0000000000
113931  44.207  18.809  4.321 0.0000000000
91909  42.367  18.211  3.875 0.0000000000
98681  42.983  28.207  -2.387 0.0000000000
98657  43.286  27.175  -0.554 0.0000000000
99242  45.148  29.172  7.037 0.0000000000
98578  45.958  28.441  6.490 0.0000000000
100511  40.734  30.246  0.023 0.0000000000
115740  41.266  30.196  -0.788 0.0000000000
99889  41.783  29.992  -1.479 0.0000000000
99888  42.518  29.619  -2.309 0.0000000000
127091  45.191  21.780  1.264 0.0000000000
135603  45.182  21.297  1.353 0.0000000000
125808  36.715  21.123  2.529 0.0000000000
92576  36.970  18.745  1.112 0.0000000000
127892  43.073  32.282  -5.004 0.0000000000
123146  41.552  32.362  -4.563 0.0000000000
96519  34.225  23.962  2.148 0.0000000000
95141  33.886  22.895  2.788 0.0000000000
95124  33.608  22.357  3.125 0.0000000000
100484  37.890  30.050  2.134 0.0000000000
99879  38.721  29.975  1.899 0.0000000000
93238  48.113  19.756  1.348 0.0000000000
131912  47.782  19.278  1.189 0.0000000000
92562  47.026  19.058  1.573 0.0000000000
116353  46.815  18.524  1.088 0.0000000000
91938  43.858  17.164  0.635 0.0000000000
91264  43.892  16.181  -1.131 0.0000000000
97286  42.151  25.179  -3.194 0.0000000000
97298  42.981  25.199  -4.410 0.0000000000
96594  44.406  24.640  -3.691 0.0000000000
97982  45.595  25.826  -2.798 0.0000000000
97285  45.842  25.166  -2.854 0.0000000000
96560  46.374  24.061  -1.476 0.0000000000
96543  47.099  24.504  -0.148 0.0000000000
97928  41.962  26.730  1.894 0.0000000000
97927  42.737  26.672  1.661 0.0000000000
137552  43.228  26.625  1.982 0.0000000000
99262  46.509  28.643  3.963 0.0000000000
97910  46.746  27.767  2.317 0.0000000000
95774  46.048  23.590  3.286 0.0000000000
96501  44.144  24.604  4.248 0.0000000000
95762  43.499  23.991  4.304 0.0000000000
134598  43.273  23.184  4.236 0.0000000000
102402  36.276  34.269  -3.251 0.0000000000
130579  37.946  35.079  -3.678 0.0000000000
104120  40.049  36.427  -2.516 0.0000000000
102375  37.063  33.725  -0.516 0.0000000000
103005  36.802  34.911  -0.519 0.0000000000
101714  41.793  33.231  0.126 0.0000000000
103000  42.221  34.970  -0.489 0.0000000000
103596  42.312  35.437  -1.045 0.0000000000
133687  42.728  34.981  -0.991 0.0000000000
103015  43.154  34.524  -1.564 0.0000000000
103025  43.821  33.976  -3.493 0.0000000000
101167  44.288  31.607  -5.164 0.0000000000
99334  44.122  28.851  -6.237 0.0000000000
99342  44.020  28.154  -6.519 0.0000000000
98000  42.442  26.709  -5.644 0.0000000000
96545  42.053  24.323  -0.014 0.0000000000
96546  41.359  24.255  0.276 0.0000000000
95816  42.004  23.928  0.653 0.0000000000
95149  41.438  22.565  1.844 0.0000000000
93882  42.281  20.390  1.773 0.0000000000
93253  41.023  19.637  1.505 0.0000000000
131465  39.452  18.793  0.598 0.0000000000
136572  45.993  17.891  -1.369 0.0000000000
93270  45.249  18.552  -0.828 0.0000000000
135776  43.494  18.203  -2.032 0.0000000000
137182  35.667  22.623  2.438 0.0000000000
95787  36.184  22.793  2.263 0.0000000000
128065  37.453  22.165  2.360 0.0000000000
94499  37.476  21.419  2.463 0.0000000000
94498  38.510  21.395  2.421 0.0000000000
99915  40.351  29.503  -3.423 0.0000000000
97246  37.225  25.134  0.273 0.0000000000
95807  35.871  23.564  1.827 0.0000000000
99870  36.452  29.323  2.826 0.0000000000
99274  37.319  28.900  2.912 0.0000000000
93226  46.284  19.903  4.087 0.0000000000
92551  45.505  19.326  3.626 0.0000000000
115539  44.163  18.340  2.322 0.0000000000
91252  42.061  16.561  0.545 0.0000000000
97998  44.384  25.888  -5.729 0.0000000000
118439  45.203  26.036  -3.522 0.0000000000
97896  42.746  26.668  4.455 0.0000000000
98606  45.952  28.831  4.182 0.0000000000
98593  45.730  28.931  5.108 0.0000000000
97893  46.662  27.775  4.030 0.0000000000
97184  44.731  26.367  5.796 0.0000000000
96482  43.140  24.830  5.509 0.0000000000
95752  42.304  24.221  5.336 0.0000000000
103610  37.396  36.472  -2.149 0.0000000000
101696  39.319  32.001  1.055 0.0000000000
101703  40.561  32.660  0.632 0.0000000000
101702  41.083  32.654  0.463 0.0000000000
130052  42.195  32.815  -0.521 0.0000000000
99914  43.561  29.661  -3.895 0.0000000000
98695  44.356  26.896  -5.996 0.0000000000
95828  44.057  23.764  -0.172 0.0000000000
94510  43.430  21.318  1.749 0.0000000000
92585  41.830  18.808  0.016 0.0000000000
92627  43.938  17.712  -4.515 0.0000000000
92637  43.528  18.291  -5.771 0.0000000000
91922  32.642  18.020  2.164 0.0000000000
93873  34.826  20.160  2.911 0.0000000000
135183  34.390  18.968  2.502 0.0000000000
92578  33.525  18.272  2.085 0.0000000000
91932  33.170  17.818  1.436 0.0000000000
134853  34.503  17.394  -0.564 0.0000000000
99916  39.843  30.122  -2.990 0.0000000000
98659  41.864  28.094  -0.459 0.0000000000
98634  41.454  27.175  1.391 0.0000000000
97914  41.760  26.597  2.638 0.0000000000
120805  42.535  26.529  3.746 0.0000000000
102377  35.498  34.747  -0.144 0.0000000000
101718  35.801  33.579  -0.262 0.0000000000
101706  37.956  32.392  0.316 0.0000000000
101152  37.638  31.665  0.881 0.0000000000
101151  38.509  32.007  0.817 0.0000000000
93878  47.943  20.642  0.454 0.0000000000
93889  47.707  19.669  0.389 0.0000000000
93260  47.450  18.994  0.188 0.0000000000
92571  47.809  19.048  0.529 0.0000000000
92594  46.817  18.336  -0.327 0.0000000000
92596  46.416  17.976  -1.071 0.0000000000
91954  45.313  17.080  -2.391 0.0000000000
91961  44.706  17.006  -3.090 0.0000000000
113994  45.997  18.153  1.041 0.0000000000
91929  46.367  17.604  -0.140 0.0000000000
91250  44.845  16.848  -0.253 0.0000000000
91261  46.251  16.908  -1.229 0.0000000000
91276  45.863  16.857  -1.591 0.0000000000
91288  45.350  16.965  -2.253 0.0000000000
91965  44.204  17.207  -3.996 0.0000000000
91972  43.900  17.571  -4.975 0.0000000000
96582  40.971  24.860  -1.252 0.0000000000
96581  41.913  24.755  -1.489 0.0000000000
96563  42.460  24.475  -0.717 0.0000000000
96614  44.357  25.347  -5.109 0.0000000000
96609  44.428  24.930  -4.586 0.0000000000
96593  45.247  24.615  -3.287 0.0000000000
118204  44.683  24.457  -2.883 0.0000000000
95813  46.130  22.729  -0.566 0.0000000000
95158  46.721  22.310  -0.330 0.0000000000
97944  45.808  26.691  -0.107 0.0000000000
95812  47.573  22.875  0.194 0.0000000000
95145  48.054  21.795  1.364 0.0000000000
94493  48.121  21.274  1.829 0.0000000000
95134  47.472  22.738  2.414 0.0000000000
93851  47.881  20.829  2.471 0.0000000000
93852  47.235  20.748  3.428 0.0000000000
93838  46.626  20.798  4.030 0.0000000000
118968  45.200  23.021  3.546 0.0000000000
93215  45.845  20.140  4.779 0.0000000000
93210  45.451  19.973  5.382 0.0000000000
93211  44.847  19.655  6.039 0.0000000000
104137  40.809  36.978  -5.399 0.0000000000
104136  41.440  36.892  -5.059 0.0000000000
104112  37.055  36.844  -1.336 0.0000000000
102363  39.609  33.329  0.282 0.0000000000
102373  39.160  33.975  -0.355 0.0000000000
104100  38.899  36.716  -1.077 0.0000000000
104121  38.463  36.804  -1.499 0.0000000000
116743  39.474  36.635  -1.600 0.0000000000
104119  40.934  36.496  -2.780 0.0000000000
103597  41.900  35.955  -1.581 0.0000000000
104108  41.380  36.333  -2.189 0.0000000000
104129  41.735  36.434  -3.153 0.0000000000
126783  42.501  35.941  -4.291 0.0000000000
103039  42.938  35.239  -4.006 0.0000000000
120581  42.985  33.674  -4.504 0.0000000000
102400  43.780  33.411  -4.219 0.0000000000
99929  42.352  29.831  -5.525 0.0000000000
101168  44.260  31.931  -4.363 0.0000000000
99927  44.250  29.870  -6.107 0.0000000000
100560  44.122  30.148  -6.183 0.0000000000
100547  43.984  30.718  -6.051 0.0000000000
97991  40.859  26.913  -3.547 0.0000000000
119618  40.079  24.211  0.394 0.0000000000
95802  40.091  23.408  1.366 0.0000000000
120609  38.852  20.767  2.366 0.0000000000
95801  42.848  23.046  1.334 0.0000000000
94495  41.197  21.772  2.204 0.0000000000
93866  40.928  20.969  2.287 0.0000000000
93241  38.644  20.106  2.168 0.0000000000
137348  36.914  18.537  0.329 0.0000000000
92589  37.724  18.652  0.428 0.0000000000
93879  46.459  20.340  0.554 0.0000000000
93249  45.124  20.185  0.916 0.0000000000
93263  43.957  19.141  -0.092 0.0000000000
92629  42.555  18.464  -3.341 0.0000000000
92620  41.925  18.474  -2.260 0.0000000000
114450  40.239  18.594  -3.254 0.0000000000
114453  41.000  18.486  -2.011 0.0000000000
92610  40.475  18.478  -1.431 0.0000000000
92599  40.710  18.556  -0.645 0.0000000000
92600  39.882  18.487  -0.840 0.0000000000
92612  38.989  18.454  -1.197 0.0000000000
92544  41.901  18.044  4.290 0.0000000000
132997  41.873  17.922  3.542 0.0000000000
91229  40.820  17.234  2.910 0.0000000000
117706  41.614  17.584  2.871 0.0000000000
91937  46.020  16.987  -0.659 0.0000000000
92636  43.807  18.005  -5.383 0.0000000000
93248  47.997  19.307  0.703 0.0000000000
93871  36.294  20.424  2.510 0.0000000000
97315  43.908  25.936  -6.578 0.0000000000
104111  37.888  36.960  -1.117 0.0000000000
115624  42.839  16.387  -0.164 0.0000000000
124697  35.654  18.387  0.941 0.0000000000
