#!ascii label  , from subject sub-v2s8x29227_ses-1 vox2ras=TkReg
277
68768  20.655  -9.529  -40.374 0.0000000000
60601  17.988  -17.136  -35.106 0.0000000000
71593  18.688  -6.469  -43.952 0.0000000000
76404  14.315  -0.869  -46.918 0.0000000000
59504  17.378  -18.608  -34.487 0.0000000000
74407  21.345  -3.325  -42.946 0.0000000000
76373  20.328  -1.238  -44.227 0.0000000000
65884  18.436  -12.095  -40.650 0.0000000000
64826  20.152  -14.183  -39.064 0.0000000000
66910  21.877  -11.707  -39.325 0.0000000000
70569  24.076  -7.681  -41.116 0.0000000000
124030  24.585  -9.959  -40.955 0.0000000000
69674  19.790  -8.056  -42.071 0.0000000000
72534  22.551  -4.963  -41.899 0.0000000000
76390  16.275  -2.131  -45.852 0.0000000000
116462  18.894  0.711  -46.218 0.0000000000
63730  20.078  -14.765  -35.902 0.0000000000
75411  19.360  -2.702  -44.191 0.0000000000
74431  18.393  -2.945  -44.823 0.0000000000
66925  19.273  -11.316  -40.662 0.0000000000
66912  20.023  -11.692  -39.762 0.0000000000
67891  20.635  -10.868  -39.702 0.0000000000
60583  17.670  -17.895  -34.783 0.0000000000
70600  19.284  -7.289  -43.068 0.0000000000
71572  21.255  -6.298  -41.762 0.0000000000
129616  20.514  -5.593  -42.578 0.0000000000
75420  22.500  -1.973  -44.799 0.0000000000
75409  23.135  -2.987  -44.123 0.0000000000
78290  14.409  0.064  -43.484 0.0000000000
122516  14.295  -1.875  -42.344 0.0000000000
76391  15.465  -1.661  -45.943 0.0000000000
79284  15.890  1.517  -50.618 0.0000000000
114148  17.531  1.181  -48.658 0.0000000000
78311  18.177  0.906  -46.889 0.0000000000
79263  18.997  1.382  -47.828 0.0000000000
78309  20.335  0.739  -46.643 0.0000000000
115230  21.218  -13.623  -38.332 0.0000000000
63771  19.775  -14.766  -37.892 0.0000000000
58472  17.125  -19.662  -33.837 0.0000000000
72555  20.035  -5.104  -43.114 0.0000000000
134979  19.272  -4.179  -44.068 0.0000000000
76362  21.338  -2.119  -43.606 0.0000000000
76388  21.447  -0.849  -45.110 0.0000000000
63803  17.757  -14.055  -39.260 0.0000000000
118586  18.885  -13.579  -39.649 0.0000000000
64840  21.135  -13.275  -39.095 0.0000000000
64823  22.438  -12.711  -38.712 0.0000000000
69648  22.208  -8.507  -40.363 0.0000000000
68751  23.007  -9.802  -39.917 0.0000000000
69658  24.428  -8.601  -41.336 0.0000000000
67919  18.780  -10.574  -41.875 0.0000000000
67928  17.993  -9.757  -42.594 0.0000000000
69660  20.357  -8.404  -41.390 0.0000000000
70587  21.740  -7.376  -40.958 0.0000000000
71553  23.664  -6.201  -41.535 0.0000000000
132836  24.294  -5.597  -42.681 0.0000000000
73433  21.974  -4.467  -42.216 0.0000000000
73448  23.880  -4.259  -43.601 0.0000000000
75414  16.207  -2.540  -44.426 0.0000000000
78324  14.998  -0.553  -48.597 0.0000000000
77371  16.239  -1.303  -46.878 0.0000000000
120646  17.639  -0.941  -45.898 0.0000000000
76389  17.855  -1.518  -45.539 0.0000000000
77357  20.080  -0.069  -45.173 0.0000000000
135672  21.332  -0.390  -45.821 0.0000000000
61697  18.158  -16.447  -36.473 0.0000000000
62781  18.576  -15.328  -38.416 0.0000000000
131982  23.009  -10.617  -39.597 0.0000000000
66894  23.032  -12.239  -39.010 0.0000000000
74420  17.452  -3.908  -44.602 0.0000000000
74432  17.551  -3.407  -44.961 0.0000000000
125770  20.429  -10.205  -40.126 0.0000000000
68753  21.269  -10.162  -39.750 0.0000000000
57498  16.774  -20.814  -32.715 0.0000000000
57515  17.016  -20.279  -33.280 0.0000000000
70615  18.811  -7.204  -43.518 0.0000000000
71574  19.825  -6.744  -42.694 0.0000000000
72536  19.829  -6.037  -42.981 0.0000000000
76386  22.944  -2.115  -45.783 0.0000000000
75419  23.201  -2.690  -44.999 0.0000000000
77350  14.467  -0.475  -44.990 0.0000000000
120588  14.636  -0.625  -43.871 0.0000000000
76379  15.018  -1.288  -44.938 0.0000000000
76403  15.042  -1.355  -46.766 0.0000000000
118964  18.269  1.242  -48.578 0.0000000000
79262  19.598  1.011  -48.356 0.0000000000
131151  21.771  -13.283  -38.219 0.0000000000
64809  20.896  -13.892  -37.538 0.0000000000
60603  16.651  -17.893  -35.810 0.0000000000
126328  19.286  -4.988  -43.944 0.0000000000
126142  18.659  -4.638  -44.435 0.0000000000
76364  19.892  -1.868  -44.006 0.0000000000
75402  20.198  -2.548  -43.611 0.0000000000
76363  20.679  -1.863  -43.716 0.0000000000
76372  21.188  -1.345  -44.156 0.0000000000
78304  14.162  0.408  -46.028 0.0000000000
64843  18.086  -13.469  -39.749 0.0000000000
65868  18.452  -12.796  -40.188 0.0000000000
66911  21.013  -11.733  -39.422 0.0000000000
65866  20.706  -12.690  -39.358 0.0000000000
65865  21.611  -12.649  -39.156 0.0000000000
64824  21.679  -13.167  -38.748 0.0000000000
65864  22.345  -12.420  -39.070 0.0000000000
58490  17.109  -19.176  -34.311 0.0000000000
70570  23.364  -7.681  -40.682 0.0000000000
69647  23.067  -8.456  -40.387 0.0000000000
69646  23.821  -8.469  -40.725 0.0000000000
66938  18.397  -11.165  -41.676 0.0000000000
69676  18.558  -8.432  -42.842 0.0000000000
68797  18.855  -9.108  -42.456 0.0000000000
69661  19.538  -8.805  -41.883 0.0000000000
69659  21.164  -8.078  -40.931 0.0000000000
70588  20.656  -7.572  -41.592 0.0000000000
72518  22.176  -5.709  -41.578 0.0000000000
71554  22.926  -6.249  -41.185 0.0000000000
72517  23.096  -5.559  -41.611 0.0000000000
131282  23.742  -5.652  -41.958 0.0000000000
72533  23.434  -4.954  -42.270 0.0000000000
73449  20.697  -4.088  -42.858 0.0000000000
126226  21.483  -4.043  -42.568 0.0000000000
74406  22.077  -3.742  -42.615 0.0000000000
129055  23.374  -3.602  -43.646 0.0000000000
73460  24.415  -4.760  -44.078 0.0000000000
76354  15.102  -1.840  -42.920 0.0000000000
131493  15.705  -2.350  -43.629 0.0000000000
75391  14.886  -2.498  -42.673 0.0000000000
76377  16.475  -2.484  -45.240 0.0000000000
79265  16.652  0.858  -48.752 0.0000000000
79274  15.968  0.935  -49.743 0.0000000000
78323  16.298  0.158  -48.144 0.0000000000
77369  18.000  -0.030  -46.162 0.0000000000
77359  18.409  -0.584  -45.524 0.0000000000
77349  18.871  -1.120  -44.915 0.0000000000
78302  19.545  0.375  -45.692 0.0000000000
78308  21.034  0.275  -47.153 0.0000000000
78300  20.877  0.126  -46.172 0.0000000000
77368  21.543  -0.352  -46.648 0.0000000000
61698  17.517  -16.827  -36.726 0.0000000000
63801  19.288  -14.398  -39.215 0.0000000000
63788  18.400  -14.761  -38.945 0.0000000000
117048  19.119  -15.002  -38.816 0.0000000000
63750  19.846  -14.751  -36.959 0.0000000000
62762  19.222  -15.308  -37.431 0.0000000000
62747  19.339  -15.338  -36.443 0.0000000000
120354  24.065  -9.799  -40.452 0.0000000000
67906  23.637  -10.111  -40.017 0.0000000000
73462  17.746  -4.603  -44.395 0.0000000000
74419  18.186  -3.872  -44.731 0.0000000000
76374  19.045  -1.962  -44.551 0.0000000000
65867  19.127  -12.191  -40.247 0.0000000000
67890  21.367  -11.013  -39.499 0.0000000000
59503  18.072  -18.137  -33.838 0.0000000000
60572  18.736  -17.530  -33.518 0.0000000000
70584  24.309  -6.905  -41.662 0.0000000000
118146  24.616  -7.898  -41.778 0.0000000000
69692  18.907  -7.828  -43.075 0.0000000000
132929  19.372  -7.801  -42.653 0.0000000000
71556  21.229  -6.916  -41.501 0.0000000000
71573  20.523  -6.859  -42.037 0.0000000000
120321  20.510  -6.219  -42.372 0.0000000000
122504  21.829  -5.098  -41.956 0.0000000000
76361  22.005  -2.532  -43.536 0.0000000000
75399  22.648  -3.025  -43.510 0.0000000000
75410  22.590  -2.481  -44.113 0.0000000000
74441  23.896  -3.429  -45.720 0.0000000000
118495  15.292  -1.645  -43.811 0.0000000000
79273  16.749  1.136  -49.916 0.0000000000
78322  17.381  0.907  -47.756 0.0000000000
79264  18.329  1.307  -47.641 0.0000000000
79255  19.018  1.350  -46.934 0.0000000000
78310  19.659  0.920  -46.361 0.0000000000
79254  19.673  1.233  -47.191 0.0000000000
78321  20.348  0.753  -47.706 0.0000000000
63770  20.441  -14.203  -38.410 0.0000000000
63787  19.692  -14.704  -38.721 0.0000000000
63749  20.332  -14.370  -37.536 0.0000000000
58473  16.376  -20.012  -33.803 0.0000000000
58491  16.511  -19.402  -34.339 0.0000000000
59505  16.758  -18.856  -34.791 0.0000000000
59523  17.056  -18.335  -35.236 0.0000000000
60602  17.357  -17.679  -35.637 0.0000000000
61682  17.738  -17.026  -36.022 0.0000000000
71594  17.973  -6.572  -43.890 0.0000000000
72556  19.294  -5.889  -43.786 0.0000000000
122610  18.759  -5.588  -44.244 0.0000000000
73450  19.856  -4.144  -43.409 0.0000000000
74417  20.465  -3.301  -43.248 0.0000000000
121744  19.655  -3.384  -43.738 0.0000000000
75401  20.936  -2.573  -43.330 0.0000000000
76371  21.904  -1.950  -44.070 0.0000000000
115138  21.870  -1.471  -44.663 0.0000000000
76387  22.281  -1.437  -45.472 0.0000000000
126549  14.411  0.118  -44.214 0.0000000000
77361  14.201  -0.345  -46.021 0.0000000000
78313  13.683  -0.245  -47.078 0.0000000000
63802  18.523  -14.067  -39.392 0.0000000000
64842  19.655  -13.633  -39.460 0.0000000000
117609  19.836  -12.795  -39.610 0.0000000000
64825  20.878  -13.717  -38.863 0.0000000000
64807  22.146  -12.994  -38.402 0.0000000000
68767  21.620  -9.191  -40.189 0.0000000000
68766  22.623  -9.177  -40.137 0.0000000000
68765  23.517  -9.304  -40.344 0.0000000000
68764  24.227  -9.262  -40.833 0.0000000000
68781  24.720  -9.512  -41.556 0.0000000000
129542  24.956  -10.149  -41.600 0.0000000000
66926  18.705  -11.577  -40.970 0.0000000000
67908  19.297  -10.593  -41.159 0.0000000000
68769  19.865  -9.944  -40.723 0.0000000000
68784  18.543  -9.853  -42.346 0.0000000000
68783  19.270  -9.740  -41.695 0.0000000000
69649  20.876  -8.763  -40.675 0.0000000000
137381  21.541  -8.494  -40.533 0.0000000000
70571  22.517  -7.805  -40.563 0.0000000000
70586  22.734  -7.013  -40.806 0.0000000000
71555  22.041  -6.544  -41.233 0.0000000000
70585  23.568  -6.901  -41.070 0.0000000000
72516  24.195  -6.142  -42.043 0.0000000000
71571  24.642  -6.574  -42.706 0.0000000000
73434  21.103  -4.870  -42.432 0.0000000000
73432  22.709  -4.267  -42.421 0.0000000000
74416  22.718  -3.599  -42.926 0.0000000000
74405  23.390  -4.187  -42.909 0.0000000000
73431  24.087  -4.793  -43.130 0.0000000000
75403  16.332  -3.115  -43.848 0.0000000000
77383  13.998  -0.781  -47.781 0.0000000000
77390  13.999  -0.587  -48.638 0.0000000000
76413  14.650  -1.061  -47.366 0.0000000000
77372  15.317  -1.271  -47.212 0.0000000000
76402  15.859  -1.675  -46.528 0.0000000000
78312  17.022  -0.103  -47.103 0.0000000000
77370  17.116  -0.924  -46.429 0.0000000000
77360  16.839  -1.861  -46.112 0.0000000000
75421  16.912  -2.547  -45.645 0.0000000000
76376  17.371  -2.321  -45.605 0.0000000000
75412  17.518  -2.836  -45.320 0.0000000000
76375  18.144  -2.131  -45.136 0.0000000000
77348  19.829  -0.687  -44.699 0.0000000000
78301  20.213  0.399  -45.828 0.0000000000
77356  20.719  -0.233  -45.422 0.0000000000
77347  20.603  -0.675  -44.721 0.0000000000
77355  21.977  -0.883  -46.099 0.0000000000
61681  18.385  -16.494  -35.514 0.0000000000
62764  18.089  -15.766  -38.048 0.0000000000
62780  19.174  -15.191  -38.262 0.0000000000
62763  18.567  -15.659  -37.811 0.0000000000
62748  18.652  -15.850  -36.934 0.0000000000
62734  18.815  -15.882  -35.944 0.0000000000
68752  22.259  -9.928  -39.788 0.0000000000
67889  22.080  -10.790  -39.498 0.0000000000
66909  22.672  -11.577  -39.305 0.0000000000
67888  23.949  -10.795  -39.646 0.0000000000
66908  23.476  -11.499  -39.283 0.0000000000
64841  20.449  -13.498  -39.244 0.0000000000
66937  18.907  -11.085  -41.373 0.0000000000
67907  19.862  -10.737  -40.310 0.0000000000
68782  20.067  -9.175  -41.100 0.0000000000
69675  19.154  -8.377  -42.572 0.0000000000
70599  19.877  -7.392  -42.357 0.0000000000
71592  19.267  -6.655  -43.487 0.0000000000
72535  21.229  -5.645  -42.092 0.0000000000
74418  18.907  -3.667  -44.486 0.0000000000
74433  16.969  -3.559  -44.557 0.0000000000
75382  13.387  -2.136  -41.843 0.0000000000
75389  22.062  -3.115  -43.064 0.0000000000
75400  21.519  -2.724  -43.294 0.0000000000
75413  16.866  -3.027  -45.011 0.0000000000
76378  15.800  -2.037  -44.956 0.0000000000
77358  19.293  -0.283  -45.244 0.0000000000
77382  14.679  -0.931  -47.894 0.0000000000
78303  18.830  0.112  -45.694 0.0000000000
115696  14.295  0.236  -45.092 0.0000000000
121527  19.180  -13.018  -39.845 0.0000000000
128586  19.607  -1.334  -44.439 0.0000000000
131077  21.844  -8.025  -40.611 0.0000000000
136810  15.765  -2.152  -44.129 0.0000000000
136972  22.069  -12.837  -38.907 0.0000000000
