#!ascii label  , from subject sub-v2s8x29206_ses-1 vox2ras=TkReg
1625
7702  11.928  -71.539  -25.153 0.6999999881
6854  11.338  -71.939  -25.519 0.8000000119
116791  10.708  -72.390  -25.132 0.8000000119
6055  10.095  -73.059  -24.786 0.6999999881
7754  11.910  -71.710  -26.764 0.6000000238
6870  11.321  -72.097  -26.272 0.6000000238
124483  10.253  -72.976  -25.463 0.6000000238
122208  12.158  -71.669  -27.545 0.6000000238
6830  11.226  -71.753  -23.892 0.8000000119
6842  10.617  -72.340  -24.354 0.6999999881
6831  10.476  -72.323  -23.507 0.6999999881
6832  9.813  -72.957  -23.095 0.6999999881
7720  11.897  -71.636  -25.939 0.6000000238
125952  11.348  -71.791  -24.722 0.6999999881
6843  9.967  -73.024  -23.946 0.6999999881
7771  12.633  -71.433  -28.315 0.6000000238
7783  12.880  -71.088  -29.243 0.6000000238
120766  12.150  -71.648  -29.078 0.6000000238
7789  12.109  -70.535  -31.004 0.6000000238
7790  11.653  -71.162  -30.566 0.6000000238
7664  11.412  -71.442  -22.386 0.8000000119
7650  11.019  -71.163  -21.494 0.8000000119
7665  10.612  -71.689  -22.079 0.6999999881
7651  10.155  -71.397  -21.231 0.6999999881
7653  8.633  -72.156  -20.904 0.6999999881
7682  11.729  -71.497  -23.301 0.8000000119
7666  9.832  -72.072  -21.744 0.6999999881
111007  12.009  -71.467  -24.226 0.6999999881
7683  10.971  -71.729  -23.022 0.8000000119
6819  10.226  -72.270  -22.617 0.6999999881
119698  12.670  -71.754  -24.811 0.6999999881
124146  12.466  -71.662  -27.038 0.6999999881
7770  13.426  -71.189  -28.541 0.6000000238
7753  12.919  -71.489  -27.612 0.6000000238
8745  13.006  -70.623  -30.408 0.6000000238
7784  12.282  -71.287  -30.038 0.6000000238
114828  12.596  -70.367  -31.456 0.6000000238
7804  12.411  -71.064  -32.422 0.6999999881
7805  11.438  -71.075  -32.437 0.6000000238
6111  12.385  -72.756  -32.519 0.5000000000
121312  11.983  -71.987  -32.656 0.6000000238
5302  11.808  -73.626  -32.387 0.5000000000
8649  11.459  -70.645  -20.935 0.8999999762
8632  10.508  -70.668  -20.745 0.6999999881
7663  12.251  -71.356  -22.508 0.6999999881
7649  11.893  -71.097  -21.650 0.8999999762
8634  8.949  -70.677  -20.473 0.6999999881
7701  12.872  -71.676  -23.989 0.8000000119
7681  12.556  -71.520  -23.337 0.8000000119
7700  13.677  -71.971  -24.250 0.8000000119
6853  13.939  -72.572  -25.768 0.6999999881
127866  12.796  -71.881  -25.377 0.6999999881
6869  13.756  -72.256  -26.590 0.8000000119
7752  13.728  -71.682  -27.570 0.8000000119
129256  13.469  -70.834  -29.555 0.6999999881
8749  13.487  -70.329  -31.263 0.6000000238
118208  13.129  -70.476  -21.136 0.8999999762
108545  11.089  -70.197  -20.568 0.8000000119
8633  9.723  -70.241  -20.426 0.6999999881
7662  13.190  -71.371  -22.534 0.8000000119
8662  13.729  -70.841  -21.835 0.8000000119
7680  13.493  -71.608  -23.351 0.6999999881
6852  14.733  -72.657  -25.627 0.6999999881
7699  14.704  -72.016  -24.241 0.6000000238
122995  13.378  -72.175  -25.167 0.8000000119
6879  14.357  -72.257  -27.085 0.8000000119
7769  14.226  -71.308  -28.473 0.8000000119
7782  14.020  -70.842  -29.352 0.6999999881
8748  14.417  -70.294  -31.264 0.8000000119
8744  13.819  -70.541  -30.347 0.6999999881
8755  14.774  -70.240  -31.874 0.8000000119
6916  13.891  -71.952  -32.592 0.6999999881
7803  13.450  -70.962  -32.360 0.6999999881
116469  13.914  -70.272  -31.773 0.6999999881
6110  13.351  -72.703  -32.422 0.6999999881
6917  12.915  -71.911  -32.588 0.6999999881
12565  8.369  -67.001  -28.440 0.6000000238
12536  8.192  -66.251  -26.714 0.6000000238
12537  6.992  -66.308  -27.056 0.6000000238
13611  5.053  -65.671  -27.389 0.6999999881
8630  12.654  -70.148  -20.735 0.8999999762
9617  10.437  -69.874  -20.391 0.6999999881
7679  14.390  -71.607  -23.466 0.6000000238
7698  15.517  -71.717  -24.453 0.6000000238
7678  15.223  -71.379  -23.668 0.6000000238
6867  15.258  -72.636  -26.217 0.6999999881
6878  15.943  -72.243  -27.551 0.6999999881
122967  15.138  -72.428  -27.093 0.6999999881
12476  10.953  -66.913  -23.131 0.6999999881
11480  10.069  -67.028  -23.245 0.6999999881
128980  15.332  -72.072  -27.861 0.8000000119
7751  14.605  -71.896  -27.777 0.8000000119
12506  10.944  -65.815  -24.458 0.6000000238
12491  10.518  -66.416  -23.896 0.6000000238
11481  9.193  -67.256  -23.508 0.6999999881
12492  9.777  -66.676  -24.173 0.5000000000
11494  9.260  -67.083  -24.530 0.6999999881
116753  15.157  -70.306  -31.011 0.8000000119
8743  14.592  -70.640  -30.237 0.8000000119
12507  10.288  -66.172  -24.915 0.5000000000
13574  11.021  -65.810  -25.696 0.5000000000
7802  14.488  -71.183  -32.429 0.6999999881
13590  11.779  -65.346  -26.548 0.5000000000
14607  12.558  -64.657  -28.135 0.6000000238
13608  12.412  -65.792  -28.379 0.5000000000
126649  11.227  -67.188  -27.696 0.6000000238
11517  11.068  -67.519  -28.025 0.6999999881
10627  9.479  -68.077  -28.275 0.6999999881
12532  12.094  -66.365  -28.908 0.5000000000
12533  11.515  -67.073  -28.476 0.6000000238
11528  10.281  -67.791  -28.330 0.6000000238
117201  9.458  -67.111  -28.625 0.6000000238
14621  12.495  -65.032  -28.626 0.6000000238
12547  11.410  -66.755  -28.713 0.6000000238
12534  10.068  -66.626  -28.600 0.6000000238
14622  12.265  -65.196  -28.807 0.5000000000
13622  11.972  -65.897  -29.201 0.5000000000
12535  9.142  -66.197  -27.656 0.6000000238
124715  7.623  -65.958  -25.804 0.6000000238
13610  6.257  -65.814  -26.252 0.6999999881
116634  4.699  -64.107  -25.167 0.6000000238
14590  3.840  -64.622  -26.330 0.6999999881
13623  10.952  -66.197  -28.732 0.6000000238
14585  9.862  -64.417  -26.700 0.6000000238
12524  8.776  -65.657  -26.337 0.6000000238
116932  8.071  -65.406  -25.346 0.6999999881
125014  5.666  -63.472  -24.830 0.5000000000
10533  11.747  -69.112  -20.505 0.8999999762
8672  14.914  -71.030  -22.884 0.6000000238
8661  14.540  -70.626  -22.216 0.6999999881
117177  11.121  -68.884  -20.482 0.8000000119
129285  9.146  -69.222  -20.470 0.6999999881
10547  10.638  -68.476  -20.766 0.6999999881
11445  11.060  -67.848  -21.520 0.8000000119
6851  15.338  -72.470  -25.565 0.6999999881
116834  10.510  -67.414  -22.366 0.6000000238
12490  11.336  -66.348  -23.718 0.6999999881
13549  11.779  -65.742  -24.142 0.6000000238
7780  15.572  -70.797  -30.130 0.8000000119
7779  16.423  -71.271  -29.377 0.8000000119
110806  16.019  -70.237  -31.416 0.8000000119
13573  11.358  -65.146  -25.014 0.5000000000
8754  15.675  -70.235  -31.968 0.8000000119
15577  12.712  -62.964  -25.959 0.5000000000
15594  12.452  -63.567  -27.527 0.6000000238
14584  12.409  -63.840  -26.393 0.6000000238
16507  12.577  -62.773  -27.115 0.6000000238
16517  12.399  -63.729  -27.790 0.6000000238
16488  4.668  -62.465  -24.573 0.5000000000
15596  11.824  -64.221  -28.232 0.5000000000
15581  4.708  -63.310  -24.865 0.5000000000
15564  3.862  -63.090  -24.879 0.6000000238
115211  10.787  -64.205  -27.381 0.6000000238
13592  9.442  -65.037  -26.470 0.6999999881
14587  8.311  -64.423  -25.271 0.6999999881
14588  7.254  -64.560  -24.949 0.6999999881
118584  10.871  -63.083  -26.964 0.6000000238
15579  7.569  -63.076  -25.511 0.6000000238
125840  10.442  -62.009  -26.266 0.6999999881
15578  8.475  -63.075  -25.787 0.6000000238
16497  7.999  -62.277  -25.558 0.5000000000
8647  13.764  -70.118  -21.219 0.6999999881
9614  13.165  -69.831  -20.774 0.6999999881
10531  12.984  -69.076  -20.758 0.6999999881
10546  11.658  -68.437  -20.882 0.8000000119
11444  12.037  -67.788  -21.608 0.6999999881
12475  11.865  -67.005  -23.143 0.6999999881
11463  11.485  -67.378  -22.379 0.6999999881
109521  4.980  -61.233  -23.137 0.5000000000
120735  13.820  -60.632  -26.288 0.5000000000
16506  13.124  -61.702  -26.337 0.6000000238
17420  3.916  -61.594  -24.289 0.5000000000
128958  13.056  -61.026  -26.452 0.5000000000
18393  14.336  -59.436  -26.268 0.5000000000
111662  12.622  -61.776  -26.653 0.6000000238
15595  12.058  -63.431  -27.714 0.6000000238
15580  6.739  -63.191  -25.157 0.5000000000
19440  13.562  -59.054  -26.003 0.5000000000
17438  12.462  -60.545  -26.323 0.6000000238
17439  11.742  -61.183  -26.393 0.6000000238
18395  11.755  -60.078  -26.002 0.6000000238
9628  14.257  -69.603  -21.485 0.6999999881
10544  13.337  -68.488  -21.297 0.6999999881
11443  12.910  -67.786  -21.716 0.6999999881
17428  10.205  -61.162  -25.562 0.5000000000
20585  15.141  -57.927  -25.816 0.5000000000
17430  8.700  -61.741  -25.345 0.5000000000
19435  13.744  -58.938  -25.669 0.5000000000
18388  11.392  -60.316  -25.626 0.5000000000
17440  10.642  -61.123  -25.980 0.5000000000
16510  9.785  -62.269  -26.090 0.5000000000
17416  10.719  -60.712  -24.932 0.5000000000
17404  10.374  -61.365  -24.577 0.5000000000
129426  13.548  -59.952  -24.503 0.5000000000
17415  11.536  -60.661  -24.708 0.5000000000
17429  9.600  -61.460  -25.418 0.5000000000
18382  12.188  -59.912  -24.993 0.5000000000
18383  11.396  -60.311  -25.248 0.5000000000
18381  14.707  -58.979  -24.627 0.5000000000
19432  12.969  -59.401  -25.356 0.5000000000
17414  12.548  -60.922  -24.356 0.5000000000
20576  5.192  -57.965  -22.795 0.6000000238
19425  3.384  -59.328  -23.068 0.6000000238
19421  5.430  -58.597  -22.806 0.5000000000
21782  4.952  -57.153  -22.287 0.6999999881
20578  3.293  -58.250  -22.042 0.6000000238
19423  2.633  -58.716  -22.206 0.6000000238
19417  2.599  -58.901  -21.760 0.6999999881
21763  5.200  -56.755  -21.695 0.6000000238
20565  4.513  -57.496  -21.730 0.6999999881
20567  2.607  -58.655  -21.961 0.6999999881
19418  1.925  -59.166  -21.972 0.6999999881
19410  4.467  -59.278  -20.624 0.8000000119
23032  6.332  -55.730  -22.041 0.5000000000
21780  6.522  -57.193  -22.726 0.5000000000
20554  3.929  -58.413  -21.339 0.8000000119
20552  4.835  -57.416  -21.055 0.6000000238
17378  5.541  -61.730  -19.788 0.6999999881
24276  7.947  -55.508  -22.195 0.5000000000
21778  7.978  -56.802  -22.527 0.5000000000
18350  5.279  -59.801  -20.002 0.6999999881
17384  4.072  -61.315  -20.882 0.6999999881
20553  4.758  -58.230  -20.521 0.6999999881
23020  5.852  -56.231  -21.503 0.6999999881
16436  5.317  -62.744  -19.698 0.6999999881
109891  5.925  -60.706  -19.485 0.6999999881
24237  6.964  -55.371  -21.888 0.6000000238
129094  5.324  -57.694  -20.301 0.8000000119
15341  6.400  -63.341  -11.451 0.6999999881
14369  6.280  -64.205  -12.670 0.8000000119
23029  11.777  -55.336  -22.124 0.4000000060
15451  5.531  -63.733  -18.589 0.6999999881
127372  9.491  -55.411  -22.023 0.5000000000
16435  5.940  -62.267  -19.325 0.6999999881
24258  8.261  -55.312  -22.032 0.6000000238
23003  7.073  -56.350  -20.415 0.6000000238
19401  5.313  -58.916  -19.821 0.6999999881
21742  6.197  -56.658  -20.501 0.8000000119
20502  6.216  -58.254  -19.265 0.8000000119
25340  -4.832  -54.579  -14.138 0.5000000000
25341  -5.026  -54.316  -14.571 0.5000000000
22943  -4.527  -56.257  -16.005 0.5000000000
19292  2.379  -58.940  -12.446 0.5000000000
17274  4.994  -61.274  -12.608 0.6000000238
18245  3.754  -60.009  -13.029 0.6000000238
19304  1.297  -58.777  -13.345 0.6000000238
20453  -2.248  -58.926  -16.160 0.6000000238
18226  4.257  -60.737  -12.199 0.6999999881
19269  2.970  -59.538  -12.173 0.6999999881
17262  5.478  -61.928  -11.264 0.6999999881
17264  3.774  -60.996  -11.196 0.6999999881
15434  6.511  -63.498  -17.222 0.6999999881
15415  7.083  -63.172  -16.521 0.6999999881
114806  6.883  -63.669  -14.971 0.8000000119
24233  10.363  -55.457  -21.756 0.5000000000
15450  6.440  -63.213  -18.216 0.6999999881
24234  9.450  -55.426  -21.807 0.6000000238
17377  6.241  -61.363  -19.204 0.8000000119
21721  6.658  -57.335  -19.575 0.6999999881
18332  6.826  -60.086  -18.661 0.8000000119
19399  6.370  -59.392  -18.960 0.8000000119
26388  -4.573  -52.680  -13.234 0.5000000000
25342  -4.896  -53.582  -14.600 0.6000000238
26422  -4.339  -52.917  -15.041 0.5000000000
25353  -4.647  -54.240  -15.678 0.6000000238
24181  -4.361  -55.529  -16.706 0.6000000238
22957  -4.339  -56.823  -16.994 0.6000000238
25381  -3.773  -55.433  -17.703 0.6000000238
22975  -3.911  -56.896  -17.902 0.5000000000
20408  2.559  -58.384  -12.775 0.5000000000
20425  1.629  -58.440  -13.683 0.5000000000
18244  5.233  -60.486  -13.518 0.6000000238
20437  1.321  -58.465  -15.249 0.6000000238
20438  0.966  -58.763  -15.035 0.6999999881
21679  -3.194  -58.120  -17.315 0.6000000238
17272  6.499  -61.375  -11.949 0.6000000238
17261  6.266  -61.995  -11.433 0.6999999881
18227  3.446  -60.244  -11.797 0.6999999881
107649  1.592  -58.971  -12.368 0.6999999881
19305  0.684  -58.967  -13.902 0.8000000119
20439  -0.499  -58.701  -15.126 0.6999999881
17260  7.026  -61.962  -11.632 0.6999999881
16320  6.714  -62.676  -11.409 0.6999999881
16335  8.093  -62.592  -13.119 0.6999999881
15351  7.453  -63.098  -12.465 0.8000000119
112339  7.960  -62.647  -15.299 0.8000000119
15372  7.479  -63.264  -14.464 0.8000000119
23016  9.763  -55.802  -20.840 0.5000000000
21709  8.072  -57.799  -18.968 0.6000000238
16398  7.634  -61.908  -17.603 0.8000000119
16380  7.768  -62.638  -16.089 0.8000000119
23002  8.146  -56.510  -20.154 0.6000000238
21719  8.501  -57.187  -19.462 0.6999999881
130279  7.497  -61.337  -18.104 0.8000000119
21710  7.065  -57.887  -18.926 0.6999999881
19376  6.936  -59.160  -18.549 0.6999999881
19377  6.530  -58.618  -18.914 0.8000000119
27397  -4.120  -51.269  -13.032 0.4000000060
27418  -4.336  -52.064  -14.169 0.5000000000
26421  -3.412  -53.119  -15.471 0.4000000060
25371  -4.017  -54.714  -16.955 0.5000000000
116644  -2.417  -56.142  -18.811 0.5000000000
20423  3.890  -58.940  -13.542 0.5000000000
113223  1.522  -58.394  -14.587 0.6000000238
20451  0.828  -58.322  -15.741 0.6000000238
21678  -2.158  -57.568  -17.600 0.6000000238
18243  6.904  -60.742  -12.224 0.6000000238
20452  -0.826  -58.321  -15.907 0.6999999881
20465  -1.479  -58.047  -16.672 0.6999999881
17271  7.282  -61.332  -11.938 0.6000000238
16347  7.999  -62.781  -14.032 0.8000000119
20483  8.403  -58.925  -18.067 0.6999999881
19362  7.730  -59.465  -18.237 0.6999999881
17340  7.751  -60.949  -17.956 0.8000000119
17323  8.183  -62.071  -16.643 0.8000000119
20499  7.772  -58.394  -18.593 0.6999999881
27416  -2.878  -51.839  -13.614 0.4000000060
27395  -2.211  -52.152  -13.162 0.4000000060
120120  -1.952  -52.069  -12.754 0.4000000060
26420  -2.001  -53.540  -15.496 0.5000000000
26400  -3.168  -52.116  -14.454 0.4000000060
27361  -1.543  -52.033  -12.690 0.5000000000
25380  -3.106  -55.265  -17.810 0.5000000000
22972  -0.965  -56.304  -17.624 0.5000000000
22956  -1.403  -56.776  -17.813 0.5000000000
24179  0.197  -55.625  -16.670 0.5000000000
21677  -1.027  -57.363  -17.069 0.6999999881
16334  8.631  -61.809  -13.008 0.6000000238
16357  8.368  -62.337  -14.637 0.8000000119
20498  8.837  -58.129  -18.432 0.6000000238
19361  8.540  -59.752  -17.610 0.6000000238
19340  9.168  -60.020  -16.857 0.6999999881
17305  8.856  -61.577  -15.019 0.6999999881
17339  8.406  -61.224  -17.175 0.6999999881
123295  -1.209  -50.947  -12.297 0.3000000119
26399  -1.682  -53.205  -14.717 0.4000000060
27415  -1.130  -52.982  -14.106 0.3000000119
27394  -0.613  -52.734  -13.382 0.4000000060
27377  -0.188  -52.412  -12.527 0.4000000060
27360  0.448  -52.146  -11.897 0.4000000060
28316  -0.369  -51.670  -12.019 0.5000000000
25352  -2.207  -54.027  -16.264 0.4000000060
112130  0.118  -50.762  -11.674 0.3000000119
25370  -3.077  -54.426  -16.797 0.4000000060
22941  0.737  -56.527  -16.118 0.5000000000
24196  -1.448  -55.259  -17.616 0.4000000060
22925  1.305  -56.621  -15.247 0.6000000238
26440  -0.955  -53.994  -16.538 0.4000000060
24164  1.031  -55.400  -15.518 0.4000000060
24180  -0.618  -55.580  -17.296 0.5000000000
16346  8.431  -62.287  -13.715 0.6999999881
17322  8.727  -61.509  -16.127 0.6999999881
28317  -2.503  -51.523  -12.979 0.4000000060
28315  1.059  -51.738  -11.425 0.4000000060
30179  1.013  -49.785  -11.528 0.3000000119
26398  -0.264  -53.332  -15.433 0.3000000119
25368  -0.716  -54.682  -17.061 0.4000000060
25350  1.121  -54.382  -15.896 0.4000000060
25367  -0.071  -54.725  -16.784 0.4000000060
27393  0.779  -52.703  -13.527 0.3000000119
27376  1.086  -52.462  -12.172 0.3000000119
27359  1.342  -52.162  -11.694 0.4000000060
29264  2.120  -51.291  -11.363 0.3000000119
29265  1.272  -50.907  -11.250 0.3000000119
27414  0.184  -53.022  -14.601 0.3000000119
111374  -0.070  -53.684  -16.245 0.3000000119
25366  0.603  -53.901  -16.368 0.3000000119
109047  -0.027  -54.118  -16.608 0.3000000119
28314  1.873  -51.943  -11.573 0.3000000119
117462  2.558  -50.544  -11.450 0.3000000119
27375  2.075  -52.285  -12.111 0.3000000119
29263  3.105  -51.097  -11.593 0.3000000119
27448  1.173  -52.980  -16.484 0.3000000119
26438  1.429  -53.215  -16.514 0.3000000119
26437  2.264  -53.042  -16.847 0.3000000119
27392  2.473  -52.246  -13.336 0.3000000119
27374  3.091  -51.978  -12.535 0.3000000119
118808  2.169  -52.388  -16.462 0.3000000119
12508  9.842  -66.840  -25.327 0.6000000238
11506  10.387  -67.475  -26.837 0.6999999881
10604  9.662  -68.125  -26.909 0.6999999881
10618  9.728  -68.204  -27.727 0.6999999881
123156  -1.457  -55.880  -18.002 0.4000000060
21676  -0.395  -57.035  -16.976 0.6000000238
30178  2.220  -49.605  -11.601 0.3000000119
6871  10.689  -72.693  -26.579 0.6999999881
6821  8.897  -73.069  -21.969 0.6999999881
7718  13.037  -72.056  -25.969 0.8000000119
8757  12.181  -70.284  -31.876 0.6000000238
126941  13.492  -70.391  -32.022 0.6999999881
9618  9.721  -69.460  -20.379 0.6999999881
7781  14.751  -71.086  -29.285 0.8000000119
8762  14.215  -70.457  -32.088 0.6999999881
8761  15.144  -70.542  -32.169 0.8000000119
14589  5.250  -64.697  -25.396 0.6999999881
12523  10.699  -66.589  -26.262 0.5000000000
11538  9.851  -67.623  -28.509 0.6000000238
15582  2.939  -63.515  -25.654 0.6000000238
15597  9.694  -63.307  -26.311 0.6999999881
14571  12.560  -64.138  -24.762 0.5000000000
14572  11.928  -64.517  -25.605 0.6000000238
16508  12.348  -62.627  -27.167 0.6000000238
16416  7.165  -61.642  -18.325 0.8000000119
3811  10.618  -76.670  -27.740 0.4000000060
120645  10.941  -76.504  -27.023 0.4000000060
2527  11.716  -78.196  -29.913 0.3000000119
123346  10.265  -76.782  -28.469 0.4000000060
3812  9.571  -76.746  -28.037 0.4000000060
3801  10.116  -76.685  -27.065 0.4000000060
3133  13.968  -77.908  -28.114 0.4000000060
2519  13.292  -78.276  -28.031 0.5000000000
2520  12.497  -78.259  -28.280 0.5000000000
3144  12.637  -77.967  -29.095 0.3000000119
2525  12.639  -78.159  -28.546 0.4000000060
3125  11.847  -77.784  -28.060 0.4000000060
3145  12.152  -78.112  -29.925 0.3000000119
3135  11.400  -77.961  -28.928 0.3000000119
3818  11.026  -76.952  -28.281 0.3000000119
124310  13.100  -76.941  -28.945 0.4000000060
3142  14.652  -76.862  -28.483 0.4000000060
3132  15.022  -77.629  -27.996 0.5000000000
3827  14.116  -76.237  -28.983 0.3000000119
3829  12.459  -77.348  -29.698 0.3000000119
3838  11.724  -76.238  -30.996 0.4000000060
3836  12.384  -76.256  -30.059 0.3000000119
118962  12.222  -74.288  -31.479 0.4000000060
4539  11.513  -75.431  -31.733 0.4000000060
5296  11.392  -74.665  -32.241 0.4000000060
3826  15.385  -76.263  -29.399 0.4000000060
3834  15.937  -76.021  -30.429 0.4000000060
3835  15.041  -75.714  -29.953 0.4000000060
126557  15.630  -75.529  -30.931 0.4000000060
4527  16.527  -75.566  -30.409 0.5000000000
4522  13.909  -75.570  -29.592 0.4000000060
4537  15.310  -75.004  -31.344 0.4000000060
4538  12.067  -75.107  -30.963 0.4000000060
5289  12.718  -74.657  -30.634 0.5000000000
5294  14.341  -74.165  -31.427 0.4000000060
6102  12.740  -73.409  -31.987 0.4000000060
123945  11.641  -72.807  -32.656 0.4000000060
4534  16.533  -75.050  -31.055 0.6000000238
5292  16.308  -74.581  -31.764 0.6000000238
5293  15.536  -74.622  -32.001 0.6000000238
123268  15.805  -74.124  -32.306 0.6000000238
6109  15.145  -73.661  -32.397 0.6000000238
6915  15.337  -72.650  -32.628 0.6999999881
6101  13.845  -73.392  -32.042 0.5000000000
117712  14.400  -72.792  -32.509 0.6000000238
7801  15.529  -71.481  -32.520 0.6999999881
6099  17.322  -72.349  -31.493 0.6999999881
6908  17.836  -71.831  -31.826 0.6999999881
6100  16.458  -73.342  -31.841 0.6000000238
6909  16.915  -72.279  -32.021 0.6999999881
8747  16.929  -70.481  -31.472 0.6999999881
7788  16.662  -70.662  -30.552 0.6999999881
7768  15.516  -71.317  -29.102 0.6999999881
6914  16.147  -72.352  -32.568 0.6999999881
8753  16.682  -70.542  -32.056 0.6999999881
8760  16.006  -70.660  -32.259 0.6999999881
7785  18.933  -71.749  -31.316 0.5000000000
7786  18.357  -71.217  -31.358 0.6000000238
7797  17.388  -71.260  -32.046 0.6999999881
7787  17.552  -70.779  -30.944 0.6000000238
122795  17.228  -71.013  -30.003 0.6999999881
113414  17.317  -71.295  -29.256 0.6999999881
7800  16.585  -71.365  -32.356 0.6999999881
123358  16.752  -71.607  -28.639 0.6999999881
7767  15.947  -71.825  -28.422 0.6000000238
7778  18.159  -71.060  -30.306 0.6000000238
123208  18.050  -71.211  -29.231 0.6000000238
7766  17.423  -71.540  -28.462 0.6000000238
113638  18.299  -71.332  -28.489 0.6000000238
7697  16.254  -71.321  -24.753 0.5000000000
110252  8.422  -73.889  -22.902 0.6000000238
6048  8.778  -73.848  -23.576 0.6000000238
7749  16.716  -71.911  -27.947 0.6000000238
6865  16.684  -72.062  -27.106 0.6000000238
7716  16.457  -71.638  -25.476 0.5000000000
6023  7.682  -73.289  -21.379 0.6000000238
6022  8.363  -72.834  -21.283 0.6000000238
6037  8.306  -73.577  -22.123 0.6000000238
7748  17.547  -71.650  -27.564 0.6000000238
7735  17.310  -71.587  -26.582 0.5000000000
6850  15.909  -72.290  -25.898 0.5000000000
121962  6.669  -71.480  -20.660 0.6000000238
7637  7.536  -71.294  -20.517 0.6000000238
6790  7.245  -72.153  -20.598 0.6000000238
6009  7.064  -72.871  -20.809 0.6000000238
6789  7.994  -72.153  -20.657 0.6000000238
122925  8.481  -70.046  -20.400 0.6000000238
7636  8.411  -71.452  -20.558 0.6000000238
119926  14.806  -69.918  -21.894 0.6000000238
7638  6.942  -70.763  -20.747 0.6000000238
10549  7.944  -68.836  -21.630 0.6000000238
9620  7.881  -69.827  -20.595 0.6000000238
10548  8.576  -68.525  -21.277 0.6000000238
9630  8.180  -69.088  -20.861 0.6000000238
11464  9.552  -67.512  -22.475 0.5000000000
127283  9.175  -68.375  -21.059 0.6000000238
11446  9.935  -67.970  -21.444 0.5000000000
7639  5.843  -71.724  -20.762 0.6999999881
7654  6.269  -71.166  -20.907 0.6000000238
9631  7.572  -69.428  -21.191 0.6000000238
10562  8.332  -68.244  -22.164 0.6000000238
11482  8.768  -67.711  -22.712 0.6000000238
7721  6.223  -71.345  -24.953 0.6000000238
8651  6.634  -70.487  -21.187 0.6000000238
8663  7.039  -69.844  -21.847 0.6000000238
10580  8.148  -68.105  -23.132 0.5000000000
120107  7.040  -70.141  -23.045 0.6000000238
9674  7.602  -69.551  -24.601 0.6000000238
8688  6.781  -70.950  -24.614 0.6000000238
8700  6.801  -70.989  -25.468 0.6000000238
8664  6.503  -70.523  -22.321 0.6000000238
124979  8.535  -67.653  -23.499 0.6000000238
121004  7.428  -69.539  -23.505 0.6000000238
10593  7.753  -68.712  -23.756 0.5000000000
10606  7.946  -68.921  -25.434 0.6000000238
8687  7.283  -70.481  -25.096 0.5000000000
8699  7.265  -70.481  -25.957 0.5000000000
11507  9.212  -67.610  -25.560 0.6000000238
10605  8.690  -68.436  -26.109 0.6000000238
9686  7.634  -69.789  -25.675 0.6000000238
9697  7.624  -69.717  -26.463 0.6000000238
9706  7.571  -69.547  -27.172 0.6999999881
8722  6.836  -69.795  -27.427 0.6999999881
9716  5.924  -68.873  -28.350 0.6999999881
10639  5.173  -68.468  -28.447 0.6999999881
9685  8.098  -69.081  -26.345 0.6000000238
9696  8.229  -69.107  -27.064 0.6999999881
11540  7.516  -68.224  -28.410 0.6999999881
10637  7.464  -68.742  -28.154 0.6999999881
10638  6.775  -68.486  -28.398 0.6999999881
112872  6.162  -67.469  -28.406 0.6000000238
11539  8.999  -67.650  -28.510 0.6000000238
8685  16.631  -70.492  -24.428 0.5000000000
8686  15.951  -70.944  -24.038 0.5000000000
9656  16.592  -69.249  -23.569 0.5000000000
8670  16.326  -70.101  -23.676 0.5000000000
9657  15.920  -69.582  -22.927 0.6000000238
113818  16.950  -67.388  -25.499 0.6000000238
11491  16.633  -67.702  -24.494 0.6000000238
113252  16.149  -68.601  -23.277 0.6000000238
9643  15.270  -69.415  -22.290 0.6000000238
10559  15.055  -68.737  -22.262 0.6000000238
11505  15.974  -67.104  -25.315 0.5000000000
11492  15.754  -67.393  -24.295 0.6000000238
10560  14.477  -68.338  -22.104 0.6000000238
12521  15.456  -66.320  -25.633 0.6000000238
12487  14.342  -66.987  -23.809 0.5000000000
11477  14.639  -67.462  -23.370 0.6000000238
10561  13.716  -67.966  -21.896 0.6000000238
12522  14.971  -65.818  -25.071 0.5000000000
121317  14.031  -67.175  -23.424 0.6000000238
12489  12.244  -66.511  -23.625 0.5000000000
13571  13.350  -65.009  -24.356 0.5000000000
11479  12.672  -67.046  -23.146 0.6000000238
11478  13.413  -67.103  -23.261 0.6000000238
129710  14.724  -72.049  -32.618 0.6999999881
8671  15.627  -70.567  -23.250 0.5000000000
10592  8.338  -68.107  -25.001 0.6000000238
9705  8.004  -68.926  -27.702 0.6999999881
8660  15.241  -70.226  -22.496 0.6000000238
11462  13.216  -67.428  -22.494 0.6000000238
113760  12.964  -66.677  -23.577 0.6000000238
3146  11.252  -77.848  -29.636 0.3000000119
2526  12.083  -78.416  -29.325 0.3000000119
2521  12.000  -78.548  -28.824 0.4000000060
3828  13.122  -76.097  -29.343 0.4000000060
4529  13.099  -75.151  -29.906 0.4000000060
3837  16.124  -75.665  -30.895 0.4000000060
4528  14.437  -75.087  -30.378 0.3000000119
4536  15.874  -75.277  -31.559 0.5000000000
4543  16.076  -74.754  -31.978 0.6000000238
5288  13.566  -74.502  -30.603 0.5000000000
5295  13.129  -73.878  -31.132 0.5000000000
6107  16.305  -72.896  -32.333 0.6000000238
8746  17.598  -70.890  -31.762 0.6999999881
10563  7.711  -68.827  -22.694 0.6000000238
11543  5.066  -67.951  -28.277 0.6000000238
11475  16.220  -67.937  -23.792 0.6000000238
12531  15.708  -66.195  -26.513 0.5000000000
10578  15.547  -68.692  -22.723 0.6000000238
10579  14.907  -68.079  -22.747 0.6000000238
128857  15.642  -66.724  -25.483 0.5000000000
11493  14.976  -67.129  -24.018 0.6000000238
13589  15.405  -65.443  -25.837 0.5000000000
119729  14.564  -66.124  -24.631 0.5000000000
12504  13.842  -66.003  -24.303 0.5000000000
244  6.739  -84.818  -12.443 0.4000000060
127  7.115  -85.253  -12.979 0.4000000060
128  6.509  -85.577  -12.724 0.5000000000
698  4.174  -82.959  -12.144 0.5000000000
457  2.319  -83.302  -13.072 0.5000000000
448  4.970  -83.823  -11.798 0.5000000000
447  5.737  -83.765  -11.945 0.5000000000
121636  7.415  -85.292  -13.771 0.4000000060
127327  7.916  -85.036  -14.653 0.4000000060
120976  7.308  -85.747  -14.573 0.5000000000
2494  9.285  -78.584  -25.205 0.3000000119
116102  8.905  -78.921  -24.676 0.3000000119
117637  9.573  -77.854  -25.651 0.3000000119
697  5.311  -82.750  -12.280 0.4000000060
985  4.462  -82.008  -12.706 0.5000000000
699  3.672  -82.253  -12.718 0.5000000000
113976  6.203  -82.191  -12.516 0.4000000060
696  6.314  -83.265  -12.227 0.4000000060
243  7.287  -84.402  -12.910 0.3000000119
127955  7.248  -83.041  -12.693 0.3000000119
267  7.737  -84.916  -17.121 0.4000000060
463  8.752  -84.151  -14.694 0.3000000119
253  8.492  -84.896  -15.418 0.4000000060
138  7.764  -85.394  -15.590 0.5000000000
252  9.329  -84.447  -15.526 0.3000000119
2484  9.321  -78.301  -24.290 0.3000000119
1908  7.900  -79.625  -24.160 0.3000000119
117212  9.673  -77.953  -24.806 0.3000000119
3118  10.207  -76.940  -25.700 0.3000000119
3119  9.638  -77.191  -26.435 0.3000000119
1340  6.118  -81.200  -12.876 0.3000000119
984  5.361  -81.637  -12.838 0.4000000060
983  6.939  -81.645  -12.561 0.3000000119
266  8.519  -84.660  -17.261 0.4000000060
277  8.176  -84.306  -17.855 0.4000000060
258  8.845  -84.765  -16.340 0.4000000060
129924  9.930  -83.789  -14.991 0.3000000119
129234  9.389  -78.864  -22.973 0.4000000060
2470  8.800  -78.709  -23.764 0.4000000060
1897  8.035  -79.034  -23.189 0.4000000060
1888  7.416  -79.386  -22.638 0.4000000060
1880  7.213  -79.175  -21.856 0.4000000060
1881  6.672  -79.597  -21.528 0.5000000000
3099  9.868  -77.860  -24.185 0.3000000119
3110  10.127  -77.420  -24.877 0.3000000119
3800  10.714  -76.572  -26.377 0.3000000119
3810  11.398  -76.746  -27.391 0.3000000119
1339  6.796  -80.706  -12.705 0.3000000119
275  9.857  -83.936  -17.637 0.3000000119
484  9.395  -83.777  -17.891 0.3000000119
126655  8.576  -82.948  -18.078 0.4000000060
122124  7.838  -82.872  -18.068 0.4000000060
256  10.357  -84.074  -16.973 0.3000000119
469  10.195  -84.170  -15.891 0.3000000119
1847  5.833  -79.809  -18.807 0.5000000000
1837  5.864  -79.789  -17.861 0.5000000000
1887  9.800  -80.764  -21.801 0.3000000119
2454  9.399  -79.753  -22.131 0.3000000119
2455  8.847  -79.106  -22.229 0.3000000119
110525  8.553  -78.872  -23.019 0.4000000060
2433  7.302  -78.503  -20.577 0.5000000000
2434  6.693  -78.792  -20.354 0.5000000000
2456  8.205  -78.823  -22.148 0.4000000060
2457  7.742  -78.942  -22.121 0.4000000060
2447  7.536  -78.727  -21.322 0.5000000000
2448  6.958  -78.957  -21.114 0.5000000000
3098  10.653  -77.406  -24.284 0.3000000119
3109  10.658  -76.956  -24.928 0.3000000119
3791  11.149  -76.593  -25.431 0.3000000119
3798  12.205  -76.743  -26.082 0.3000000119
3809  12.152  -76.966  -26.921 0.4000000060
117714  10.111  -83.493  -17.718 0.3000000119
1012  8.174  -82.120  -17.539 0.4000000060
454  10.477  -83.085  -14.258 0.3000000119
468  10.875  -83.776  -16.270 0.3000000119
473  11.327  -83.537  -16.950 0.3000000119
125446  10.837  -83.337  -14.667 0.3000000119
1005  6.793  -80.820  -16.786 0.4000000060
1380  5.929  -80.238  -17.347 0.5000000000
116067  6.774  -78.728  -17.204 0.4000000060
1828  6.769  -79.483  -16.872 0.5000000000
2443  10.999  -79.775  -21.109 0.3000000119
112703  6.266  -78.917  -18.933 0.5000000000
129505  6.384  -78.955  -17.686 0.5000000000
1879  9.549  -79.806  -21.589 0.3000000119
3033  7.313  -77.760  -19.222 0.4000000060
3016  7.061  -77.748  -18.292 0.5000000000
1425  10.133  -81.492  -21.980 0.3000000119
2445  8.994  -79.026  -21.209 0.4000000060
3048  7.633  -77.993  -19.998 0.5000000000
113237  6.543  -78.667  -19.642 0.5000000000
2468  9.968  -78.991  -22.867 0.3000000119
2446  8.034  -78.570  -21.422 0.5000000000
3082  11.028  -77.982  -23.612 0.3000000119
3081  12.007  -77.919  -23.914 0.4000000060
109796  12.430  -77.688  -24.704 0.3000000119
3778  11.981  -76.625  -25.409 0.4000000060
3117  12.601  -77.457  -26.372 0.4000000060
116970  9.097  -71.518  -30.544 0.5000000000
3124  12.595  -78.029  -27.397 0.3000000119
453  12.488  -83.460  -13.592 0.3000000119
461  11.546  -83.358  -14.852 0.3000000119
1003  8.951  -81.237  -16.910 0.3000000119
110249  11.531  -83.277  -13.816 0.3000000119
109949  9.163  -80.127  -16.577 0.3000000119
1827  7.544  -79.402  -16.574 0.5000000000
124361  7.626  -77.639  -16.961 0.4000000060
2390  7.798  -78.584  -16.519 0.3000000119
113167  12.115  -79.569  -21.561 0.3000000119
3000  7.602  -77.362  -17.574 0.5000000000
1878  10.009  -80.321  -21.307 0.3000000119
3032  8.022  -77.472  -19.394 0.4000000060
3015  7.744  -77.280  -18.532 0.4000000060
2444  9.716  -79.322  -20.956 0.4000000060
3058  9.383  -78.586  -20.592 0.4000000060
2431  8.729  -78.449  -20.619 0.4000000060
3047  8.347  -77.869  -20.066 0.4000000060
1896  10.036  -80.570  -22.348 0.3000000119
1895  10.993  -80.698  -23.125 0.3000000119
2432  7.883  -78.301  -20.704 0.5000000000
2483  12.625  -78.766  -24.576 0.3000000119
1914  13.259  -79.255  -25.265 0.4000000060
2493  12.921  -78.272  -25.622 0.4000000060
6903  9.682  -72.700  -30.073 0.5000000000
2501  13.047  -78.532  -26.719 0.4000000060
2492  13.467  -79.050  -26.108 0.5000000000
115295  12.185  -83.335  -14.353 0.3000000119
6024  6.891  -73.480  -21.442 0.5000000000
2999  8.109  -77.170  -17.001 0.3000000119
2990  8.077  -77.766  -16.596 0.3000000119
6038  7.514  -73.864  -22.098 0.5000000000
118781  5.996  -73.537  -21.490 0.6000000238
117326  13.102  -79.137  -21.867 0.3000000119
2442  11.764  -78.427  -21.653 0.3000000119
114336  12.040  -80.736  -21.555 0.3000000119
112095  10.611  -79.020  -20.922 0.3000000119
3729  8.544  -77.003  -18.778 0.4000000060
3716  8.356  -76.859  -17.786 0.4000000060
6056  9.332  -73.664  -24.388 0.5000000000
6809  3.014  -72.319  -21.295 0.5000000000
3046  9.111  -77.896  -20.135 0.3000000119
3735  9.747  -76.738  -19.907 0.3000000119
6063  9.616  -73.593  -25.413 0.5000000000
111819  11.224  -81.537  -22.917 0.3000000119
2466  11.975  -79.388  -23.784 0.3000000119
6070  10.111  -73.301  -26.866 0.5000000000
1906  12.783  -80.102  -24.441 0.3000000119
129502  9.943  -73.531  -28.473 0.5000000000
6082  10.077  -73.228  -29.339 0.6000000238
1913  13.589  -79.416  -25.200 0.4000000060
1920  13.888  -79.272  -26.342 0.5000000000
6898  10.543  -72.487  -30.001 0.5000000000
1919  14.410  -79.330  -26.514 0.4000000060
1921  13.559  -78.969  -26.885 0.3000000119
2511  13.060  -78.548  -27.517 0.4000000060
7792  9.547  -70.618  -31.031 0.6000000238
2507  16.856  -78.271  -26.987 0.3000000119
2508  15.945  -78.360  -27.293 0.4000000060
2510  14.290  -78.631  -27.507 0.4000000060
124308  13.334  -78.464  -27.574 0.3000000119
8751  10.107  -70.109  -31.731 0.6000000238
129708  9.133  -70.102  -31.753 0.5000000000
2506  17.969  -77.592  -27.233 0.3000000119
120081  17.091  -77.400  -28.296 0.5000000000
3131  16.057  -77.537  -27.950 0.4000000060
8752  9.392  -69.987  -31.984 0.6000000238
122824  18.566  -77.070  -27.773 0.3000000119
3130  18.035  -77.167  -28.295 0.5000000000
124752  16.782  -77.091  -28.854 0.4000000060
120042  15.948  -76.828  -28.851 0.4000000060
3140  17.994  -76.458  -28.742 0.4000000060
3824  17.486  -76.295  -29.317 0.5000000000
3152  16.873  -76.499  -29.553 0.4000000060
3832  17.011  -76.100  -29.928 0.5000000000
115387  6.252  -72.989  -20.830 0.6000000238
6011  4.599  -72.863  -20.875 0.6000000238
3055  13.714  -78.296  -22.064 0.3000000119
2441  12.724  -78.310  -22.085 0.3000000119
3069  12.410  -77.319  -22.254 0.3000000119
6792  5.649  -72.351  -20.694 0.6000000238
6793  4.381  -72.089  -20.882 0.6000000238
1876  12.961  -80.167  -21.690 0.3000000119
3056  11.481  -77.345  -21.710 0.3000000119
3742  11.035  -76.769  -21.299 0.3000000119
6808  3.690  -71.923  -21.178 0.6000000238
1040  13.919  -81.475  -21.828 0.3000000119
3057  10.321  -77.963  -20.824 0.3000000119
124510  9.763  -77.595  -20.379 0.3000000119
7670  3.154  -71.503  -22.119 0.6000000238
1440  11.942  -80.942  -23.652 0.3000000119
110172  3.602  -71.511  -22.977 0.6000000238
7687  2.742  -71.617  -23.183 0.6000000238
7708  2.098  -71.824  -24.094 0.6000000238
7707  2.305  -71.679  -25.184 0.5000000000
1911  14.778  -79.413  -25.992 0.4000000060
2509  15.145  -78.978  -27.146 0.4000000060
3817  18.086  -76.056  -28.784 0.4000000060
3823  17.839  -76.066  -28.986 0.5000000000
2440  14.576  -78.925  -21.432 0.3000000119
3054  14.554  -77.752  -21.885 0.3000000119
3068  13.158  -77.481  -22.390 0.3000000119
3741  11.659  -76.210  -21.713 0.3000000119
3733  11.206  -76.145  -21.122 0.3000000119
6791  6.455  -72.263  -20.619 0.5000000000
1875  13.844  -79.634  -21.612 0.3000000119
1416  13.872  -80.999  -21.712 0.3000000119
7655  5.357  -71.548  -21.148 0.5000000000
7656  4.411  -71.781  -21.125 0.6000000238
1874  14.758  -80.271  -21.252 0.3000000119
3734  10.478  -76.634  -20.635 0.3000000119
114940  4.575  -71.486  -21.656 0.6000000238
1415  15.202  -81.180  -21.524 0.3000000119
7669  4.010  -71.386  -22.269 0.6000000238
1905  15.058  -79.176  -25.299 0.3000000119
1445  14.264  -79.582  -24.749 0.3000000119
115545  3.678  -71.598  -23.903 0.6000000238
7725  2.872  -71.540  -25.956 0.6000000238
7668  5.329  -71.252  -22.012 0.6000000238
7667  6.004  -71.104  -22.755 0.5000000000
7684  5.996  -71.285  -23.631 0.6000000238
128578  4.272  -71.636  -24.268 0.6000000238
7705  4.770  -71.671  -24.638 0.6000000238
123481  3.199  -71.623  -25.214 0.6000000238
7741  3.424  -71.467  -26.756 0.6000000238
7724  3.776  -71.667  -25.797 0.6000000238
7757  2.931  -71.021  -27.826 0.5000000000
8652  6.027  -71.014  -21.586 0.5000000000
8674  6.575  -70.852  -23.581 0.5000000000
7704  5.562  -71.505  -24.230 0.5000000000
7739  5.217  -71.444  -26.117 0.6000000238
10631  2.693  -68.630  -28.572 0.5000000000
10629  4.799  -67.976  -28.121 0.6000000238
10630  3.938  -68.489  -28.322 0.6000000238
10621  3.717  -68.379  -27.196 0.5000000000
10608  4.033  -68.395  -25.827 0.6000000238
7703  6.265  -71.242  -24.237 0.5000000000
8713  5.796  -71.066  -26.606 0.5000000000
8724  5.364  -70.666  -27.454 0.5000000000
7755  4.855  -71.218  -27.012 0.6000000238
9707  5.870  -69.808  -27.877 0.6000000238
8735  4.827  -70.119  -28.283 0.5000000000
119655  2.968  -69.954  -29.220 0.5000000000
124805  5.055  -69.286  -28.475 0.6000000238
11541  6.895  -67.695  -28.494 0.6000000238
10640  4.501  -68.536  -28.455 0.6000000238
10607  4.402  -68.158  -26.310 0.5000000000
15417  2.265  -64.283  -16.639 0.5000000000
8673  7.178  -70.349  -24.101 0.5000000000
7738  6.070  -71.263  -25.784 0.5000000000
8723  6.337  -70.523  -27.062 0.6000000238
14413  1.645  -64.175  -14.600 0.5000000000
14390  1.344  -63.794  -13.756 0.6000000238
14443  2.764  -64.525  -15.573 0.6000000238
14459  3.777  -64.525  -16.637 0.6000000238
14444  1.973  -64.409  -15.385 0.5000000000
15436  3.190  -63.964  -17.803 0.5000000000
15454  2.590  -63.415  -18.334 0.5000000000
12509  4.474  -66.923  -24.637 0.5000000000
11496  4.589  -67.599  -24.710 0.5000000000
14385  6.357  -64.210  -13.654 0.6000000238
14370  5.471  -64.362  -12.417 0.6999999881
122151  5.697  -64.384  -14.166 0.6000000238
14387  4.674  -64.459  -13.080 0.6999999881
15355  2.996  -63.728  -11.842 0.6000000238
15356  1.588  -63.613  -12.160 0.6000000238
14410  4.854  -64.481  -14.091 0.6000000238
14388  3.688  -64.300  -13.382 0.6000000238
126954  6.385  -63.916  -15.324 0.6000000238
14409  5.359  -64.406  -14.920 0.6000000238
14411  3.940  -64.444  -14.242 0.6000000238
14389  2.732  -64.024  -13.356 0.5000000000
109509  0.800  -63.697  -12.426 0.6000000238
15416  5.987  -63.959  -16.688 0.6000000238
114677  4.458  -64.502  -14.993 0.6000000238
111052  3.061  -64.301  -14.129 0.5000000000
119971  2.000  -63.831  -13.338 0.6000000238
14457  5.361  -64.290  -16.384 0.6000000238
114624  3.459  -64.510  -15.053 0.6000000238
118983  5.018  -64.251  -17.994 0.6000000238
14458  4.677  -64.449  -16.527 0.6000000238
116724  4.117  -64.164  -17.978 0.6000000238
15453  3.569  -63.669  -18.547 0.5000000000
16419  1.938  -62.905  -18.999 0.5000000000
16439  2.368  -62.563  -19.772 0.5000000000
16452  0.933  -62.348  -20.739 0.5000000000
15511  0.745  -62.768  -21.422 0.5000000000
126325  3.715  -63.938  -11.876 0.6000000238
125889  3.037  -63.392  -10.354 0.6999999881
15435  5.823  -63.930  -17.705 0.5000000000
15452  4.578  -63.871  -18.692 0.6000000238
15476  4.081  -63.449  -19.428 0.6000000238
15477  3.041  -63.129  -19.169 0.5000000000
16450  2.997  -62.178  -20.393 0.6000000238
17385  2.571  -61.606  -21.028 0.5000000000
17390  2.119  -60.851  -21.555 0.6000000238
16459  0.992  -61.893  -21.481 0.6000000238
18259  9.437  -60.297  -13.566 0.4000000060
17253  3.976  -61.794  -10.530 0.6999999881
18217  1.199  -60.060  -10.097 0.5000000000
18218  0.409  -60.436  -10.108 0.5000000000
18294  9.455  -60.252  -15.904 0.6000000238
17294  9.191  -61.062  -14.220 0.5000000000
17240  2.422  -61.853  -9.769 0.6000000238
17241  1.482  -61.766  -9.638 0.5000000000
19339  9.510  -59.383  -16.286 0.5000000000
16313  4.790  -62.502  -10.638 0.6000000238
16299  3.067  -62.625  -9.858 0.8000000119
15342  5.618  -63.501  -11.193 0.6999999881
15332  3.493  -63.114  -10.188 0.8000000119
110443  2.133  -63.192  -9.749 0.6999999881
16449  4.079  -62.388  -20.553 0.6000000238
122046  3.459  -61.671  -20.852 0.6000000238
19272  -0.133  -60.126  -11.256 0.5000000000
17269  8.865  -61.071  -12.791 0.5000000000
18215  3.049  -60.466  -10.850 0.6999999881
111448  -0.941  -60.558  -10.962 0.5000000000
112255  9.754  -57.693  -17.055 0.4000000060
19327  9.615  -59.536  -15.176 0.4000000060
126237  9.622  -57.873  -17.906 0.4000000060
21708  9.682  -57.488  -18.432 0.5000000000
21718  9.391  -57.117  -19.285 0.4000000060
107992  -0.177  -59.891  -12.159 0.5000000000
18229  -1.103  -60.401  -11.909 0.5000000000
18240  9.278  -59.905  -12.906 0.3000000119
18242  7.924  -60.790  -12.108 0.3000000119
19258  1.311  -59.524  -10.811 0.6000000238
22989  10.956  -56.636  -18.582 0.4000000060
22999  10.661  -56.403  -19.512 0.4000000060
23001  9.114  -56.527  -20.037 0.4000000060
124095  0.710  -59.286  -12.575 0.6000000238
19257  2.104  -59.354  -11.532 0.6000000238
23015  10.703  -55.778  -20.674 0.4000000060
19306  -0.424  -59.604  -13.188 0.5000000000
19293  -1.466  -60.205  -13.194 0.5000000000
20421  9.272  -58.471  -13.579 0.3000000119
19286  8.769  -59.634  -12.645 0.3000000119
107821  7.367  -59.829  -12.375 0.3000000119
19289  5.283  -59.639  -13.550 0.4000000060
24254  11.971  -55.212  -22.204 0.3000000119
24232  11.082  -55.323  -21.803 0.4000000060
24255  11.052  -55.402  -21.885 0.4000000060
20404  6.324  -59.113  -12.590 0.4000000060
19316  -0.414  -59.155  -14.245 0.6000000238
120704  -2.560  -60.443  -14.367 0.4000000060
20406  4.168  -58.400  -13.112 0.4000000060
123410  8.891  -57.501  -13.713 0.3000000119
21617  8.660  -58.074  -13.124 0.3000000119
19317  -1.923  -59.723  -14.873 0.5000000000
20407  3.292  -58.120  -12.761 0.4000000060
20424  2.097  -58.084  -13.319 0.4000000060
122081  1.253  -57.705  -15.718 0.5000000000
21635  2.392  -57.309  -12.971 0.4000000060
21636  1.830  -57.752  -14.010 0.4000000060
25321  3.468  -54.587  -13.695 0.3000000119
25322  2.567  -54.575  -14.387 0.3000000119
24141  2.891  -55.126  -13.385 0.3000000119
25337  1.711  -54.854  -14.866 0.3000000119
25349  1.997  -54.117  -15.639 0.3000000119
27378  -2.685  -52.541  -12.493 0.4000000060
26397  3.894  -53.850  -15.324 0.3000000119
3727  10.235  -76.043  -19.317 0.3000000119
1912  14.126  -79.407  -25.681 0.4000000060
22909  2.151  -56.657  -13.416 0.3000000119
17389  3.233  -60.826  -21.337 0.6000000238
109394  -3.106  -52.106  -12.445 0.4000000060
20482  9.280  -58.435  -17.671 0.5000000000
24152  1.600  -55.725  -14.517 0.3000000119
2518  15.270  -78.319  -27.537 0.4000000060
7722  5.450  -71.548  -25.226 0.5000000000
446  6.956  -83.737  -12.436 0.4000000060
245  5.573  -84.637  -11.804 0.5000000000
129577  3.216  -82.400  -12.868 0.5000000000
146  7.068  -85.850  -15.340 0.5000000000
110397  7.002  -82.659  -12.537 0.4000000060
156  8.059  -85.127  -16.514 0.4000000060
278  7.353  -84.435  -17.454 0.4000000060
2469  9.288  -78.580  -23.508 0.4000000060
125216  5.466  -80.842  -13.194 0.3000000119
455  9.406  -83.157  -14.323 0.3000000119
265  9.404  -84.382  -17.206 0.3000000119
485  8.589  -83.605  -18.121 0.4000000060
486  7.685  -83.606  -17.990 0.4000000060
3083  10.049  -78.198  -23.627 0.3000000119
725  9.382  -83.335  -17.951 0.4000000060
1013  7.043  -81.825  -17.121 0.4000000060
2421  7.010  -78.281  -19.841 0.5000000000
6086  9.180  -73.457  -29.671 0.5000000000
3779  11.662  -76.799  -24.859 0.4000000060
467  11.671  -83.426  -15.959 0.3000000119
1004  7.698  -81.056  -16.883 0.4000000060
1373  7.173  -80.159  -16.657 0.5000000000
3001  7.090  -77.948  -17.377 0.5000000000
124682  10.500  -81.440  -22.432 0.3000000119
2467  11.083  -79.004  -23.280 0.3000000119
108494  10.023  -71.868  -30.436 0.6000000238
1826  8.397  -79.306  -16.452 0.3000000119
1372  8.149  -80.207  -16.613 0.4000000060
3031  8.882  -77.333  -19.490 0.3000000119
6881  10.680  -72.833  -27.378 0.5000000000
2989  8.747  -77.224  -16.751 0.3000000119
3728  9.375  -76.584  -19.065 0.3000000119
2500  15.812  -78.857  -26.718 0.4000000060
1926  14.571  -79.181  -27.017 0.4000000060
1927  13.927  -79.088  -27.038 0.4000000060
122456  18.734  -77.163  -27.038 0.3000000119
3754  12.298  -76.399  -22.209 0.3000000119
7685  5.415  -71.423  -23.150 0.6000000238
1910  15.547  -79.173  -26.199 0.3000000119
4448  11.811  -75.630  -21.183 0.3000000119
1414  15.753  -81.176  -21.327 0.3000000119
8726  3.448  -70.672  -28.493 0.5000000000
9717  3.561  -69.269  -29.121 0.6000000238
15354  4.457  -64.004  -11.630 0.6999999881
16300  2.370  -62.693  -9.680 0.6999999881
15331  4.351  -63.151  -10.512 0.6999999881
17255  2.680  -61.005  -10.260 0.6000000238
19303  9.513  -59.396  -13.464 0.3000000119
20402  8.510  -58.843  -12.737 0.3000000119
7772  11.946  -71.793  -28.279 0.5000000000
6880  11.376  -72.263  -27.802 0.5000000000
6902  18.309  -72.165  -31.410 0.6000000238
8712  6.646  -70.860  -26.262 0.4000000060
8711  7.098  -70.237  -26.685 0.5000000000
11508  4.586  -67.835  -26.577 0.5000000000
12550  6.440  -66.522  -28.022 0.5000000000
11529  5.278  -67.109  -28.084 0.5000000000
11519  4.864  -67.310  -27.824 0.5000000000
12525  4.549  -67.240  -25.898 0.5000000000
12538  4.595  -66.541  -27.364 0.5000000000
12549  7.641  -66.584  -28.016 0.5000000000
12510  4.096  -66.596  -25.718 0.4000000060
13625  5.078  -65.939  -27.733 0.5000000000
12552  5.053  -66.262  -27.809 0.5000000000
12526  3.415  -66.002  -27.075 0.5000000000
12494  3.870  -66.424  -24.767 0.5000000000
13612  4.388  -65.617  -27.455 0.6000000238
12539  3.187  -65.358  -27.453 0.5000000000
13575  2.523  -65.912  -26.605 0.5000000000
15531  0.813  -62.423  -22.497 0.5000000000
13596  3.228  -65.016  -27.596 0.6000000238
125357  1.713  -64.044  -23.363 0.5000000000
15530  1.116  -63.108  -22.739 0.5000000000
13597  2.368  -65.465  -27.311 0.6000000238
13576  1.804  -65.387  -26.345 0.6000000238
13552  2.146  -65.355  -24.782 0.5000000000
13595  4.266  -65.238  -27.167 0.6000000238
123610  2.372  -64.442  -26.849 0.6000000238
120449  1.563  -64.750  -26.977 0.6000000238
112177  1.209  -63.376  -23.539 0.6000000238
15583  1.594  -64.152  -26.441 0.6000000238
16482  0.593  -61.695  -23.302 0.5000000000
17391  1.196  -60.970  -21.842 0.5000000000
14591  1.338  -64.103  -26.225 0.6000000238
14557  1.343  -63.868  -24.480 0.6000000238
14360  1.088  -63.726  -11.707 0.5000000000
15334  1.437  -63.772  -10.335 0.5000000000
15346  1.764  -63.728  -11.138 0.5000000000
18365  1.548  -59.993  -21.895 0.6000000238
16490  1.816  -62.720  -25.044 0.6000000238
18367  0.974  -60.297  -22.679 0.6000000238
127332  1.012  -63.119  -25.172 0.6000000238
17411  0.767  -61.363  -23.736 0.6000000238
17410  1.177  -61.127  -23.922 0.6000000238
21622  3.857  -57.414  -12.394 0.3000000119
26387  -4.075  -52.279  -12.552 0.3000000119
127779  16.640  -75.402  -30.386 0.4000000060
5287  16.436  -73.980  -31.018 0.5000000000
7806  10.408  -70.945  -32.428 0.5000000000
8765  10.801  -70.173  -32.014 0.5000000000
5280  16.708  -73.521  -30.405 0.4000000060
118902  11.626  -70.252  -31.760 0.4000000060
6901  19.052  -72.100  -31.229 0.4000000060
6890  10.639  -72.951  -28.386 0.4000000060
6897  11.474  -72.039  -29.852 0.4000000060
6889  11.426  -72.294  -28.809 0.4000000060
7791  10.751  -71.275  -30.673 0.4000000060
8750  11.176  -70.348  -31.422 0.4000000060
7777  20.377  -71.684  -30.625 0.4000000060
114381  19.866  -71.406  -30.744 0.4000000060
112132  19.187  -71.372  -30.973 0.4000000060
115597  11.275  -72.259  -27.002 0.4000000060
6900  19.877  -71.815  -31.051 0.4000000060
7746  19.348  -71.097  -28.511 0.4000000060
7747  18.424  -71.353  -27.691 0.5000000000
16489  2.884  -62.816  -25.022 0.5000000000
110212  3.835  -62.272  -24.554 0.5000000000
17409  2.272  -60.982  -23.977 0.5000000000
110753  3.554  -60.904  -23.923 0.5000000000
17408  4.446  -60.606  -23.531 0.5000000000
18376  1.713  -60.296  -23.367 0.5000000000
18374  4.366  -59.774  -23.359 0.5000000000
123324  1.005  -63.095  -9.491 0.4000000060
18207  0.134  -61.173  -9.825 0.4000000060
117453  3.757  -60.089  -23.583 0.5000000000
19427  1.449  -59.857  -22.648 0.5000000000
6907  18.568  -71.942  -31.616 0.5000000000
112118  19.103  -71.123  -29.972 0.4000000060
449  3.558  -83.546  -12.088 0.4000000060
114459  2.581  -84.618  -12.127 0.4000000060
111104  0.849  -87.238  -15.238 0.4000000060
435  4.147  -84.074  -11.769 0.4000000060
246  3.354  -84.574  -11.821 0.4000000060
11  0.969  -87.464  -14.240 0.4000000060
247  2.773  -85.505  -11.825 0.4000000060
114524  2.208  -86.422  -15.473 0.4000000060
4  1.766  -87.312  -13.879 0.4000000060
1  1.040  -87.366  -13.365 0.4000000060
122  5.270  -85.417  -11.936 0.5000000000
238  4.075  -84.987  -11.598 0.5000000000
123  4.408  -85.563  -11.768 0.4000000060
124  3.595  -85.615  -11.715 0.4000000060
0  1.801  -87.211  -13.032 0.4000000060
113527  6.070  -85.215  -12.133 0.5000000000
134  6.364  -85.943  -13.100 0.5000000000
129  5.766  -85.757  -12.519 0.5000000000
131  3.836  -86.133  -11.945 0.4000000060
119768  3.037  -86.269  -11.857 0.4000000060
45  5.102  -86.010  -12.801 0.4000000060
130  4.732  -85.837  -12.173 0.4000000060
150  3.653  -85.160  -14.861 0.4000000060
63  3.227  -86.069  -14.225 0.4000000060
61  2.435  -86.999  -13.494 0.4000000060
48  2.468  -86.574  -12.306 0.4000000060
151  2.805  -85.845  -15.150 0.4000000060
64  2.454  -86.709  -14.466 0.4000000060
140  5.611  -85.877  -14.378 0.5000000000
141  4.850  -85.903  -13.575 0.4000000060
46  4.034  -86.184  -12.312 0.4000000060
47  3.196  -86.454  -12.174 0.4000000060
259  5.161  -85.278  -15.042 0.5000000000
149  4.394  -85.334  -14.404 0.4000000060
142  3.819  -85.776  -13.845 0.4000000060
60  3.214  -86.542  -13.291 0.4000000060
476  4.238  -83.531  -16.643 0.3000000119
489  3.985  -83.108  -17.126 0.3000000119
716  4.594  -83.038  -16.901 0.4000000060
269  5.041  -84.667  -15.749 0.3000000119
488  5.521  -83.324  -16.870 0.4000000060
475  5.075  -83.982  -16.472 0.4000000060
1027  4.671  -81.756  -18.754 0.3000000119
735  4.327  -82.378  -18.390 0.4000000060
728  4.413  -82.437  -17.495 0.4000000060
727  4.910  -82.333  -17.020 0.4000000060
1023  4.536  -81.780  -17.961 0.4000000060
1016  4.805  -81.673  -17.541 0.4000000060
112377  5.366  -81.679  -17.103 0.4000000060
121019  6.147  -81.966  -16.958 0.3000000119
260  4.219  -84.681  -15.214 0.3000000119
487  6.672  -83.610  -17.366 0.3000000119
474  6.333  -84.379  -16.931 0.4000000060
1026  5.290  -81.197  -19.314 0.4000000060
120813  5.854  -82.621  -17.007 0.3000000119
1015  5.331  -80.998  -17.492 0.4000000060
1388  5.475  -80.392  -17.957 0.4000000060
115881  6.098  -85.046  -16.334 0.4000000060
738  4.991  -81.942  -19.677 0.4000000060
726  6.911  -82.802  -17.459 0.3000000119
1408  5.787  -80.897  -20.276 0.4000000060
1036  5.537  -81.739  -20.323 0.4000000060
1392  5.966  -80.083  -20.241 0.4000000060
128765  5.876  -79.940  -19.654 0.4000000060
1022  4.890  -81.098  -18.113 0.4000000060
148  6.206  -85.846  -15.150 0.4000000060
159  5.948  -85.462  -15.722 0.4000000060
1407  6.173  -80.356  -21.109 0.4000000060
109996  6.521  -80.237  -21.878 0.4000000060
1870  6.422  -79.469  -20.744 0.4000000060
1857  6.170  -79.359  -19.823 0.4000000060
51  6.451  -86.089  -13.720 0.4000000060
268  6.994  -85.189  -16.800 0.3000000119
119177  6.909  -85.907  -13.547 0.4000000060
59  5.877  -86.107  -13.663 0.4000000060
139  6.817  -86.056  -14.458 0.4000000060
147  6.713  -85.992  -15.075 0.4000000060
158  6.713  -85.682  -15.877 0.4000000060
7734  18.096  -71.286  -26.870 0.4000000060
1393  5.691  -80.437  -19.544 0.4000000060
12  0.153  -87.494  -14.499 0.4000000060
52  5.996  -86.057  -13.137 0.5000000000
53  4.068  -86.232  -12.929 0.4000000060
54  2.586  -86.804  -12.697 0.4000000060
58  6.407  -86.084  -14.427 0.4000000060
157  7.349  -85.408  -16.281 0.5000000000
237  4.771  -84.813  -11.645 0.5000000000
257  9.646  -84.445  -16.385 0.3000000119
276  9.027  -84.139  -17.815 0.3000000119
450  2.834  -83.603  -12.430 0.4000000060
462  10.802  -83.637  -15.394 0.3000000119
700  3.352  -82.852  -12.521 0.5000000000
994  3.820  -81.564  -13.106 0.5000000000
1014  6.002  -81.039  -16.927 0.4000000060
1354  5.160  -80.129  -13.477 0.3000000119
1374  6.448  -80.215  -16.912 0.5000000000
1446  13.730  -79.741  -24.711 0.3000000119
1836  6.298  -79.472  -17.422 0.5000000000
1846  6.099  -79.195  -18.106 0.5000000000
1907  8.448  -79.087  -24.121 0.3000000119
1918  15.059  -79.294  -26.641 0.4000000060
2391  7.204  -78.829  -16.750 0.4000000060
2404  7.398  -78.192  -16.815 0.4000000060
2409  6.503  -78.453  -18.055 0.5000000000
2422  6.712  -78.234  -19.026 0.5000000000
2512  12.461  -78.389  -28.208 0.3000000119
2516  17.316  -77.641  -27.666 0.5000000000
2517  16.622  -77.826  -27.594 0.4000000060
2533  11.928  -78.087  -30.245 0.3000000119
3096  12.079  -77.108  -24.682 0.4000000060
3097  11.525  -77.294  -24.329 0.4000000060
3108  12.410  -77.158  -25.440 0.4000000060
3129  18.438  -76.536  -28.181 0.3000000119
3134  13.121  -78.016  -28.430 0.5000000000
3136  10.574  -77.117  -29.102 0.4000000060
3141  17.466  -76.899  -28.971 0.5000000000
3143  13.574  -77.297  -28.508 0.4000000060
3674  9.454  -76.759  -16.967 0.3000000119
3780  11.148  -76.911  -24.712 0.4000000060
3799  11.599  -76.537  -26.394 0.3000000119
3825  16.240  -76.330  -29.877 0.4000000060
3833  16.454  -76.049  -30.251 0.4000000060
4526  17.213  -75.894  -29.738 0.4000000060
4530  12.386  -75.402  -30.437 0.4000000060
4535  16.245  -75.165  -31.318 0.6000000238
5301  16.162  -73.932  -32.198 0.6000000238
6010  5.400  -73.000  -20.865 0.6000000238
6012  3.810  -72.587  -20.969 0.6000000238
6025  5.034  -73.503  -21.450 0.6000000238
6047  9.022  -73.390  -22.786 0.6000000238
6108  15.875  -73.349  -32.587 0.6999999881
6806  9.103  -72.460  -21.502 0.6999999881
6807  7.697  -72.706  -20.859 0.6000000238
6820  9.509  -72.755  -22.279 0.6999999881
6840  15.075  -72.367  -24.960 0.6000000238
6841  14.261  -72.424  -24.979 0.6000000238
6855  10.722  -72.519  -25.852 0.6999999881
6866  16.582  -71.905  -26.252 0.5000000000
6868  14.536  -72.612  -26.390 0.8000000119
6899  20.514  -71.907  -30.615 0.4000000060
6913  17.116  -71.731  -32.164 0.6999999881
7635  9.719  -70.952  -20.709 0.6999999881
7640  5.078  -71.903  -20.868 0.6000000238
7648  12.805  -71.072  -21.717 0.8000000119
7652  9.277  -71.651  -20.925 0.6999999881
7661  14.094  -71.270  -22.663 0.6000000238
7686  4.551  -71.570  -23.526 0.6000000238
7706  3.933  -71.697  -24.842 0.6000000238
7715  17.124  -71.287  -25.773 0.5000000000
7717  15.780  -72.015  -25.167 0.6999999881
7719  12.328  -71.669  -25.615 0.6999999881
7723  4.623  -71.650  -25.532 0.6000000238
7736  13.010  -71.769  -26.874 0.8000000119
7737  12.367  -71.694  -26.385 0.6999999881
7740  4.340  -71.558  -26.491 0.6000000238
7750  15.026  -71.560  -28.468 0.8000000119
7756  3.960  -71.334  -27.522 0.6000000238
7796  18.132  -71.567  -31.669 0.5000000000
8631  11.873  -70.102  -20.596 0.8999999762
8635  7.504  -70.484  -20.593 0.6000000238
8648  12.344  -70.611  -21.063 0.8999999762
8650  7.201  -70.078  -20.898 0.6000000238
8725  4.392  -70.821  -27.988 0.5000000000
8736  3.911  -70.166  -28.844 0.5000000000
8756  13.086  -70.329  -31.790 0.6999999881
8758  10.799  -70.060  -31.925 0.5000000000
8759  10.144  -69.962  -31.961 0.6000000238
8763  12.757  -70.463  -32.080 0.6999999881
8764  11.836  -70.396  -32.085 0.6000000238
8766  9.783  -70.122  -32.049 0.6000000238
9615  12.412  -69.559  -20.598 0.8999999762
9616  11.197  -69.545  -20.437 0.8999999762
9619  8.579  -69.442  -20.538 0.6999999881
9629  13.649  -69.320  -21.086 0.6999999881
9644  14.735  -69.149  -21.830 0.6999999881
9645  7.500  -69.248  -21.975 0.6000000238
9715  6.708  -69.172  -28.065 0.6999999881
10532  12.318  -68.877  -20.684 0.6999999881
10534  10.443  -69.108  -20.379 0.6999999881
10535  9.662  -68.728  -20.606 0.6999999881
10536  8.851  -68.861  -20.695 0.6000000238
10543  14.079  -68.761  -21.532 0.6999999881
10545  12.558  -68.362  -21.121 0.8000000119
10577  16.705  -68.460  -23.849 0.5000000000
10594  4.506  -68.109  -25.371 0.5000000000
10619  8.941  -68.633  -27.002 0.6000000238
10620  4.506  -68.053  -27.338 0.5000000000
10628  8.859  -68.569  -27.698 0.6999999881
10641  3.248  -68.732  -28.949 0.5000000000
11447  9.001  -67.929  -21.742 0.5000000000
11461  14.071  -67.605  -22.750 0.6000000238
11476  15.482  -67.854  -23.424 0.6000000238
11495  8.666  -67.497  -24.296 0.6000000238
11518  10.461  -67.799  -27.808 0.6000000238
11527  11.011  -67.446  -28.435 0.6000000238
11542  5.576  -67.626  -28.339 0.6000000238
12488  13.676  -66.654  -23.823 0.6000000238
12502  15.202  -66.666  -24.847 0.6000000238
12503  14.432  -66.579  -24.252 0.5000000000
12505  12.856  -65.974  -24.019 0.5000000000
12520  15.870  -66.702  -26.061 0.5000000000
12548  8.821  -66.635  -28.222 0.6000000238
12551  5.509  -66.359  -27.903 0.5000000000
12564  10.484  -67.324  -28.576 0.6000000238
12566  7.301  -66.977  -28.292 0.6000000238
12567  6.508  -67.067  -28.300 0.5000000000
12568  5.871  -66.938  -28.220 0.5000000000
13572  12.237  -65.034  -24.492 0.5000000000
13591  11.822  -66.579  -27.853 0.5000000000
13593  7.159  -65.428  -25.298 0.6999999881
13594  5.408  -65.385  -25.999 0.6999999881
13598  1.944  -65.328  -27.242 0.6000000238
13607  12.521  -65.257  -28.530 0.6000000238
13609  9.801  -65.740  -27.701 0.6000000238
13613  2.237  -65.143  -27.474 0.6000000238
13621  12.321  -65.573  -28.913 0.5000000000
13624  5.725  -66.064  -27.629 0.5000000000
14338  0.782  -64.024  -9.993 0.5000000000
14359  5.245  -64.072  -11.620 0.6999999881
14371  4.804  -64.336  -12.198 0.6999999881
14372  3.243  -63.972  -12.615 0.6000000238
14373  2.309  -63.735  -12.614 0.6000000238
14374  1.461  -63.683  -12.932 0.6000000238
14386  5.585  -64.437  -13.353 0.6000000238
14408  6.250  -64.120  -14.702 0.6000000238
14412  2.497  -64.389  -14.773 0.5000000000
14440  5.843  -64.164  -15.687 0.6000000238
14441  4.989  -64.448  -15.742 0.6000000238
14442  4.138  -64.525  -15.815 0.6000000238
14460  2.935  -64.516  -16.319 0.6000000238
14461  1.653  -64.288  -16.042 0.5000000000
14469  5.243  -64.278  -17.148 0.6000000238
14470  4.454  -64.397  -17.313 0.6000000238
14471  3.724  -64.350  -17.380 0.6000000238
14472  3.016  -64.328  -17.068 0.5000000000
14543  1.747  -63.844  -22.349 0.5000000000
14556  1.875  -64.647  -24.039 0.5000000000
14573  1.456  -64.564  -25.649 0.6000000238
14586  9.145  -64.295  -25.874 0.6999999881
14608  12.466  -64.968  -27.560 0.6000000238
14609  11.738  -64.998  -28.695 0.5000000000
14610  10.609  -65.145  -27.891 0.6000000238
15318  2.771  -63.132  -9.881 0.6999999881
15319  1.428  -63.503  -9.794 0.6999999881
15330  5.114  -63.150  -10.762 0.6000000238
15333  2.220  -63.515  -10.214 0.6999999881
15340  7.026  -63.151  -11.726 0.6999999881
15343  4.814  -63.590  -11.009 0.6999999881
15344  3.778  -63.620  -10.892 0.8000000119
15345  2.723  -63.646  -10.980 0.6999999881
15352  6.758  -63.678  -12.113 0.8000000119
15353  6.046  -63.994  -11.790 0.6999999881
15360  7.552  -63.254  -13.522 0.8000000119
15361  6.992  -63.841  -13.025 0.8000000119
15373  6.996  -63.788  -14.059 0.8000000119
15392  7.393  -63.152  -15.415 0.8000000119
15393  6.573  -63.675  -15.888 0.6999999881
15475  5.026  -63.461  -19.376 0.6999999881
15549  0.900  -62.962  -24.591 0.6000000238
15550  0.776  -62.542  -23.586 0.5000000000
15565  1.392  -63.495  -25.557 0.6000000238
15566  1.249  -63.628  -25.388 0.6000000238
15602  12.437  -64.465  -28.254 0.6000000238
15603  12.373  -64.474  -28.332 0.5000000000
16301  1.632  -62.760  -9.567 0.5000000000
16302  0.362  -62.995  -9.368 0.4000000060
16314  3.826  -62.606  -10.237 0.6999999881
16319  7.347  -62.493  -11.867 0.6999999881
16321  5.851  -62.798  -10.978 0.6999999881
16326  8.031  -62.198  -12.392 0.6000000238
16358  7.839  -62.831  -14.763 0.8000000119
16379  8.375  -62.175  -15.686 0.8000000119
16399  7.090  -62.829  -17.452 0.6999999881
16417  6.541  -62.180  -18.736 0.6999999881
16418  5.895  -63.046  -19.105 0.6999999881
16437  4.472  -63.077  -20.043 0.6000000238
16438  3.613  -62.951  -20.059 0.6000000238
16448  4.842  -62.407  -20.211 0.6000000238
16451  1.825  -62.182  -20.474 0.5000000000
16453  0.701  -62.563  -21.024 0.5000000000
16460  0.840  -62.147  -21.866 0.5000000000
16481  0.713  -62.102  -24.176 0.6000000238
16491  1.050  -62.611  -24.760 0.6000000238
16500  2.047  -63.561  -25.890 0.6000000238
16509  11.368  -62.247  -26.712 0.6000000238
16511  8.861  -62.318  -25.730 0.5000000000
17254  3.264  -61.872  -10.060 0.8000000119
17263  4.610  -61.535  -11.235 0.6999999881
17270  8.393  -61.342  -12.407 0.5000000000
17273  5.595  -61.303  -12.321 0.6000000238
17284  9.055  -61.096  -13.343 0.5000000000
17295  8.786  -61.722  -13.960 0.5000000000
17304  9.212  -61.042  -14.935 0.6000000238
17360  7.249  -60.840  -18.407 0.8000000119
17361  6.727  -61.042  -18.734 0.8000000119
17383  4.775  -61.621  -20.415 0.6999999881
17386  1.556  -61.715  -21.232 0.6000000238
17392  0.820  -61.471  -22.153 0.5000000000
17396  0.758  -60.809  -22.474 0.5000000000
17397  0.578  -61.284  -22.759 0.5000000000
17421  2.847  -61.836  -24.455 0.5000000000
17422  1.516  -61.819  -24.455 0.6000000238
17423  0.898  -61.806  -24.278 0.6000000238
17441  9.920  -61.521  -25.774 0.5000000000
17442  9.306  -61.775  -25.616 0.5000000000
18205  1.823  -60.837  -9.908 0.6000000238
18206  0.957  -60.890  -9.782 0.5000000000
18216  2.133  -60.035  -10.563 0.6000000238
18219  -0.426  -60.781  -10.205 0.5000000000
18228  2.766  -59.872  -11.302 0.6999999881
18241  8.734  -60.479  -12.577 0.3000000119
18246  -0.980  -60.161  -12.630 0.5000000000
18247  -1.903  -60.545  -12.715 0.5000000000
18260  4.692  -60.493  -13.347 0.6000000238
18272  9.450  -60.438  -14.798 0.6000000238
18282  9.194  -60.975  -15.585 0.6999999881
18313  8.982  -60.778  -16.487 0.6999999881
18314  8.095  -60.316  -17.809 0.6999999881
18331  7.416  -60.052  -18.350 0.6999999881
18349  6.397  -60.359  -19.051 0.8000000119
18356  5.382  -60.784  -20.036 0.6999999881
18357  4.673  -60.540  -20.540 0.6999999881
18358  3.922  -60.187  -21.122 0.8000000119
18364  2.311  -59.831  -21.674 0.6000000238
18366  1.154  -60.283  -22.231 0.6000000238
18368  0.591  -60.909  -23.122 0.6000000238
18373  4.902  -59.255  -23.026 0.5000000000
18375  2.849  -60.143  -23.491 0.5000000000
18377  0.939  -60.606  -23.279 0.5000000000
18384  10.732  -60.717  -25.334 0.5000000000
18385  10.157  -61.122  -25.361 0.5000000000
18389  10.706  -60.784  -25.597 0.5000000000
18394  12.503  -59.627  -26.028 0.6000000238
18396  11.144  -60.529  -25.852 0.5000000000
19259  0.586  -59.877  -10.592 0.5000000000
19260  -0.057  -60.345  -10.600 0.5000000000
19270  1.272  -59.255  -11.681 0.6000000238
19271  0.629  -59.597  -11.421 0.5000000000
19285  9.161  -59.120  -12.988 0.3000000119
19287  8.246  -60.016  -12.363 0.3000000119
19288  6.055  -60.233  -13.041 0.6000000238
19290  4.208  -59.545  -13.540 0.5000000000
19291  3.267  -59.074  -12.969 0.5000000000
19360  9.178  -59.204  -17.285 0.5000000000
19400  6.003  -58.762  -19.261 0.8000000119
19411  3.488  -59.033  -21.350 0.6999999881
19419  1.503  -59.719  -22.224 0.6999999881
19422  4.412  -59.069  -23.058 0.5000000000
19424  1.941  -59.152  -22.099 0.6000000238
19426  2.231  -59.463  -22.738 0.6000000238
19430  14.913  -58.198  -25.266 0.5000000000
19431  14.014  -58.819  -25.219 0.5000000000
19433  12.080  -59.857  -25.514 0.5000000000
19434  14.483  -58.362  -25.895 0.5000000000
19436  12.747  -59.465  -25.767 0.5000000000
19439  14.532  -58.502  -26.096 0.5000000000
19441  12.065  -59.847  -25.796 0.6000000238
20405  5.240  -58.516  -12.850 0.4000000060
20409  1.886  -58.574  -12.863 0.5000000000
20422  4.482  -59.226  -13.637 0.5000000000
20426  1.321  -58.626  -14.585 0.6000000238
20440  -1.768  -59.100  -15.552 0.6999999881
20464  9.554  -58.475  -16.726 0.4000000060
20466  -2.670  -58.578  -16.859 0.6000000238
20484  7.414  -58.848  -18.439 0.6999999881
20500  6.933  -58.440  -18.688 0.6999999881
20501  6.585  -58.056  -19.110 0.8000000119
20526  5.987  -57.589  -19.734 0.8000000119
20527  5.603  -58.244  -19.704 0.8000000119
20566  3.623  -58.138  -21.843 0.6999999881
20577  4.311  -58.399  -22.622 0.6000000238
20581  3.574  -58.671  -22.574 0.6000000238
20583  15.693  -57.866  -25.584 0.5000000000
20587  15.287  -57.946  -26.078 0.5000000000
21623  3.097  -57.240  -12.476 0.3000000119
21633  9.121  -56.843  -14.006 0.3000000119
21650  1.524  -58.173  -15.205 0.6000000238
21662  1.221  -58.246  -15.584 0.6000000238
21663  0.632  -57.635  -16.193 0.6000000238
21664  -0.129  -57.748  -16.456 0.6999999881
21695  -2.275  -56.660  -18.534 0.5000000000
21696  -3.137  -57.333  -18.085 0.5000000000
21707  10.221  -56.975  -18.935 0.5000000000
21720  7.503  -57.224  -19.493 0.6999999881
21743  5.507  -56.994  -20.757 0.6999999881
21779  7.257  -56.977  -22.711 0.5000000000
21781  5.789  -57.281  -22.663 0.6999999881
21783  4.233  -57.774  -22.117 0.6000000238
22910  1.653  -56.930  -14.439 0.6000000238
22942  -0.032  -56.529  -16.864 0.5000000000
22973  -1.827  -56.213  -18.503 0.4000000060
22974  -3.144  -56.497  -18.508 0.5000000000
23000  9.982  -56.455  -19.834 0.4000000060
23017  8.825  -55.791  -20.870 0.5000000000
23018  7.855  -55.712  -20.960 0.6000000238
23019  6.523  -55.834  -21.383 0.6000000238
23030  10.691  -55.653  -22.104 0.4000000060
23033  5.721  -56.201  -22.015 0.6000000238
23043  9.816  -55.636  -22.144 0.5000000000
23045  8.431  -56.179  -22.454 0.5000000000
23046  7.565  -56.130  -22.510 0.5000000000
23047  6.753  -56.226  -22.500 0.5000000000
23048  5.456  -56.644  -22.268 0.6000000238
24142  2.199  -55.301  -13.948 0.3000000119
24143  1.974  -55.996  -13.812 0.3000000119
24197  -2.220  -55.750  -18.447 0.4000000060
24198  -3.082  -55.801  -18.490 0.5000000000
24199  -3.935  -56.139  -17.856 0.6000000238
24235  8.505  -55.417  -21.646 0.6000000238
24236  7.661  -55.371  -21.721 0.6000000238
24256  10.156  -55.464  -22.017 0.5000000000
24257  8.952  -55.335  -22.012 0.6000000238
24259  7.538  -55.311  -22.033 0.6000000238
24275  8.925  -55.536  -22.147 0.6000000238
24277  7.093  -55.485  -22.172 0.5000000000
25325  -5.007  -53.762  -13.848 0.5000000000
25326  -5.085  -53.766  -14.161 0.6000000238
25335  4.151  -54.137  -14.329 0.3000000119
25336  3.400  -54.212  -14.579 0.3000000119
25351  0.519  -54.838  -16.252 0.4000000060
25369  -1.721  -54.538  -17.054 0.4000000060
25379  -2.301  -55.071  -17.639 0.4000000060
26376  -3.803  -51.457  -12.515 0.4000000060
26389  -4.850  -52.985  -13.977 0.5000000000
26396  4.714  -53.760  -15.097 0.3000000119
26401  -3.989  -51.799  -14.290 0.5000000000
26418  1.593  -53.495  -16.469 0.3000000119
26419  -0.895  -53.580  -15.820 0.3000000119
26423  -4.631  -52.877  -14.481 0.6000000238
26439  0.712  -53.591  -16.315 0.3000000119
26441  -4.044  -53.824  -16.081 0.6000000238
27396  -3.449  -51.216  -13.001 0.4000000060
27398  -4.379  -51.842  -13.583 0.5000000000
27417  -3.867  -51.361  -13.499 0.5000000000
27447  1.825  -52.837  -16.699 0.3000000119
28313  2.689  -51.757  -11.782 0.3000000119
28393  2.839  -51.965  -16.576 0.3000000119
108130  3.864  -68.767  -28.851 0.6000000238
108138  3.749  -71.608  -21.538 0.6000000238
108945  8.386  -68.306  -28.241 0.6999999881
109538  6.071  -68.093  -28.490 0.6000000238
109557  4.096  -64.229  -12.460 0.6000000238
110204  5.428  -80.566  -18.719 0.4000000060
110242  4.289  -57.873  -21.347 0.6999999881
110362  1.880  -50.435  -11.347 0.3000000119
110440  9.327  -61.387  -25.154 0.5000000000
110775  9.070  -69.803  -20.371 0.6999999881
110884  15.918  -72.386  -26.721 0.5000000000
111699  7.334  -69.510  -22.640 0.6000000238
111989  0.860  -62.379  -9.509 0.4000000060
112303  7.555  -62.538  -16.853 0.8000000119
112567  10.452  -76.159  -20.069 0.3000000119
112808  7.044  -62.413  -18.110 0.8000000119
112938  9.967  -61.059  -24.993 0.5000000000
112993  7.928  -67.650  -28.473 0.6999999881
113302  9.794  -61.673  -24.410 0.5000000000
113482  4.797  -71.435  -22.500 0.6000000238
113546  2.200  -64.068  -13.984 0.6000000238
113939  2.521  -65.924  -25.334 0.5000000000
114203  2.973  -71.625  -24.394 0.6000000238
114853  15.209  -70.226  -31.613 0.8000000119
114937  -1.557  -59.931  -13.895 0.4000000060
114953  4.579  -61.383  -23.899 0.5000000000
114962  1.683  -52.467  -12.958 0.3000000119
115310  6.032  -56.436  -22.421 0.5000000000
115861  8.096  -70.614  -20.419 0.6000000238
115884  5.016  -72.410  -20.797 0.6000000238
116037  3.127  -68.506  -26.407 0.6000000238
116153  -4.131  -51.408  -13.589 0.5000000000
116198  8.848  -77.754  -16.505 0.3000000119
116609  13.226  -59.982  -26.294 0.5000000000
116825  8.080  -59.291  -12.484 0.3000000119
117222  6.197  -64.276  -24.905 0.5000000000
118242  0.945  -63.979  -10.843 0.5000000000
118529  3.420  -64.561  -15.888 0.6000000238
118574  3.146  -58.501  -21.750 0.6999999881
118618  5.801  -59.456  -19.440 0.6999999881
119000  5.761  -60.961  -13.015 0.6000000238
119291  8.879  -57.594  -18.937 0.6000000238
119544  10.843  -72.684  -29.310 0.4000000060
119667  -4.763  -55.161  -15.512 0.5000000000
119938  8.072  -67.957  -24.017 0.6000000238
120135  8.734  -65.019  -25.631 0.6999999881
120139  3.383  -86.478  -12.562 0.4000000060
120453  6.276  -84.303  -12.095 0.4000000060
120615  2.701  -57.850  -12.748 0.4000000060
120948  2.665  -69.108  -29.258 0.5000000000
121271  7.690  -61.673  -12.044 0.6000000238
122219  0.684  -61.633  -9.635 0.4000000060
122236  16.706  -73.090  -30.991 0.6000000238
122249  6.285  -65.102  -25.220 0.6999999881
122390  12.376  -67.379  -22.420 0.6000000238
122942  4.774  -59.873  -13.691 0.6000000238
123005  3.358  -61.208  -10.568 0.6999999881
123010  9.387  -73.417  -23.558 0.6000000238
123034  16.636  -72.101  -32.364 0.6999999881
123251  18.220  -76.122  -28.471 0.4000000060
123263  14.467  -74.649  -30.917 0.3000000119
123444  3.809  -63.852  -25.465 0.6000000238
124272  3.126  -59.776  -21.475 0.6999999881
124464  5.013  -58.696  -22.963 0.6000000238
124788  14.267  -70.266  -21.683 0.6999999881
124988  0.609  -53.329  -16.160 0.3000000119
125157  4.494  -61.890  -24.320 0.5000000000
125434  6.100  -59.954  -19.313 0.8000000119
125637  7.146  -55.602  -21.325 0.6000000238
125692  0.826  -63.688  -13.179 0.6000000238
125859  5.175  -61.021  -13.254 0.6000000238
125877  4.345  -68.951  -28.814 0.6000000238
126283  2.270  -63.620  -11.815 0.5000000000
126474  2.315  -64.480  -16.006 0.5000000000
126558  7.328  -69.248  -27.764 0.6999999881
126615  0.667  -61.794  -22.512 0.5000000000
126764  11.395  -70.145  -31.919 0.6000000238
127090  1.949  -86.939  -12.609 0.4000000060
127561  8.156  -65.902  -25.827 0.6000000238
127787  7.974  -58.725  -12.569 0.3000000119
128320  10.136  -76.782  -26.405 0.3000000119
128471  6.329  -79.832  -17.122 0.5000000000
128521  2.837  -86.671  -13.860 0.4000000060
128584  6.527  -63.594  -16.592 0.6000000238
128734  0.603  -55.561  -16.131 0.5000000000
128894  13.504  -78.755  -27.172 0.3000000119
129046  1.483  -57.554  -15.276 0.6000000238
129058  9.156  -60.557  -12.949 0.3000000119
129072  11.674  -71.943  -27.265 0.6000000238
129111  7.902  -68.619  -24.574 0.5000000000
129129  4.262  -64.439  -13.720 0.6000000238
129210  8.678  -60.455  -17.210 0.6000000238
129435  5.864  -58.395  -22.744 0.5000000000
129702  7.392  -84.840  -13.300 0.4000000060
129826  11.800  -78.446  -29.356 0.3000000119
129881  11.797  -69.593  -20.507 0.8999999762
130005  1.983  -62.253  -9.627 0.5000000000
130118  12.913  -78.279  -28.154 0.5000000000
130260  8.291  -85.112  -15.975 0.4000000060
130342  14.476  -58.362  -25.603 0.5000000000
130556  5.719  -60.116  -19.628 0.6999999881
130593  4.318  -69.557  -28.800 0.6000000238
