#!ascii label  , from subject sub-v2s8x29202_ses-1 vox2ras=TkReg
1676
44132  -51.514  -34.012  33.943 0.0000000000
35222  -39.278  -43.238  41.878 0.0000000000
56381  -49.928  -23.349  21.432 0.0000000000
46479  -44.064  -32.158  25.912 0.0000000000
50632  -52.593  -27.914  28.286 0.0000000000
34099  -47.982  -43.445  36.364 0.0000000000
136465  -35.523  -37.412  27.788 0.0000000000
41221  -41.261  -38.095  24.267 0.0000000000
30570  -30.764  -46.240  40.032 0.0000000000
128841  -59.724  -17.479  23.279 0.0000000000
36600  -27.791  -42.010  29.430 0.0000000000
45261  -47.063  -33.100  29.911 0.0000000000
49528  -47.731  -29.643  27.178 0.0000000000
49492  -51.430  -29.966  31.953 0.0000000000
38809  -49.831  -39.294  36.146 0.0000000000
129409  -45.716  -41.334  29.869 0.0000000000
42170  -45.611  -36.618  31.369 0.0000000000
43221  -41.740  -35.042  26.009 0.0000000000
127069  -61.415  -16.354  19.519 0.0000000000
36411  -35.316  -41.845  42.937 0.0000000000
34119  -29.320  -43.543  34.671 0.0000000000
37666  -34.375  -40.166  36.787 0.0000000000
53000  -52.525  -27.159  23.718 0.0000000000
34056  -43.113  -43.458  39.604 0.0000000000
36558  -38.727  -41.662  34.802 0.0000000000
35362  -41.820  -42.017  32.174 0.0000000000
38933  -38.058  -39.529  25.229 0.0000000000
29353  -26.916  -47.752  41.527 0.0000000000
54110  -59.166  -25.021  29.277 0.0000000000
56335  -54.002  -22.894  26.198 0.0000000000
60709  -56.769  -17.495  27.463 0.0000000000
60763  -53.949  -19.878  22.126 0.0000000000
62750  -55.121  -17.049  18.645 0.0000000000
131329  -25.797  -45.745  34.396 0.0000000000
39945  -31.206  -37.846  29.752 0.0000000000
45221  -48.831  -33.855  32.308 0.0000000000
46412  -50.239  -31.782  31.086 0.0000000000
46379  -51.491  -32.039  32.588 0.0000000000
42122  -50.454  -36.443  35.148 0.0000000000
144197  -47.194  -37.713  33.579 0.0000000000
43139  -47.936  -35.464  32.916 0.0000000000
44168  -46.671  -34.979  31.172 0.0000000000
138288  -48.192  -23.887  17.946 0.0000000000
58528  -49.149  -21.357  18.863 0.0000000000
36433  -37.308  -42.046  43.124 0.0000000000
36456  -35.034  -40.931  40.156 0.0000000000
37617  -37.188  -40.929  39.893 0.0000000000
48555  -44.252  -30.524  24.380 0.0000000000
128400  -50.194  -27.910  28.133 0.0000000000
153751  -48.663  -27.740  25.713 0.0000000000
50674  -51.286  -28.543  25.579 0.0000000000
49585  -51.186  -29.286  22.870 0.0000000000
50676  -52.820  -28.928  25.695 0.0000000000
34071  -45.685  -43.317  38.628 0.0000000000
128286  -42.996  -42.765  36.204 0.0000000000
129135  -45.415  -43.289  34.598 0.0000000000
38910  -43.508  -39.764  27.437 0.0000000000
36640  -41.994  -40.967  26.993 0.0000000000
38952  -39.657  -39.113  24.623 0.0000000000
45305  -43.298  -33.303  26.268 0.0000000000
55293  -56.593  -23.902  27.427 0.0000000000
132662  -55.615  -19.953  24.168 0.0000000000
61755  -55.858  -18.841  22.343 0.0000000000
61780  -54.491  -18.549  20.443 0.0000000000
128473  -57.395  -17.523  21.058 0.0000000000
64810  -57.863  -15.772  17.252 0.0000000000
29373  -29.133  -47.200  39.748 0.0000000000
30575  -27.079  -46.936  37.973 0.0000000000
30592  -28.552  -46.882  36.556 0.0000000000
132138  -28.523  -42.910  32.369 0.0000000000
33025  -28.039  -45.097  31.564 0.0000000000
33051  -27.154  -44.440  28.795 0.0000000000
38860  -37.553  -39.970  31.677 0.0000000000
151257  -35.146  -38.846  32.121 0.0000000000
41153  -33.002  -36.980  28.811 0.0000000000
46439  -45.777  -32.708  28.247 0.0000000000
47545  -46.242  -31.148  26.821 0.0000000000
47518  -48.209  -31.114  28.814 0.0000000000
48506  -49.988  -29.694  30.017 0.0000000000
50613  -51.454  -28.261  30.558 0.0000000000
35336  -50.096  -42.435  36.030 0.0000000000
34141  -47.196  -43.354  32.989 0.0000000000
37715  -47.319  -40.639  33.885 0.0000000000
38861  -44.876  -39.122  31.218 0.0000000000
41156  -42.576  -37.473  28.165 0.0000000000
147259  -41.378  -36.796  25.503 0.0000000000
43185  -43.508  -35.633  28.530 0.0000000000
44207  -44.615  -34.434  28.782 0.0000000000
151796  -60.695  -18.658  21.263 0.0000000000
63668  -64.053  -16.899  22.055 0.0000000000
135626  -33.298  -44.170  41.326 0.0000000000
32981  -30.455  -44.816  37.598 0.0000000000
35287  -32.686  -43.125  39.001 0.0000000000
36527  -31.820  -41.677  36.248 0.0000000000
37709  -30.793  -40.692  33.442 0.0000000000
49548  -46.437  -29.018  25.311 0.0000000000
143920  -50.194  -27.330  21.635 0.0000000000
54200  -51.164  -25.525  22.519 0.0000000000
131846  -40.943  -43.715  41.409 0.0000000000
35288  -39.216  -42.316  38.938 0.0000000000
34066  -40.681  -42.788  37.832 0.0000000000
35352  -40.033  -42.249  34.099 0.0000000000
37739  -39.152  -40.752  30.318 0.0000000000
35382  -44.064  -42.544  30.120 0.0000000000
36638  -39.987  -41.331  28.051 0.0000000000
39991  -37.226  -38.962  26.597 0.0000000000
46331  -53.575  -32.394  36.244 0.0000000000
33981  -40.337  -44.064  44.374 0.0000000000
34003  -44.462  -43.341  41.807 0.0000000000
35248  -47.251  -42.614  40.485 0.0000000000
48439  -53.768  -29.911  34.937 0.0000000000
50572  -54.368  -27.824  33.505 0.0000000000
51722  -54.608  -27.194  31.207 0.0000000000
52892  -58.693  -25.804  31.815 0.0000000000
147466  -55.723  -26.934  28.752 0.0000000000
52990  -55.476  -26.758  26.319 0.0000000000
136123  -53.408  -25.070  24.398 0.0000000000
133577  -52.055  -23.071  23.736 0.0000000000
59607  -56.157  -20.170  26.622 0.0000000000
58463  -53.313  -21.154  24.058 0.0000000000
130100  -51.298  -21.282  21.815 0.0000000000
59683  -52.112  -20.079  20.015 0.0000000000
63698  -57.947  -16.726  19.389 0.0000000000
147508  -24.567  -45.508  38.819 0.0000000000
33022  -23.744  -44.607  32.122 0.0000000000
151238  -28.191  -46.231  33.829 0.0000000000
31875  -25.796  -45.019  31.052 0.0000000000
37668  -36.726  -40.305  36.525 0.0000000000
38834  -32.962  -39.393  33.284 0.0000000000
38873  -28.676  -39.755  29.039 0.0000000000
154174  -29.530  -41.452  25.519 0.0000000000
44156  -50.223  -33.933  33.104 0.0000000000
45223  -50.621  -33.208  32.660 0.0000000000
45204  -51.696  -33.258  33.621 0.0000000000
43104  -51.218  -35.459  34.866 0.0000000000
42137  -49.133  -36.150  34.085 0.0000000000
43121  -49.959  -35.069  33.763 0.0000000000
44154  -48.437  -34.685  32.685 0.0000000000
56397  -49.518  -24.066  21.014 0.0000000000
56396  -48.985  -23.552  20.369 0.0000000000
136056  -48.291  -22.614  18.636 0.0000000000
57375  -49.243  -22.724  20.482 0.0000000000
152964  -38.185  -42.655  42.952 0.0000000000
131687  -37.822  -41.747  41.197 0.0000000000
36442  -38.639  -42.557  41.432 0.0000000000
47555  -43.586  -32.028  25.113 0.0000000000
47556  -44.339  -31.500  25.532 0.0000000000
50643  -51.042  -27.739  28.006 0.0000000000
51773  -50.507  -27.709  27.348 0.0000000000
50659  -52.265  -28.348  26.875 0.0000000000
50675  -52.105  -29.035  25.587 0.0000000000
50660  -52.966  -28.702  26.483 0.0000000000
34072  -46.751  -43.200  38.110 0.0000000000
128990  -45.549  -43.359  36.976 0.0000000000
130378  -47.191  -43.599  35.495 0.0000000000
40008  -41.809  -38.738  25.179 0.0000000000
38936  -41.601  -39.413  25.348 0.0000000000
40021  -40.634  -38.556  24.377 0.0000000000
41254  -38.061  -37.195  22.743 0.0000000000
46467  -43.850  -32.688  26.270 0.0000000000
45310  -42.596  -33.583  25.141 0.0000000000
46478  -43.396  -32.669  25.616 0.0000000000
131877  -57.507  -18.897  24.414 0.0000000000
62692  -57.818  -17.902  22.659 0.0000000000
62708  -57.147  -17.778  21.806 0.0000000000
130118  -58.763  -17.541  22.402 0.0000000000
30558  -30.444  -46.783  40.410 0.0000000000
30576  -28.850  -46.859  38.028 0.0000000000
30578  -29.917  -46.394  38.802 0.0000000000
133088  -28.376  -41.961  30.944 0.0000000000
144523  -27.572  -44.092  30.058 0.0000000000
34170  -27.378  -43.432  28.379 0.0000000000
131138  -27.375  -45.486  26.621 0.0000000000
135501  -27.492  -43.544  27.114 0.0000000000
39948  -36.399  -38.624  29.780 0.0000000000
39935  -35.301  -38.408  30.667 0.0000000000
41154  -34.320  -36.977  28.104 0.0000000000
46424  -46.779  -32.739  29.222 0.0000000000
46441  -47.199  -32.114  28.829 0.0000000000
46425  -47.478  -32.406  29.550 0.0000000000
47493  -50.583  -31.158  31.024 0.0000000000
48495  -49.840  -30.629  30.028 0.0000000000
49502  -50.571  -29.559  30.743 0.0000000000
142736  -50.395  -28.965  30.322 0.0000000000
50601  -51.528  -28.617  31.307 0.0000000000
37687  -49.994  -40.276  36.255 0.0000000000
37685  -48.763  -41.263  35.105 0.0000000000
38807  -48.730  -40.125  35.333 0.0000000000
42158  -46.544  -36.765  32.375 0.0000000000
39917  -46.124  -38.412  32.743 0.0000000000
39938  -45.023  -38.042  31.321 0.0000000000
39951  -43.775  -38.569  29.973 0.0000000000
41143  -43.910  -37.412  29.974 0.0000000000
42200  -43.104  -36.600  28.556 0.0000000000
43160  -44.757  -36.139  30.178 0.0000000000
45249  -46.687  -33.829  30.214 0.0000000000
44189  -45.332  -34.331  29.366 0.0000000000
45259  -45.731  -33.699  29.178 0.0000000000
45276  -45.438  -33.354  28.571 0.0000000000
35196  -34.150  -42.715  41.973 0.0000000000
34015  -33.501  -43.421  40.869 0.0000000000
35221  -34.407  -42.039  41.565 0.0000000000
37631  -34.995  -40.594  38.863 0.0000000000
36511  -33.532  -41.179  37.635 0.0000000000
37664  -32.958  -40.766  36.152 0.0000000000
36555  -31.387  -41.203  34.787 0.0000000000
37697  -31.853  -40.587  34.400 0.0000000000
48522  -47.509  -30.476  27.458 0.0000000000
48548  -46.128  -29.989  25.784 0.0000000000
49536  -47.368  -29.131  26.480 0.0000000000
50682  -48.940  -27.878  24.279 0.0000000000
130615  -47.098  -28.136  23.990 0.0000000000
50694  -47.731  -28.205  23.252 0.0000000000
50698  -52.138  -28.782  23.494 0.0000000000
50709  -51.147  -28.980  22.275 0.0000000000
53004  -51.386  -27.028  22.699 0.0000000000
53003  -50.944  -26.309  22.358 0.0000000000
52999  -51.958  -26.482  23.210 0.0000000000
136369  -41.878  -43.602  40.522 0.0000000000
135096  -40.824  -43.310  39.394 0.0000000000
136367  -41.906  -43.386  38.874 0.0000000000
35343  -42.681  -42.524  34.446 0.0000000000
35342  -41.084  -42.535  34.883 0.0000000000
138538  -40.995  -41.912  32.755 0.0000000000
36584  -39.746  -41.261  31.727 0.0000000000
36585  -40.466  -41.454  31.315 0.0000000000
36587  -46.917  -42.322  31.356 0.0000000000
34146  -45.949  -43.274  31.401 0.0000000000
35401  -45.706  -42.400  29.881 0.0000000000
37802  -39.998  -40.759  26.530 0.0000000000
154383  -40.632  -41.305  27.616 0.0000000000
141734  -39.431  -40.879  26.992 0.0000000000
38908  -38.318  -40.060  27.595 0.0000000000
43207  -41.391  -36.113  25.820 0.0000000000
34023  -45.941  -43.080  40.673 0.0000000000
36498  -51.430  -41.323  38.027 0.0000000000
48428  -53.580  -30.740  35.382 0.0000000000
50563  -55.216  -27.872  34.875 0.0000000000
51688  -55.904  -27.047  33.474 0.0000000000
51706  -54.641  -27.299  32.205 0.0000000000
150156  -56.335  -26.811  32.778 0.0000000000
54077  -59.115  -25.623  30.273 0.0000000000
52949  -57.312  -26.598  29.943 0.0000000000
52974  -57.309  -26.168  28.189 0.0000000000
51777  -55.949  -26.941  27.363 0.0000000000
54124  -56.878  -25.816  27.176 0.0000000000
56337  -55.537  -23.696  26.947 0.0000000000
136679  -54.910  -24.746  25.506 0.0000000000
56346  -53.659  -23.550  25.476 0.0000000000
151714  -52.825  -23.869  24.434 0.0000000000
56345  -53.013  -23.348  24.971 0.0000000000
59608  -56.493  -19.683  26.542 0.0000000000
60752  -55.037  -19.751  23.206 0.0000000000
59629  -54.664  -20.286  23.809 0.0000000000
59642  -53.484  -20.347  22.698 0.0000000000
58472  -52.242  -21.173  22.909 0.0000000000
59641  -52.711  -20.617  22.373 0.0000000000
59667  -51.615  -20.517  20.517 0.0000000000
60777  -52.950  -19.908  21.025 0.0000000000
61795  -54.206  -18.225  19.722 0.0000000000
61794  -53.517  -18.551  19.474 0.0000000000
61810  -53.345  -17.817  18.139 0.0000000000
63679  -61.175  -17.438  20.554 0.0000000000
127066  -58.978  -16.672  19.926 0.0000000000
127068  -59.681  -16.442  19.402 0.0000000000
30589  -26.107  -46.281  35.932 0.0000000000
31824  -25.423  -45.960  36.608 0.0000000000
31833  -25.020  -45.415  35.045 0.0000000000
33016  -23.711  -44.614  33.572 0.0000000000
33017  -24.896  -44.803  32.769 0.0000000000
33001  -29.865  -44.258  36.119 0.0000000000
31837  -29.187  -46.022  35.760 0.0000000000
33011  -29.021  -44.692  34.681 0.0000000000
31876  -26.998  -45.313  31.190 0.0000000000
28367  -25.860  -48.356  28.167 0.0000000000
35320  -39.190  -42.136  37.148 0.0000000000
36512  -37.963  -41.410  37.196 0.0000000000
37684  -37.564  -40.890  35.406 0.0000000000
39933  -33.157  -38.076  30.836 0.0000000000
38849  -34.305  -39.214  33.138 0.0000000000
39923  -32.165  -38.510  31.333 0.0000000000
38857  -30.651  -39.482  31.534 0.0000000000
39943  -29.665  -38.515  29.104 0.0000000000
35449  -29.169  -42.125  25.402 0.0000000000
45251  -48.112  -33.112  30.937 0.0000000000
46410  -48.595  -32.395  30.545 0.0000000000
135219  -49.838  -32.441  31.411 0.0000000000
46399  -51.094  -31.801  31.896 0.0000000000
47465  -51.437  -31.309  32.239 0.0000000000
41054  -50.471  -37.469  35.853 0.0000000000
39891  -48.995  -38.154  35.189 0.0000000000
41076  -49.363  -37.292  34.962 0.0000000000
43118  -47.620  -36.298  33.227 0.0000000000
42172  -46.635  -36.086  31.985 0.0000000000
43149  -46.469  -35.586  31.441 0.0000000000
43150  -46.989  -35.369  31.807 0.0000000000
44170  -47.989  -34.228  31.989 0.0000000000
59700  -49.622  -20.762  18.353 0.0000000000
36432  -36.467  -41.525  42.672 0.0000000000
141689  -35.561  -41.088  41.456 0.0000000000
129859  -36.311  -41.080  41.701 0.0000000000
37601  -36.395  -40.635  40.358 0.0000000000
37633  -36.437  -40.441  38.628 0.0000000000
50629  -48.903  -28.764  28.073 0.0000000000
49537  -48.033  -28.711  26.879 0.0000000000
50657  -49.144  -27.830  26.893 0.0000000000
51797  -49.318  -27.697  25.151 0.0000000000
50683  -49.826  -28.254  24.449 0.0000000000
49573  -50.392  -29.404  22.986 0.0000000000
49560  -51.158  -29.250  24.125 0.0000000000
49562  -52.206  -29.213  24.493 0.0000000000
142388  -52.821  -28.500  24.421 0.0000000000
34057  -44.049  -43.488  39.552 0.0000000000
34082  -43.098  -43.201  37.858 0.0000000000
34083  -44.115  -43.347  37.818 0.0000000000
34109  -43.852  -42.782  35.368 0.0000000000
35356  -43.518  -42.628  33.702 0.0000000000
38911  -44.054  -40.325  27.959 0.0000000000
36626  -44.274  -41.300  28.465 0.0000000000
37804  -42.773  -40.051  26.323 0.0000000000
38935  -40.722  -39.950  25.485 0.0000000000
38951  -38.590  -39.165  24.548 0.0000000000
40039  -37.252  -38.547  23.669 0.0000000000
41237  -37.603  -38.010  23.178 0.0000000000
44237  -42.236  -34.604  26.303 0.0000000000
133424  -42.167  -34.230  24.991 0.0000000000
56305  -59.075  -22.861  29.560 0.0000000000
55295  -57.847  -24.769  27.775 0.0000000000
57301  -58.165  -22.810  29.093 0.0000000000
56326  -56.334  -22.654  28.130 0.0000000000
57308  -55.492  -22.000  27.381 0.0000000000
61711  -57.178  -17.537  27.171 0.0000000000
60724  -56.676  -19.555  26.233 0.0000000000
60741  -57.005  -19.359  24.951 0.0000000000
60753  -55.886  -19.389  23.304 0.0000000000
60765  -55.292  -19.343  22.628 0.0000000000
60793  -54.077  -19.146  20.847 0.0000000000
61769  -55.484  -18.601  21.438 0.0000000000
61781  -55.220  -18.298  20.728 0.0000000000
62733  -55.505  -17.367  19.476 0.0000000000
135840  -61.328  -15.641  18.160 0.0000000000
127832  -59.485  -15.894  17.959 0.0000000000
127786  -59.423  -15.398  17.043 0.0000000000
147262  -27.652  -47.521  40.028 0.0000000000
29370  -26.972  -47.377  39.636 0.0000000000
29371  -27.698  -47.305  39.104 0.0000000000
30583  -27.971  -46.966  37.342 0.0000000000
30599  -27.676  -46.891  35.529 0.0000000000
35349  -28.735  -43.046  33.252 0.0000000000
33018  -28.399  -44.962  32.997 0.0000000000
34144  -28.175  -43.900  31.593 0.0000000000
133289  -27.499  -44.878  30.540 0.0000000000
31917  -26.324  -45.630  28.679 0.0000000000
29480  -26.744  -47.546  27.200 0.0000000000
30678  -27.049  -46.814  26.862 0.0000000000
153666  -37.759  -40.541  33.184 0.0000000000
37712  -37.018  -40.363  34.027 0.0000000000
38858  -36.128  -39.264  32.177 0.0000000000
39934  -34.453  -38.246  30.891 0.0000000000
41138  -32.492  -37.329  29.408 0.0000000000
46469  -45.155  -32.081  26.919 0.0000000000
47544  -45.508  -31.437  26.568 0.0000000000
47529  -45.859  -31.771  27.211 0.0000000000
47531  -47.235  -31.166  27.788 0.0000000000
48512  -47.835  -30.803  28.154 0.0000000000
47491  -49.032  -31.696  30.159 0.0000000000
48504  -48.843  -30.727  29.164 0.0000000000
49519  -48.624  -29.627  28.272 0.0000000000
50620  -50.123  -28.657  29.606 0.0000000000
131515  -50.839  -28.139  29.478 0.0000000000
50622  -52.359  -27.741  29.223 0.0000000000
34101  -49.453  -43.358  36.212 0.0000000000
143133  -48.321  -43.644  34.910 0.0000000000
35345  -48.584  -43.085  34.441 0.0000000000
140951  -47.554  -42.244  33.195 0.0000000000
154914  -46.202  -40.914  31.805 0.0000000000
39889  -47.628  -38.983  34.411 0.0000000000
38853  -46.096  -39.499  32.784 0.0000000000
38869  -45.058  -40.138  30.930 0.0000000000
38878  -43.820  -39.521  29.322 0.0000000000
39980  -42.891  -38.924  27.620 0.0000000000
39992  -41.966  -38.373  25.893 0.0000000000
41222  -41.457  -37.503  24.661 0.0000000000
41172  -41.766  -37.521  26.592 0.0000000000
42213  -41.877  -36.695  27.064 0.0000000000
43195  -43.133  -35.249  27.839 0.0000000000
43161  -45.175  -35.536  30.169 0.0000000000
43186  -44.231  -35.278  28.995 0.0000000000
44223  -43.408  -34.461  27.552 0.0000000000
44224  -44.136  -34.081  27.970 0.0000000000
45290  -44.421  -33.369  27.604 0.0000000000
128501  -59.622  -17.465  22.013 0.0000000000
62693  -62.456  -17.569  22.930 0.0000000000
63666  -62.839  -17.579  21.761 0.0000000000
133580  -63.351  -17.133  20.961 0.0000000000
64787  -63.303  -16.261  19.705 0.0000000000
64813  -63.077  -15.308  18.063 0.0000000000
31790  -32.145  -45.410  40.747 0.0000000000
31808  -30.908  -45.330  38.966 0.0000000000
130355  -32.257  -44.285  39.717 0.0000000000
34063  -31.654  -43.895  38.463 0.0000000000
34094  -31.228  -43.098  36.949 0.0000000000
35266  -34.292  -41.628  39.973 0.0000000000
35303  -32.326  -42.402  37.597 0.0000000000
35327  -30.530  -42.513  35.519 0.0000000000
35351  -29.986  -41.936  34.156 0.0000000000
36572  -29.341  -41.465  32.677 0.0000000000
37725  -28.719  -41.133  31.086 0.0000000000
47557  -45.082  -31.070  25.923 0.0000000000
48556  -44.986  -30.017  24.815 0.0000000000
50671  -47.294  -28.217  24.965 0.0000000000
54216  -50.074  -25.578  21.630 0.0000000000
56382  -50.201  -24.115  21.646 0.0000000000
133452  -40.292  -43.564  41.607 0.0000000000
35267  -39.235  -42.523  39.940 0.0000000000
131269  -40.420  -43.315  40.291 0.0000000000
35306  -39.669  -42.382  37.625 0.0000000000
129099  -39.882  -42.455  36.094 0.0000000000
34095  -41.611  -42.782  36.907 0.0000000000
35330  -40.444  -42.548  35.908 0.0000000000
36559  -39.454  -42.041  34.504 0.0000000000
148630  -38.548  -40.802  32.573 0.0000000000
37728  -37.983  -40.115  30.945 0.0000000000
152505  -37.470  -39.408  29.586 0.0000000000
34132  -46.195  -43.586  33.138 0.0000000000
34138  -45.128  -43.201  32.105 0.0000000000
129516  -43.250  -42.481  32.001 0.0000000000
154779  -43.207  -41.673  28.640 0.0000000000
35380  -42.306  -41.962  29.884 0.0000000000
36592  -41.360  -41.743  30.150 0.0000000000
37749  -39.329  -40.852  29.385 0.0000000000
38890  -37.752  -39.424  28.024 0.0000000000
42288  -41.255  -36.634  23.469 0.0000000000
44104  -52.576  -34.580  35.407 0.0000000000
45190  -52.613  -33.093  34.725 0.0000000000
29354  -28.741  -47.871  41.367 0.0000000000
31767  -32.883  -45.994  42.375 0.0000000000
32932  -33.730  -44.680  43.144 0.0000000000
33979  -34.301  -43.155  43.804 0.0000000000
36414  -37.428  -42.412  44.727 0.0000000000
35175  -38.131  -42.848  44.100 0.0000000000
33996  -39.615  -44.104  44.149 0.0000000000
33997  -40.092  -44.048  43.606 0.0000000000
34017  -40.901  -43.853  42.395 0.0000000000
34019  -41.830  -43.779  42.054 0.0000000000
34036  -43.058  -43.586  41.199 0.0000000000
34021  -43.535  -43.546  41.694 0.0000000000
145794  -43.847  -43.565  41.036 0.0000000000
34038  -45.302  -43.332  40.367 0.0000000000
34039  -46.458  -43.093  39.639 0.0000000000
137328  -47.650  -42.897  38.845 0.0000000000
34074  -48.855  -42.989  37.646 0.0000000000
35308  -50.518  -42.534  37.112 0.0000000000
36533  -50.938  -41.640  36.815 0.0000000000
43087  -51.717  -35.690  35.493 0.0000000000
46342  -52.442  -32.421  34.232 0.0000000000
150019  -52.657  -31.098  34.200 0.0000000000
49455  -52.776  -29.514  33.398 0.0000000000
129855  -55.160  -28.921  35.945 0.0000000000
154315  -53.614  -29.006  33.956 0.0000000000
50570  -52.484  -28.970  32.716 0.0000000000
50588  -53.045  -28.063  32.319 0.0000000000
51721  -53.824  -27.355  31.063 0.0000000000
51751  -53.786  -27.588  29.266 0.0000000000
52912  -57.155  -26.539  31.726 0.0000000000
51753  -55.404  -26.982  29.557 0.0000000000
51763  -54.342  -27.675  28.483 0.0000000000
50647  -54.288  -28.338  26.506 0.0000000000
153850  -54.661  -28.018  25.874 0.0000000000
137050  -53.735  -27.163  24.725 0.0000000000
54158  -55.887  -25.499  26.268 0.0000000000
146027  -54.784  -25.559  25.249 0.0000000000
52994  -53.048  -26.589  24.132 0.0000000000
55331  -52.398  -24.795  23.603 0.0000000000
55330  -51.829  -24.270  23.188 0.0000000000
56368  -50.551  -23.378  22.051 0.0000000000
58430  -56.233  -20.595  27.439 0.0000000000
57316  -54.593  -22.110  26.446 0.0000000000
59618  -55.886  -20.058  25.360 0.0000000000
58448  -54.149  -21.350  25.321 0.0000000000
58447  -53.366  -21.966  25.155 0.0000000000
57340  -52.323  -22.355  23.975 0.0000000000
153201  -51.396  -22.111  22.849 0.0000000000
57361  -50.187  -22.615  21.625 0.0000000000
133041  -50.372  -21.415  20.823 0.0000000000
59681  -50.677  -20.644  19.560 0.0000000000
60824  -50.856  -20.130  18.317 0.0000000000
60807  -53.138  -19.171  19.887 0.0000000000
60826  -52.210  -19.216  18.750 0.0000000000
60836  -51.355  -19.361  17.132 0.0000000000
62710  -58.875  -18.109  21.501 0.0000000000
62735  -57.328  -17.055  19.871 0.0000000000
63696  -56.026  -16.834  18.899 0.0000000000
63727  -58.166  -16.151  18.064 0.0000000000
63712  -56.614  -16.457  18.170 0.0000000000
63710  -54.842  -16.826  17.874 0.0000000000
133183  -25.722  -46.675  38.752 0.0000000000
31816  -29.531  -46.248  37.313 0.0000000000
31836  -28.651  -46.523  35.325 0.0000000000
31842  -27.386  -46.353  33.949 0.0000000000
31862  -28.073  -45.661  32.672 0.0000000000
145142  -27.015  -45.747  32.444 0.0000000000
31851  -26.025  -45.422  32.780 0.0000000000
33030  -24.874  -44.750  31.428 0.0000000000
36478  -38.642  -41.985  39.375 0.0000000000
37634  -37.248  -40.807  38.374 0.0000000000
38783  -35.207  -39.746  36.318 0.0000000000
154619  -35.742  -39.549  33.979 0.0000000000
38820  -34.794  -39.541  34.881 0.0000000000
37699  -33.388  -39.916  34.920 0.0000000000
37719  -31.232  -40.116  33.007 0.0000000000
37737  -29.119  -40.342  30.760 0.0000000000
36620  -27.880  -41.153  28.828 0.0000000000
42208  -31.538  -36.704  27.257 0.0000000000
39988  -29.951  -37.875  26.928 0.0000000000
146898  -29.083  -38.848  27.037 0.0000000000
38905  -28.622  -39.542  27.240 0.0000000000
36633  -27.854  -41.142  27.271 0.0000000000
34189  -27.609  -42.784  26.927 0.0000000000
44131  -50.692  -34.466  33.732 0.0000000000
45203  -51.027  -33.608  33.337 0.0000000000
44116  -51.358  -34.741  34.415 0.0000000000
43103  -50.628  -35.233  34.284 0.0000000000
139616  -49.898  -34.529  33.394 0.0000000000
135753  -49.490  -23.266  20.913 0.0000000000
57360  -49.711  -22.611  21.094 0.0000000000
149479  -38.756  -43.012  42.381 0.0000000000
50644  -52.007  -27.958  27.760 0.0000000000
50645  -52.812  -28.307  27.382 0.0000000000
34087  -47.678  -43.203  37.364 0.0000000000
34086  -47.074  -43.341  36.959 0.0000000000
154743  -47.375  -43.489  36.131 0.0000000000
133997  -41.556  -38.300  24.747 0.0000000000
40022  -41.348  -38.744  24.745 0.0000000000
46477  -43.016  -32.740  24.818 0.0000000000
62678  -58.903  -17.890  24.216 0.0000000000
140398  -58.639  -17.817  23.267 0.0000000000
30569  -30.153  -46.544  39.610 0.0000000000
36589  -28.067  -42.087  30.235 0.0000000000
35379  -27.736  -43.025  29.963 0.0000000000
35397  -27.553  -42.729  29.016 0.0000000000
154579  -27.387  -43.536  27.747 0.0000000000
138103  -27.459  -42.937  27.610 0.0000000000
39959  -36.211  -38.326  29.190 0.0000000000
41141  -35.576  -37.933  29.092 0.0000000000
137106  -35.062  -37.450  28.512 0.0000000000
46409  -47.756  -32.712  30.288 0.0000000000
48484  -51.331  -30.747  31.889 0.0000000000
48483  -50.914  -30.390  31.295 0.0000000000
49491  -51.140  -29.369  31.374 0.0000000000
50587  -51.713  -29.104  32.002 0.0000000000
37686  -49.392  -40.827  35.726 0.0000000000
38808  -49.337  -39.726  35.791 0.0000000000
42171  -46.079  -36.615  31.861 0.0000000000
41125  -46.036  -37.152  32.167 0.0000000000
41131  -45.087  -37.085  31.043 0.0000000000
41130  -44.477  -37.776  30.581 0.0000000000
42179  -44.613  -36.836  30.413 0.0000000000
42190  -44.212  -36.502  29.791 0.0000000000
42180  -45.331  -36.229  30.771 0.0000000000
45250  -47.360  -33.493  30.593 0.0000000000
45260  -46.397  -33.427  29.541 0.0000000000
35197  -34.643  -42.159  42.463 0.0000000000
35220  -33.950  -42.765  41.203 0.0000000000
37647  -34.386  -40.511  37.584 0.0000000000
37646  -33.781  -40.637  37.053 0.0000000000
37665  -33.609  -40.467  36.433 0.0000000000
36556  -32.111  -40.831  35.098 0.0000000000
130802  -33.412  -40.339  35.875 0.0000000000
48534  -47.166  -30.082  26.767 0.0000000000
50695  -48.673  -28.370  23.435 0.0000000000
51809  -52.515  -28.213  23.859 0.0000000000
51808  -51.964  -27.840  23.191 0.0000000000
136368  -42.664  -43.540  40.490 0.0000000000
34054  -41.512  -43.467  39.579 0.0000000000
34055  -42.264  -43.492  39.650 0.0000000000
35355  -42.594  -42.431  33.543 0.0000000000
137789  -41.801  -42.449  34.280 0.0000000000
35354  -41.654  -42.227  33.339 0.0000000000
36577  -41.125  -41.733  31.745 0.0000000000
36594  -46.553  -42.232  30.629 0.0000000000
35384  -46.200  -42.662  30.441 0.0000000000
36607  -45.400  -41.794  29.513 0.0000000000
147445  -39.240  -40.162  25.664 0.0000000000
37801  -39.134  -40.545  26.360 0.0000000000
139802  -38.569  -40.050  25.845 0.0000000000
38923  -38.377  -40.177  26.687 0.0000000000
38922  -37.858  -39.621  26.176 0.0000000000
147801  -41.607  -35.556  26.088 0.0000000000
43220  -41.531  -35.421  25.379 0.0000000000
55278  -59.362  -24.371  29.541 0.0000000000
54094  -59.401  -25.003  30.026 0.0000000000
54093  -59.074  -25.624  29.778 0.0000000000
52951  -58.603  -26.015  29.661 0.0000000000
52963  -57.980  -26.004  28.945 0.0000000000
54108  -57.861  -25.641  28.191 0.0000000000
56336  -54.743  -23.394  26.554 0.0000000000
55303  -54.393  -23.879  25.904 0.0000000000
57325  -53.386  -22.703  25.483 0.0000000000
61700  -56.334  -17.759  27.229 0.0000000000
60708  -56.215  -17.969  27.448 0.0000000000
135045  -57.005  -18.888  26.855 0.0000000000
59643  -54.252  -20.048  22.980 0.0000000000
59655  -53.234  -20.183  21.788 0.0000000000
59654  -52.493  -20.419  21.521 0.0000000000
62732  -54.616  -17.575  19.203 0.0000000000
61811  -53.828  -17.905  18.962 0.0000000000
62749  -54.187  -17.297  18.183 0.0000000000
127067  -60.715  -16.498  19.962 0.0000000000
130248  -60.405  -16.243  19.065 0.0000000000
143219  -26.478  -47.485  40.881 0.0000000000
154503  -26.368  -46.303  35.342 0.0000000000
31834  -25.885  -45.947  35.242 0.0000000000
151583  -25.109  -45.348  34.402 0.0000000000
33009  -25.245  -45.230  33.695 0.0000000000
34106  -29.546  -43.921  35.378 0.0000000000
30664  -25.456  -47.014  28.440 0.0000000000
36546  -38.721  -41.869  35.752 0.0000000000
36545  -38.033  -41.457  35.948 0.0000000000
36557  -38.199  -41.426  35.290 0.0000000000
41127  -32.015  -37.690  30.004 0.0000000000
152980  -32.788  -38.326  31.237 0.0000000000
39931  -31.554  -38.315  30.626 0.0000000000
138075  -30.810  -38.390  30.193 0.0000000000
39944  -30.426  -38.119  29.460 0.0000000000
45240  -48.460  -33.480  31.610 0.0000000000
46397  -48.943  -32.733  31.227 0.0000000000
45241  -49.371  -33.153  31.819 0.0000000000
46378  -50.925  -32.460  32.270 0.0000000000
46380  -51.927  -31.412  33.022 0.0000000000
42104  -50.782  -36.760  35.606 0.0000000000
41077  -50.097  -37.014  35.333 0.0000000000
43119  -48.449  -35.850  33.522 0.0000000000
42159  -47.007  -36.414  32.569 0.0000000000
43138  -47.283  -35.791  32.443 0.0000000000
44153  -47.592  -34.981  32.296 0.0000000000
45239  -47.644  -33.828  31.315 0.0000000000
55411  -48.325  -24.361  18.697 0.0000000000
58512  -48.743  -22.031  19.285 0.0000000000
129807  -37.062  -41.504  41.913 0.0000000000
36459  -37.706  -41.469  40.436 0.0000000000
36458  -36.887  -41.043  40.943 0.0000000000
37616  -36.262  -40.467  39.538 0.0000000000
133341  -36.965  -40.693  39.097 0.0000000000
48554  -43.535  -31.108  23.886 0.0000000000
50642  -49.487  -28.020  27.660 0.0000000000
50641  -48.677  -28.354  27.325 0.0000000000
51789  -50.888  -27.821  26.441 0.0000000000
50673  -50.216  -27.804  25.655 0.0000000000
154618  -50.003  -27.940  25.005 0.0000000000
142685  -50.724  -28.694  24.758 0.0000000000
49550  -52.302  -29.154  25.110 0.0000000000
50684  -52.768  -28.997  24.918 0.0000000000
50699  -52.403  -28.978  24.108 0.0000000000
34070  -44.600  -43.410  38.672 0.0000000000
34084  -45.118  -43.357  37.778 0.0000000000
34098  -45.416  -43.242  36.093 0.0000000000
34110  -44.881  -43.107  35.321 0.0000000000
34121  -44.607  -42.977  34.601 0.0000000000
35344  -43.652  -42.685  34.557 0.0000000000
35357  -44.456  -42.912  33.805 0.0000000000
37786  -43.627  -40.473  27.462 0.0000000000
37805  -43.221  -39.936  26.736 0.0000000000
38953  -40.717  -39.300  24.875 0.0000000000
38934  -39.850  -39.776  25.262 0.0000000000
142806  -37.958  -38.397  23.638 0.0000000000
40040  -38.721  -38.461  23.917 0.0000000000
44238  -42.958  -34.128  26.695 0.0000000000
44247  -41.913  -34.634  25.524 0.0000000000
45304  -42.508  -33.904  25.752 0.0000000000
57288  -59.257  -21.407  30.286 0.0000000000
57299  -56.733  -21.390  28.463 0.0000000000
129843  -55.712  -22.880  27.622 0.0000000000
57309  -56.165  -21.576  27.888 0.0000000000
61713  -58.542  -17.664  26.762 0.0000000000
62649  -58.057  -17.160  28.267 0.0000000000
61712  -57.880  -17.849  27.746 0.0000000000
61726  -57.596  -18.667  26.028 0.0000000000
61757  -57.210  -18.652  23.300 0.0000000000
61742  -56.745  -19.233  23.791 0.0000000000
61741  -56.478  -18.926  23.005 0.0000000000
60780  -55.070  -19.127  21.917 0.0000000000
62722  -56.548  -17.812  21.017 0.0000000000
61782  -55.852  -18.148  21.011 0.0000000000
62721  -55.894  -17.726  20.329 0.0000000000
136115  -56.858  -17.435  20.386 0.0000000000
64827  -61.045  -15.108  17.203 0.0000000000
127072  -60.272  -15.539  17.529 0.0000000000
29364  -28.421  -47.627  40.481 0.0000000000
29372  -28.393  -47.299  39.444 0.0000000000
30584  -28.715  -46.869  37.322 0.0000000000
29385  -28.406  -46.961  37.872 0.0000000000
30591  -27.789  -46.937  36.390 0.0000000000
30600  -28.355  -46.895  35.764 0.0000000000
34137  -28.421  -43.969  32.645 0.0000000000
33042  -27.244  -44.645  29.710 0.0000000000
31899  -26.784  -45.007  29.154 0.0000000000
31918  -26.857  -45.181  28.136 0.0000000000
31933  -26.521  -45.941  27.959 0.0000000000
30704  -28.035  -46.137  25.644 0.0000000000
30690  -27.459  -46.222  26.335 0.0000000000
37720  -37.814  -40.408  32.561 0.0000000000
38852  -36.970  -39.810  32.344 0.0000000000
38859  -36.749  -39.432  31.552 0.0000000000
143265  -34.183  -37.653  29.713 0.0000000000
39946  -34.713  -37.998  30.167 0.0000000000
41129  -33.794  -37.868  30.374 0.0000000000
41139  -33.407  -37.458  29.582 0.0000000000
46453  -45.475  -32.399  27.571 0.0000000000
46454  -46.195  -32.105  27.854 0.0000000000
47517  -47.538  -31.456  28.487 0.0000000000
47516  -46.872  -31.778  28.171 0.0000000000
46411  -49.482  -32.079  30.768 0.0000000000
47506  -49.372  -31.053  29.734 0.0000000000
48505  -49.438  -30.280  29.501 0.0000000000
48514  -48.994  -29.971  28.885 0.0000000000
49510  -49.471  -29.313  29.269 0.0000000000
49520  -49.082  -29.210  28.657 0.0000000000
128181  -50.800  -28.477  30.141 0.0000000000
50621  -51.516  -27.959  29.754 0.0000000000
51736  -52.181  -27.772  30.107 0.0000000000
35324  -49.912  -43.034  36.155 0.0000000000
34115  -49.265  -43.306  35.635 0.0000000000
35335  -49.554  -42.902  35.571 0.0000000000
37703  -48.011  -40.933  34.493 0.0000000000
36569  -47.805  -41.628  33.906 0.0000000000
154407  -47.431  -41.383  33.509 0.0000000000
36568  -46.988  -41.239  32.997 0.0000000000
139858  -46.336  -40.559  32.549 0.0000000000
41074  -47.663  -38.055  34.216 0.0000000000
39890  -48.268  -38.552  34.777 0.0000000000
39903  -47.104  -38.497  33.794 0.0000000000
39927  -45.242  -38.677  31.733 0.0000000000
39916  -45.580  -39.007  32.261 0.0000000000
38862  -45.286  -39.641  31.623 0.0000000000
37722  -45.743  -40.074  32.114 0.0000000000
38868  -44.621  -39.639  30.647 0.0000000000
154224  -44.413  -40.125  29.385 0.0000000000
38879  -44.202  -39.548  30.094 0.0000000000
41142  -43.333  -37.944  29.293 0.0000000000
39950  -43.307  -38.864  29.031 0.0000000000
39979  -42.429  -38.194  27.670 0.0000000000
41186  -42.127  -38.223  26.897 0.0000000000
41173  -42.120  -37.474  27.423 0.0000000000
42199  -42.419  -36.665  27.815 0.0000000000
43184  -42.871  -35.976  28.054 0.0000000000
43194  -42.313  -35.794  27.356 0.0000000000
42181  -45.965  -35.400  30.789 0.0000000000
44178  -45.616  -34.821  30.031 0.0000000000
43176  -44.879  -34.989  29.538 0.0000000000
44206  -43.822  -34.816  28.333 0.0000000000
45291  -45.064  -32.998  27.975 0.0000000000
46452  -44.752  -32.690  27.274 0.0000000000
63653  -63.210  -17.554  22.515 0.0000000000
63667  -63.716  -17.380  22.076 0.0000000000
63680  -62.367  -17.508  20.892 0.0000000000
64798  -63.286  -15.790  18.882 0.0000000000
64799  -64.368  -15.409  18.612 0.0000000000
32953  -32.775  -44.896  41.020 0.0000000000
133446  -32.392  -44.747  40.391 0.0000000000
34033  -33.301  -43.187  40.182 0.0000000000
143880  -32.366  -43.710  39.198 0.0000000000
34064  -32.160  -43.475  38.648 0.0000000000
34079  -31.720  -43.283  37.836 0.0000000000
36457  -35.452  -40.884  40.767 0.0000000000
36440  -34.837  -41.430  40.949 0.0000000000
36510  -32.755  -41.668  37.246 0.0000000000
35304  -32.967  -42.007  37.974 0.0000000000
35319  -32.113  -42.008  36.928 0.0000000000
35318  -31.488  -42.373  36.587 0.0000000000
36543  -31.186  -42.092  35.881 0.0000000000
35339  -30.267  -42.224  34.825 0.0000000000
36554  -30.914  -41.807  35.178 0.0000000000
36564  -31.097  -40.931  34.124 0.0000000000
36563  -30.390  -41.303  33.805 0.0000000000
36573  -30.064  -41.059  33.098 0.0000000000
36582  -29.037  -41.248  31.940 0.0000000000
37717  -29.684  -40.804  32.356 0.0000000000
48532  -45.832  -30.750  26.198 0.0000000000
49547  -45.706  -29.604  25.084 0.0000000000
50656  -48.566  -27.979  26.501 0.0000000000
50655  -47.840  -28.186  25.931 0.0000000000
50693  -46.763  -28.213  23.162 0.0000000000
49574  -51.012  -29.341  23.507 0.0000000000
142342  -50.808  -28.464  21.963 0.0000000000
54199  -50.612  -25.568  22.099 0.0000000000
55358  -50.399  -24.855  21.866 0.0000000000
140276  -50.858  -24.961  22.268 0.0000000000
147816  -40.601  -42.974  38.565 0.0000000000
35307  -40.216  -42.532  37.295 0.0000000000
35321  -39.763  -42.362  36.819 0.0000000000
35322  -40.333  -42.528  36.553 0.0000000000
34096  -42.575  -42.909  37.061 0.0000000000
153876  -42.202  -42.770  36.523 0.0000000000
137011  -40.541  -42.437  34.566 0.0000000000
35331  -41.056  -42.595  35.607 0.0000000000
35340  -39.980  -42.428  34.940 0.0000000000
133944  -40.045  -42.489  35.556 0.0000000000
36565  -38.903  -41.527  33.900 0.0000000000
36566  -39.544  -41.772  33.603 0.0000000000
37729  -39.141  -40.873  31.270 0.0000000000
136911  -38.616  -40.512  30.901 0.0000000000
37738  -38.373  -40.272  30.232 0.0000000000
132442  -37.693  -39.736  30.201 0.0000000000
38877  -38.125  -39.969  29.426 0.0000000000
34134  -47.690  -43.721  33.764 0.0000000000
34124  -47.492  -43.888  34.048 0.0000000000
34133  -47.046  -43.674  33.384 0.0000000000
34145  -45.198  -43.082  31.137 0.0000000000
129391  -44.478  -42.802  30.858 0.0000000000
35373  -44.178  -42.751  31.880 0.0000000000
35372  -43.567  -42.533  31.167 0.0000000000
36641  -43.267  -41.061  27.641 0.0000000000
36625  -43.638  -41.375  28.164 0.0000000000
36624  -42.808  -41.503  28.201 0.0000000000
36622  -40.867  -41.528  28.469 0.0000000000
36604  -41.587  -41.743  29.221 0.0000000000
36603  -40.713  -41.537  29.525 0.0000000000
36602  -39.941  -41.174  29.919 0.0000000000
36621  -39.994  -41.313  28.964 0.0000000000
38907  -37.765  -39.576  27.101 0.0000000000
38891  -38.254  -39.955  28.496 0.0000000000
39978  -37.209  -38.891  27.536 0.0000000000
39961  -37.154  -38.861  28.404 0.0000000000
39977  -36.695  -38.247  27.016 0.0000000000
41241  -41.254  -37.337  23.836 0.0000000000
28229  -28.149  -48.179  42.123 0.0000000000
31768  -33.369  -45.512  42.907 0.0000000000
144920  -36.918  -42.306  45.429 0.0000000000
34016  -40.418  -43.791  42.721 0.0000000000
33998  -40.710  -43.877  43.366 0.0000000000
34035  -42.242  -43.665  41.339 0.0000000000
34020  -42.615  -43.661  41.863 0.0000000000
34002  -43.883  -43.298  42.374 0.0000000000
137408  -44.547  -43.456  41.009 0.0000000000
34037  -44.386  -43.491  40.344 0.0000000000
34022  -45.280  -43.215  41.208 0.0000000000
35247  -46.513  -42.805  40.852 0.0000000000
142221  -46.506  -42.929  40.212 0.0000000000
34040  -47.055  -42.881  39.636 0.0000000000
34059  -46.954  -43.098  38.969 0.0000000000
35269  -47.754  -42.656  39.606 0.0000000000
34060  -48.875  -42.609  38.504 0.0000000000
35291  -49.609  -42.397  38.370 0.0000000000
34075  -49.570  -42.787  37.668 0.0000000000
35292  -50.263  -42.402  37.813 0.0000000000
36514  -51.153  -41.567  37.347 0.0000000000
36534  -51.359  -40.900  37.294 0.0000000000
37672  -51.095  -40.596  36.877 0.0000000000
43088  -52.425  -35.264  35.721 0.0000000000
45191  -53.084  -33.126  35.455 0.0000000000
138788  -53.039  -31.907  35.226 0.0000000000
147113  -53.054  -31.256  34.980 0.0000000000
138437  -53.166  -30.498  34.543 0.0000000000
48449  -52.649  -30.355  33.709 0.0000000000
49456  -53.317  -29.606  34.049 0.0000000000
148018  -54.584  -28.012  34.184 0.0000000000
50562  -54.493  -28.524  34.705 0.0000000000
50561  -53.976  -28.491  33.891 0.0000000000
50571  -53.243  -28.846  33.433 0.0000000000
151627  -53.084  -28.491  32.893 0.0000000000
135119  -53.634  -28.101  33.065 0.0000000000
147212  -54.082  -27.386  31.726 0.0000000000
51738  -53.444  -27.476  30.267 0.0000000000
51739  -54.343  -27.298  30.212 0.0000000000
54063  -58.918  -25.423  31.509 0.0000000000
52890  -57.917  -26.321  32.397 0.0000000000
52913  -57.999  -26.261  31.431 0.0000000000
51765  -56.344  -26.659  29.313 0.0000000000
51754  -56.306  -26.741  30.240 0.0000000000
51752  -54.596  -27.330  29.349 0.0000000000
51764  -55.079  -27.344  28.638 0.0000000000
50634  -54.146  -28.080  27.543 0.0000000000
128671  -54.892  -27.737  27.751 0.0000000000
51791  -55.454  -27.190  26.714 0.0000000000
51790  -54.915  -27.922  26.337 0.0000000000
51799  -55.052  -27.462  25.983 0.0000000000
51798  -54.005  -28.068  25.446 0.0000000000
52988  -54.474  -27.248  25.429 0.0000000000
55294  -57.287  -24.686  27.295 0.0000000000
54142  -56.926  -25.216  26.959 0.0000000000
55305  -56.726  -24.678  26.871 0.0000000000
54156  -54.169  -25.121  24.812 0.0000000000
54176  -53.603  -25.936  24.453 0.0000000000
54175  -52.880  -25.523  23.986 0.0000000000
56357  -52.354  -23.900  23.777 0.0000000000
56356  -51.669  -23.389  23.212 0.0000000000
56369  -51.242  -23.816  22.611 0.0000000000
58439  -56.294  -20.084  27.031 0.0000000000
57317  -55.417  -21.398  26.885 0.0000000000
149463  -55.095  -21.186  26.214 0.0000000000
60740  -56.451  -19.716  25.174 0.0000000000
59616  -54.205  -20.831  24.510 0.0000000000
152637  -53.550  -21.422  24.708 0.0000000000
58455  -52.902  -21.807  24.489 0.0000000000
58471  -51.580  -21.517  22.570 0.0000000000
58461  -51.873  -21.827  23.313 0.0000000000
58470  -51.006  -21.955  22.305 0.0000000000
58483  -50.569  -21.773  21.612 0.0000000000
58482  -49.990  -21.977  21.235 0.0000000000
58484  -51.067  -21.027  21.063 0.0000000000
59666  -50.880  -20.805  20.318 0.0000000000
59682  -51.427  -20.365  19.780 0.0000000000
59701  -50.429  -20.484  18.764 0.0000000000
59702  -51.164  -20.216  19.016 0.0000000000
60792  -53.384  -19.407  20.581 0.0000000000
61779  -53.791  -18.837  20.171 0.0000000000
61793  -52.860  -18.844  19.162 0.0000000000
60825  -51.447  -19.644  18.288 0.0000000000
127519  -60.938  -17.627  22.299 0.0000000000
145761  -59.996  -18.079  21.389 0.0000000000
63678  -58.219  -16.934  20.300 0.0000000000
63697  -56.980  -16.748  19.109 0.0000000000
64811  -58.685  -15.794  17.609 0.0000000000
127070  -58.883  -16.117  18.257 0.0000000000
147824  -56.682  -16.135  17.400 0.0000000000
63711  -55.604  -16.630  18.053 0.0000000000
30574  -26.437  -46.911  38.521 0.0000000000
30567  -26.305  -47.109  39.253 0.0000000000
129797  -26.089  -46.644  37.788 0.0000000000
138131  -24.800  -45.503  36.418 0.0000000000
31814  -24.709  -45.546  37.244 0.0000000000
33007  -23.427  -44.613  34.414 0.0000000000
139161  -24.063  -44.577  32.758 0.0000000000
33021  -23.302  -44.623  32.877 0.0000000000
31858  -22.959  -44.856  32.302 0.0000000000
31874  -23.366  -45.010  31.615 0.0000000000
32971  -30.686  -45.102  38.294 0.0000000000
31817  -30.096  -45.720  37.812 0.0000000000
31827  -29.877  -45.495  37.074 0.0000000000
31845  -28.922  -45.807  34.941 0.0000000000
31844  -28.350  -46.466  34.495 0.0000000000
30605  -27.618  -46.693  34.678 0.0000000000
31843  -27.940  -46.508  33.982 0.0000000000
33026  -28.218  -45.036  32.139 0.0000000000
31861  -27.922  -45.520  31.968 0.0000000000
31860  -27.456  -45.556  31.924 0.0000000000
31859  -26.524  -45.374  31.883 0.0000000000
33024  -25.372  -44.886  31.973 0.0000000000
28368  -26.503  -48.329  27.594 0.0000000000
36497  -38.622  -41.905  38.430 0.0000000000
37648  -37.384  -40.812  36.895 0.0000000000
36496  -37.949  -41.437  37.997 0.0000000000
136167  -36.661  -40.372  37.330 0.0000000000
38784  -36.099  -39.796  36.068 0.0000000000
38850  -35.603  -39.263  32.709 0.0000000000
38837  -36.365  -39.807  33.630 0.0000000000
38836  -35.631  -39.427  33.356 0.0000000000
136252  -33.096  -38.946  32.571 0.0000000000
133538  -34.841  -39.349  33.897 0.0000000000
38835  -33.846  -39.361  33.627 0.0000000000
38819  -34.026  -39.532  34.476 0.0000000000
38818  -33.209  -39.711  34.169 0.0000000000
37711  -32.352  -39.968  33.945 0.0000000000
38833  -32.014  -39.725  33.215 0.0000000000
38867  -29.528  -39.616  30.435 0.0000000000
38856  -29.827  -39.926  31.215 0.0000000000
38866  -28.846  -40.017  29.920 0.0000000000
37747  -28.368  -40.547  29.386 0.0000000000
41182  -30.627  -37.533  26.554 0.0000000000
41168  -31.105  -36.982  27.646 0.0000000000
39989  -30.238  -38.169  26.239 0.0000000000
37815  -29.496  -40.663  25.683 0.0000000000
38920  -29.246  -39.308  26.385 0.0000000000
37796  -29.242  -40.091  25.943 0.0000000000
38906  -28.949  -38.873  27.749 0.0000000000
38919  -28.689  -40.138  26.450 0.0000000000
137956  -28.790  -42.899  25.376 0.0000000000
36660  -28.389  -41.507  26.046 0.0000000000
35439  -27.960  -42.309  26.347 0.0000000000
34207  -28.222  -42.985  25.794 0.0000000000
45222  -49.753  -33.540  32.478 0.0000000000
45224  -51.330  -32.827  32.949 0.0000000000
46355  -51.948  -32.388  33.433 0.0000000000
139872  -50.520  -35.899  34.757 0.0000000000
42121  -49.786  -36.458  34.720 0.0000000000
43102  -49.878  -35.706  34.226 0.0000000000
43120  -49.236  -35.478  33.690 0.0000000000
44129  -48.672  -35.168  33.236 0.0000000000
151235  -48.910  -34.751  33.087 0.0000000000
44155  -49.344  -34.319  32.917 0.0000000000
55377  -49.286  -24.890  20.895 0.0000000000
55376  -48.818  -24.573  20.248 0.0000000000
56412  -48.518  -23.914  19.554 0.0000000000
130661  -48.252  -23.460  18.717 0.0000000000
57390  -48.625  -22.890  19.654 0.0000000000
57391  -49.119  -22.200  19.994 0.0000000000
35198  -37.928  -42.268  42.087 0.0000000000
47569  -43.889  -31.295  24.712 0.0000000000
51774  -51.438  -27.865  27.127 0.0000000000
50658  -51.800  -28.463  26.273 0.0000000000
150636  -52.435  -28.790  26.138 0.0000000000
50661  -53.651  -28.700  26.110 0.0000000000
34085  -46.105  -43.358  37.488 0.0000000000
128989  -46.450  -43.404  36.404 0.0000000000
34111  -45.880  -43.399  35.082 0.0000000000
40009  -42.273  -39.183  25.721 0.0000000000
38924  -42.755  -39.603  26.233 0.0000000000
40041  -39.707  -38.376  24.085 0.0000000000
41239  -39.426  -37.724  23.535 0.0000000000
41255  -38.981  -37.030  22.983 0.0000000000
45311  -42.905  -33.223  25.462 0.0000000000
61727  -58.238  -18.373  25.445 0.0000000000
61743  -58.089  -18.297  23.788 0.0000000000
61756  -56.766  -18.358  22.454 0.0000000000
62709  -57.989  -17.481  21.796 0.0000000000
29374  -29.807  -46.978  40.063 0.0000000000
29381  -28.948  -46.885  38.862 0.0000000000
30568  -29.563  -46.729  39.214 0.0000000000
30577  -29.361  -46.633  38.371 0.0000000000
30585  -29.174  -46.650  37.609 0.0000000000
35370  -28.416  -42.544  31.585 0.0000000000
35369  -28.085  -42.872  30.836 0.0000000000
34164  -27.458  -43.733  29.343 0.0000000000
137569  -27.238  -45.020  27.247 0.0000000000
33059  -27.272  -44.259  27.812 0.0000000000
33077  -27.424  -44.292  26.997 0.0000000000
31953  -27.731  -45.393  25.902 0.0000000000
136505  -37.282  -39.556  30.914 0.0000000000
136128  -36.618  -39.116  30.883 0.0000000000
39947  -35.616  -38.250  29.825 0.0000000000
41140  -34.885  -37.749  29.396 0.0000000000
128775  -34.061  -37.296  28.910 0.0000000000
46440  -46.498  -32.417  28.530 0.0000000000
47504  -47.860  -31.734  29.190 0.0000000000
47492  -49.892  -31.293  30.449 0.0000000000
48496  -50.317  -30.495  30.572 0.0000000000
50612  -50.897  -28.827  30.801 0.0000000000
36548  -50.055  -41.472  36.094 0.0000000000
36547  -49.604  -42.016  35.536 0.0000000000
37704  -48.266  -40.328  34.873 0.0000000000
38824  -47.698  -39.953  34.481 0.0000000000
41096  -46.959  -37.051  33.030 0.0000000000
41095  -46.660  -37.963  33.199 0.0000000000
41117  -46.345  -37.499  32.593 0.0000000000
41116  -45.679  -37.941  32.104 0.0000000000
39937  -44.456  -38.772  30.678 0.0000000000
41157  -43.050  -37.460  28.772 0.0000000000
42189  -43.527  -36.969  29.320 0.0000000000
43174  -43.835  -36.078  29.182 0.0000000000
44180  -47.002  -34.252  30.883 0.0000000000
44179  -46.331  -34.570  30.485 0.0000000000
44190  -46.024  -34.122  29.799 0.0000000000
44208  -45.168  -33.904  28.849 0.0000000000
45275  -44.773  -33.668  28.331 0.0000000000
45277  -46.106  -33.060  28.882 0.0000000000
33994  -33.977  -43.349  42.262 0.0000000000
134812  -33.762  -43.434  41.605 0.0000000000
35243  -33.724  -42.804  40.596 0.0000000000
129761  -33.751  -42.468  40.066 0.0000000000
37615  -35.376  -40.590  39.506 0.0000000000
36476  -34.648  -40.975  39.348 0.0000000000
36495  -34.307  -40.918  38.442 0.0000000000
36528  -32.517  -41.368  36.537 0.0000000000
151133  -31.601  -41.433  35.507 0.0000000000
36544  -32.301  -41.069  35.830 0.0000000000
48521  -46.903  -30.827  27.116 0.0000000000
48533  -46.525  -30.426  26.466 0.0000000000
49535  -46.768  -29.591  26.102 0.0000000000
50672  -48.337  -27.743  24.996 0.0000000000
50681  -47.988  -27.882  24.125 0.0000000000
50710  -51.671  -28.858  22.926 0.0000000000
51817  -51.338  -28.164  22.521 0.0000000000
51816  -50.760  -27.344  22.155 0.0000000000
53017  -50.363  -26.390  21.890 0.0000000000
138657  -51.427  -26.157  22.749 0.0000000000
54186  -51.678  -25.549  22.975 0.0000000000
34053  -41.165  -43.579  40.450 0.0000000000
34067  -41.214  -43.190  38.522 0.0000000000
146455  -41.219  -42.894  37.620 0.0000000000
35333  -42.784  -42.616  35.300 0.0000000000
34108  -41.860  -42.672  35.996 0.0000000000
35332  -41.830  -42.554  35.117 0.0000000000
147147  -41.123  -42.407  34.194 0.0000000000
35353  -40.734  -42.215  33.716 0.0000000000
36575  -39.656  -41.450  32.659 0.0000000000
36576  -40.376  -41.572  32.240 0.0000000000
36590  -39.830  -41.183  30.819 0.0000000000
35366  -47.040  -42.963  31.945 0.0000000000
34140  -46.763  -43.446  32.484 0.0000000000
35375  -46.688  -42.754  31.059 0.0000000000
34154  -45.934  -43.061  30.719 0.0000000000
35383  -45.343  -42.845  30.219 0.0000000000
37803  -41.039  -40.878  26.746 0.0000000000
36639  -41.451  -41.317  27.612 0.0000000000
37783  -40.022  -41.134  27.247 0.0000000000
37782  -39.388  -40.972  27.662 0.0000000000
37768  -39.372  -40.959  28.497 0.0000000000
37781  -38.860  -40.633  27.200 0.0000000000
33982  -40.926  -43.834  43.578 0.0000000000
35178  -41.596  -42.641  43.660 0.0000000000
35224  -45.355  -42.910  42.144 0.0000000000
35225  -46.034  -42.848  41.456 0.0000000000
35273  -50.753  -41.765  38.365 0.0000000000
47431  -53.687  -31.788  36.349 0.0000000000
47430  -53.492  -31.645  35.758 0.0000000000
48429  -53.923  -31.021  36.146 0.0000000000
48440  -54.120  -30.147  35.738 0.0000000000
51677  -55.108  -27.537  33.933 0.0000000000
51686  -54.237  -27.616  32.863 0.0000000000
51687  -54.927  -27.379  33.088 0.0000000000
51707  -55.572  -27.039  32.511 0.0000000000
51723  -55.430  -26.962  31.596 0.0000000000
56270  -59.677  -23.461  31.415 0.0000000000
54078  -59.202  -25.195  30.738 0.0000000000
52915  -58.867  -25.694  30.889 0.0000000000
52932  -58.225  -26.321  30.412 0.0000000000
148965  -58.588  -26.274  30.036 0.0000000000
138059  -57.230  -26.374  29.059 0.0000000000
141295  -56.423  -26.679  28.261 0.0000000000
136875  -55.590  -27.298  27.939 0.0000000000
52973  -56.716  -26.338  27.523 0.0000000000
52984  -56.185  -26.432  26.839 0.0000000000
134190  -56.095  -24.458  26.613 0.0000000000
55304  -55.277  -24.249  26.215 0.0000000000
55312  -54.174  -24.321  25.188 0.0000000000
55320  -52.881  -24.570  24.181 0.0000000000
55321  -53.476  -24.259  24.728 0.0000000000
56350  -52.520  -23.188  24.344 0.0000000000
59597  -56.838  -18.975  27.047 0.0000000000
59628  -53.796  -20.577  23.565 0.0000000000
58462  -52.571  -21.503  23.718 0.0000000000
59627  -52.960  -20.823  23.287 0.0000000000
59640  -51.935  -20.861  22.112 0.0000000000
59653  -51.755  -20.677  21.300 0.0000000000
59668  -52.300  -20.234  20.744 0.0000000000
146197  -53.245  -18.298  18.815 0.0000000000
61809  -52.677  -18.439  18.187 0.0000000000
127574  -60.593  -17.916  21.313 0.0000000000
127065  -60.085  -16.666  20.552 0.0000000000
63714  -58.666  -16.436  18.828 0.0000000000
64825  -57.541  -15.440  16.309 0.0000000000
30566  -25.613  -46.734  39.715 0.0000000000
30581  -26.140  -46.491  36.813 0.0000000000
129988  -25.305  -45.717  35.859 0.0000000000
32999  -24.073  -44.899  35.129 0.0000000000
33008  -24.430  -44.956  34.284 0.0000000000
146433  -24.444  -44.775  33.422 0.0000000000
134332  -30.186  -44.546  36.856 0.0000000000
32991  -29.645  -45.280  36.318 0.0000000000
33000  -29.366  -45.009  35.542 0.0000000000
139076  -28.606  -45.729  34.143 0.0000000000
132784  -27.177  -45.128  30.685 0.0000000000
31877  -27.649  -45.291  31.314 0.0000000000
31890  -26.340  -45.145  30.060 0.0000000000
31889  -25.229  -45.177  30.292 0.0000000000
30647  -24.943  -46.714  28.989 0.0000000000
29451  -24.978  -47.598  28.800 0.0000000000
27259  -26.424  -49.041  28.126 0.0000000000
35305  -39.162  -42.209  38.005 0.0000000000
36513  -38.614  -41.869  37.549 0.0000000000
36530  -37.885  -41.324  36.548 0.0000000000
37669  -37.432  -40.834  36.161 0.0000000000
39925  -34.225  -38.508  31.670 0.0000000000
39915  -34.300  -38.895  32.492 0.0000000000
39924  -33.383  -38.406  31.487 0.0000000000
39913  -32.778  -38.662  31.928 0.0000000000
39912  -31.960  -38.939  31.992 0.0000000000
149799  -31.318  -39.328  31.966 0.0000000000
39922  -31.418  -38.886  31.407 0.0000000000
39930  -30.080  -38.859  30.107 0.0000000000
38874  -29.265  -39.272  29.550 0.0000000000
35450  -29.982  -41.921  25.533 0.0000000000
36677  -28.905  -41.440  25.590 0.0000000000
45242  -50.217  -32.820  32.022 0.0000000000
46398  -50.580  -32.153  31.631 0.0000000000
148478  -50.737  -31.606  31.426 0.0000000000
48468  -51.750  -30.575  32.550 0.0000000000
39874  -50.202  -38.425  36.156 0.0000000000
39873  -49.473  -38.739  35.712 0.0000000000
41053  -49.768  -37.827  35.549 0.0000000000
41075  -48.440  -37.527  34.511 0.0000000000
42120  -49.021  -36.799  34.457 0.0000000000
42136  -48.387  -36.629  33.921 0.0000000000
41097  -47.681  -37.186  33.752 0.0000000000
141141  -46.026  -36.075  31.389 0.0000000000
44169  -47.283  -34.640  31.557 0.0000000000
56424  -47.980  -23.095  17.877 0.0000000000
132780  -35.949  -41.654  43.491 0.0000000000
36430  -35.075  -41.610  41.942 0.0000000000
36431  -35.758  -41.354  42.349 0.0000000000
36441  -36.072  -40.683  40.961 0.0000000000
37600  -35.766  -40.573  40.251 0.0000000000
37632  -35.697  -40.367  38.780 0.0000000000
37667  -35.203  -40.081  37.309 0.0000000000
49529  -48.312  -29.174  27.617 0.0000000000
51788  -49.926  -27.643  26.690 0.0000000000
51787  -49.290  -27.653  26.094 0.0000000000
50696  -49.617  -28.736  23.625 0.0000000000
49583  -49.503  -29.219  22.724 0.0000000000
50697  -50.487  -29.078  23.888 0.0000000000
49561  -51.697  -29.212  24.765 0.0000000000
49575  -51.757  -29.279  23.730 0.0000000000
34068  -42.652  -43.378  38.757 0.0000000000
34069  -43.608  -43.421  38.695 0.0000000000
128708  -43.612  -43.033  37.009 0.0000000000
34097  -44.665  -43.226  36.982 0.0000000000
128697  -44.228  -42.952  36.175 0.0000000000
35363  -42.554  -42.315  32.573 0.0000000000
37751  -45.189  -41.146  29.442 0.0000000000
36627  -44.793  -41.264  29.013 0.0000000000
150055  -44.106  -40.813  27.947 0.0000000000
36642  -43.884  -41.058  27.845 0.0000000000
37785  -42.832  -40.581  26.968 0.0000000000
37823  -42.278  -39.828  25.917 0.0000000000
37822  -41.492  -40.211  25.863 0.0000000000
37821  -40.645  -40.480  26.034 0.0000000000
37819  -38.961  -39.719  25.148 0.0000000000
153822  -37.937  -39.232  24.682 0.0000000000
38950  -37.795  -38.891  24.181 0.0000000000
141543  -36.360  -37.754  22.262 0.0000000000
41238  -38.449  -37.762  23.351 0.0000000000
44256  -41.769  -34.873  24.785 0.0000000000
44257  -42.083  -34.541  24.454 0.0000000000
56306  -59.487  -23.577  29.836 0.0000000000
55287  -59.006  -24.401  28.941 0.0000000000
54126  -58.222  -25.111  28.175 0.0000000000
56316  -58.737  -23.748  28.891 0.0000000000
134268  -58.094  -23.721  28.490 0.0000000000
56327  -57.611  -24.169  27.891 0.0000000000
57300  -57.455  -21.378  28.991 0.0000000000
56315  -57.126  -23.015  28.561 0.0000000000
56325  -55.077  -22.909  27.103 0.0000000000
150350  -54.624  -22.754  26.655 0.0000000000
60725  -57.151  -18.888  26.482 0.0000000000
148064  -56.342  -19.610  24.208 0.0000000000
60764  -54.654  -19.585  22.410 0.0000000000
60778  -53.656  -19.658  21.298 0.0000000000
60779  -54.362  -19.397  21.583 0.0000000000
61768  -54.769  -18.866  21.141 0.0000000000
61770  -56.248  -18.262  21.649 0.0000000000
61796  -54.962  -17.907  20.015 0.0000000000
150041  -61.091  -15.958  18.888 0.0000000000
127601  -60.323  -15.971  18.358 0.0000000000
29362  -26.949  -47.580  40.534 0.0000000000
29378  -27.033  -47.174  38.795 0.0000000000
29380  -28.375  -47.065  38.559 0.0000000000
29379  -27.788  -47.088  38.270 0.0000000000
30582  -27.008  -46.838  37.076 0.0000000000
30590  -26.924  -46.721  36.190 0.0000000000
30598  -26.870  -46.610  35.397 0.0000000000
31835  -26.649  -46.322  34.697 0.0000000000
34130  -29.072  -43.227  34.008 0.0000000000
34118  -28.896  -44.026  34.171 0.0000000000
34129  -28.653  -43.969  33.515 0.0000000000
142359  -27.904  -44.778  31.106 0.0000000000
34152  -27.842  -43.940  30.676 0.0000000000
31891  -26.989  -45.083  29.957 0.0000000000
30677  -26.516  -46.662  27.535 0.0000000000
31934  -26.975  -45.907  27.251 0.0000000000
135393  -27.497  -46.944  26.333 0.0000000000
37702  -38.318  -41.192  34.054 0.0000000000
37701  -37.810  -40.951  34.577 0.0000000000
38838  -37.143  -40.178  33.187 0.0000000000
38851  -36.317  -39.619  32.905 0.0000000000
39926  -35.879  -38.828  31.329 0.0000000000
135465  -34.992  -38.522  31.348 0.0000000000
141816  -33.793  -38.222  31.061 0.0000000000
41128  -32.861  -37.703  30.166 0.0000000000
41137  -31.648  -37.360  29.208 0.0000000000
46468  -44.480  -32.403  26.594 0.0000000000
47543  -44.752  -31.747  26.276 0.0000000000
47530  -46.566  -31.472  27.491 0.0000000000
48523  -48.108  -30.090  27.833 0.0000000000
46426  -48.243  -32.063  29.853 0.0000000000
47505  -48.615  -31.400  29.476 0.0000000000
48513  -48.449  -30.430  28.509 0.0000000000
146520  -49.608  -28.503  28.655 0.0000000000
50630  -50.512  -28.047  28.823 0.0000000000
50631  -51.566  -27.797  28.787 0.0000000000
34088  -48.723  -43.358  36.789 0.0000000000
146655  -47.975  -43.647  35.491 0.0000000000
34100  -48.728  -43.531  35.728 0.0000000000
34126  -48.395  -43.509  34.621 0.0000000000
34135  -48.188  -43.646  33.976 0.0000000000
36560  -48.457  -42.066  34.431 0.0000000000
36570  -48.170  -42.800  33.788 0.0000000000
36579  -47.328  -42.889  32.720 0.0000000000
36578  -47.173  -42.279  32.283 0.0000000000
37731  -46.563  -41.605  31.108 0.0000000000
37742  -46.189  -41.529  30.430 0.0000000000
39872  -48.796  -39.131  35.313 0.0000000000
38825  -48.212  -39.498  34.881 0.0000000000
38840  -47.110  -39.502  33.923 0.0000000000
39902  -46.554  -38.959  33.357 0.0000000000
38839  -46.643  -40.061  33.333 0.0000000000
37730  -45.793  -40.705  31.204 0.0000000000
37741  -45.627  -40.849  30.420 0.0000000000
37740  -44.921  -40.456  29.998 0.0000000000
38893  -44.292  -40.239  28.637 0.0000000000
38892  -43.723  -39.659  28.387 0.0000000000
133182  -43.177  -39.099  28.242 0.0000000000
38909  -43.005  -39.425  26.755 0.0000000000
39993  -42.592  -38.965  26.288 0.0000000000
148614  -41.705  -38.168  25.147 0.0000000000
41199  -41.575  -37.538  25.674 0.0000000000
42229  -41.506  -36.761  26.250 0.0000000000
42230  -41.695  -36.016  26.570 0.0000000000
43208  -42.006  -35.290  26.601 0.0000000000
43175  -44.528  -35.736  29.641 0.0000000000
44222  -42.632  -34.875  27.112 0.0000000000
45289  -43.680  -33.697  27.180 0.0000000000
45306  -44.097  -33.035  26.854 0.0000000000
129432  -60.794  -17.393  23.481 0.0000000000
63652  -62.252  -17.717  22.157 0.0000000000
127856  -61.576  -18.416  21.178 0.0000000000
129989  -61.704  -17.062  20.109 0.0000000000
63699  -62.697  -17.123  19.847 0.0000000000
63682  -64.216  -16.417  21.202 0.0000000000
63700  -63.794  -16.595  20.496 0.0000000000
64786  -62.174  -15.987  19.135 0.0000000000
64797  -62.360  -15.567  18.371 0.0000000000
64812  -62.064  -15.198  17.649 0.0000000000
65791  -62.670  -14.809  17.450 0.0000000000
31789  -31.445  -45.872  40.410 0.0000000000
31798  -30.495  -46.024  39.262 0.0000000000
31799  -31.162  -45.587  39.672 0.0000000000
32964  -31.562  -44.793  39.354 0.0000000000
32972  -31.326  -44.553  38.689 0.0000000000
32954  -32.888  -44.063  40.427 0.0000000000
32973  -31.888  -44.078  39.032 0.0000000000
32982  -31.148  -44.246  38.036 0.0000000000
34078  -30.868  -43.895  37.330 0.0000000000
34093  -30.518  -43.619  36.566 0.0000000000
34107  -30.177  -43.315  35.842 0.0000000000
35244  -34.127  -42.151  40.727 0.0000000000
142193  -33.703  -42.159  39.476 0.0000000000
36475  -33.981  -41.596  39.050 0.0000000000
130294  -33.223  -42.312  38.786 0.0000000000
130148  -32.527  -42.794  38.296 0.0000000000
151440  -31.763  -42.608  37.212 0.0000000000
35317  -30.832  -42.801  36.238 0.0000000000
34120  -29.862  -42.969  35.156 0.0000000000
35338  -29.633  -42.669  34.457 0.0000000000
35350  -29.345  -42.409  33.749 0.0000000000
35361  -28.975  -42.178  32.986 0.0000000000
128327  -30.668  -41.553  34.487 0.0000000000
36562  -29.686  -41.693  33.437 0.0000000000
35360  -28.773  -41.969  32.209 0.0000000000
36581  -28.643  -41.752  31.559 0.0000000000
132533  -28.362  -41.455  30.450 0.0000000000
41169  -34.876  -36.968  27.583 0.0000000000
48546  -44.638  -30.770  25.171 0.0000000000
48547  -45.412  -30.369  25.517 0.0000000000
49557  -44.662  -29.749  24.045 0.0000000000
49549  -47.085  -28.760  25.771 0.0000000000
50680  -46.597  -28.510  24.559 0.0000000000
49559  -45.982  -28.927  24.570 0.0000000000
54215  -49.438  -25.603  21.141 0.0000000000
55357  -49.831  -24.818  21.390 0.0000000000
35223  -39.872  -43.627  42.369 0.0000000000
35245  -39.254  -42.790  40.936 0.0000000000
144394  -39.691  -43.286  41.467 0.0000000000
35246  -39.776  -43.068  40.618 0.0000000000
35268  -39.758  -42.758  39.546 0.0000000000
34065  -40.229  -42.889  39.061 0.0000000000
35289  -39.672  -42.511  38.522 0.0000000000
35328  -39.266  -42.203  36.313 0.0000000000
34081  -42.018  -43.083  37.931 0.0000000000
34080  -40.804  -42.674  37.048 0.0000000000
35323  -40.970  -42.640  36.319 0.0000000000
35329  -39.457  -42.237  35.446 0.0000000000
37714  -38.331  -40.903  33.304 0.0000000000
36583  -39.096  -40.994  32.167 0.0000000000
37721  -38.396  -40.530  31.723 0.0000000000
38875  -36.948  -39.120  30.148 0.0000000000
39949  -36.952  -38.842  29.254 0.0000000000
39960  -36.603  -38.442  28.661 0.0000000000
34113  -47.792  -43.806  34.678 0.0000000000
34112  -46.900  -43.678  34.788 0.0000000000
34123  -46.391  -43.626  34.082 0.0000000000
34139  -46.018  -43.457  32.254 0.0000000000
34122  -45.375  -43.295  33.885 0.0000000000
35365  -44.311  -42.881  32.914 0.0000000000
35364  -43.395  -42.575  32.789 0.0000000000
35371  -42.655  -42.251  31.579 0.0000000000
36606  -44.737  -41.664  29.197 0.0000000000
35399  -43.985  -42.106  29.331 0.0000000000
35398  -43.256  -41.898  29.157 0.0000000000
36623  -41.907  -41.575  28.348 0.0000000000
36605  -42.517  -41.807  28.994 0.0000000000
138485  -43.202  -42.159  29.756 0.0000000000
35381  -42.926  -42.249  30.585 0.0000000000
148641  -41.910  -41.891  31.011 0.0000000000
36586  -41.095  -41.655  30.926 0.0000000000
138984  -38.747  -40.463  29.658 0.0000000000
37767  -38.823  -40.527  28.062 0.0000000000
37748  -38.776  -40.453  28.927 0.0000000000
38876  -37.630  -39.396  28.880 0.0000000000
142065  -36.645  -38.318  27.937 0.0000000000
41171  -36.136  -37.681  27.442 0.0000000000
43239  -41.512  -35.634  24.424 0.0000000000
44117  -52.088  -34.218  34.641 0.0000000000
139971  -52.332  -33.576  34.537 0.0000000000
44118  -52.771  -33.805  35.220 0.0000000000
136234  -53.501  -33.116  36.097 0.0000000000
28234  -28.018  -47.904  41.356 0.0000000000
29365  -29.350  -47.502  40.625 0.0000000000
29355  -29.571  -47.729  41.546 0.0000000000
29366  -30.096  -47.305  40.878 0.0000000000
30559  -31.104  -46.552  40.765 0.0000000000
30549  -32.166  -46.427  41.962 0.0000000000
31780  -31.780  -46.135  41.150 0.0000000000
32943  -33.202  -45.027  42.013 0.0000000000
128764  -33.680  -44.078  42.169 0.0000000000
130176  -34.007  -43.673  42.940 0.0000000000
33995  -34.273  -42.816  42.821 0.0000000000
35174  -34.856  -42.434  43.618 0.0000000000
36412  -35.498  -42.096  44.175 0.0000000000
36413  -36.615  -41.914  43.986 0.0000000000
138924  -38.846  -43.428  43.500 0.0000000000
35199  -39.455  -43.628  42.972 0.0000000000
33999  -41.358  -43.807  42.759 0.0000000000
34018  -41.318  -43.807  42.090 0.0000000000
34034  -41.543  -43.712  41.380 0.0000000000
137350  -43.518  -43.519  40.406 0.0000000000
145206  -44.996  -43.402  39.552 0.0000000000
34058  -45.830  -43.264  39.603 0.0000000000
146993  -46.350  -43.211  39.029 0.0000000000
34073  -47.418  -43.058  38.252 0.0000000000
130608  -48.096  -43.006  37.855 0.0000000000
35249  -48.191  -42.310  40.275 0.0000000000
154642  -48.163  -42.699  38.967 0.0000000000
152714  -48.297  -42.810  38.365 0.0000000000
34089  -49.516  -43.192  36.905 0.0000000000
34102  -49.899  -43.100  36.535 0.0000000000
134836  -50.272  -42.758  36.691 0.0000000000
144601  -50.886  -42.044  37.549 0.0000000000
35309  -50.761  -42.269  36.950 0.0000000000
36532  -50.494  -41.876  36.393 0.0000000000
37671  -50.598  -41.056  36.514 0.0000000000
135614  -50.645  -40.196  36.608 0.0000000000
38790  -50.400  -39.398  36.474 0.0000000000
38774  -52.013  -38.767  37.490 0.0000000000
38792  -51.364  -38.799  37.047 0.0000000000
39854  -50.843  -38.669  36.626 0.0000000000
41031  -50.882  -37.813  36.364 0.0000000000
41055  -51.058  -37.132  36.066 0.0000000000
42123  -51.055  -36.119  35.297 0.0000000000
43105  -51.907  -35.000  35.083 0.0000000000
45205  -52.203  -33.080  34.062 0.0000000000
47440  -52.704  -31.798  34.560 0.0000000000
134830  -52.348  -31.704  33.790 0.0000000000
47448  -52.320  -31.063  33.565 0.0000000000
48469  -52.171  -30.711  33.163 0.0000000000
49476  -52.245  -29.971  33.039 0.0000000000
49433  -54.645  -29.620  36.130 0.0000000000
49443  -54.435  -29.251  35.360 0.0000000000
50550  -54.987  -28.537  35.361 0.0000000000
49442  -53.914  -29.129  34.510 0.0000000000
49475  -51.902  -29.711  32.472 0.0000000000
139231  -52.260  -28.370  31.811 0.0000000000
50602  -52.122  -27.952  30.961 0.0000000000
51705  -53.820  -27.644  32.360 0.0000000000
51720  -52.923  -27.629  31.272 0.0000000000
51737  -52.729  -27.624  30.433 0.0000000000
51750  -52.984  -27.656  29.630 0.0000000000
51762  -53.155  -27.815  28.758 0.0000000000
52889  -57.085  -26.604  32.584 0.0000000000
51724  -56.290  -26.745  32.040 0.0000000000
51741  -56.279  -26.731  31.152 0.0000000000
52931  -57.249  -26.546  30.807 0.0000000000
51740  -55.298  -26.979  30.554 0.0000000000
151771  -54.880  -27.153  29.927 0.0000000000
147296  -53.734  -27.861  28.376 0.0000000000
50633  -53.332  -28.101  27.883 0.0000000000
50646  -53.544  -28.418  26.966 0.0000000000
51776  -55.264  -27.562  27.132 0.0000000000
50662  -54.292  -28.469  25.973 0.0000000000
50677  -53.458  -28.665  25.611 0.0000000000
51803  -53.352  -28.316  24.881 0.0000000000
51802  -53.007  -27.653  24.287 0.0000000000
54125  -57.507  -25.319  27.564 0.0000000000
54141  -56.436  -25.691  26.672 0.0000000000
141626  -55.558  -26.030  26.058 0.0000000000
55313  -55.674  -24.864  26.122 0.0000000000
54157  -55.347  -25.446  25.740 0.0000000000
52989  -55.030  -26.413  25.630 0.0000000000
52995  -54.334  -26.230  24.958 0.0000000000
139073  -52.551  -26.239  23.679 0.0000000000
54187  -52.250  -25.569  23.435 0.0000000000
138656  -51.917  -24.972  23.183 0.0000000000
55344  -51.362  -24.739  22.683 0.0000000000
55343  -50.760  -24.292  22.192 0.0000000000
137233  -55.009  -22.271  26.879 0.0000000000
140074  -55.260  -20.581  25.571 0.0000000000
59617  -55.086  -20.377  24.632 0.0000000000
57326  -53.977  -22.028  25.818 0.0000000000
57332  -52.853  -22.549  24.808 0.0000000000
57339  -51.687  -22.548  23.309 0.0000000000
138899  -51.143  -22.827  22.610 0.0000000000
57347  -50.610  -22.516  22.083 0.0000000000
58497  -49.650  -21.903  20.569 0.0000000000
58513  -49.459  -21.590  19.710 0.0000000000
58498  -50.173  -21.193  20.055 0.0000000000
59680  -49.901  -20.948  19.268 0.0000000000
59710  -50.224  -20.332  17.880 0.0000000000
60791  -52.731  -19.724  20.301 0.0000000000
60806  -52.492  -19.510  19.587 0.0000000000
60805  -51.824  -19.845  19.274 0.0000000000
60835  -50.817  -19.898  17.507 0.0000000000
62723  -58.259  -17.271  21.093 0.0000000000
145388  -59.304  -17.001  21.135 0.0000000000
150108  -57.593  -17.237  20.502 0.0000000000
62734  -56.429  -17.190  19.683 0.0000000000
127071  -59.545  -16.226  18.612 0.0000000000
63713  -57.622  -16.456  18.545 0.0000000000
63726  -57.350  -16.155  17.743 0.0000000000
29361  -26.343  -47.284  40.111 0.0000000000
30565  -25.000  -46.144  39.096 0.0000000000
31815  -25.460  -46.194  37.316 0.0000000000
31850  -22.019  -44.806  33.115 0.0000000000
145894  -22.649  -44.716  32.885 0.0000000000
31807  -30.285  -45.877  38.521 0.0000000000
30586  -29.717  -46.329  38.049 0.0000000000
30593  -29.053  -46.667  36.851 0.0000000000
31826  -29.369  -46.168  36.533 0.0000000000
31825  -28.937  -46.690  36.070 0.0000000000
30606  -28.165  -46.860  35.087 0.0000000000
148164  -26.615  -46.085  33.959 0.0000000000
33010  -28.656  -44.883  33.808 0.0000000000
31854  -28.302  -45.713  33.417 0.0000000000
134336  -27.684  -45.832  32.565 0.0000000000
31853  -27.874  -46.151  33.329 0.0000000000
31852  -27.042  -45.990  33.201 0.0000000000
130584  -26.143  -45.730  33.607 0.0000000000
33029  -24.222  -44.767  31.367 0.0000000000
31888  -24.455  -45.181  30.638 0.0000000000
31887  -23.704  -45.340  30.922 0.0000000000
29469  -26.017  -47.439  27.859 0.0000000000
36460  -38.535  -42.115  40.411 0.0000000000
133504  -38.010  -41.593  39.787 0.0000000000
36477  -37.841  -41.337  38.973 0.0000000000
154177  -36.702  -40.476  37.976 0.0000000000
130340  -35.987  -40.164  37.905 0.0000000000
37700  -36.945  -40.382  34.850 0.0000000000
38802  -36.213  -39.832  35.196 0.0000000000
38821  -35.563  -39.595  34.632 0.0000000000
38801  -35.463  -39.637  35.454 0.0000000000
38800  -34.740  -39.652  35.572 0.0000000000
37682  -34.123  -39.965  35.958 0.0000000000
37698  -32.637  -40.251  34.664 0.0000000000
37710  -31.550  -40.342  33.709 0.0000000000
38846  -31.644  -39.507  32.523 0.0000000000
38845  -30.900  -39.837  32.311 0.0000000000
37727  -30.139  -40.177  31.975 0.0000000000
37726  -29.390  -40.592  31.579 0.0000000000
37736  -28.551  -40.790  30.236 0.0000000000
137721  -27.633  -41.935  28.704 0.0000000000
42198  -33.485  -36.745  28.078 0.0000000000
42209  -32.129  -36.478  27.240 0.0000000000
42197  -32.553  -36.624  28.000 0.0000000000
41152  -32.114  -36.947  28.640 0.0000000000
41151  -31.328  -37.109  28.414 0.0000000000
41136  -30.840  -37.535  28.941 0.0000000000
135249  -29.590  -38.518  26.645 0.0000000000
41149  -29.920  -37.788  27.707 0.0000000000
39958  -30.085  -37.864  28.585 0.0000000000
39957  -29.451  -38.336  28.181 0.0000000000
38889  -29.030  -39.003  28.638 0.0000000000
38888  -28.557  -39.545  28.172 0.0000000000
36634  -28.277  -40.890  26.539 0.0000000000
37780  -28.216  -40.388  27.204 0.0000000000
37766  -28.247  -40.284  28.529 0.0000000000
37765  -27.898  -40.706  27.939 0.0000000000
36619  -27.625  -41.515  28.036 0.0000000000
35409  -27.487  -42.402  28.178 0.0000000000
33086  -27.657  -43.941  26.362 0.0000000000
33095  -27.993  -44.416  25.694 0.0000000000
28379  -27.357  -48.429  26.999 0.0000000000
31800  -31.800  -45.072  40.076 0.0000000000
31823  -24.513  -45.240  35.803 0.0000000000
33015  -22.774  -44.567  33.611 0.0000000000
33023  -24.481  -44.607  32.032 0.0000000000
34052  -32.771  -43.557  39.647 0.0000000000
34090  -50.100  -42.899  37.060 0.0000000000
34114  -48.720  -43.443  35.178 0.0000000000
34125  -48.072  -43.856  34.221 0.0000000000
34131  -45.229  -43.302  33.021 0.0000000000
34147  -46.613  -43.183  31.591 0.0000000000
35265  -33.225  -42.794  39.528 0.0000000000
35290  -40.153  -42.648  38.122 0.0000000000
35325  -50.408  -42.430  36.537 0.0000000000
35334  -48.934  -43.233  35.091 0.0000000000
35341  -40.493  -42.528  35.285 0.0000000000
35346  -49.034  -42.546  35.035 0.0000000000
35358  -47.712  -43.214  33.381 0.0000000000
35374  -46.416  -43.052  30.932 0.0000000000
35400  -44.903  -42.269  29.503 0.0000000000
35412  -43.868  -41.692  28.730 0.0000000000
35413  -44.378  -41.781  29.060 0.0000000000
35423  -27.624  -42.061  27.281 0.0000000000
35440  -30.501  -42.575  25.773 0.0000000000
35448  -28.556  -42.215  25.696 0.0000000000
36480  -51.075  -41.122  38.893 0.0000000000
36494  -33.577  -41.607  38.358 0.0000000000
36499  -51.553  -40.993  37.693 0.0000000000
36529  -33.157  -40.999  36.839 0.0000000000
36531  -38.551  -41.816  36.630 0.0000000000
36567  -40.208  -41.889  33.204 0.0000000000
36574  -39.019  -41.242  33.051 0.0000000000
36591  -40.575  -41.460  30.442 0.0000000000
36593  -46.130  -42.072  29.992 0.0000000000
36601  -28.142  -41.328  29.767 0.0000000000
36659  -27.964  -41.557  26.670 0.0000000000
37653  -51.871  -40.405  37.749 0.0000000000
37680  -32.900  -40.456  35.424 0.0000000000
37681  -33.565  -40.064  35.476 0.0000000000
37683  -36.824  -40.304  35.696 0.0000000000
37713  -37.733  -40.689  33.711 0.0000000000
37718  -30.471  -40.457  32.727 0.0000000000
37723  -46.730  -41.542  31.982 0.0000000000
37750  -44.724  -40.695  29.082 0.0000000000
37769  -44.411  -40.783  28.421 0.0000000000
37784  -42.162  -40.435  26.350 0.0000000000
37795  -28.790  -40.761  25.888 0.0000000000
37820  -39.902  -40.360  25.840 0.0000000000
38767  -36.000  -39.944  36.943 0.0000000000
38799  -34.091  -39.715  35.225 0.0000000000
38822  -36.309  -39.859  34.376 0.0000000000
38847  -32.429  -39.164  32.585 0.0000000000
38848  -33.686  -39.080  32.869 0.0000000000
38921  -29.936  -38.805  26.075 0.0000000000
39914  -33.574  -38.710  32.175 0.0000000000
39921  -30.784  -38.873  30.827 0.0000000000
39932  -32.431  -38.073  30.698 0.0000000000
39936  -36.151  -38.681  30.445 0.0000000000
39962  -42.874  -38.295  28.456 0.0000000000
39976  -29.436  -38.331  27.343 0.0000000000
41124  -45.570  -37.207  31.673 0.0000000000
41150  -30.585  -37.381  28.105 0.0000000000
41155  -36.005  -37.892  28.416 0.0000000000
41167  -30.500  -37.384  27.294 0.0000000000
41183  -31.072  -36.985  26.900 0.0000000000
42196  -31.768  -36.708  27.882 0.0000000000
42224  -31.695  -36.669  26.602 0.0000000000
44130  -49.313  -34.874  33.371 0.0000000000
44133  -51.972  -33.635  34.142 0.0000000000
46330  -53.276  -32.449  35.667 0.0000000000
46343  -52.831  -32.462  34.996 0.0000000000
47421  -53.765  -31.631  36.670 0.0000000000
47480  -51.051  -31.202  31.583 0.0000000000
51775  -54.743  -27.996  26.981 0.0000000000
52867  -57.783  -26.456  33.218 0.0000000000
52914  -58.565  -25.959  31.121 0.0000000000
52933  -58.839  -25.996  30.268 0.0000000000
52950  -58.049  -26.319  29.698 0.0000000000
52991  -55.942  -26.100  26.437 0.0000000000
54109  -58.599  -25.474  28.942 0.0000000000
55266  -59.554  -24.159  30.123 0.0000000000
55286  -58.358  -24.434  28.364 0.0000000000
63681  -64.060  -16.948  21.377 0.0000000000
128988  -46.359  -43.451  35.589 0.0000000000
129070  -35.097  -40.378  38.164 0.0000000000
132945  -27.815  -46.714  25.935 0.0000000000
133142  -42.384  -41.234  27.583 0.0000000000
136905  -63.425  -17.377  21.500 0.0000000000
138403  -59.505  -24.316  30.688 0.0000000000
138672  -34.928  -39.202  32.942 0.0000000000
140902  -58.739  -24.900  28.692 0.0000000000
142895  -37.366  -40.844  37.622 0.0000000000
144204  -27.540  -44.744  26.416 0.0000000000
144830  -28.257  -40.070  27.811 0.0000000000
146051  -39.159  -38.763  24.295 0.0000000000
146074  -53.523  -27.581  31.779 0.0000000000
146498  -59.193  -23.836  29.284 0.0000000000
148687  -56.374  -25.044  26.500 0.0000000000
151671  -57.277  -25.860  27.687 0.0000000000
151903  -30.182  -39.361  30.851 0.0000000000
152900  -55.181  -27.448  26.342 0.0000000000
153173  -50.528  -27.933  21.781 0.0000000000
153423  -46.019  -43.155  40.114 0.0000000000
153932  -42.797  -41.949  29.473 0.0000000000
154257  -25.482  -47.751  28.362 0.0000000000
154414  -42.603  -38.738  27.036 0.0000000000
154641  -44.056  -43.514  41.357 0.0000000000
