#!ascii label  , from subject sub-v2s8x29202_ses-1 vox2ras=TkReg
1389
48583  19.769  -35.112  55.635 0.0000000000
136087  2.719  -41.128  31.385 0.0000000000
48596  4.955  -35.231  54.858 0.0000000000
50883  10.860  -33.442  48.887 0.0000000000
134796  11.209  -32.765  39.704 0.0000000000
49748  12.448  -34.241  55.808 0.0000000000
53002  13.065  -31.686  53.435 0.0000000000
45067  19.852  -38.022  51.482 0.0000000000
47508  14.534  -36.463  51.255 0.0000000000
45070  8.032  -38.632  51.353 0.0000000000
157184  12.732  -29.227  44.051 0.0000000000
52018  12.241  -32.808  44.509 0.0000000000
143582  12.330  -28.769  39.894 0.0000000000
45135  1.709  -37.822  46.672 0.0000000000
47586  4.442  -36.441  44.387 0.0000000000
49775  7.752  -33.881  51.557 0.0000000000
53990  13.021  -30.758  48.530 0.0000000000
134856  7.799  -37.884  40.753 0.0000000000
44001  10.096  -39.252  36.161 0.0000000000
45355  12.946  -39.078  32.270 0.0000000000
135627  9.760  -33.196  35.220 0.0000000000
49729  16.578  -34.227  56.321 0.0000000000
157214  16.567  -33.228  54.864 0.0000000000
46311  19.426  -37.244  54.691 0.0000000000
134929  17.864  -37.088  51.835 0.0000000000
48603  16.509  -35.657  53.750 0.0000000000
48606  13.755  -35.499  53.850 0.0000000000
133060  12.301  -28.682  42.361 0.0000000000
47527  2.314  -36.225  50.618 0.0000000000
151813  3.788  -34.992  48.639 0.0000000000
133827  5.612  -34.049  52.488 0.0000000000
51969  15.440  -32.432  49.490 0.0000000000
53036  12.715  -31.140  50.896 0.0000000000
148050  6.840  -37.212  53.942 0.0000000000
43812  5.139  -39.501  50.619 0.0000000000
45075  2.800  -37.899  51.976 0.0000000000
43845  1.462  -39.296  48.731 0.0000000000
47550  8.389  -36.220  47.038 0.0000000000
47620  5.923  -37.247  42.761 0.0000000000
47581  9.451  -36.686  44.592 0.0000000000
52044  12.116  -32.544  42.177 0.0000000000
47639  12.509  -36.568  41.498 0.0000000000
47660  13.470  -36.459  39.551 0.0000000000
44037  11.475  -39.543  34.313 0.0000000000
47669  14.657  -36.095  37.609 0.0000000000
48575  8.464  -34.805  56.069 0.0000000000
51926  8.712  -31.946  55.245 0.0000000000
156582  13.289  -32.135  55.281 0.0000000000
51943  16.083  -32.774  52.016 0.0000000000
43835  21.581  -38.585  48.698 0.0000000000
139773  19.348  -37.588  46.758 0.0000000000
46390  18.430  -37.318  48.830 0.0000000000
131267  15.159  -37.378  48.885 0.0000000000
46340  10.833  -37.300  52.365 0.0000000000
47474  9.681  -36.557  53.914 0.0000000000
54952  9.667  -29.913  46.793 0.0000000000
50899  12.230  -33.731  46.625 0.0000000000
152862  9.808  -29.970  44.699 0.0000000000
143205  9.237  -30.721  42.668 0.0000000000
150736  8.941  -30.439  40.561 0.0000000000
148115  22.501  -36.723  54.764 0.0000000000
43863  25.184  -39.815  45.802 0.0000000000
41513  25.913  -41.373  48.123 0.0000000000
42622  22.762  -39.592  51.323 0.0000000000
158238  22.242  -38.955  53.954 0.0000000000
41572  1.623  -41.547  42.876 0.0000000000
43926  2.434  -38.691  41.149 0.0000000000
47574  2.740  -36.497  45.348 0.0000000000
48688  5.976  -35.733  47.818 0.0000000000
49786  9.188  -34.020  50.303 0.0000000000
53016  8.257  -31.464  52.971 0.0000000000
53026  9.066  -30.836  51.377 0.0000000000
54926  9.545  -29.818  49.102 0.0000000000
54013  13.563  -30.247  45.671 0.0000000000
43967  3.131  -38.445  38.509 0.0000000000
45269  3.470  -38.913  37.412 0.0000000000
136139  5.817  -39.917  35.790 0.0000000000
47598  11.754  -36.429  43.602 0.0000000000
140491  8.974  -38.218  38.643 0.0000000000
41702  6.956  -41.154  33.410 0.0000000000
41758  8.186  -41.608  30.770 0.0000000000
44128  9.972  -40.087  29.363 0.0000000000
55986  11.785  -28.850  37.451 0.0000000000
54097  9.155  -30.642  37.418 0.0000000000
54113  8.490  -30.952  35.294 0.0000000000
52105  10.906  -32.652  37.715 0.0000000000
48796  15.673  -35.188  35.661 0.0000000000
49727  18.156  -34.754  56.293 0.0000000000
50823  17.727  -33.806  55.184 0.0000000000
49757  19.189  -34.538  55.089 0.0000000000
47441  19.423  -36.014  56.138 0.0000000000
46323  18.144  -36.748  53.883 0.0000000000
48584  17.399  -35.563  55.616 0.0000000000
48585  16.715  -34.980  55.967 0.0000000000
42927  1.599  -41.037  29.816 0.0000000000
41780  3.225  -41.099  29.672 0.0000000000
48622  3.221  -35.971  52.771 0.0000000000
49779  4.207  -34.896  51.792 0.0000000000
49759  4.989  -34.120  54.078 0.0000000000
132114  21.460  -37.854  45.153 0.0000000000
47478  4.971  -36.352  54.440 0.0000000000
143730  4.205  -37.432  53.105 0.0000000000
46348  3.331  -36.884  52.770 0.0000000000
47513  2.429  -36.686  51.505 0.0000000000
48668  9.597  -35.350  48.549 0.0000000000
47557  8.980  -36.217  46.331 0.0000000000
48684  10.698  -35.301  47.346 0.0000000000
52052  12.131  -32.746  41.233 0.0000000000
49865  14.040  -34.606  41.093 0.0000000000
49881  14.432  -34.582  39.792 0.0000000000
47664  14.240  -36.149  38.418 0.0000000000
50968  13.962  -33.339  38.852 0.0000000000
49750  10.323  -34.505  56.103 0.0000000000
50815  10.509  -33.183  56.620 0.0000000000
50813  12.745  -33.108  56.812 0.0000000000
50845  16.618  -33.044  52.648 0.0000000000
50871  17.539  -33.615  49.821 0.0000000000
45079  20.430  -38.250  50.253 0.0000000000
45092  20.135  -38.035  49.383 0.0000000000
46377  19.322  -37.671  50.373 0.0000000000
47506  16.383  -36.300  51.245 0.0000000000
47537  16.337  -36.655  49.862 0.0000000000
47523  14.906  -36.673  50.554 0.0000000000
47510  12.751  -36.909  51.652 0.0000000000
48588  12.672  -34.958  55.030 0.0000000000
47472  11.358  -36.273  53.723 0.0000000000
153936  11.399  -35.230  55.082 0.0000000000
48591  9.811  -35.394  55.443 0.0000000000
54961  11.194  -29.258  45.637 0.0000000000
54963  9.868  -29.827  46.070 0.0000000000
55899  11.724  -29.060  44.270 0.0000000000
55946  12.942  -28.603  40.425 0.0000000000
55933  10.835  -29.096  42.161 0.0000000000
55009  10.953  -29.150  41.241 0.0000000000
133642  9.046  -30.486  41.325 0.0000000000
55031  10.546  -29.515  39.752 0.0000000000
43807  22.847  -39.393  49.720 0.0000000000
136192  1.843  -39.940  43.971 0.0000000000
156046  1.954  -38.086  43.724 0.0000000000
46405  2.051  -37.149  45.531 0.0000000000
49803  5.654  -34.517  50.091 0.0000000000
48672  5.160  -35.173  48.403 0.0000000000
48652  6.371  -34.891  49.459 0.0000000000
48650  8.004  -35.278  49.257 0.0000000000
49787  8.309  -34.310  50.655 0.0000000000
147627  10.522  -31.502  54.815 0.0000000000
53000  8.484  -31.607  54.415 0.0000000000
53013  11.492  -30.934  53.061 0.0000000000
53042  13.309  -31.244  49.206 0.0000000000
53975  10.888  -30.106  50.973 0.0000000000
150103  11.445  -30.161  50.374 0.0000000000
53985  9.615  -29.841  49.964 0.0000000000
53992  11.307  -29.575  48.669 0.0000000000
54935  11.543  -29.545  47.878 0.0000000000
139068  13.107  -30.374  47.292 0.0000000000
45131  17.669  -37.703  46.230 0.0000000000
45142  18.115  -37.854  44.801 0.0000000000
45084  8.307  -38.634  50.517 0.0000000000
43823  8.148  -38.778  49.187 0.0000000000
43810  6.913  -38.973  50.108 0.0000000000
43828  3.671  -40.407  50.557 0.0000000000
42643  4.369  -40.957  48.888 0.0000000000
43876  1.543  -38.898  46.913 0.0000000000
42680  1.340  -40.594  45.436 0.0000000000
47624  2.775  -36.720  42.480 0.0000000000
43932  2.805  -38.339  39.713 0.0000000000
156348  2.987  -36.797  41.233 0.0000000000
46454  7.157  -37.551  41.574 0.0000000000
149829  4.333  -37.720  39.310 0.0000000000
45220  5.866  -38.246  38.951 0.0000000000
43989  5.022  -39.120  37.095 0.0000000000
45238  6.628  -38.588  38.318 0.0000000000
52002  12.060  -32.750  45.348 0.0000000000
48698  12.223  -35.141  45.556 0.0000000000
48718  12.651  -35.289  44.643 0.0000000000
46483  11.360  -37.512  39.239 0.0000000000
138995  10.950  -37.475  39.889 0.0000000000
45265  9.652  -38.398  37.678 0.0000000000
44022  7.894  -39.942  36.070 0.0000000000
44040  8.994  -40.311  35.131 0.0000000000
41721  7.700  -41.567  32.555 0.0000000000
42841  9.657  -40.816  33.718 0.0000000000
154510  12.439  -39.165  33.405 0.0000000000
42861  11.274  -40.401  32.134 0.0000000000
145052  11.734  -39.985  30.757 0.0000000000
56014  11.616  -28.172  35.578 0.0000000000
55045  10.427  -29.838  37.700 0.0000000000
55061  10.446  -29.327  35.675 0.0000000000
154087  7.280  -33.189  34.932 0.0000000000
51011  7.757  -33.097  36.167 0.0000000000
50983  8.662  -32.770  37.011 0.0000000000
52141  10.488  -32.887  36.429 0.0000000000
52119  14.084  -32.831  36.779 0.0000000000
51005  13.124  -32.346  35.596 0.0000000000
49746  14.263  -34.198  55.919 0.0000000000
50811  14.945  -33.216  56.223 0.0000000000
50824  16.957  -33.643  55.792 0.0000000000
45050  19.831  -37.813  53.094 0.0000000000
46354  18.551  -37.424  51.504 0.0000000000
46324  17.997  -36.959  52.808 0.0000000000
47486  17.442  -36.653  52.417 0.0000000000
48617  15.552  -35.779  52.383 0.0000000000
48619  13.951  -35.898  52.877 0.0000000000
48605  14.591  -35.456  53.547 0.0000000000
142800  14.528  -34.926  54.702 0.0000000000
54996  14.490  -29.385  42.573 0.0000000000
55918  12.776  -28.798  42.968 0.0000000000
55930  14.097  -28.876  41.832 0.0000000000
55945  13.700  -28.480  40.529 0.0000000000
55961  13.757  -28.309  39.729 0.0000000000
141888  1.857  -37.115  48.196 0.0000000000
47553  2.608  -36.148  47.837 0.0000000000
48655  2.967  -35.403  49.589 0.0000000000
151753  4.651  -34.400  51.317 0.0000000000
49777  6.234  -34.068  51.872 0.0000000000
51954  14.947  -32.274  51.267 0.0000000000
53023  13.452  -31.518  51.717 0.0000000000
53034  14.155  -31.836  50.200 0.0000000000
142088  14.106  -31.715  49.237 0.0000000000
53057  14.615  -31.526  47.535 0.0000000000
54003  13.962  -30.908  47.132 0.0000000000
46344  7.288  -37.882  53.012 0.0000000000
45072  6.226  -38.816  51.757 0.0000000000
45060  5.715  -38.354  52.562 0.0000000000
149281  3.804  -39.034  51.693 0.0000000000
42628  2.738  -40.311  50.630 0.0000000000
42645  1.291  -41.131  48.786 0.0000000000
155235  1.836  -39.072  50.415 0.0000000000
136354  1.743  -37.604  49.036 0.0000000000
47570  5.963  -36.518  45.674 0.0000000000
134835  5.508  -37.070  43.372 0.0000000000
47583  6.741  -36.917  44.448 0.0000000000
131433  7.598  -37.064  44.248 0.0000000000
46415  8.940  -37.133  43.285 0.0000000000
134377  11.901  -32.385  43.066 0.0000000000
48725  13.413  -35.014  43.364 0.0000000000
156868  13.731  -34.231  42.257 0.0000000000
47653  13.232  -36.427  40.395 0.0000000000
46514  11.848  -37.797  37.769 0.0000000000
44038  10.676  -39.892  34.603 0.0000000000
45291  12.263  -38.258  36.145 0.0000000000
46549  12.967  -37.914  35.839 0.0000000000
46571  13.763  -37.660  34.672 0.0000000000
51021  9.608  -33.178  34.475 0.0000000000
49934  11.601  -32.648  34.730 0.0000000000
49959  11.716  -32.585  33.316 0.0000000000
157410  6.144  -35.185  55.723 0.0000000000
50819  6.359  -33.785  55.642 0.0000000000
156310  8.549  -33.484  56.171 0.0000000000
51916  10.557  -32.576  56.098 0.0000000000
51936  12.807  -31.791  54.521 0.0000000000
51921  15.143  -32.559  54.719 0.0000000000
51933  15.138  -32.428  53.754 0.0000000000
51955  14.469  -32.035  52.150 0.0000000000
51953  15.764  -32.670  51.175 0.0000000000
43850  21.756  -38.533  47.761 0.0000000000
45128  20.864  -38.016  46.653 0.0000000000
45116  20.467  -38.020  47.680 0.0000000000
140068  17.900  -37.039  50.435 0.0000000000
46380  16.820  -36.882  49.127 0.0000000000
46393  15.790  -37.359  48.305 0.0000000000
45068  9.708  -38.403  50.940 0.0000000000
46359  9.403  -38.166  51.778 0.0000000000
47492  11.568  -36.644  52.833 0.0000000000
47493  10.194  -36.941  53.148 0.0000000000
46343  8.202  -37.872  52.804 0.0000000000
47475  8.289  -36.790  54.079 0.0000000000
47457  7.351  -36.073  55.176 0.0000000000
53051  10.046  -31.498  48.351 0.0000000000
138269  11.443  -33.643  48.064 0.0000000000
53067  10.081  -31.134  46.820 0.0000000000
53066  10.402  -31.339  45.915 0.0000000000
53088  9.971  -31.049  44.429 0.0000000000
55908  11.485  -28.997  43.604 0.0000000000
54985  9.693  -30.035  43.938 0.0000000000
53102  9.970  -31.308  43.552 0.0000000000
53115  10.073  -31.668  42.730 0.0000000000
52055  9.570  -32.034  41.342 0.0000000000
52077  8.896  -32.037  40.114 0.0000000000
48570  20.318  -35.757  55.959 0.0000000000
43865  23.401  -38.789  46.524 0.0000000000
40500  26.912  -42.972  45.782 0.0000000000
158044  27.207  -42.881  47.092 0.0000000000
41525  26.547  -42.112  46.419 0.0000000000
145296  25.815  -40.927  46.894 0.0000000000
43847  24.402  -39.508  47.373 0.0000000000
43849  22.442  -38.713  47.570 0.0000000000
133912  22.263  -39.109  50.041 0.0000000000
45066  21.258  -38.737  51.136 0.0000000000
43795  22.050  -39.273  52.362 0.0000000000
140727  21.262  -38.808  52.513 0.0000000000
45044  20.965  -38.091  54.819 0.0000000000
158188  21.271  -36.837  55.742 0.0000000000
46418  2.315  -37.122  42.847 0.0000000000
47572  3.782  -36.222  44.883 0.0000000000
48691  3.607  -35.665  47.282 0.0000000000
48704  4.140  -35.753  46.629 0.0000000000
47561  5.435  -36.217  46.319 0.0000000000
48687  7.018  -35.977  47.721 0.0000000000
48669  8.566  -35.659  48.535 0.0000000000
49800  10.419  -34.092  49.238 0.0000000000
51928  6.968  -32.340  54.785 0.0000000000
51947  7.310  -32.228  53.383 0.0000000000
50847  7.738  -32.394  52.727 0.0000000000
53958  10.940  -30.533  52.407 0.0000000000
141287  9.153  -30.794  52.068 0.0000000000
51957  8.335  -31.903  52.123 0.0000000000
51965  9.188  -32.135  50.758 0.0000000000
51964  9.478  -31.865  50.203 0.0000000000
147131  9.583  -31.292  49.032 0.0000000000
54944  9.961  -29.601  47.774 0.0000000000
54949  11.919  -29.438  46.269 0.0000000000
54959  12.934  -29.716  45.144 0.0000000000
54012  14.376  -30.588  45.382 0.0000000000
54025  14.543  -30.401  44.623 0.0000000000
54970  14.020  -29.899  44.167 0.0000000000
43858  7.436  -39.212  47.712 0.0000000000
43826  5.514  -39.573  49.671 0.0000000000
46457  3.931  -37.080  40.869 0.0000000000
45241  2.912  -38.367  38.295 0.0000000000
42845  4.378  -40.066  33.652 0.0000000000
48699  11.540  -35.334  46.169 0.0000000000
47580  10.529  -36.453  44.521 0.0000000000
46452  9.204  -37.419  41.921 0.0000000000
47618  12.049  -36.538  42.729 0.0000000000
132961  9.868  -37.461  41.276 0.0000000000
46469  8.317  -38.158  39.889 0.0000000000
43987  7.498  -39.136  37.288 0.0000000000
42825  6.112  -40.488  34.547 0.0000000000
42884  4.324  -40.726  32.185 0.0000000000
41761  5.280  -41.542  30.535 0.0000000000
42883  10.085  -41.080  32.013 0.0000000000
42922  8.568  -40.784  29.449 0.0000000000
56840  13.813  -27.641  38.003 0.0000000000
56841  13.147  -27.816  37.309 0.0000000000
55975  11.995  -28.811  38.221 0.0000000000
55038  10.515  -29.714  38.723 0.0000000000
54081  9.030  -30.536  39.055 0.0000000000
52091  8.916  -32.174  39.350 0.0000000000
54105  8.709  -31.132  36.994 0.0000000000
52090  9.196  -32.492  38.388 0.0000000000
52088  11.483  -32.683  38.855 0.0000000000
50981  14.217  -33.234  38.043 0.0000000000
48780  15.319  -34.952  37.033 0.0000000000
46570  14.423  -37.280  34.310 0.0000000000
47704  15.552  -36.173  34.370 0.0000000000
49726  18.974  -34.864  56.039 0.0000000000
48601  19.956  -34.872  54.532 0.0000000000
48571  19.526  -35.449  56.102 0.0000000000
47442  18.574  -35.983  56.013 0.0000000000
48572  18.749  -35.343  56.168 0.0000000000
48573  18.051  -35.335  56.213 0.0000000000
42902  2.106  -41.140  30.721 0.0000000000
158220  2.341  -41.038  30.180 0.0000000000
153239  3.056  -41.018  30.841 0.0000000000
48621  3.830  -35.510  53.375 0.0000000000
49760  4.430  -34.790  53.725 0.0000000000
49753  4.728  -34.742  54.436 0.0000000000
144764  22.252  -38.319  45.932 0.0000000000
133392  22.107  -38.090  45.205 0.0000000000
149013  21.739  -38.098  45.785 0.0000000000
47460  4.732  -35.789  54.564 0.0000000000
46347  3.961  -36.677  53.340 0.0000000000
46329  4.219  -36.101  53.902 0.0000000000
47495  3.581  -36.168  53.283 0.0000000000
48667  10.468  -35.015  48.128 0.0000000000
140808  9.873  -35.588  47.636 0.0000000000
49814  10.881  -34.297  48.543 0.0000000000
52062  12.128  -32.867  40.291 0.0000000000
50951  13.718  -33.570  40.378 0.0000000000
50959  13.064  -33.064  39.929 0.0000000000
50957  14.280  -33.858  39.536 0.0000000000
50958  13.692  -33.356  39.557 0.0000000000
49749  11.429  -34.311  55.993 0.0000000000
49734  12.278  -33.500  56.533 0.0000000000
140182  20.540  -38.369  51.121 0.0000000000
131929  19.883  -37.934  50.094 0.0000000000
45080  19.897  -38.000  50.742 0.0000000000
47507  15.434  -36.286  51.155 0.0000000000
47524  14.016  -36.940  50.695 0.0000000000
47525  13.116  -37.224  50.840 0.0000000000
47509  13.666  -36.676  51.436 0.0000000000
49747  13.286  -34.255  55.732 0.0000000000
48589  11.967  -34.888  55.246 0.0000000000
48590  10.692  -35.276  55.315 0.0000000000
54972  12.317  -29.244  44.566 0.0000000000
54973  11.485  -29.179  44.929 0.0000000000
55947  11.862  -28.872  40.720 0.0000000000
55023  11.026  -29.215  40.448 0.0000000000
55963  11.557  -29.078  39.813 0.0000000000
139041  1.810  -38.735  45.104 0.0000000000
141911  1.905  -37.760  45.246 0.0000000000
139246  1.859  -37.514  45.983 0.0000000000
49788  6.894  -34.276  51.302 0.0000000000
48639  6.763  -34.561  50.296 0.0000000000
136727  7.539  -34.439  50.805 0.0000000000
53003  12.145  -31.467  53.716 0.0000000000
147802  11.141  -31.364  53.969 0.0000000000
53025  12.315  -31.149  52.838 0.0000000000
53983  12.578  -30.645  49.317 0.0000000000
53984  11.632  -29.910  49.512 0.0000000000
53991  12.235  -30.028  48.502 0.0000000000
131683  12.844  -30.400  47.936 0.0000000000
45085  7.470  -38.813  50.698 0.0000000000
42636  3.163  -41.001  50.017 0.0000000000
41514  3.534  -41.488  49.172 0.0000000000
136750  1.608  -38.136  47.400 0.0000000000
152425  1.424  -39.549  46.469 0.0000000000
45144  1.634  -38.515  46.012 0.0000000000
43892  1.711  -39.752  44.877 0.0000000000
47606  3.314  -36.457  43.093 0.0000000000
47623  3.160  -36.589  42.014 0.0000000000
47605  4.181  -36.539  43.507 0.0000000000
46470  6.754  -37.612  40.910 0.0000000000
157748  6.834  -37.881  40.350 0.0000000000
134069  6.813  -38.313  39.101 0.0000000000
45219  7.426  -38.212  39.717 0.0000000000
50912  12.610  -33.508  44.987 0.0000000000
150273  12.745  -34.063  45.285 0.0000000000
49841  12.995  -34.110  44.636 0.0000000000
45233  11.056  -37.979  37.979 0.0000000000
45234  10.265  -38.027  38.173 0.0000000000
45294  9.814  -38.760  36.904 0.0000000000
44002  9.142  -39.397  36.408 0.0000000000
44020  9.536  -39.815  35.629 0.0000000000
42822  9.311  -40.565  34.420 0.0000000000
44039  9.851  -40.154  34.885 0.0000000000
146518  12.901  -38.855  33.015 0.0000000000
44088  11.895  -40.057  31.616 0.0000000000
44071  12.474  -39.594  31.965 0.0000000000
56872  11.534  -27.530  35.243 0.0000000000
56873  11.061  -27.900  34.917 0.0000000000
56000  11.176  -28.951  36.041 0.0000000000
56015  10.844  -28.632  35.241 0.0000000000
51022  8.917  -33.428  35.059 0.0000000000
134743  7.707  -33.344  35.443 0.0000000000
51009  9.074  -33.369  35.870 0.0000000000
50994  9.634  -33.145  36.359 0.0000000000
51008  10.123  -33.100  35.826 0.0000000000
52140  12.829  -32.434  36.212 0.0000000000
49922  11.675  -32.631  35.372 0.0000000000
49730  15.842  -33.956  56.404 0.0000000000
49731  15.088  -33.694  56.388 0.0000000000
50809  16.378  -33.784  56.346 0.0000000000
49758  18.460  -34.042  54.268 0.0000000000
46322  19.250  -37.432  53.603 0.0000000000
46338  19.206  -37.578  52.675 0.0000000000
141982  18.609  -37.211  53.219 0.0000000000
48602  17.170  -35.961  54.206 0.0000000000
47469  17.592  -36.485  53.459 0.0000000000
47470  17.020  -36.112  53.010 0.0000000000
48616  16.285  -35.782  52.636 0.0000000000
48618  14.806  -35.767  52.612 0.0000000000
48604  15.555  -35.430  53.487 0.0000000000
49744  16.015  -34.533  55.934 0.0000000000
48586  15.404  -34.936  54.822 0.0000000000
49745  15.208  -34.348  55.951 0.0000000000
54997  13.632  -29.048  42.768 0.0000000000
55944  14.829  -28.463  40.457 0.0000000000
138918  14.209  -28.374  40.287 0.0000000000
55960  14.621  -28.168  39.709 0.0000000000
47539  2.420  -35.937  49.901 0.0000000000
47547  2.401  -36.015  49.244 0.0000000000
48641  2.623  -35.715  50.139 0.0000000000
147134  4.846  -34.454  52.127 0.0000000000
49778  5.346  -34.201  51.533 0.0000000000
51962  15.254  -32.402  50.417 0.0000000000
51963  14.657  -32.131  50.577 0.0000000000
51977  14.876  -32.100  48.910 0.0000000000
53049  14.399  -31.668  48.331 0.0000000000
53056  15.349  -31.914  47.213 0.0000000000
46345  6.261  -37.836  53.200 0.0000000000
45062  3.739  -37.897  52.615 0.0000000000
45074  4.209  -38.617  52.140 0.0000000000
140036  3.387  -38.313  52.113 0.0000000000
43814  3.226  -39.762  51.166 0.0000000000
43804  3.012  -38.867  51.664 0.0000000000
42629  1.919  -39.976  50.367 0.0000000000
45076  2.320  -38.150  51.475 0.0000000000
46372  1.979  -37.129  50.981 0.0000000000
46386  2.107  -36.449  49.998 0.0000000000
46395  2.000  -36.691  49.145 0.0000000000
152027  6.908  -36.398  46.535 0.0000000000
47569  6.712  -36.813  45.224 0.0000000000
47558  7.763  -36.436  46.284 0.0000000000
47567  9.210  -36.406  45.471 0.0000000000
47582  8.286  -36.847  44.953 0.0000000000
47601  8.574  -37.062  44.068 0.0000000000
50940  12.844  -33.041  42.809 0.0000000000
50933  13.496  -33.846  42.900 0.0000000000
156651  13.301  -33.443  42.366 0.0000000000
48755  13.882  -35.893  40.168 0.0000000000
48754  14.084  -35.287  40.691 0.0000000000
46482  12.174  -37.277  39.126 0.0000000000
46481  12.965  -36.968  38.950 0.0000000000
45262  12.044  -37.997  36.965 0.0000000000
46497  13.205  -37.120  38.145 0.0000000000
46512  13.381  -37.248  37.288 0.0000000000
47670  14.113  -36.844  36.994 0.0000000000
46548  13.655  -37.548  35.519 0.0000000000
46525  14.245  -37.022  36.056 0.0000000000
51034  7.960  -33.608  33.980 0.0000000000
51033  9.136  -33.265  33.635 0.0000000000
51032  10.118  -32.952  33.785 0.0000000000
51049  10.207  -32.928  33.011 0.0000000000
48576  7.492  -34.807  56.048 0.0000000000
49736  8.061  -34.054  56.146 0.0000000000
138819  8.994  -34.000  56.321 0.0000000000
138864  12.305  -32.784  56.520 0.0000000000
147548  11.347  -32.754  56.440 0.0000000000
51925  11.789  -32.073  55.702 0.0000000000
142114  12.615  -32.126  55.556 0.0000000000
50825  15.454  -32.921  55.617 0.0000000000
51922  14.711  -32.657  55.499 0.0000000000
50837  15.859  -32.841  54.475 0.0000000000
50846  15.813  -32.703  53.052 0.0000000000
146125  15.042  -32.340  52.853 0.0000000000
51944  14.450  -32.145  53.226 0.0000000000
145769  15.353  -32.454  52.089 0.0000000000
45115  21.122  -38.331  47.804 0.0000000000
45105  20.726  -38.259  48.577 0.0000000000
45094  19.308  -37.638  49.051 0.0000000000
45106  19.930  -37.857  48.388 0.0000000000
45107  19.070  -37.563  48.169 0.0000000000
46365  18.615  -37.394  50.745 0.0000000000
151459  17.562  -36.886  51.070 0.0000000000
46366  17.190  -36.792  50.043 0.0000000000
46381  15.951  -36.980  49.092 0.0000000000
46392  16.649  -37.154  48.284 0.0000000000
45095  13.395  -38.225  48.760 0.0000000000
46357  11.186  -37.755  51.410 0.0000000000
46358  10.328  -38.024  51.532 0.0000000000
48620  13.082  -35.987  53.148 0.0000000000
47491  12.457  -36.527  52.534 0.0000000000
47473  10.538  -36.413  53.866 0.0000000000
151611  10.864  -36.696  53.169 0.0000000000
47494  9.457  -37.170  53.197 0.0000000000
157749  9.197  -36.844  53.656 0.0000000000
46325  8.718  -37.210  53.432 0.0000000000
140278  8.929  -36.600  54.120 0.0000000000
48592  8.881  -35.498  55.521 0.0000000000
47456  8.334  -36.215  54.846 0.0000000000
48593  7.897  -35.540  55.616 0.0000000000
48594  6.865  -35.510  55.708 0.0000000000
53060  9.631  -30.630  47.374 0.0000000000
53059  9.827  -31.071  47.666 0.0000000000
54006  9.605  -30.351  47.083 0.0000000000
54975  10.091  -29.697  45.282 0.0000000000
53077  9.852  -30.628  45.756 0.0000000000
53076  9.992  -30.903  45.310 0.0000000000
53089  9.877  -30.720  44.824 0.0000000000
157582  12.104  -28.751  43.093 0.0000000000
55919  11.558  -28.849  42.686 0.0000000000
54998  10.005  -29.534  42.587 0.0000000000
54999  9.528  -30.122  43.052 0.0000000000
53103  9.623  -30.903  43.751 0.0000000000
154770  9.300  -30.990  43.046 0.0000000000
53116  9.452  -31.194  42.928 0.0000000000
135647  9.222  -31.138  42.379 0.0000000000
53126  9.068  -31.468  41.441 0.0000000000
53127  8.755  -30.968  41.040 0.0000000000
52065  9.127  -32.052  40.693 0.0000000000
54073  8.630  -31.003  40.291 0.0000000000
48569  21.226  -36.201  55.421 0.0000000000
48581  21.173  -35.768  54.361 0.0000000000
47467  22.395  -36.459  53.829 0.0000000000
43887  25.359  -39.942  45.064 0.0000000000
45147  24.534  -38.884  44.391 0.0000000000
43878  24.751  -39.226  45.272 0.0000000000
43879  23.980  -38.878  45.956 0.0000000000
41512  26.413  -41.834  48.491 0.0000000000
40487  27.028  -42.487  47.854 0.0000000000
41518  26.735  -42.303  47.158 0.0000000000
41519  26.163  -41.548  47.269 0.0000000000
43832  23.778  -39.429  48.121 0.0000000000
43848  23.384  -38.961  47.318 0.0000000000
43833  22.985  -39.016  48.066 0.0000000000
156358  22.714  -39.436  50.330 0.0000000000
43808  22.293  -39.327  50.801 0.0000000000
43809  21.645  -38.852  50.436 0.0000000000
43802  21.764  -39.090  51.125 0.0000000000
42607  23.377  -39.611  53.051 0.0000000000
43789  22.615  -39.292  53.314 0.0000000000
43781  21.763  -38.944  53.282 0.0000000000
45049  20.991  -38.574  53.538 0.0000000000
45043  21.651  -38.605  54.233 0.0000000000
47438  22.335  -37.038  55.349 0.0000000000
46299  21.644  -37.202  55.533 0.0000000000
47439  21.671  -36.789  55.508 0.0000000000
138406  20.932  -36.467  55.813 0.0000000000
40543  2.139  -42.381  41.891 0.0000000000
42719  2.177  -40.203  42.516 0.0000000000
47589  2.472  -36.768  44.862 0.0000000000
45173  2.073  -37.797  42.987 0.0000000000
47608  2.455  -36.852  43.775 0.0000000000
47607  2.780  -36.630  43.426 0.0000000000
47573  3.275  -36.279  45.002 0.0000000000
48674  3.281  -35.314  48.804 0.0000000000
48675  3.056  -35.690  48.132 0.0000000000
141644  3.669  -35.257  48.080 0.0000000000
48690  4.208  -35.436  47.422 0.0000000000
48689  4.971  -35.566  47.608 0.0000000000
48703  4.837  -35.868  46.860 0.0000000000
48702  5.618  -36.047  47.014 0.0000000000
47552  6.477  -36.208  47.075 0.0000000000
148408  6.727  -35.621  48.299 0.0000000000
49802  8.673  -34.762  49.807 0.0000000000
48649  8.945  -35.247  49.156 0.0000000000
49801  9.645  -34.661  49.433 0.0000000000
153377  9.869  -33.766  49.844 0.0000000000
50818  6.803  -33.048  55.549 0.0000000000
51929  6.372  -32.861  54.816 0.0000000000
53005  8.815  -31.315  53.529 0.0000000000
51937  7.292  -31.921  53.968 0.0000000000
152625  7.772  -31.806  53.353 0.0000000000
51946  8.075  -31.803  52.844 0.0000000000
53024  12.378  -30.957  51.911 0.0000000000
149480  11.733  -30.753  52.420 0.0000000000
53965  11.395  -30.486  51.755 0.0000000000
53967  9.521  -30.368  51.442 0.0000000000
53966  10.419  -30.232  51.648 0.0000000000
53027  8.660  -31.294  52.195 0.0000000000
51956  8.840  -31.526  51.439 0.0000000000
131948  8.742  -32.488  51.364 0.0000000000
53986  9.165  -30.397  49.515 0.0000000000
134409  9.180  -30.730  49.903 0.0000000000
53044  9.334  -31.216  49.781 0.0000000000
51971  9.949  -32.124  49.577 0.0000000000
53045  9.222  -30.729  49.176 0.0000000000
53052  9.447  -30.724  48.299 0.0000000000
54938  9.388  -29.975  48.183 0.0000000000
54005  12.541  -29.841  46.773 0.0000000000
54942  11.693  -29.440  47.030 0.0000000000
54948  12.718  -29.829  45.964 0.0000000000
131479  14.180  -30.768  46.201 0.0000000000
45129  20.211  -37.748  46.687 0.0000000000
149343  20.639  -37.783  46.070 0.0000000000
45140  20.089  -37.619  45.669 0.0000000000
43842  6.746  -39.128  48.925 0.0000000000
43841  7.652  -38.966  48.547 0.0000000000
45087  5.699  -39.160  51.165 0.0000000000
43811  6.076  -39.255  50.309 0.0000000000
41558  1.183  -41.729  43.523 0.0000000000
140611  1.506  -42.498  42.519 0.0000000000
43947  2.977  -38.514  38.855 0.0000000000
155238  3.439  -39.857  38.843 0.0000000000
43946  3.029  -39.087  38.720 0.0000000000
42775  3.217  -39.422  37.909 0.0000000000
47621  4.967  -37.063  42.556 0.0000000000
46435  5.517  -37.154  41.905 0.0000000000
45221  4.783  -38.088  38.830 0.0000000000
45222  3.799  -37.974  38.766 0.0000000000
45240  3.447  -38.478  38.154 0.0000000000
134090  3.366  -39.309  37.048 0.0000000000
44008  3.590  -39.601  36.323 0.0000000000
156093  5.137  -39.672  35.922 0.0000000000
44025  4.053  -39.571  35.194 0.0000000000
44024  4.830  -39.798  35.451 0.0000000000
42827  4.113  -39.780  33.978 0.0000000000
134338  4.513  -39.825  34.778 0.0000000000
50890  11.832  -33.486  47.331 0.0000000000
49822  11.842  -34.223  47.257 0.0000000000
49833  12.047  -34.654  46.446 0.0000000000
48719  11.983  -35.752  44.927 0.0000000000
47565  11.149  -36.067  45.092 0.0000000000
47599  10.823  -36.643  43.788 0.0000000000
46414  9.991  -36.963  43.242 0.0000000000
46431  10.252  -37.168  42.222 0.0000000000
47616  13.157  -35.831  42.381 0.0000000000
153117  12.697  -36.077  42.760 0.0000000000
47617  12.622  -36.341  42.183 0.0000000000
46484  10.023  -37.759  39.725 0.0000000000
46467  10.424  -37.477  40.566 0.0000000000
45217  9.389  -38.004  39.115 0.0000000000
46468  9.515  -37.724  40.487 0.0000000000
45218  8.701  -38.189  39.204 0.0000000000
45236  8.312  -38.501  38.531 0.0000000000
45266  8.279  -38.881  37.659 0.0000000000
42824  7.285  -40.623  34.821 0.0000000000
42807  7.362  -40.304  35.527 0.0000000000
135211  6.797  -40.772  34.143 0.0000000000
139879  5.105  -40.477  33.426 0.0000000000
41703  5.938  -40.923  33.174 0.0000000000
41741  5.447  -41.375  31.549 0.0000000000
156659  5.935  -41.375  32.036 0.0000000000
41738  8.395  -41.607  31.709 0.0000000000
42923  7.714  -40.869  29.187 0.0000000000
44018  11.229  -39.343  35.135 0.0000000000
42840  10.427  -40.554  33.375 0.0000000000
44056  10.946  -40.092  33.807 0.0000000000
42920  10.244  -40.517  30.134 0.0000000000
139944  10.438  -40.828  31.061 0.0000000000
44129  9.107  -40.107  29.095 0.0000000000
44148  7.934  -39.417  28.369 0.0000000000
56860  13.173  -27.371  36.581 0.0000000000
55985  12.428  -28.377  37.399 0.0000000000
139613  11.349  -29.234  38.948 0.0000000000
55044  11.237  -29.325  38.025 0.0000000000
55046  9.655  -30.306  37.795 0.0000000000
55039  9.739  -30.192  38.492 0.0000000000
54089  9.038  -30.656  38.253 0.0000000000
53143  8.679  -31.678  39.069 0.0000000000
54090  8.706  -31.156  38.707 0.0000000000
53175  7.826  -31.443  34.906 0.0000000000
54121  8.338  -30.535  34.505 0.0000000000
54112  8.974  -30.183  34.950 0.0000000000
153575  8.999  -30.479  35.671 0.0000000000
148631  8.565  -31.074  36.192 0.0000000000
52106  9.154  -32.779  37.424 0.0000000000
52107  8.765  -32.391  37.713 0.0000000000
133390  10.009  -32.773  37.802 0.0000000000
52089  9.946  -32.653  38.570 0.0000000000
52104  11.728  -32.573  37.997 0.0000000000
52086  13.425  -32.859  38.317 0.0000000000
52103  12.788  -32.549  37.816 0.0000000000
50992  15.130  -33.605  36.417 0.0000000000
50979  15.132  -33.876  37.032 0.0000000000
48788  15.468  -35.078  36.432 0.0000000000
136906  14.870  -36.536  35.660 0.0000000000
47687  15.446  -35.989  35.243 0.0000000000
49920  13.224  -32.260  34.993 0.0000000000
50808  16.949  -34.079  56.368 0.0000000000
49742  18.344  -34.350  55.704 0.0000000000
138772  19.348  -34.476  53.740 0.0000000000
47452  19.047  -36.604  55.452 0.0000000000
46312  18.755  -37.004  54.301 0.0000000000
47453  18.322  -36.502  55.070 0.0000000000
47454  17.732  -36.281  54.701 0.0000000000
142805  16.746  -35.539  54.897 0.0000000000
49728  17.348  -34.649  56.266 0.0000000000
42926  2.544  -40.865  29.262 0.0000000000
41793  3.492  -40.985  28.903 0.0000000000
47526  2.722  -35.894  51.048 0.0000000000
49780  3.238  -35.341  50.891 0.0000000000
48630  3.614  -35.429  52.409 0.0000000000
49768  4.207  -34.874  52.809 0.0000000000
49767  4.941  -34.296  53.112 0.0000000000
46327  5.706  -37.079  53.993 0.0000000000
46346  5.168  -37.716  53.260 0.0000000000
46328  4.648  -36.923  53.724 0.0000000000
45063  3.138  -37.622  52.364 0.0000000000
46362  2.411  -37.391  51.715 0.0000000000
46361  2.783  -37.155  52.138 0.0000000000
47512  2.908  -36.403  52.059 0.0000000000
133394  8.978  -35.901  47.802 0.0000000000
48685  9.249  -35.991  47.119 0.0000000000
48701  9.979  -35.820  46.846 0.0000000000
47556  10.023  -36.004  46.032 0.0000000000
50946  13.008  -33.080  41.799 0.0000000000
157902  13.472  -33.508  41.210 0.0000000000
50950  14.180  -34.169  40.405 0.0000000000
48767  14.319  -35.273  39.964 0.0000000000
136347  13.658  -36.548  38.707 0.0000000000
146494  14.518  -35.126  39.331 0.0000000000
49894  14.656  -34.499  39.011 0.0000000000
49904  14.987  -34.461  38.165 0.0000000000
48574  9.404  -34.655  56.089 0.0000000000
153883  9.914  -33.798  56.519 0.0000000000
49735  10.753  -33.646  56.586 0.0000000000
50814  11.675  -33.246  56.759 0.0000000000
51915  13.273  -32.742  56.240 0.0000000000
50836  16.560  -33.094  53.763 0.0000000000
50856  16.627  -33.086  51.728 0.0000000000
50863  16.516  -33.093  50.853 0.0000000000
50862  17.253  -33.466  50.529 0.0000000000
45091  21.051  -38.477  49.642 0.0000000000
45093  19.491  -37.719  49.737 0.0000000000
46378  18.692  -37.383  49.808 0.0000000000
47505  17.204  -36.633  51.549 0.0000000000
47521  16.879  -36.585  50.700 0.0000000000
47522  15.871  -36.430  50.513 0.0000000000
47538  15.305  -36.919  49.751 0.0000000000
46356  12.105  -37.597  50.980 0.0000000000
47511  11.816  -37.126  51.956 0.0000000000
48607  12.870  -35.608  54.147 0.0000000000
48608  11.927  -35.616  54.438 0.0000000000
48609  11.012  -35.856  54.513 0.0000000000
48610  10.181  -36.037  54.685 0.0000000000
47455  9.325  -36.132  54.811 0.0000000000
54951  10.240  -29.491  46.610 0.0000000000
54962  10.485  -29.435  45.872 0.0000000000
131610  10.712  -29.318  45.116 0.0000000000
55900  11.051  -29.186  44.387 0.0000000000
55931  12.542  -28.692  41.433 0.0000000000
55932  11.676  -28.794  41.772 0.0000000000
55010  10.056  -29.497  41.652 0.0000000000
55011  9.339  -30.148  42.062 0.0000000000
55024  10.223  -29.512  40.739 0.0000000000
55025  9.431  -29.952  41.105 0.0000000000
146271  9.575  -29.925  40.227 0.0000000000
43818  23.087  -39.336  48.851 0.0000000000
154136  23.297  -39.697  50.221 0.0000000000
42627  22.993  -39.644  50.778 0.0000000000
45035  22.595  -38.000  55.341 0.0000000000
131389  1.973  -39.537  43.013 0.0000000000
132782  1.918  -38.881  44.272 0.0000000000
45152  1.935  -37.936  44.418 0.0000000000
47575  2.427  -36.686  45.666 0.0000000000
49804  4.706  -34.572  49.923 0.0000000000
48653  4.350  -34.794  49.024 0.0000000000
140273  5.414  -34.837  49.238 0.0000000000
48671  6.107  -35.264  48.689 0.0000000000
48651  7.017  -35.276  48.949 0.0000000000
154456  7.216  -34.935  49.586 0.0000000000
48638  7.788  -34.761  50.078 0.0000000000
51927  7.805  -31.943  54.827 0.0000000000
52999  9.452  -31.585  54.805 0.0000000000
53004  9.961  -31.253  53.793 0.0000000000
53014  10.501  -30.808  53.067 0.0000000000
53043  12.936  -31.243  49.978 0.0000000000
53974  11.856  -30.599  51.026 0.0000000000
138948  12.216  -30.639  50.186 0.0000000000
53976  9.905  -29.885  50.815 0.0000000000
53977  9.181  -30.374  50.515 0.0000000000
54917  10.552  -29.685  50.108 0.0000000000
156264  10.043  -29.600  49.625 0.0000000000
54925  10.578  -29.528  49.205 0.0000000000
54937  10.082  -29.550  48.524 0.0000000000
53998  12.357  -29.894  47.580 0.0000000000
54004  13.358  -30.342  46.500 0.0000000000
45130  18.577  -37.585  46.456 0.0000000000
133897  19.332  -37.585  45.901 0.0000000000
134798  18.368  -37.704  45.610 0.0000000000
45100  8.638  -38.636  49.740 0.0000000000
45101  7.757  -38.750  49.922 0.0000000000
43824  7.238  -38.913  49.381 0.0000000000
43825  6.419  -39.163  49.575 0.0000000000
43827  4.585  -40.074  50.202 0.0000000000
43861  1.459  -39.166  47.777 0.0000000000
136458  1.203  -40.164  47.301 0.0000000000
42667  1.209  -40.485  46.373 0.0000000000
155467  1.471  -40.587  44.648 0.0000000000
136596  1.344  -41.065  44.065 0.0000000000
45199  2.452  -37.927  40.966 0.0000000000
133524  2.661  -38.873  40.507 0.0000000000
144952  2.552  -37.334  41.253 0.0000000000
46459  2.841  -37.282  40.712 0.0000000000
46474  3.098  -37.598  40.002 0.0000000000
46434  6.511  -37.359  42.181 0.0000000000
46456  5.050  -37.238  41.083 0.0000000000
46455  6.143  -37.368  41.346 0.0000000000
46487  5.260  -37.865  39.592 0.0000000000
45296  3.849  -39.071  36.845 0.0000000000
135209  5.234  -38.540  38.083 0.0000000000
45268  6.067  -38.880  37.610 0.0000000000
43988  6.419  -39.258  36.988 0.0000000000
50900  11.953  -32.795  46.233 0.0000000000
133004  12.484  -34.334  45.819 0.0000000000
47578  12.317  -35.911  44.175 0.0000000000
136497  11.851  -37.239  39.897 0.0000000000
46466  11.390  -37.208  40.629 0.0000000000
147968  10.656  -37.679  39.291 0.0000000000
45216  10.114  -37.877  38.901 0.0000000000
45235  9.553  -38.113  38.408 0.0000000000
44003  8.256  -39.374  36.802 0.0000000000
45295  9.023  -38.875  37.244 0.0000000000
44021  8.702  -39.950  35.810 0.0000000000
42843  7.724  -40.931  34.086 0.0000000000
41722  6.524  -41.376  32.432 0.0000000000
41701  8.177  -41.365  33.350 0.0000000000
41720  8.694  -41.486  32.559 0.0000000000
45343  12.224  -39.137  34.082 0.0000000000
44073  11.150  -40.252  32.985 0.0000000000
44072  11.869  -39.970  32.508 0.0000000000
42881  11.225  -40.432  31.292 0.0000000000
44106  11.023  -40.323  30.501 0.0000000000
56871  12.082  -27.503  35.607 0.0000000000
55999  11.918  -28.500  36.542 0.0000000000
55053  11.226  -29.241  37.056 0.0000000000
55054  10.552  -29.607  36.630 0.0000000000
148645  9.882  -30.159  37.045 0.0000000000
53163  7.403  -32.387  35.422 0.0000000000
52125  7.752  -32.584  36.226 0.0000000000
53156  8.237  -31.824  36.650 0.0000000000
155874  7.906  -32.882  36.476 0.0000000000
52123  9.760  -32.926  36.972 0.0000000000
145766  10.708  -32.754  37.127 0.0000000000
52121  12.225  -32.476  37.280 0.0000000000
52122  11.718  -32.578  36.567 0.0000000000
52139  13.669  -32.547  36.109 0.0000000000
51004  14.478  -32.902  36.181 0.0000000000
152210  13.756  -33.611  56.302 0.0000000000
49732  14.363  -33.360  56.379 0.0000000000
50810  15.670  -33.496  56.280 0.0000000000
50835  17.156  -33.422  54.479 0.0000000000
45057  19.828  -37.972  52.241 0.0000000000
46353  19.190  -37.697  51.865 0.0000000000
46339  18.520  -37.371  52.293 0.0000000000
47487  16.769  -36.260  52.046 0.0000000000
47488  15.947  -35.989  51.775 0.0000000000
48629  15.062  -36.085  51.816 0.0000000000
47489  14.223  -36.231  52.023 0.0000000000
131727  16.143  -35.201  54.787 0.0000000000
151731  15.011  -35.179  54.070 0.0000000000
48587  13.560  -34.938  54.890 0.0000000000
54982  13.205  -29.220  43.594 0.0000000000
55917  13.135  -28.734  42.111 0.0000000000
55929  14.873  -28.773  41.241 0.0000000000
151013  14.200  -28.556  40.952 0.0000000000
132757  13.430  -28.617  41.211 0.0000000000
149748  12.963  -28.493  39.398 0.0000000000
46401  1.850  -37.332  47.337 0.0000000000
47563  2.217  -36.693  47.585 0.0000000000
47554  2.270  -36.354  48.452 0.0000000000
134672  2.797  -35.654  49.017 0.0000000000
48654  3.554  -34.981  49.296 0.0000000000
49791  3.986  -34.639  50.741 0.0000000000
49805  3.922  -34.714  49.802 0.0000000000
49790  4.987  -34.285  50.725 0.0000000000
49789  5.924  -34.241  50.930 0.0000000000
151592  7.000  -33.895  52.061 0.0000000000
53012  12.993  -31.396  52.531 0.0000000000
53035  13.515  -31.553  50.615 0.0000000000
51970  14.741  -32.123  49.811 0.0000000000
149930  13.607  -31.545  49.831 0.0000000000
53050  13.716  -31.266  48.483 0.0000000000
53058  14.043  -31.238  47.858 0.0000000000
53997  13.472  -30.821  47.861 0.0000000000
45058  7.697  -38.399  52.196 0.0000000000
45071  7.163  -38.743  51.536 0.0000000000
45059  6.751  -38.390  52.375 0.0000000000
45073  5.210  -38.811  52.000 0.0000000000
45061  4.665  -38.211  52.668 0.0000000000
43803  4.713  -39.194  51.470 0.0000000000
43813  4.116  -39.710  51.080 0.0000000000
42637  2.191  -40.820  50.012 0.0000000000
42638  1.550  -40.368  49.408 0.0000000000
43829  1.620  -39.297  49.681 0.0000000000
46373  1.875  -38.218  50.713 0.0000000000
45102  1.717  -38.313  49.812 0.0000000000
45113  1.617  -38.520  49.067 0.0000000000
45124  1.614  -38.166  48.220 0.0000000000
156858  1.714  -37.634  47.750 0.0000000000
132300  5.394  -36.543  45.241 0.0000000000
47604  5.146  -36.692  43.995 0.0000000000
47584  5.884  -36.741  44.745 0.0000000000
47603  6.093  -36.870  43.983 0.0000000000
156338  6.255  -37.135  43.447 0.0000000000
47568  7.548  -36.705  45.512 0.0000000000
131998  7.363  -36.955  44.886 0.0000000000
151076  6.817  -37.263  43.028 0.0000000000
46416  7.828  -37.193  43.359 0.0000000000
46433  7.504  -37.389  42.429 0.0000000000
46453  8.190  -37.559  41.740 0.0000000000
52034  12.475  -32.873  43.693 0.0000000000
50924  13.280  -34.024  43.862 0.0000000000
50934  13.058  -33.470  43.529 0.0000000000
49858  13.631  -34.599  42.772 0.0000000000
140526  13.581  -35.522  41.859 0.0000000000
50938  13.848  -34.243  41.677 0.0000000000
48741  13.588  -35.853  41.044 0.0000000000
132790  13.008  -36.398  41.073 0.0000000000
46499  11.629  -37.618  38.530 0.0000000000
45263  11.240  -38.216  37.182 0.0000000000
44019  10.402  -39.625  35.387 0.0000000000
45292  11.482  -38.497  36.406 0.0000000000
45317  11.726  -38.750  35.629 0.0000000000
46527  12.790  -37.713  36.671 0.0000000000
45316  12.455  -38.428  35.345 0.0000000000
45330  12.648  -38.568  34.561 0.0000000000
45342  12.821  -38.694  33.788 0.0000000000
45341  13.419  -38.337  33.384 0.0000000000
147376  8.728  -33.443  34.392 0.0000000000
156827  10.152  -33.028  34.843 0.0000000000
49923  10.717  -32.893  35.195 0.0000000000
49946  10.685  -32.830  34.348 0.0000000000
139834  11.170  -32.689  32.962 0.0000000000
157647  2.949  -41.082  31.698 0.0000000000
48595  5.546  -35.172  55.384 0.0000000000
49752  5.265  -34.366  54.917 0.0000000000
49751  5.871  -34.440  55.569 0.0000000000
50817  7.718  -33.286  55.941 0.0000000000
51918  8.444  -32.718  55.801 0.0000000000
50816  9.382  -33.313  56.371 0.0000000000
51917  9.617  -32.507  55.895 0.0000000000
52997  10.226  -31.931  55.524 0.0000000000
51924  12.002  -31.583  54.779 0.0000000000
50812  13.606  -33.130  56.591 0.0000000000
51914  14.178  -32.939  56.268 0.0000000000
51923  13.950  -32.388  55.420 0.0000000000
51934  14.437  -32.248  54.353 0.0000000000
51935  13.586  -32.011  54.411 0.0000000000
131405  13.862  -31.973  53.600 0.0000000000
51945  13.732  -31.777  52.758 0.0000000000
51961  15.976  -32.788  50.127 0.0000000000
154994  21.900  -38.518  47.130 0.0000000000
132319  21.781  -38.323  46.479 0.0000000000
142658  21.325  -38.311  47.038 0.0000000000
149368  20.833  -38.127  47.181 0.0000000000
134526  19.677  -37.704  47.500 0.0000000000
45117  18.804  -37.516  47.298 0.0000000000
45119  16.935  -37.606  46.844 0.0000000000
46364  19.243  -37.702  51.120 0.0000000000
154879  17.401  -36.809  50.590 0.0000000000
46379  17.768  -37.016  49.467 0.0000000000
46391  17.516  -37.120  48.543 0.0000000000
46400  16.269  -37.516  47.534 0.0000000000
46394  14.313  -37.878  48.638 0.0000000000
45082  9.990  -38.486  50.114 0.0000000000
45069  8.863  -38.479  51.149 0.0000000000
46360  8.563  -38.323  51.998 0.0000000000
47490  13.359  -36.391  52.274 0.0000000000
47471  12.212  -36.145  53.465 0.0000000000
46341  9.876  -37.595  52.432 0.0000000000
46342  9.040  -37.763  52.596 0.0000000000
46326  7.836  -37.315  53.615 0.0000000000
47476  7.579  -36.675  54.417 0.0000000000
144852  6.683  -36.400  54.792 0.0000000000
47477  5.823  -36.357  54.718 0.0000000000
47458  6.125  -35.793  55.359 0.0000000000
51978  10.822  -32.539  48.413 0.0000000000
51987  10.547  -31.802  47.601 0.0000000000
51986  11.384  -32.737  47.561 0.0000000000
51995  11.130  -32.073  46.701 0.0000000000
53068  9.775  -30.625  46.568 0.0000000000
134876  9.922  -30.848  46.046 0.0000000000
52003  11.283  -32.019  45.680 0.0000000000
53075  10.536  -31.435  45.037 0.0000000000
52019  11.414  -32.094  44.778 0.0000000000
54983  12.312  -28.970  43.748 0.0000000000
55909  10.716  -29.275  43.814 0.0000000000
55920  10.774  -29.174  43.070 0.0000000000
54984  10.063  -29.598  43.502 0.0000000000
53087  10.690  -31.625  44.173 0.0000000000
52035  11.607  -32.236  43.926 0.0000000000
53101  10.887  -31.859  43.328 0.0000000000
52045  11.068  -32.150  42.489 0.0000000000
54063  9.033  -30.851  41.845 0.0000000000
52054  10.220  -32.057  41.917 0.0000000000
52053  11.163  -32.439  41.621 0.0000000000
152147  10.313  -32.363  41.229 0.0000000000
52063  10.975  -32.663  40.657 0.0000000000
52075  10.149  -32.651  39.894 0.0000000000
48582  20.524  -35.453  55.158 0.0000000000
47468  21.681  -35.984  53.522 0.0000000000
45127  22.547  -38.596  46.706 0.0000000000
40492  27.062  -42.876  46.507 0.0000000000
42655  25.530  -40.374  46.342 0.0000000000
42656  25.238  -40.155  47.202 0.0000000000
43864  24.923  -39.640  46.609 0.0000000000
144186  24.137  -39.134  46.672 0.0000000000
43819  22.311  -38.980  49.225 0.0000000000
43820  21.782  -38.772  49.620 0.0000000000
45078  21.009  -38.531  50.535 0.0000000000
42620  24.210  -40.073  51.607 0.0000000000
154381  23.240  -39.695  52.383 0.0000000000
43801  22.132  -39.348  51.509 0.0000000000
43796  21.547  -38.997  51.712 0.0000000000
45055  20.912  -38.603  51.818 0.0000000000
141910  20.329  -38.291  51.854 0.0000000000
45056  20.467  -38.365  52.657 0.0000000000
46321  20.308  -38.083  53.807 0.0000000000
157544  19.770  -37.653  53.969 0.0000000000
145694  21.450  -37.642  55.434 0.0000000000
46310  20.179  -37.533  54.862 0.0000000000
46301  19.864  -36.808  55.716 0.0000000000
47440  20.218  -36.256  56.028 0.0000000000
136733  2.142  -39.139  42.311 0.0000000000
43919  2.070  -38.477  42.539 0.0000000000
45189  2.226  -38.445  41.760 0.0000000000
46417  2.544  -36.845  42.887 0.0000000000
47587  3.201  -36.429  44.135 0.0000000000
135560  3.747  -36.402  43.986 0.0000000000
156918  2.583  -36.484  47.064 0.0000000000
47562  2.653  -36.448  46.239 0.0000000000
48706  3.048  -36.192  45.920 0.0000000000
48673  4.293  -35.080  48.161 0.0000000000
48705  3.519  -35.950  46.375 0.0000000000
48712  4.024  -36.015  45.817 0.0000000000
48711  4.729  -36.089  46.125 0.0000000000
47571  4.685  -36.337  45.282 0.0000000000
141832  5.255  -36.347  45.746 0.0000000000
47560  6.189  -36.345  46.424 0.0000000000
47551  7.412  -36.288  47.050 0.0000000000
48670  7.585  -35.706  48.445 0.0000000000
48686  8.010  -36.053  47.789 0.0000000000
151574  10.283  -34.737  48.826 0.0000000000
50826  5.878  -33.552  55.028 0.0000000000
50827  5.518  -33.628  54.378 0.0000000000
50849  5.712  -33.574  53.512 0.0000000000
50838  6.692  -32.441  54.058 0.0000000000
50848  6.557  -32.874  53.513 0.0000000000
49766  6.515  -33.511  52.751 0.0000000000
49776  7.421  -33.298  52.405 0.0000000000
53015  9.476  -30.894  52.862 0.0000000000
53959  9.954  -30.500  52.272 0.0000000000
152544  8.792  -31.160  52.628 0.0000000000
50857  8.169  -32.941  51.964 0.0000000000
50865  8.603  -33.480  51.098 0.0000000000
50864  9.240  -33.089  50.699 0.0000000000
53037  9.108  -31.114  50.595 0.0000000000
132191  9.742  -32.787  50.159 0.0000000000
50874  10.316  -33.172  49.512 0.0000000000
50873  10.521  -32.643  49.105 0.0000000000
53999  9.470  -30.381  47.851 0.0000000000
54945  9.497  -29.987  47.454 0.0000000000
54936  10.741  -29.425  48.143 0.0000000000
54943  10.708  -29.331  47.283 0.0000000000
54950  11.083  -29.260  46.389 0.0000000000
143754  11.517  -29.333  45.943 0.0000000000
54960  11.998  -29.335  45.500 0.0000000000
54971  13.246  -29.556  44.321 0.0000000000
54026  13.787  -30.078  44.883 0.0000000000
156017  13.655  -29.562  43.874 0.0000000000
54981  14.105  -29.587  43.431 0.0000000000
149371  21.217  -37.983  46.079 0.0000000000
132113  20.699  -37.686  45.174 0.0000000000
132110  20.307  -37.684  44.233 0.0000000000
45141  19.074  -37.688  44.947 0.0000000000
45086  6.622  -39.011  50.903 0.0000000000
158381  6.088  -39.346  49.093 0.0000000000
43843  5.542  -39.721  48.813 0.0000000000
42744  3.417  -39.866  39.710 0.0000000000
47622  3.984  -36.565  42.455 0.0000000000
47642  3.544  -36.729  41.483 0.0000000000
46489  3.316  -37.828  39.292 0.0000000000
46472  4.422  -37.388  40.076 0.0000000000
46488  3.531  -37.668  39.378 0.0000000000
43991  3.107  -38.723  38.025 0.0000000000
42785  3.311  -39.439  37.180 0.0000000000
41664  3.392  -40.208  36.620 0.0000000000
44007  3.824  -39.488  36.148 0.0000000000
134740  3.762  -40.486  32.782 0.0000000000
49823  11.212  -34.604  47.747 0.0000000000
48700  10.829  -35.593  46.567 0.0000000000
48710  10.926  -35.860  45.806 0.0000000000
48709  11.577  -35.637  45.523 0.0000000000
47566  10.215  -36.244  45.256 0.0000000000
47600  9.385  -36.946  43.837 0.0000000000
148257  9.376  -37.210  42.649 0.0000000000
48717  13.159  -34.729  44.143 0.0000000000
47597  12.517  -36.020  43.384 0.0000000000
46451  11.780  -36.921  41.377 0.0000000000
46430  11.352  -36.901  42.112 0.0000000000
47619  11.052  -36.804  42.953 0.0000000000
132502  8.905  -37.668  41.100 0.0000000000
45237  7.516  -38.465  38.829 0.0000000000
45267  7.562  -38.772  38.048 0.0000000000
44005  6.415  -39.671  36.361 0.0000000000
44023  6.897  -40.045  36.006 0.0000000000
44041  5.374  -40.199  35.022 0.0000000000
42826  4.831  -40.077  34.163 0.0000000000
141166  4.387  -40.387  33.058 0.0000000000
42885  3.714  -40.890  31.602 0.0000000000
41762  4.238  -41.292  30.639 0.0000000000
41779  3.925  -41.305  29.937 0.0000000000
41778  4.972  -41.458  29.558 0.0000000000
42821  10.155  -40.381  34.139 0.0000000000
42863  9.949  -41.002  32.941 0.0000000000
41737  9.254  -41.397  31.829 0.0000000000
42862  10.618  -40.672  32.565 0.0000000000
141401  9.726  -41.215  31.267 0.0000000000
42901  8.823  -41.247  30.188 0.0000000000
42943  7.409  -40.224  28.571 0.0000000000
151775  14.344  -27.850  38.856 0.0000000000
55973  13.565  -28.145  38.858 0.0000000000
56851  13.756  -27.239  37.053 0.0000000000
55974  12.889  -28.296  38.337 0.0000000000
55962  12.205  -28.804  39.106 0.0000000000
55032  9.716  -30.017  39.349 0.0000000000
149807  9.022  -30.383  39.818 0.0000000000
53139  8.694  -31.615  39.849 0.0000000000
52076  9.303  -32.355  40.001 0.0000000000
54104  9.292  -30.461  36.438 0.0000000000
158047  8.515  -31.717  37.314 0.0000000000
54098  8.715  -31.188  37.829 0.0000000000
136677  8.763  -32.135  38.568 0.0000000000
134652  10.493  -32.660  39.096 0.0000000000
52074  12.283  -32.825  39.413 0.0000000000
52073  13.191  -32.969  39.110 0.0000000000
50967  14.589  -33.815  38.556 0.0000000000
48781  15.123  -35.170  37.638 0.0000000000
52101  14.355  -33.160  37.363 0.0000000000
49903  15.204  -34.425  37.388 0.0000000000
48789  15.171  -35.607  36.916 0.0000000000
46547  14.316  -37.148  35.164 0.0000000000
46584  13.908  -37.790  33.820 0.0000000000
49921  12.461  -32.405  35.183 0.0000000000
138409  14.020  -32.464  35.399 0.0000000000
47705  15.057  -36.847  33.933 0.0000000000
45354  13.459  -38.555  32.531 0.0000000000
41700  9.114  -41.263  33.236 0.0000000000
41719  9.447  -41.284  32.526 0.0000000000
41739  7.419  -41.657  31.576 0.0000000000
41742  4.576  -41.205  31.332 0.0000000000
41757  9.038  -41.473  31.009 0.0000000000
41775  7.979  -41.427  29.900 0.0000000000
41792  4.169  -41.231  29.109 0.0000000000
42608  22.765  -39.513  52.593 0.0000000000
42615  22.673  -39.559  51.952 0.0000000000
42621  23.399  -39.816  51.252 0.0000000000
42712  1.715  -40.700  43.336 0.0000000000
42761  2.878  -38.951  39.628 0.0000000000
42806  8.115  -40.353  35.344 0.0000000000
42808  6.488  -40.324  35.301 0.0000000000
42823  8.378  -40.655  34.641 0.0000000000
42842  8.752  -40.981  33.976 0.0000000000
42844  5.933  -40.646  33.818 0.0000000000
42846  3.911  -40.082  33.539 0.0000000000
42864  5.339  -40.949  32.594 0.0000000000
42882  10.746  -40.704  31.821 0.0000000000
42886  3.194  -40.928  31.829 0.0000000000
42887  3.276  -40.939  32.156 0.0000000000
42900  9.637  -41.033  30.543 0.0000000000
42921  9.414  -40.661  29.757 0.0000000000
42947  3.179  -40.574  28.419 0.0000000000
42948  1.788  -40.415  28.671 0.0000000000
43815  2.361  -39.285  51.058 0.0000000000
43884  1.534  -39.613  45.726 0.0000000000
43909  1.967  -38.749  43.400 0.0000000000
43966  3.065  -38.791  38.030 0.0000000000
43990  3.154  -39.046  37.621 0.0000000000
44004  7.263  -39.574  36.592 0.0000000000
44006  4.439  -39.458  36.105 0.0000000000
44026  3.773  -39.714  35.480 0.0000000000
44042  4.102  -39.703  34.430 0.0000000000
44054  12.417  -39.404  32.768 0.0000000000
44055  11.791  -39.678  33.413 0.0000000000
45036  21.823  -38.175  55.115 0.0000000000
45042  22.410  -38.609  54.695 0.0000000000
45083  9.157  -38.510  50.320 0.0000000000
45207  2.673  -38.062  40.255 0.0000000000
45223  3.083  -38.189  38.936 0.0000000000
45239  4.183  -38.300  38.248 0.0000000000
45264  10.439  -38.330  37.436 0.0000000000
45270  3.161  -38.970  37.697 0.0000000000
45293  10.654  -38.660  36.652 0.0000000000
45315  13.129  -38.065  35.030 0.0000000000
45318  10.953  -39.060  35.907 0.0000000000
45329  13.280  -38.181  34.218 0.0000000000
45331  11.965  -38.953  34.850 0.0000000000
46295  22.162  -37.116  55.385 0.0000000000
46300  20.824  -37.133  55.764 0.0000000000
46355  18.067  -37.172  51.143 0.0000000000
46387  1.813  -37.318  49.973 0.0000000000
46403  2.140  -36.920  46.495 0.0000000000
46407  2.127  -37.142  44.556 0.0000000000
46432  8.515  -37.313  42.567 0.0000000000
46436  2.505  -37.032  42.114 0.0000000000
46450  12.375  -36.836  40.669 0.0000000000
46458  3.177  -37.063  40.699 0.0000000000
46471  5.838  -37.603  40.464 0.0000000000
46473  3.417  -37.372  40.033 0.0000000000
46475  2.940  -37.810  39.975 0.0000000000
46485  9.113  -37.979  39.815 0.0000000000
46486  6.344  -38.055  39.727 0.0000000000
46490  3.071  -37.949  39.430 0.0000000000
46498  12.433  -37.403  38.354 0.0000000000
46500  10.850  -37.784  38.693 0.0000000000
46501  3.136  -38.060  38.881 0.0000000000
46513  12.625  -37.546  37.540 0.0000000000
46526  13.534  -37.408  36.386 0.0000000000
47443  17.989  -35.991  55.675 0.0000000000
47450  22.121  -36.752  55.281 0.0000000000
47451  21.855  -36.310  54.596 0.0000000000
47459  5.327  -35.779  54.976 0.0000000000
47559  6.839  -36.531  45.947 0.0000000000
47579  11.466  -36.251  44.377 0.0000000000
47585  5.121  -36.579  44.720 0.0000000000
47588  2.773  -36.593  44.419 0.0000000000
47602  6.892  -37.044  43.777 0.0000000000
47638  13.135  -36.130  41.695 0.0000000000
47640  12.083  -36.701  41.988 0.0000000000
47641  4.471  -36.889  41.719 0.0000000000
47643  2.729  -36.913  41.577 0.0000000000
47659  14.133  -35.848  39.245 0.0000000000
47661  12.707  -36.894  39.772 0.0000000000
47678  15.330  -35.832  36.109 0.0000000000
47679  14.785  -36.361  36.572 0.0000000000
47688  14.940  -36.688  34.781 0.0000000000
48611  4.435  -35.381  54.200 0.0000000000
48631  3.177  -35.766  51.809 0.0000000000
48640  2.908  -35.463  50.304 0.0000000000
48656  2.641  -35.712  49.569 0.0000000000
48683  11.462  -34.977  46.977 0.0000000000
48692  3.047  -36.113  47.005 0.0000000000
48713  3.461  -36.110  45.614 0.0000000000
48726  13.088  -35.592  43.076 0.0000000000
48730  13.821  -34.800  41.965 0.0000000000
48731  13.527  -35.232  42.602 0.0000000000
48740  13.895  -35.218  41.348 0.0000000000
48776  14.682  -35.373  38.521 0.0000000000
49733  13.049  -33.546  56.373 0.0000000000
49737  7.118  -33.908  56.028 0.0000000000
49738  6.602  -34.645  55.914 0.0000000000
49743  17.541  -34.226  56.129 0.0000000000
49792  3.340  -35.058  50.077 0.0000000000
49842  12.743  -34.629  45.032 0.0000000000
49852  13.427  -34.455  43.421 0.0000000000
49872  14.284  -34.773  40.405 0.0000000000
49912  15.343  -34.381  36.724 0.0000000000
49918  15.508  -34.272  36.026 0.0000000000
49919  13.819  -32.339  34.772 0.0000000000
49944  12.178  -32.514  33.790 0.0000000000
49960  10.935  -32.754  33.542 0.0000000000
50839  6.075  -33.060  54.195 0.0000000000
50925  12.849  -33.495  44.232 0.0000000000
50939  13.595  -33.736  41.919 0.0000000000
50945  13.881  -33.930  41.124 0.0000000000
50952  13.000  -33.071  40.811 0.0000000000
50980  14.863  -33.723  37.658 0.0000000000
50982  8.872  -33.128  36.657 0.0000000000
50993  14.710  -33.348  36.895 0.0000000000
50995  8.157  -33.037  36.590 0.0000000000
51003  15.087  -33.089  35.576 0.0000000000
51006  12.217  -32.508  35.773 0.0000000000
51007  11.151  -32.756  35.839 0.0000000000
51010  8.184  -33.342  36.126 0.0000000000
51023  8.099  -33.586  34.854 0.0000000000
51024  7.461  -33.422  34.579 0.0000000000
51048  11.888  -32.484  32.823 0.0000000000
51919  7.483  -32.616  55.449 0.0000000000
51979  10.231  -31.997  48.936 0.0000000000
52064  9.835  -32.413  40.632 0.0000000000
52087  12.511  -32.691  38.592 0.0000000000
52102  13.640  -32.756  37.461 0.0000000000
52120  13.345  -32.537  36.729 0.0000000000
52124  8.376  -32.430  36.900 0.0000000000
52142  7.421  -32.973  35.552 0.0000000000
52996  10.975  -32.002  55.641 0.0000000000
52998  11.320  -31.545  55.019 0.0000000000
53006  7.956  -31.594  53.768 0.0000000000
53022  14.212  -31.896  51.103 0.0000000000
53125  9.499  -31.553  42.118 0.0000000000
53134  8.806  -31.562  40.581 0.0000000000
53149  8.615  -31.851  38.075 0.0000000000
53162  7.834  -31.779  35.962 0.0000000000
53993  9.275  -30.417  48.658 0.0000000000
54014  9.711  -30.316  46.307 0.0000000000
54027  9.780  -30.248  45.357 0.0000000000
54038  9.740  -30.512  44.347 0.0000000000
54050  9.499  -30.664  43.447 0.0000000000
54082  8.644  -30.973  39.563 0.0000000000
54974  10.239  -29.558  44.423 0.0000000000
55055  9.993  -29.903  36.252 0.0000000000
57787  13.081  -26.836  36.139 0.0000000000
57799  11.744  -26.935  35.304 0.0000000000
132946  12.267  -27.944  35.973 0.0000000000
133367  11.809  -32.959  46.935 0.0000000000
133505  5.538  -39.516  36.370 0.0000000000
133775  8.959  -38.437  38.004 0.0000000000
134148  8.075  -38.347  39.250 0.0000000000
134424  9.578  -32.493  39.227 0.0000000000
134460  16.184  -33.272  55.737 0.0000000000
134777  2.279  -37.617  41.998 0.0000000000
135165  2.954  -38.156  39.277 0.0000000000
137219  3.563  -40.983  36.273 0.0000000000
138016  8.307  -33.481  35.519 0.0000000000
138867  10.737  -32.646  38.335 0.0000000000
139329  4.712  -36.879  43.198 0.0000000000
139635  12.448  -33.548  45.761 0.0000000000
140510  24.601  -39.335  46.081 0.0000000000
141023  6.877  -38.913  37.626 0.0000000000
141365  4.018  -38.628  37.542 0.0000000000
144331  10.047  -36.763  43.995 0.0000000000
145693  8.746  -37.916  40.423 0.0000000000
147883  3.482  -40.750  32.408 0.0000000000
147971  12.969  -32.476  37.206 0.0000000000
148184  26.448  -41.911  47.794 0.0000000000
148598  13.913  -36.707  37.890 0.0000000000
149497  2.608  -35.916  48.577 0.0000000000
149977  2.724  -37.645  40.555 0.0000000000
150080  12.957  -35.432  43.841 0.0000000000
150240  3.594  -35.247  51.530 0.0000000000
150255  10.870  -37.203  41.361 0.0000000000
150565  6.720  -35.957  55.372 0.0000000000
150667  7.111  -32.816  53.051 0.0000000000
150995  2.102  -37.373  43.682 0.0000000000
151427  8.354  -36.522  45.712 0.0000000000
151874  11.451  -32.586  37.331 0.0000000000
151981  3.591  -40.698  32.189 0.0000000000
152044  16.299  -37.067  48.684 0.0000000000
152553  6.301  -33.278  55.286 0.0000000000
153044  2.587  -38.288  40.429 0.0000000000
154192  19.865  -35.824  56.133 0.0000000000
155187  8.763  -30.657  40.071 0.0000000000
155459  9.533  -33.465  50.247 0.0000000000
155691  3.544  -39.379  51.446 0.0000000000
155914  19.599  -37.610  45.319 0.0000000000
156106  8.512  -39.675  36.266 0.0000000000
156841  9.946  -29.598  47.183 0.0000000000
156914  16.247  -32.903  51.440 0.0000000000
157043  17.049  -33.336  51.292 0.0000000000
157581  26.154  -41.472  46.680 0.0000000000
157687  12.658  -32.452  36.774 0.0000000000
157689  3.122  -39.065  37.599 0.0000000000
158322  6.285  -36.785  54.368 0.0000000000
158404  22.525  -38.288  45.486 0.0000000000
158543  10.723  -29.469  48.654 0.0000000000
