#!ascii label  , from subject sub-v2s8x29214_ses-1 vox2ras=TkReg
359
25899  50.139  -54.774  -4.872 0.0000000000
17984  44.095  -64.624  -11.375 0.0000000000
21447  55.094  -60.761  -6.286 0.0000000000
125931  48.367  -60.078  -9.102 0.0000000000
16067  50.091  -66.058  -10.532 0.0000000000
18824  53.026  -63.490  -8.668 0.0000000000
14000  51.309  -68.532  -6.917 0.0000000000
19727  46.465  -61.993  -10.712 0.0000000000
23336  43.466  -58.971  -8.020 0.0000000000
120954  53.186  -57.477  -5.662 0.0000000000
22398  51.379  -60.025  -8.182 0.0000000000
118037  49.893  -62.643  -10.798 0.0000000000
17068  47.738  -65.508  -11.712 0.0000000000
13123  49.178  -69.639  -12.046 0.0000000000
123229  46.360  -57.137  -4.811 0.0000000000
23271  50.717  -58.384  -3.261 0.0000000000
22327  54.592  -59.666  -1.948 0.0000000000
138761  45.284  -56.498  -6.439 0.0000000000
15032  52.582  -66.755  -6.826 0.0000000000
18862  45.425  -63.682  -11.156 0.0000000000
20601  43.944  -61.400  -10.350 0.0000000000
23304  54.390  -58.668  -5.628 0.0000000000
136261  53.562  -60.220  -7.282 0.0000000000
17038  51.604  -65.143  -9.264 0.0000000000
19716  51.808  -63.070  -9.850 0.0000000000
17967  50.778  -64.147  -10.818 0.0000000000
18858  49.631  -63.875  -11.403 0.0000000000
17066  49.742  -65.351  -11.500 0.0000000000
14079  47.508  -69.326  -12.394 0.0000000000
124319  50.688  -58.765  -1.829 0.0000000000
23257  53.516  -58.762  -1.753 0.0000000000
131989  53.362  -59.943  -1.009 0.0000000000
23331  48.448  -59.131  -7.952 0.0000000000
23318  46.633  -58.388  -7.337 0.0000000000
24313  41.462  -57.716  -7.212 0.0000000000
24301  42.759  -57.106  -6.626 0.0000000000
19659  55.064  -62.805  -5.925 0.0000000000
20545  53.908  -61.975  -7.810 0.0000000000
117326  53.825  -64.098  -7.367 0.0000000000
17019  52.900  -65.589  -7.662 0.0000000000
16049  50.970  -66.648  -8.693 0.0000000000
21520  47.432  -60.875  -10.262 0.0000000000
133635  45.775  -59.477  -8.725 0.0000000000
21497  44.994  -60.183  -9.595 0.0000000000
138618  42.687  -59.824  -9.099 0.0000000000
16090  43.254  -66.019  -12.106 0.0000000000
25167  52.068  -56.123  -5.684 0.0000000000
23314  50.541  -58.666  -7.212 0.0000000000
21478  50.076  -60.366  -8.938 0.0000000000
20566  52.442  -61.948  -8.965 0.0000000000
20586  50.945  -61.693  -9.794 0.0000000000
21518  49.183  -61.210  -10.141 0.0000000000
19725  48.206  -62.183  -10.822 0.0000000000
18861  47.286  -63.331  -11.228 0.0000000000
17069  46.601  -65.464  -11.644 0.0000000000
14050  49.385  -68.037  -11.126 0.0000000000
16103  48.678  -67.023  -12.078 0.0000000000
16105  46.596  -66.907  -12.047 0.0000000000
16107  44.670  -66.776  -12.092 0.0000000000
123041  47.436  -55.357  -4.277 0.0000000000
25151  49.049  -56.399  -4.667 0.0000000000
134835  49.457  -57.748  -4.528 0.0000000000
25149  50.812  -56.751  -4.769 0.0000000000
132261  52.929  -57.624  -4.290 0.0000000000
24261  54.405  -58.344  -3.664 0.0000000000
22360  55.372  -59.885  -4.237 0.0000000000
21402  54.929  -60.529  -3.381 0.0000000000
20506  55.223  -61.518  -4.694 0.0000000000
130419  44.617  -58.020  -6.944 0.0000000000
26676  49.259  -54.528  -4.690 0.0000000000
26677  48.792  -53.966  -4.969 0.0000000000
26679  49.545  -54.340  -5.197 0.0000000000
17983  45.016  -64.493  -11.358 0.0000000000
130497  43.999  -63.098  -10.761 0.0000000000
122537  54.474  -59.397  -6.166 0.0000000000
22374  53.824  -59.737  -6.809 0.0000000000
134435  54.028  -60.545  -7.200 0.0000000000
17039  50.698  -65.355  -9.981 0.0000000000
17048  51.163  -64.723  -9.944 0.0000000000
127437  50.329  -65.443  -10.854 0.0000000000
17065  50.228  -65.145  -11.182 0.0000000000
16083  49.968  -65.813  -11.222 0.0000000000
133843  47.043  -70.755  -12.461 0.0000000000
23246  52.131  -59.269  -0.925 0.0000000000
22401  48.044  -59.528  -8.535 0.0000000000
130494  47.800  -59.106  -8.030 0.0000000000
22402  47.259  -59.369  -8.437 0.0000000000
25184  41.353  -56.358  -6.554 0.0000000000
18790  54.081  -63.958  -6.603 0.0000000000
17919  53.680  -64.715  -6.825 0.0000000000
129251  52.346  -67.383  -6.924 0.0000000000
17000  53.112  -66.087  -7.013 0.0000000000
15073  52.153  -67.186  -7.406 0.0000000000
16048  51.813  -66.596  -8.138 0.0000000000
15074  51.502  -67.413  -7.744 0.0000000000
20598  46.977  -61.376  -10.545 0.0000000000
21522  45.859  -60.780  -10.222 0.0000000000
129613  45.505  -61.186  -10.416 0.0000000000
21524  43.473  -60.846  -10.019 0.0000000000
21499  42.629  -60.381  -9.549 0.0000000000
23338  41.729  -58.890  -8.240 0.0000000000
25166  52.575  -56.854  -5.651 0.0000000000
25174  52.079  -56.147  -6.004 0.0000000000
24291  52.569  -57.058  -6.018 0.0000000000
22386  50.085  -59.251  -7.795 0.0000000000
22399  50.519  -59.846  -8.335 0.0000000000
19701  53.764  -62.705  -7.985 0.0000000000
20565  53.236  -62.093  -8.450 0.0000000000
135888  52.723  -62.483  -8.895 0.0000000000
19722  51.056  -62.948  -10.410 0.0000000000
20593  51.393  -62.391  -9.921 0.0000000000
20594  50.520  -62.263  -10.363 0.0000000000
20587  50.072  -61.468  -10.008 0.0000000000
20595  49.576  -61.901  -10.486 0.0000000000
20596  48.687  -61.659  -10.537 0.0000000000
19724  49.080  -62.375  -10.828 0.0000000000
119284  48.261  -64.595  -11.587 0.0000000000
18860  48.154  -63.559  -11.350 0.0000000000
17982  46.479  -64.599  -11.463 0.0000000000
128963  47.257  -64.863  -11.555 0.0000000000
11203  47.281  -72.686  -11.435 0.0000000000
12153  49.009  -70.391  -11.961 0.0000000000
12139  48.847  -70.300  -11.590 0.0000000000
13105  49.112  -69.702  -11.792 0.0000000000
14062  49.287  -68.383  -11.681 0.0000000000
133157  49.312  -67.893  -11.796 0.0000000000
14077  49.288  -68.467  -11.997 0.0000000000
14080  46.281  -68.848  -12.402 0.0000000000
15116  47.130  -67.653  -12.238 0.0000000000
15117  46.089  -67.783  -12.257 0.0000000000
16106  45.629  -66.851  -12.035 0.0000000000
15118  45.048  -67.586  -12.267 0.0000000000
25887  45.764  -55.291  -3.965 0.0000000000
25153  46.665  -56.196  -4.529 0.0000000000
25152  47.668  -56.491  -4.676 0.0000000000
23286  48.968  -58.176  -4.324 0.0000000000
24264  50.284  -57.823  -4.410 0.0000000000
24263  51.246  -57.872  -4.210 0.0000000000
24262  52.406  -57.081  -4.790 0.0000000000
124615  52.143  -57.777  -4.134 0.0000000000
23256  54.331  -59.114  -1.849 0.0000000000
23268  54.015  -58.396  -2.657 0.0000000000
23267  54.944  -58.792  -3.172 0.0000000000
23285  54.868  -58.595  -4.136 0.0000000000
136357  55.137  -59.209  -2.897 0.0000000000
138698  52.673  -61.136  -5.235 0.0000000000
21419  54.486  -61.068  -3.951 0.0000000000
20493  54.996  -61.444  -4.342 0.0000000000
23335  44.403  -59.040  -8.046 0.0000000000
23334  45.354  -59.074  -8.089 0.0000000000
23321  43.936  -58.403  -7.322 0.0000000000
122904  43.244  -56.098  -6.241 0.0000000000
19728  45.811  -62.772  -10.858 0.0000000000
125875  45.607  -61.832  -10.615 0.0000000000
24290  53.773  -58.133  -5.707 0.0000000000
23306  53.045  -58.141  -6.238 0.0000000000
22375  53.191  -59.088  -6.678 0.0000000000
22397  52.323  -60.321  -7.989 0.0000000000
18840  52.349  -63.588  -9.353 0.0000000000
125752  52.590  -62.972  -9.190 0.0000000000
18841  51.692  -63.719  -9.880 0.0000000000
18845  51.217  -63.596  -10.376 0.0000000000
18846  50.673  -63.510  -10.800 0.0000000000
19737  49.401  -63.071  -11.152 0.0000000000
18857  50.333  -64.027  -11.194 0.0000000000
17980  49.328  -64.674  -11.603 0.0000000000
17067  48.974  -65.576  -11.832 0.0000000000
115427  48.639  -69.186  -12.289 0.0000000000
13125  46.625  -69.854  -12.465 0.0000000000
23259  51.555  -58.660  -1.730 0.0000000000
23270  51.838  -58.262  -3.045 0.0000000000
23258  52.554  -58.618  -1.712 0.0000000000
22328  54.006  -59.799  -1.446 0.0000000000
130158  47.446  -58.153  -7.143 0.0000000000
24308  46.132  -57.819  -6.879 0.0000000000
23322  42.939  -58.418  -7.456 0.0000000000
24311  43.265  -57.822  -6.898 0.0000000000
24312  42.384  -57.823  -7.037 0.0000000000
25183  42.239  -56.374  -6.425 0.0000000000
20525  55.092  -61.823  -6.319 0.0000000000
21464  54.622  -61.053  -6.955 0.0000000000
19678  54.330  -62.615  -7.286 0.0000000000
18807  54.108  -63.387  -7.307 0.0000000000
128374  53.460  -64.126  -8.083 0.0000000000
17939  53.200  -64.805  -7.913 0.0000000000
17959  52.783  -64.176  -8.692 0.0000000000
17020  52.167  -65.791  -8.397 0.0000000000
16061  51.291  -65.874  -9.018 0.0000000000
21494  47.891  -60.481  -9.719 0.0000000000
22403  46.548  -59.757  -9.077 0.0000000000
21496  46.213  -60.351  -9.770 0.0000000000
133846  45.675  -59.935  -9.356 0.0000000000
22404  43.934  -59.481  -8.732 0.0000000000
129877  44.336  -60.964  -10.217 0.0000000000
22421  43.481  -60.025  -9.360 0.0000000000
22405  43.061  -59.440  -8.646 0.0000000000
23337  42.583  -58.913  -8.092 0.0000000000
23324  40.983  -58.309  -7.816 0.0000000000
17072  43.688  -65.372  -11.674 0.0000000000
25903  51.153  -55.228  -5.534 0.0000000000
117253  50.894  -55.081  -5.989 0.0000000000
25914  51.581  -55.561  -5.916 0.0000000000
22400  49.667  -59.733  -8.422 0.0000000000
22417  49.212  -60.232  -9.023 0.0000000000
21476  51.765  -60.775  -8.610 0.0000000000
19715  52.149  -62.462  -9.431 0.0000000000
20567  51.978  -61.445  -8.940 0.0000000000
21477  50.926  -60.522  -8.807 0.0000000000
21492  50.511  -61.001  -9.455 0.0000000000
21493  49.648  -60.813  -9.596 0.0000000000
124638  48.757  -60.624  -9.679 0.0000000000
21519  48.288  -61.012  -10.220 0.0000000000
20597  47.818  -61.493  -10.548 0.0000000000
19726  47.338  -62.071  -10.780 0.0000000000
19738  48.594  -62.870  -11.136 0.0000000000
19739  47.732  -62.765  -11.076 0.0000000000
19740  46.842  -62.738  -10.986 0.0000000000
119129  46.418  -63.626  -11.224 0.0000000000
132060  45.783  -64.323  -11.366 0.0000000000
17070  45.662  -65.135  -11.539 0.0000000000
15075  50.559  -67.608  -8.312 0.0000000000
11191  48.088  -71.820  -11.586 0.0000000000
129685  49.003  -67.569  -9.858 0.0000000000
15094  49.638  -66.997  -10.591 0.0000000000
16068  49.741  -66.623  -11.254 0.0000000000
138043  49.104  -66.424  -11.928 0.0000000000
16085  48.221  -66.280  -11.905 0.0000000000
15115  48.155  -67.679  -12.210 0.0000000000
16104  47.622  -66.933  -12.068 0.0000000000
16086  47.134  -66.206  -11.848 0.0000000000
16087  46.174  -66.183  -11.807 0.0000000000
138764  45.916  -65.699  -11.667 0.0000000000
17071  44.659  -65.291  -11.563 0.0000000000
16089  44.209  -66.046  -11.878 0.0000000000
26674  45.603  -54.669  -3.322 0.0000000000
25886  46.442  -55.002  -3.891 0.0000000000
138951  47.905  -54.844  -4.291 0.0000000000
25885  48.525  -55.387  -4.392 0.0000000000
25884  49.638  -55.359  -4.566 0.0000000000
23274  47.702  -58.578  -4.018 0.0000000000
24266  47.890  -57.393  -4.784 0.0000000000
24265  48.775  -57.415  -4.702 0.0000000000
25150  49.767  -56.883  -4.781 0.0000000000
25882  51.079  -55.667  -4.873 0.0000000000
25164  52.008  -56.189  -5.223 0.0000000000
24280  52.848  -56.993  -5.120 0.0000000000
136404  53.227  -57.322  -5.271 0.0000000000
23269  53.011  -58.145  -2.914 0.0000000000
129962  53.593  -57.989  -3.845 0.0000000000
24286  53.793  -57.749  -5.202 0.0000000000
23298  54.761  -58.541  -4.965 0.0000000000
22370  54.931  -59.159  -5.472 0.0000000000
21446  55.293  -60.441  -5.676 0.0000000000
21401  55.230  -60.363  -3.601 0.0000000000
21418  55.311  -60.747  -4.234 0.0000000000
20524  55.331  -61.291  -5.540 0.0000000000
23333  46.364  -59.096  -8.096 0.0000000000
23319  45.759  -58.518  -7.452 0.0000000000
129918  44.804  -57.282  -6.636 0.0000000000
24300  43.574  -57.072  -6.568 0.0000000000
24299  44.193  -57.015  -6.543 0.0000000000
12140  48.427  -70.856  -11.257 0.0000000000
13104  49.187  -68.945  -11.532 0.0000000000
13122  49.312  -69.078  -11.928 0.0000000000
14016  51.222  -68.383  -7.269 0.0000000000
14078  48.763  -68.421  -12.231 0.0000000000
14098  49.050  -67.769  -12.084 0.0000000000
15046  51.835  -67.939  -6.841 0.0000000000
15060  52.427  -67.232  -7.061 0.0000000000
15061  51.964  -67.821  -7.058 0.0000000000
15105  49.346  -67.072  -11.758 0.0000000000
16014  52.891  -66.233  -6.807 0.0000000000
16021  53.012  -66.233  -6.887 0.0000000000
16032  52.603  -66.826  -7.088 0.0000000000
16047  52.544  -66.497  -7.452 0.0000000000
16084  49.531  -66.156  -11.599 0.0000000000
16088  45.271  -66.003  -11.752 0.0000000000
17037  52.454  -64.955  -8.591 0.0000000000
17049  50.672  -64.808  -10.687 0.0000000000
17938  53.569  -64.644  -7.419 0.0000000000
17960  51.920  -64.321  -9.475 0.0000000000
17966  51.230  -64.210  -10.250 0.0000000000
17979  50.022  -64.630  -11.391 0.0000000000
17981  47.308  -64.078  -11.401 0.0000000000
18789  54.572  -63.268  -6.404 0.0000000000
18823  53.633  -63.444  -8.066 0.0000000000
18847  44.946  -63.160  -10.884 0.0000000000
18859  48.958  -63.445  -11.362 0.0000000000
18863  44.505  -63.840  -11.132 0.0000000000
19623  54.963  -62.412  -5.045 0.0000000000
19677  54.780  -62.498  -6.640 0.0000000000
19702  53.202  -62.849  -8.581 0.0000000000
19723  50.114  -63.341  -11.073 0.0000000000
20482  55.163  -60.963  -4.009 0.0000000000
20544  54.503  -61.841  -7.182 0.0000000000
20585  51.727  -61.860  -9.441 0.0000000000
20599  46.176  -61.289  -10.492 0.0000000000
20600  44.766  -61.483  -10.463 0.0000000000
21432  55.410  -60.641  -4.930 0.0000000000
21448  54.558  -60.230  -6.618 0.0000000000
21466  53.336  -60.695  -7.739 0.0000000000
21474  53.484  -61.469  -8.040 0.0000000000
21491  51.312  -61.220  -9.223 0.0000000000
21495  47.030  -60.366  -9.725 0.0000000000
21498  44.306  -60.468  -9.811 0.0000000000
21521  46.614  -60.800  -10.258 0.0000000000
21523  45.060  -60.754  -10.159 0.0000000000
22307  52.566  -60.000  -0.699 0.0000000000
22326  54.870  -59.169  -2.395 0.0000000000
22345  55.264  -59.692  -3.227 0.0000000000
22369  55.298  -59.790  -5.227 0.0000000000
22387  49.240  -59.185  -7.865 0.0000000000
22406  42.267  -59.401  -8.662 0.0000000000
22418  47.521  -59.919  -9.125 0.0000000000
22419  44.933  -59.566  -8.887 0.0000000000
22420  44.346  -59.927  -9.339 0.0000000000
22422  42.006  -59.901  -9.171 0.0000000000
23245  53.007  -59.365  -1.124 0.0000000000
23272  49.727  -58.332  -3.993 0.0000000000
23284  55.207  -59.101  -3.703 0.0000000000
23297  55.178  -59.061  -4.663 0.0000000000
23305  53.816  -58.829  -6.233 0.0000000000
23317  48.004  -58.610  -7.520 0.0000000000
23320  44.884  -58.524  -7.449 0.0000000000
23323  42.017  -58.381  -7.596 0.0000000000
23332  47.242  -58.807  -7.745 0.0000000000
24267  47.071  -57.271  -4.827 0.0000000000
24278  54.355  -58.171  -4.646 0.0000000000
24279  53.705  -57.713  -4.668 0.0000000000
24285  54.269  -58.198  -5.222 0.0000000000
24298  45.671  -57.142  -6.610 0.0000000000
24302  41.860  -57.118  -6.742 0.0000000000
24307  46.928  -57.630  -6.824 0.0000000000
24309  45.321  -57.942  -6.909 0.0000000000
24310  44.052  -57.668  -6.773 0.0000000000
25148  51.657  -56.637  -4.857 0.0000000000
25182  43.982  -56.444  -6.367 0.0000000000
25883  50.507  -55.502  -4.742 0.0000000000
25897  51.363  -55.584  -5.131 0.0000000000
25898  50.858  -55.075  -4.994 0.0000000000
25902  51.622  -55.627  -5.521 0.0000000000
25904  50.383  -54.731  -5.509 0.0000000000
25923  41.721  -55.676  -6.267 0.0000000000
120442  48.901  -64.003  -11.521 0.0000000000
121187  49.444  -67.533  -11.427 0.0000000000
121772  47.781  -68.439  -12.335 0.0000000000
122645  48.829  -59.644  -8.482 0.0000000000
126559  54.623  -58.754  -2.658 0.0000000000
128518  55.031  -59.913  -5.992 0.0000000000
130297  48.352  -56.744  -4.766 0.0000000000
130834  55.018  -59.645  -2.492 0.0000000000
131336  50.477  -62.941  -10.726 0.0000000000
132718  49.201  -68.976  -12.126 0.0000000000
134017  53.676  -59.482  -1.380 0.0000000000
135269  45.564  -60.415  -9.847 0.0000000000
136047  53.360  -57.573  -4.610 0.0000000000
136560  46.885  -68.399  -12.356 0.0000000000
138042  53.917  -64.160  -6.467 0.0000000000
138966  50.420  -64.578  -11.107 0.0000000000
