#!ascii label  , from subject sub-v2s8x29208_ses-1 vox2ras=TkReg
1564
79199  -45.422  -3.350  15.356 0.0000000000
76671  -54.822  -6.521  2.072 0.0000000000
86668  -52.479  5.597  14.224 0.0000000000
76605  -51.372  -6.460  9.604 0.0000000000
76545  -54.528  -6.646  14.141 0.0000000000
82802  -47.949  0.738  3.362 0.0000000000
89726  -52.426  9.689  0.391 0.0000000000
91897  -40.693  12.633  0.779 0.0000000000
72100  -47.262  -11.170  19.705 0.0000000000
77391  -46.715  -4.438  12.305 0.0000000000
78340  -47.970  -4.239  5.931 0.0000000000
82759  -45.624  -0.113  10.144 0.0000000000
90404  -55.805  11.212  8.966 0.0000000000
87523  -55.027  6.835  5.427 0.0000000000
88918  -50.419  8.863  5.577 0.0000000000
115699  -44.252  8.573  2.562 0.0000000000
91133  -44.004  11.388  6.794 0.0000000000
78403  -52.507  -4.871  -0.879 0.0000000000
79167  -45.869  -3.980  18.611 0.0000000000
83493  -47.938  1.262  16.305 0.0000000000
79259  -56.964  -3.636  11.683 0.0000000000
80230  -51.796  -1.974  12.897 0.0000000000
76551  -48.806  -5.796  14.248 0.0000000000
73065  -48.641  -10.410  15.375 0.0000000000
79364  -52.061  -3.580  0.773 0.0000000000
82841  -55.219  0.251  -0.710 0.0000000000
85108  -49.723  3.564  9.229 0.0000000000
86778  -51.236  6.024  2.165 0.0000000000
86011  -52.152  5.218  -2.229 0.0000000000
115263  -45.724  7.748  -2.260 0.0000000000
89008  -39.335  8.148  -1.697 0.0000000000
78225  -45.846  -3.644  13.456 0.0000000000
79272  -45.313  -3.729  10.593 0.0000000000
124147  -44.430  -2.043  13.136 0.0000000000
92609  -54.107  13.577  7.511 0.0000000000
90434  -53.126  10.297  6.506 0.0000000000
91122  -50.143  11.136  7.770 0.0000000000
88890  -46.681  8.806  7.033 0.0000000000
76691  -53.784  -6.382  0.771 0.0000000000
81111  -43.983  -1.507  18.757 0.0000000000
81880  -47.600  -0.858  20.097 0.0000000000
77379  -53.633  -4.977  13.413 0.0000000000
117173  -50.040  -3.324  13.594 0.0000000000
121932  -51.221  -6.873  13.316 0.0000000000
72135  -48.053  -11.115  17.394 0.0000000000
73944  -43.575  -9.520  15.469 0.0000000000
127961  -42.594  -6.647  16.476 0.0000000000
74769  -40.719  -8.462  16.389 0.0000000000
77468  -51.915  -4.701  6.614 0.0000000000
81234  -47.456  -1.596  4.472 0.0000000000
79349  -49.217  -3.834  3.291 0.0000000000
81253  -49.440  -1.368  1.227 0.0000000000
81261  -51.967  -1.770  -0.200 0.0000000000
82827  -50.662  0.827  0.674 0.0000000000
85059  -49.758  3.572  15.074 0.0000000000
85085  -48.354  3.500  12.965 0.0000000000
85897  -50.605  4.846  11.491 0.0000000000
113802  -55.961  9.156  2.446 0.0000000000
87532  -52.619  6.714  4.490 0.0000000000
89002  -54.128  8.804  -0.160 0.0000000000
114918  -54.059  6.184  -1.467 0.0000000000
89032  -52.225  9.441  -2.853 0.0000000000
88288  -49.579  7.679  -1.348 0.0000000000
89756  -48.755  9.615  -2.129 0.0000000000
89700  -40.933  9.823  3.081 0.0000000000
89738  -41.444  9.257  0.209 0.0000000000
90468  -39.340  10.982  -1.052 0.0000000000
90461  -37.301  10.689  0.295 0.0000000000
91904  -38.945  13.179  0.007 0.0000000000
76578  -48.897  -5.871  11.270 0.0000000000
76626  -49.776  -6.152  7.866 0.0000000000
78288  -47.138  -5.149  9.061 0.0000000000
80281  -46.850  -2.467  7.794 0.0000000000
81983  -47.464  -0.477  7.158 0.0000000000
112997  -56.041  7.881  12.489 0.0000000000
121790  -53.698  5.776  10.239 0.0000000000
88893  -55.018  7.939  7.717 0.0000000000
89683  -53.931  9.348  5.297 0.0000000000
116454  -50.769  8.708  3.128 0.0000000000
88982  -47.752  8.925  1.304 0.0000000000
128014  -47.318  8.249  3.883 0.0000000000
112967  -43.767  8.685  5.200 0.0000000000
91879  -41.867  12.107  3.934 0.0000000000
80353  -50.480  -2.877  -1.232 0.0000000000
79195  -47.450  -5.273  17.622 0.0000000000
81929  -45.276  -1.093  15.723 0.0000000000
81913  -48.531  -1.924  18.642 0.0000000000
83480  -50.751  1.565  19.313 0.0000000000
85829  -52.176  5.028  18.445 0.0000000000
86657  -49.768  6.111  15.764 0.0000000000
88135  -53.354  7.583  14.938 0.0000000000
77422  -54.448  -5.451  10.533 0.0000000000
79257  -54.590  -3.035  11.995 0.0000000000
125944  -51.811  -4.740  11.473 0.0000000000
78249  -49.189  -2.866  12.773 0.0000000000
78227  -47.555  -3.481  13.260 0.0000000000
75596  -54.402  -6.988  16.917 0.0000000000
73017  -50.471  -9.707  19.584 0.0000000000
119072  -50.821  -9.786  17.079 0.0000000000
74784  -51.693  -9.029  14.903 0.0000000000
74801  -48.817  -8.487  13.652 0.0000000000
124359  -46.265  -6.097  16.407 0.0000000000
126496  -53.833  -4.781  3.464 0.0000000000
113804  -50.071  -4.643  5.082 0.0000000000
78367  -51.721  -4.393  3.149 0.0000000000
78379  -54.929  -4.985  1.605 0.0000000000
79375  -55.038  -4.285  -0.327 0.0000000000
80364  -54.842  -3.322  -1.341 0.0000000000
82850  -54.086  -0.304  -1.630 0.0000000000
130167  -45.969  1.307  13.456 0.0000000000
84344  -46.993  2.140  10.011 0.0000000000
84364  -48.724  2.223  6.395 0.0000000000
85936  -52.826  4.582  7.765 0.0000000000
117368  -49.898  4.624  5.517 0.0000000000
85154  -49.700  3.629  2.551 0.0000000000
85174  -52.833  3.486  0.145 0.0000000000
115644  -55.011  3.130  -1.495 0.0000000000
121218  -51.405  2.015  -1.662 0.0000000000
89752  -44.928  9.366  -1.931 0.0000000000
88299  -42.269  7.826  -2.061 0.0000000000
87557  -41.749  6.857  1.401 0.0000000000
88961  -38.817  8.096  1.701 0.0000000000
88946  -37.230  8.967  3.596 0.0000000000
79211  -45.409  -3.489  14.027 0.0000000000
79210  -44.859  -3.216  13.389 0.0000000000
80209  -44.730  -2.623  14.526 0.0000000000
91112  -51.508  12.177  7.721 0.0000000000
90413  -48.873  10.840  8.065 0.0000000000
76679  -54.628  -6.521  1.340 0.0000000000
76557  -54.191  -6.012  13.511 0.0000000000
76555  -52.514  -6.509  13.340 0.0000000000
75641  -53.172  -6.867  13.492 0.0000000000
73061  -43.025  -10.358  15.661 0.0000000000
74771  -42.414  -8.748  15.911 0.0000000000
77433  -53.111  -5.865  9.183 0.0000000000
77443  -51.749  -5.931  8.203 0.0000000000
82010  -47.474  -0.863  3.859 0.0000000000
81241  -48.058  -1.878  2.930 0.0000000000
82023  -48.482  -0.792  2.099 0.0000000000
82028  -49.779  -0.591  1.022 0.0000000000
119608  -49.402  1.088  1.575 0.0000000000
115416  -51.268  4.610  15.281 0.0000000000
112619  -50.069  4.412  13.293 0.0000000000
86685  -52.163  5.453  13.139 0.0000000000
89727  -54.039  9.756  0.570 0.0000000000
88970  -55.523  8.914  1.582 0.0000000000
89743  -54.174  10.134  -0.591 0.0000000000
89777  -54.018  9.719  -1.629 0.0000000000
89759  -52.786  10.256  -2.432 0.0000000000
89774  -50.597  10.072  -3.210 0.0000000000
89757  -50.324  9.984  -2.002 0.0000000000
123630  -40.318  11.062  2.639 0.0000000000
90463  -40.199  10.382  1.854 0.0000000000
91159  -39.862  12.000  0.263 0.0000000000
91914  -39.160  12.629  -0.773 0.0000000000
91905  -39.954  13.213  -0.365 0.0000000000
76577  -48.046  -5.836  11.308 0.0000000000
76602  -48.288  -6.256  9.777 0.0000000000
77418  -46.767  -5.408  10.696 0.0000000000
81188  -45.046  -1.732  10.445 0.0000000000
132934  -45.726  -2.877  9.510 0.0000000000
81197  -46.162  -1.465  9.143 0.0000000000
121961  -47.257  -1.156  7.591 0.0000000000
132468  -46.975  -0.747  8.532 0.0000000000
88873  -56.029  8.770  10.259 0.0000000000
88187  -56.180  8.133  10.250 0.0000000000
88882  -55.565  9.165  8.696 0.0000000000
89669  -51.328  9.787  6.531 0.0000000000
89671  -53.499  9.619  6.168 0.0000000000
89692  -52.111  9.330  5.023 0.0000000000
88937  -52.413  9.301  4.065 0.0000000000
88935  -50.465  8.696  4.860 0.0000000000
88952  -49.274  8.391  3.508 0.0000000000
117032  -48.732  8.332  4.873 0.0000000000
89650  -45.226  9.457  7.393 0.0000000000
88913  -45.400  8.203  5.970 0.0000000000
90431  -43.513  10.178  6.332 0.0000000000
90440  -42.220  10.513  5.021 0.0000000000
91141  -42.993  11.450  5.749 0.0000000000
79390  -51.427  -3.504  -1.433 0.0000000000
79182  -47.588  -5.109  18.368 0.0000000000
81120  -48.163  -3.969  18.392 0.0000000000
80177  -48.224  -4.166  19.071 0.0000000000
83468  -47.980  1.600  19.414 0.0000000000
82674  -49.391  -0.099  20.221 0.0000000000
84247  -50.520  1.408  19.988 0.0000000000
84256  -51.388  3.128  19.091 0.0000000000
85026  -50.892  3.792  19.017 0.0000000000
86666  -48.421  5.795  14.007 0.0000000000
122026  -51.256  7.055  15.416 0.0000000000
88148  -51.592  7.477  12.351 0.0000000000
88177  -53.185  8.147  11.256 0.0000000000
88862  -52.130  8.407  10.251 0.0000000000
78290  -55.521  -5.019  9.838 0.0000000000
127310  -55.310  -4.510  11.304 0.0000000000
80233  -54.440  -0.885  12.911 0.0000000000
79236  -52.957  -1.861  12.668 0.0000000000
79255  -52.677  -2.560  12.057 0.0000000000
79254  -51.842  -2.643  12.123 0.0000000000
78261  -50.549  -3.524  11.959 0.0000000000
79233  -50.652  -2.318  12.851 0.0000000000
77374  -49.312  -5.004  14.176 0.0000000000
77368  -48.865  -3.905  13.938 0.0000000000
77367  -48.676  -4.809  14.366 0.0000000000
117501  -49.075  -10.500  19.316 0.0000000000
73053  -50.011  -10.234  17.086 0.0000000000
120654  -50.296  -9.975  16.283 0.0000000000
73949  -51.757  -9.169  15.819 0.0000000000
73947  -50.373  -9.761  15.435 0.0000000000
74803  -50.110  -8.945  13.801 0.0000000000
73960  -48.722  -9.633  14.297 0.0000000000
77353  -45.318  -6.058  17.187 0.0000000000
76528  -44.139  -6.719  16.243 0.0000000000
77485  -53.817  -4.784  4.079 0.0000000000
77465  -48.741  -5.317  6.736 0.0000000000
77466  -49.518  -5.336  6.510 0.0000000000
78342  -49.194  -4.701  5.287 0.0000000000
79362  -49.780  -3.317  1.785 0.0000000000
78375  -50.061  -4.091  2.991 0.0000000000
78384  -51.041  -4.055  2.055 0.0000000000
134272  -53.730  -4.553  2.061 0.0000000000
78386  -53.190  -4.005  1.053 0.0000000000
78396  -54.729  -4.377  0.416 0.0000000000
79365  -53.916  -3.826  0.316 0.0000000000
132131  -52.826  -0.260  -0.335 0.0000000000
81271  -55.680  -2.324  -0.729 0.0000000000
82042  -56.365  -1.290  -0.904 0.0000000000
82049  -54.097  -1.582  -1.719 0.0000000000
124900  -55.502  -0.202  -1.342 0.0000000000
82726  -46.387  0.452  15.676 0.0000000000
82730  -45.411  0.328  14.507 0.0000000000
83519  -46.404  1.393  14.326 0.0000000000
85101  -48.463  3.659  10.256 0.0000000000
85094  -47.459  3.043  11.484 0.0000000000
84345  -48.437  2.737  9.249 0.0000000000
83562  -48.584  1.544  8.327 0.0000000000
84359  -49.627  2.411  7.745 0.0000000000
134554  -55.089  5.738  7.297 0.0000000000
85918  -53.322  4.987  8.874 0.0000000000
86735  -53.435  5.100  7.220 0.0000000000
87554  -51.572  6.529  2.581 0.0000000000
86762  -50.953  5.840  4.787 0.0000000000
86770  -50.202  5.427  3.684 0.0000000000
85960  -49.460  4.453  4.242 0.0000000000
85976  -50.523  4.810  2.253 0.0000000000
85163  -50.710  3.676  1.454 0.0000000000
85983  -51.495  4.650  1.020 0.0000000000
117014  -53.537  5.939  -2.441 0.0000000000
86800  -54.928  4.943  -1.845 0.0000000000
85198  -53.675  4.264  -2.355 0.0000000000
84430  -53.295  2.765  -2.022 0.0000000000
121686  -51.470  4.193  -1.847 0.0000000000
84427  -50.369  3.113  -1.447 0.0000000000
86010  -51.011  4.964  -1.657 0.0000000000
121868  -47.978  8.533  -2.573 0.0000000000
87587  -49.032  7.028  -0.242 0.0000000000
113115  -46.369  8.678  2.018 0.0000000000
89015  -46.336  9.257  -0.002 0.0000000000
88999  -44.643  8.855  0.514 0.0000000000
89750  -40.044  9.328  -1.962 0.0000000000
89010  -41.436  8.234  -2.352 0.0000000000
88297  -40.714  7.527  -2.759 0.0000000000
88267  -41.101  6.942  -1.200 0.0000000000
88266  -40.356  7.206  -0.709 0.0000000000
88255  -39.545  7.727  1.257 0.0000000000
88977  -38.844  8.019  0.561 0.0000000000
120444  -37.149  10.811  2.385 0.0000000000
89708  -36.910  9.479  1.945 0.0000000000
90449  -36.700  10.233  3.148 0.0000000000
89688  -35.950  9.609  4.302 0.0000000000
78246  -46.202  -3.857  12.718 0.0000000000
78275  -45.586  -4.425  11.206 0.0000000000
124211  -45.083  -3.788  12.121 0.0000000000
80247  -44.568  -2.575  11.594 0.0000000000
81954  -44.682  -0.937  11.300 0.0000000000
90414  -55.427  11.001  8.371 0.0000000000
91125  -53.323  11.820  7.056 0.0000000000
90425  -51.444  10.588  7.074 0.0000000000
89655  -50.023  9.820  7.219 0.0000000000
88902  -48.352  8.745  6.516 0.0000000000
90422  -48.612  10.134  7.752 0.0000000000
89651  -46.754  9.785  7.952 0.0000000000
126253  -52.855  -5.333  -0.333 0.0000000000
80175  -45.183  -2.412  18.954 0.0000000000
81113  -47.176  -2.729  19.350 0.0000000000
128051  -45.428  -0.603  19.376 0.0000000000
130332  -52.532  -2.757  13.460 0.0000000000
78230  -50.800  -2.973  13.480 0.0000000000
133196  -51.450  -4.086  13.651 0.0000000000
122492  -51.005  -5.949  13.496 0.0000000000
76553  -50.388  -6.781  13.426 0.0000000000
72123  -48.274  -11.019  18.298 0.0000000000
72157  -46.510  -11.664  16.705 0.0000000000
74781  -43.866  -8.553  15.447 0.0000000000
75614  -43.246  -7.110  16.175 0.0000000000
75613  -42.632  -7.876  16.027 0.0000000000
76527  -41.918  -7.253  16.404 0.0000000000
79339  -47.747  -3.322  4.930 0.0000000000
79340  -48.254  -3.742  4.464 0.0000000000
80321  -48.095  -2.574  3.401 0.0000000000
80329  -49.028  -2.981  2.136 0.0000000000
80338  -50.140  -2.886  1.156 0.0000000000
80347  -51.563  -2.498  0.214 0.0000000000
81260  -50.944  -1.548  0.430 0.0000000000
123690  -50.992  0.062  0.460 0.0000000000
82829  -52.557  1.271  -0.042 0.0000000000
84290  -48.804  2.462  15.666 0.0000000000
135421  -47.850  2.426  14.528 0.0000000000
85058  -48.924  3.253  14.565 0.0000000000
125163  -49.455  4.279  12.535 0.0000000000
85914  -50.029  4.328  9.795 0.0000000000
88228  -55.876  8.046  4.149 0.0000000000
87533  -54.142  6.941  4.773 0.0000000000
114332  -54.903  7.968  2.818 0.0000000000
88249  -53.842  7.901  2.081 0.0000000000
87580  -52.260  6.851  0.907 0.0000000000
128646  -52.369  6.053  0.478 0.0000000000
88290  -53.647  8.123  -0.652 0.0000000000
88309  -53.689  8.210  -2.051 0.0000000000
87601  -52.473  7.935  -2.577 0.0000000000
87596  -50.669  6.811  -1.396 0.0000000000
88307  -50.815  8.209  -2.308 0.0000000000
114057  -48.993  9.313  -3.190 0.0000000000
89028  -47.444  8.995  -3.190 0.0000000000
88962  -42.866  8.798  2.402 0.0000000000
88978  -42.856  8.854  1.499 0.0000000000
89722  -41.007  9.520  1.296 0.0000000000
89720  -39.816  10.158  0.130 0.0000000000
90476  -38.964  10.596  -1.468 0.0000000000
89735  -37.988  9.265  -0.417 0.0000000000
91176  -37.734  11.722  -1.487 0.0000000000
91895  -37.947  12.462  0.726 0.0000000000
91885  -37.831  12.270  2.269 0.0000000000
76591  -50.190  -6.397  10.467 0.0000000000
76616  -50.149  -6.430  8.605 0.0000000000
76603  -49.545  -6.538  9.246 0.0000000000
77442  -48.308  -5.849  8.306 0.0000000000
78313  -47.583  -4.623  7.404 0.0000000000
78286  -45.909  -4.436  10.203 0.0000000000
79289  -46.604  -3.660  8.436 0.0000000000
125877  -47.307  -3.785  7.008 0.0000000000
128829  -47.252  -2.201  6.229 0.0000000000
81221  -47.276  -1.253  5.908 0.0000000000
82794  -47.516  0.315  4.848 0.0000000000
87450  -55.645  7.113  13.564 0.0000000000
86701  -53.048  5.710  12.084 0.0000000000
87480  -55.757  6.909  11.974 0.0000000000
132323  -55.280  6.466  9.195 0.0000000000
129918  -55.491  6.561  6.881 0.0000000000
89657  -53.927  9.571  6.954 0.0000000000
130877  -54.809  7.993  6.744 0.0000000000
88921  -55.670  8.030  4.872 0.0000000000
89694  -54.869  9.324  4.160 0.0000000000
89713  -53.520  9.531  2.421 0.0000000000
88986  -51.438  9.252  1.669 0.0000000000
89724  -49.690  9.184  0.995 0.0000000000
88984  -49.374  8.769  1.962 0.0000000000
113117  -47.788  8.369  3.016 0.0000000000
113119  -45.923  8.475  2.801 0.0000000000
88915  -47.004  8.162  5.478 0.0000000000
114104  -45.377  8.163  5.180 0.0000000000
88949  -43.612  8.594  3.689 0.0000000000
120403  -42.178  9.235  3.860 0.0000000000
90447  -41.618  10.538  4.260 0.0000000000
91888  -41.183  12.344  2.519 0.0000000000
121878  -46.909  -4.504  16.512 0.0000000000
80204  -45.469  -3.048  15.896 0.0000000000
81132  -46.828  -3.080  17.320 0.0000000000
81926  -46.461  -0.964  17.054 0.0000000000
82695  -47.880  -0.518  17.851 0.0000000000
81114  -49.113  -2.117  19.418 0.0000000000
82682  -49.463  -0.930  19.198 0.0000000000
83494  -48.933  1.345  17.159 0.0000000000
84279  -50.592  2.699  17.372 0.0000000000
85054  -51.527  4.046  17.038 0.0000000000
85856  -52.397  5.487  16.076 0.0000000000
85834  -49.129  4.762  17.062 0.0000000000
86637  -51.307  5.785  17.601 0.0000000000
87399  -52.554  6.558  17.017 0.0000000000
87420  -54.186  7.082  15.414 0.0000000000
131759  -55.075  7.731  13.671 0.0000000000
88178  -55.313  8.211  12.013 0.0000000000
89636  -55.337  9.962  9.433 0.0000000000
77446  -54.276  -5.329  9.038 0.0000000000
76594  -53.280  -6.072  9.913 0.0000000000
80234  -55.029  -0.894  12.715 0.0000000000
79258  -55.738  -3.541  11.874 0.0000000000
78265  -54.313  -4.175  11.561 0.0000000000
77407  -53.171  -5.076  11.199 0.0000000000
76581  -51.714  -5.648  11.151 0.0000000000
77404  -50.233  -4.917  11.612 0.0000000000
77403  -49.309  -4.995  11.730 0.0000000000
77402  -48.334  -4.826  12.022 0.0000000000
79214  -49.749  -2.524  12.980 0.0000000000
79213  -48.799  -2.832  12.966 0.0000000000
78247  -47.069  -3.593  12.970 0.0000000000
78226  -46.728  -3.816  13.881 0.0000000000
74742  -51.906  -8.947  18.955 0.0000000000
73024  -48.958  -10.658  18.529 0.0000000000
73917  -50.858  -9.700  18.084 0.0000000000
73909  -52.057  -8.925  18.128 0.0000000000
131853  -52.643  -8.435  17.009 0.0000000000
74772  -52.985  -8.163  16.257 0.0000000000
75623  -53.565  -7.579  14.622 0.0000000000
74805  -52.209  -7.992  13.741 0.0000000000
75638  -50.127  -7.961  13.377 0.0000000000
134230  -49.066  -7.399  13.606 0.0000000000
119647  -47.159  -5.491  16.982 0.0000000000
122584  -47.272  -5.447  17.297 0.0000000000
78192  -47.059  -5.545  17.909 0.0000000000
78191  -45.512  -5.348  17.889 0.0000000000
79166  -44.037  -3.275  18.284 0.0000000000
131792  -54.353  -5.441  4.699 0.0000000000
127418  -54.267  -5.579  4.076 0.0000000000
76672  -55.045  -6.150  2.312 0.0000000000
112716  -51.321  -5.580  7.439 0.0000000000
78330  -51.314  -4.688  6.028 0.0000000000
78354  -49.496  -4.434  4.544 0.0000000000
78355  -50.572  -4.401  4.327 0.0000000000
133629  -52.042  -4.383  3.656 0.0000000000
78368  -52.795  -4.439  3.359 0.0000000000
78369  -54.160  -4.869  2.668 0.0000000000
76680  -55.377  -6.050  1.349 0.0000000000
76693  -55.337  -5.611  0.763 0.0000000000
77521  -54.752  -4.823  -0.351 0.0000000000
77527  -54.349  -4.540  -0.915 0.0000000000
80354  -53.067  -2.790  -0.331 0.0000000000
79393  -55.796  -3.737  -0.893 0.0000000000
120008  -53.506  -4.025  -1.499 0.0000000000
80363  -53.219  -3.135  -1.747 0.0000000000
81278  -52.177  -1.578  -1.635 0.0000000000
82047  -51.203  -0.561  -1.517 0.0000000000
81934  -44.622  -1.036  14.378 0.0000000000
82733  -44.814  -0.033  13.267 0.0000000000
133641  -45.470  0.620  11.267 0.0000000000
84312  -47.130  2.523  13.112 0.0000000000
83540  -46.271  1.660  11.016 0.0000000000
82753  -45.967  0.716  10.156 0.0000000000
82769  -47.619  0.334  8.415 0.0000000000
83576  -47.957  0.908  6.275 0.0000000000
83584  -48.194  1.761  5.018 0.0000000000
86711  -52.257  5.398  10.992 0.0000000000
85916  -51.637  4.613  9.353 0.0000000000
85122  -51.312  3.767  8.319 0.0000000000
131151  -52.438  5.971  5.681 0.0000000000
85945  -51.474  4.570  6.783 0.0000000000
135527  -50.729  3.551  7.400 0.0000000000
85133  -49.294  3.538  5.728 0.0000000000
85140  -48.905  3.496  4.159 0.0000000000
84384  -48.568  2.418  3.538 0.0000000000
84399  -49.629  2.370  1.857 0.0000000000
83620  -53.063  1.966  -0.064 0.0000000000
85994  -52.996  4.369  0.007 0.0000000000
85183  -54.710  3.668  -0.770 0.0000000000
84421  -55.254  1.879  -0.988 0.0000000000
83640  -54.352  1.188  -1.622 0.0000000000
83639  -51.809  1.105  -1.636 0.0000000000
86796  -50.162  6.003  -0.645 0.0000000000
89001  -48.031  9.375  0.113 0.0000000000
120346  -47.094  9.524  -1.603 0.0000000000
89039  -45.204  9.046  -3.307 0.0000000000
88998  -43.464  8.917  -0.383 0.0000000000
89025  -43.326  8.858  -2.233 0.0000000000
88301  -44.450  8.107  -2.651 0.0000000000
87585  -42.950  6.919  -0.632 0.0000000000
87558  -42.524  6.703  1.232 0.0000000000
87549  -42.440  6.581  2.324 0.0000000000
88975  -37.432  8.917  1.545 0.0000000000
88947  -38.061  8.519  3.204 0.0000000000
92655  -41.227  13.689  -0.375 0.0000000000
114726  -40.829  13.836  -0.375 0.0000000000
92654  -39.903  14.148  1.243 0.0000000000
92640  -39.595  13.526  2.973 0.0000000000
91869  -38.639  12.446  4.583 0.0000000000
79206  -45.886  -3.801  15.164 0.0000000000
79205  -44.980  -3.218  14.348 0.0000000000
76546  -55.244  -6.081  14.417 0.0000000000
76558  -54.850  -5.924  13.784 0.0000000000
75642  -53.790  -6.723  13.696 0.0000000000
73060  -42.518  -11.166  15.955 0.0000000000
76606  -52.587  -6.151  9.453 0.0000000000
77444  -52.607  -5.758  8.533 0.0000000000
76617  -51.918  -6.223  9.018 0.0000000000
82011  -47.670  -0.088  3.497 0.0000000000
82809  -48.290  0.097  2.635 0.0000000000
82817  -48.749  -0.047  1.868 0.0000000000
119964  -48.400  0.983  2.815 0.0000000000
85867  -51.738  5.152  14.710 0.0000000000
89742  -52.772  10.271  -1.298 0.0000000000
89741  -51.238  9.799  -0.694 0.0000000000
89758  -51.575  10.216  -2.478 0.0000000000
91160  -40.274  11.798  1.447 0.0000000000
91906  -40.224  13.236  -0.319 0.0000000000
91166  -39.764  12.938  -0.582 0.0000000000
77401  -47.416  -5.135  11.860 0.0000000000
126218  -47.322  -5.670  11.074 0.0000000000
77400  -46.687  -5.161  11.514 0.0000000000
81964  -45.334  -0.940  10.237 0.0000000000
81196  -45.564  -1.619  9.781 0.0000000000
81969  -45.884  -0.750  9.618 0.0000000000
81970  -46.499  -0.698  9.018 0.0000000000
89637  -55.989  10.215  9.078 0.0000000000
89638  -56.018  9.709  9.301 0.0000000000
89644  -56.042  10.340  8.968 0.0000000000
89680  -50.850  9.205  6.062 0.0000000000
89681  -51.730  9.445  5.852 0.0000000000
88919  -51.152  9.059  5.323 0.0000000000
88917  -49.578  8.595  5.410 0.0000000000
90419  -44.572  10.233  7.274 0.0000000000
135865  -44.064  9.899  6.725 0.0000000000
124293  -43.415  11.022  6.348 0.0000000000
91872  -43.343  12.254  5.594 0.0000000000
77519  -51.702  -5.337  -0.203 0.0000000000
78402  -51.382  -4.768  -0.666 0.0000000000
78409  -51.985  -4.215  -1.326 0.0000000000
79168  -47.765  -4.669  18.918 0.0000000000
80176  -46.710  -3.439  19.092 0.0000000000
84253  -48.598  2.251  19.215 0.0000000000
83469  -49.393  1.568  20.031 0.0000000000
84254  -50.020  2.222  19.723 0.0000000000
85025  -50.448  2.991  19.362 0.0000000000
85031  -49.425  3.623  18.465 0.0000000000
88161  -52.356  7.753  11.756 0.0000000000
78279  -57.330  -3.856  10.929 0.0000000000
78278  -56.567  -4.355  10.564 0.0000000000
78266  -56.347  -4.339  11.177 0.0000000000
79235  -52.177  -2.021  12.691 0.0000000000
79234  -51.449  -2.151  12.732 0.0000000000
79253  -51.044  -2.659  12.254 0.0000000000
80216  -51.205  -2.101  12.946 0.0000000000
76544  -48.170  -5.305  14.669 0.0000000000
73014  -47.967  -10.875  19.789 0.0000000000
73067  -49.636  -10.290  16.316 0.0000000000
73066  -49.325  -10.230  15.538 0.0000000000
136038  -49.879  -10.052  15.710 0.0000000000
73946  -49.754  -9.902  15.015 0.0000000000
73961  -49.523  -9.520  14.351 0.0000000000
73079  -49.046  -10.021  14.819 0.0000000000
76534  -44.688  -7.008  15.671 0.0000000000
76529  -45.274  -6.323  16.439 0.0000000000
78357  -52.308  -4.251  4.174 0.0000000000
78328  -48.344  -4.774  6.323 0.0000000000
78329  -48.958  -4.998  6.012 0.0000000000
78341  -48.512  -4.523  5.589 0.0000000000
79363  -50.805  -3.548  1.448 0.0000000000
78385  -51.816  -3.975  1.589 0.0000000000
121819  -53.914  0.040  -0.458 0.0000000000
82041  -55.324  -0.661  -0.649 0.0000000000
122482  -56.031  -0.515  -0.868 0.0000000000
82043  -56.306  -0.774  -0.996 0.0000000000
82842  -55.851  0.136  -0.987 0.0000000000
82727  -47.200  0.880  16.022 0.0000000000
83507  -46.744  1.222  15.153 0.0000000000
85102  -49.215  4.080  9.985 0.0000000000
134447  -49.183  2.936  9.029 0.0000000000
84350  -49.025  2.307  8.581 0.0000000000
84346  -49.738  2.872  8.563 0.0000000000
86746  -55.317  6.152  6.810 0.0000000000
86745  -54.456  5.606  6.894 0.0000000000
87514  -54.671  6.242  6.249 0.0000000000
87541  -50.777  5.917  3.024 0.0000000000
86777  -50.751  5.474  2.440 0.0000000000
85968  -50.246  5.209  2.957 0.0000000000
86784  -51.151  5.263  1.712 0.0000000000
85982  -50.896  4.368  1.574 0.0000000000
86793  -51.679  5.416  0.992 0.0000000000
86016  -54.127  5.025  -2.389 0.0000000000
86012  -53.146  4.910  -2.438 0.0000000000
118725  -52.506  4.230  -2.180 0.0000000000
88304  -47.006  8.187  -2.433 0.0000000000
88286  -47.710  7.692  -1.336 0.0000000000
119831  -46.932  7.493  -1.077 0.0000000000
88284  -45.196  7.446  -1.766 0.0000000000
113116  -45.286  8.712  1.686 0.0000000000
88980  -44.194  8.710  1.419 0.0000000000
89766  -39.634  9.117  -2.227 0.0000000000
89023  -40.326  8.382  -2.894 0.0000000000
88296  -39.961  7.698  -2.453 0.0000000000
88279  -40.487  7.013  -2.033 0.0000000000
88278  -39.726  7.405  -1.382 0.0000000000
88265  -39.586  7.601  -0.028 0.0000000000
88995  -39.006  7.969  -0.615 0.0000000000
126157  -37.467  11.532  2.678 0.0000000000
78245  -45.575  -3.919  12.386 0.0000000000
79232  -45.228  -3.522  12.922 0.0000000000
127371  -44.577  -2.731  13.005 0.0000000000
79231  -44.703  -3.184  12.447 0.0000000000
80229  -44.467  -2.287  12.423 0.0000000000
81178  -44.488  -1.616  11.827 0.0000000000
81165  -44.453  -1.449  12.590 0.0000000000
91858  -54.236  12.683  7.391 0.0000000000
91857  -52.871  12.654  7.347 0.0000000000
91123  -50.979  11.317  7.577 0.0000000000
91124  -52.093  11.563  7.275 0.0000000000
89656  -50.725  10.000  7.006 0.0000000000
90424  -50.469  10.533  7.409 0.0000000000
89654  -49.187  9.628  7.308 0.0000000000
90423  -49.546  10.478  7.686 0.0000000000
91108  -47.459  11.439  8.603 0.0000000000
90412  -48.066  10.730  8.189 0.0000000000
90410  -46.140  10.424  8.219 0.0000000000
76678  -53.259  -6.779  1.391 0.0000000000
127331  -52.568  -6.632  0.963 0.0000000000
77511  -54.054  -5.522  0.068 0.0000000000
81896  -44.940  -1.193  19.198 0.0000000000
121240  -54.106  -4.117  13.511 0.0000000000
78232  -52.720  -4.022  13.522 0.0000000000
120142  -52.130  -4.448  13.556 0.0000000000
76554  -51.699  -6.464  13.342 0.0000000000
77377  -51.769  -5.383  13.492 0.0000000000
73956  -44.911  -9.884  14.947 0.0000000000
74782  -44.464  -9.120  15.155 0.0000000000
75620  -43.478  -7.855  15.725 0.0000000000
74780  -43.109  -8.673  15.688 0.0000000000
74770  -41.676  -8.354  16.252 0.0000000000
80313  -47.561  -2.497  4.735 0.0000000000
79347  -47.888  -3.010  4.192 0.0000000000
80320  -47.666  -2.288  4.068 0.0000000000
81247  -48.387  -1.640  2.328 0.0000000000
80328  -48.482  -2.453  2.580 0.0000000000
80336  -48.776  -2.239  1.878 0.0000000000
80337  -49.390  -2.631  1.542 0.0000000000
80345  -49.716  -2.126  1.049 0.0000000000
80346  -50.505  -2.309  0.686 0.0000000000
81259  -50.092  -1.418  0.773 0.0000000000
82826  -50.185  0.151  0.840 0.0000000000
82029  -50.517  -0.657  0.612 0.0000000000
124640  -51.865  -0.066  -0.035 0.0000000000
82828  -51.622  0.832  0.273 0.0000000000
85052  -49.268  3.025  15.382 0.0000000000
85883  -50.318  4.635  12.468 0.0000000000
85896  -49.636  4.449  11.625 0.0000000000
85907  -50.578  4.788  10.420 0.0000000000
88955  -56.225  9.040  2.824 0.0000000000
88239  -55.964  8.366  3.219 0.0000000000
88251  -55.866  8.699  2.322 0.0000000000
88988  -54.787  9.240  0.680 0.0000000000
88259  -54.559  8.457  1.318 0.0000000000
88987  -53.754  8.247  0.731 0.0000000000
88258  -52.638  7.387  1.243 0.0000000000
88274  -53.118  7.628  0.367 0.0000000000
87581  -52.868  7.099  -0.019 0.0000000000
89776  -53.633  10.048  -2.168 0.0000000000
89034  -53.681  9.235  -2.180 0.0000000000
88320  -53.431  8.570  -2.416 0.0000000000
88319  -53.251  7.962  -2.483 0.0000000000
88308  -51.576  8.603  -2.693 0.0000000000
89773  -49.540  10.052  -3.007 0.0000000000
89030  -49.602  9.666  -3.266 0.0000000000
121102  -48.919  9.485  -3.135 0.0000000000
89029  -48.374  9.212  -3.019 0.0000000000
89772  -48.236  9.336  -2.862 0.0000000000
129409  -41.636  9.411  3.243 0.0000000000
89711  -42.318  9.029  2.081 0.0000000000
89710  -41.523  9.381  2.346 0.0000000000
90462  -39.696  10.807  0.696 0.0000000000
89721  -40.189  9.943  1.188 0.0000000000
89736  -39.603  9.907  -1.086 0.0000000000
90475  -38.390  11.192  -1.594 0.0000000000
91178  -38.632  11.804  -1.694 0.0000000000
91913  -38.238  12.646  -0.693 0.0000000000
91896  -38.622  13.083  1.679 0.0000000000
76590  -49.344  -6.359  10.569 0.0000000000
116235  -49.675  -6.565  9.960 0.0000000000
117697  -48.996  -6.536  9.877 0.0000000000
77431  -47.574  -5.793  9.595 0.0000000000
77432  -48.103  -6.017  9.048 0.0000000000
77441  -47.708  -5.524  8.641 0.0000000000
77451  -47.906  -5.288  7.810 0.0000000000
78301  -47.372  -4.868  8.218 0.0000000000
131586  -46.562  -2.926  8.286 0.0000000000
78312  -47.099  -4.122  7.888 0.0000000000
79301  -46.894  -3.298  7.718 0.0000000000
80282  -47.098  -2.806  7.014 0.0000000000
118745  -47.280  -1.132  6.720 0.0000000000
81990  -47.390  -0.459  6.247 0.0000000000
81997  -47.387  -0.463  5.339 0.0000000000
82789  -47.557  0.266  5.785 0.0000000000
87451  -55.973  7.490  12.897 0.0000000000
87467  -55.352  6.637  12.586 0.0000000000
88193  -55.537  8.052  8.699 0.0000000000
87499  -55.697  7.300  9.595 0.0000000000
87507  -55.538  7.246  8.633 0.0000000000
136066  -55.448  6.661  7.990 0.0000000000
88202  -55.462  7.005  7.675 0.0000000000
90427  -54.174  10.529  7.269 0.0000000000
89658  -54.977  9.867  7.990 0.0000000000
88892  -54.133  8.919  6.773 0.0000000000
88920  -54.604  8.587  5.965 0.0000000000
88938  -55.098  8.764  4.884 0.0000000000
88954  -51.547  8.946  3.574 0.0000000000
89702  -52.539  9.339  3.125 0.0000000000
88969  -51.747  9.113  2.601 0.0000000000
132211  -52.597  9.405  2.485 0.0000000000
129157  -50.822  8.852  2.399 0.0000000000
88985  -50.320  8.942  1.794 0.0000000000
88968  -49.992  8.623  2.681 0.0000000000
113346  -48.715  8.274  4.039 0.0000000000
88951  -48.575  8.366  3.232 0.0000000000
113118  -46.872  8.445  2.823 0.0000000000
113120  -46.365  8.290  3.723 0.0000000000
88891  -47.514  8.765  6.804 0.0000000000
118479  -47.702  8.374  6.050 0.0000000000
88901  -46.871  8.391  6.330 0.0000000000
88911  -43.852  8.832  5.776 0.0000000000
88912  -44.534  8.375  5.405 0.0000000000
88931  -44.991  8.287  4.525 0.0000000000
88930  -44.112  8.474  4.563 0.0000000000
88948  -42.882  8.867  4.089 0.0000000000
89691  -42.673  9.330  4.702 0.0000000000
91148  -41.953  11.250  4.632 0.0000000000
91154  -41.315  11.397  3.708 0.0000000000
91889  -41.943  12.692  2.906 0.0000000000
79384  -50.820  -3.742  -1.191 0.0000000000
80199  -46.721  -3.948  16.981 0.0000000000
81121  -48.282  -3.003  18.548 0.0000000000
81133  -47.135  -2.227  17.565 0.0000000000
81912  -47.410  -1.338  17.729 0.0000000000
81099  -47.395  -1.810  19.669 0.0000000000
81100  -48.740  -1.880  19.780 0.0000000000
82698  -50.394  0.614  19.726 0.0000000000
82683  -49.865  -0.344  19.707 0.0000000000
82697  -49.781  0.069  18.978 0.0000000000
82716  -49.022  0.644  17.959 0.0000000000
83479  -50.050  1.013  18.622 0.0000000000
83495  -50.297  1.850  18.004 0.0000000000
85032  -51.825  3.987  18.831 0.0000000000
84265  -51.512  3.314  18.482 0.0000000000
85041  -51.993  4.076  18.308 0.0000000000
85847  -51.952  4.800  16.664 0.0000000000
85836  -52.295  4.966  18.113 0.0000000000
86656  -48.878  5.782  14.975 0.0000000000
85846  -48.642  4.991  16.128 0.0000000000
86636  -49.759  5.490  16.886 0.0000000000
85835  -50.474  5.143  17.837 0.0000000000
86647  -50.469  6.094  16.678 0.0000000000
87431  -52.154  7.479  14.931 0.0000000000
87407  -52.264  7.001  16.688 0.0000000000
87419  -52.981  7.330  15.958 0.0000000000
88120  -53.599  7.205  15.914 0.0000000000
88126  -53.782  7.361  15.639 0.0000000000
87421  -54.312  7.173  15.149 0.0000000000
117327  -54.241  7.615  14.508 0.0000000000
88162  -54.365  8.033  12.612 0.0000000000
88872  -53.853  9.029  9.908 0.0000000000
134777  -54.182  9.555  9.632 0.0000000000
117816  -53.870  10.202  9.516 0.0000000000
78304  -55.728  -4.288  8.952 0.0000000000
77423  -55.146  -5.186  10.586 0.0000000000
77434  -54.801  -5.417  9.845 0.0000000000
117733  -54.077  -5.733  9.870 0.0000000000
77421  -53.706  -5.671  10.561 0.0000000000
79237  -53.921  -1.682  12.623 0.0000000000
79238  -54.844  -1.901  12.428 0.0000000000
78263  -52.391  -3.990  11.651 0.0000000000
78264  -53.363  -3.925  11.647 0.0000000000
77406  -52.395  -5.307  11.205 0.0000000000
76580  -50.858  -5.953  11.059 0.0000000000
77405  -51.112  -4.834  11.525 0.0000000000
78260  -49.677  -3.731  12.138 0.0000000000
78259  -48.960  -3.858  12.279 0.0000000000
78248  -48.398  -3.248  12.758 0.0000000000
112447  -50.003  -2.620  13.170 0.0000000000
78228  -48.312  -3.095  13.172 0.0000000000
79212  -47.997  -3.143  12.969 0.0000000000
75616  -54.345  -7.177  15.910 0.0000000000
73900  -49.868  -9.888  20.137 0.0000000000
73891  -51.001  -9.279  20.089 0.0000000000
74736  -51.707  -8.899  19.838 0.0000000000
73901  -51.229  -9.341  19.330 0.0000000000
73033  -48.793  -10.767  17.685 0.0000000000
73035  -50.314  -10.039  17.787 0.0000000000
73918  -51.511  -9.346  17.645 0.0000000000
74753  -52.613  -8.431  17.764 0.0000000000
73919  -52.152  -8.880  17.304 0.0000000000
131751  -51.367  -9.337  15.443 0.0000000000
74785  -52.376  -8.645  15.504 0.0000000000
74786  -53.031  -8.115  15.113 0.0000000000
121025  -52.355  -8.418  14.536 0.0000000000
74796  -52.903  -7.832  14.196 0.0000000000
74804  -51.667  -8.551  14.015 0.0000000000
123423  -50.946  -8.415  13.613 0.0000000000
74802  -49.509  -8.522  13.589 0.0000000000
127978  -49.276  -7.916  13.481 0.0000000000
76536  -46.598  -6.102  15.740 0.0000000000
77360  -47.053  -5.537  16.424 0.0000000000
77354  -46.363  -5.924  17.002 0.0000000000
78206  -46.426  -5.741  17.508 0.0000000000
118484  -43.486  -6.349  16.623 0.0000000000
78189  -42.804  -4.350  17.409 0.0000000000
78190  -43.949  -4.737  17.793 0.0000000000
79180  -43.412  -3.829  17.857 0.0000000000
77480  -54.694  -4.754  5.061 0.0000000000
77486  -54.229  -4.594  4.543 0.0000000000
77491  -54.562  -5.642  3.080 0.0000000000
76665  -54.621  -6.113  3.333 0.0000000000
76627  -50.649  -6.105  7.938 0.0000000000
77479  -49.781  -4.941  5.790 0.0000000000
77467  -50.437  -5.106  6.272 0.0000000000
78364  -48.919  -4.105  4.049 0.0000000000
78376  -50.902  -4.223  2.711 0.0000000000
78366  -50.743  -4.296  3.477 0.0000000000
78356  -51.463  -4.353  3.898 0.0000000000
77497  -55.132  -5.654  1.801 0.0000000000
77502  -55.425  -5.485  0.997 0.0000000000
117205  -55.143  -4.819  0.021 0.0000000000
78404  -54.877  -4.269  -0.514 0.0000000000
80356  -56.103  -2.891  -0.953 0.0000000000
123775  -55.876  -3.622  -0.898 0.0000000000
79392  -54.726  -3.822  -1.251 0.0000000000
82048  -52.506  -0.569  -1.629 0.0000000000
81139  -44.937  -2.015  15.472 0.0000000000
81928  -44.772  -1.275  15.045 0.0000000000
83518  -45.816  0.938  14.183 0.0000000000
82729  -44.834  -0.190  14.076 0.0000000000
82738  -45.319  0.652  12.864 0.0000000000
82737  -44.822  0.002  12.399 0.0000000000
119944  -45.337  0.630  11.962 0.0000000000
84313  -47.868  2.994  13.411 0.0000000000
84302  -47.472  2.461  13.912 0.0000000000
84322  -47.598  3.065  12.558 0.0000000000
84338  -47.159  2.589  10.612 0.0000000000
84330  -46.764  2.292  11.262 0.0000000000
84337  -46.690  2.048  10.597 0.0000000000
83549  -46.413  1.496  10.272 0.0000000000
134700  -46.766  1.631  9.847 0.0000000000
82761  -47.073  0.733  9.098 0.0000000000
83554  -47.246  1.639  9.410 0.0000000000
84358  -49.029  1.974  7.328 0.0000000000
83570  -48.675  1.371  7.754 0.0000000000
118045  -48.464  1.493  6.819 0.0000000000
83577  -48.272  1.665  5.880 0.0000000000
84372  -48.560  2.422  5.509 0.0000000000
86702  -53.776  5.854  11.711 0.0000000000
86712  -53.086  5.604  10.555 0.0000000000
85927  -52.668  4.536  8.457 0.0000000000
85917  -52.460  4.739  9.104 0.0000000000
85926  -51.893  4.231  8.675 0.0000000000
85110  -51.155  3.981  8.904 0.0000000000
113966  -52.051  4.130  8.126 0.0000000000
88226  -53.608  7.325  3.791 0.0000000000
135954  -52.856  6.472  5.158 0.0000000000
86752  -50.443  5.233  5.371 0.0000000000
86753  -51.388  5.642  5.525 0.0000000000
85944  -50.484  4.550  6.197 0.0000000000
85934  -50.900  4.025  6.934 0.0000000000
85125  -49.633  3.313  6.428 0.0000000000
85943  -49.758  4.038  5.969 0.0000000000
85147  -49.431  4.033  3.400 0.0000000000
84385  -49.133  3.177  3.091 0.0000000000
84392  -49.084  2.390  2.579 0.0000000000
121370  -49.524  2.932  2.373 0.0000000000
85173  -51.796  3.421  0.567 0.0000000000
84401  -51.014  3.030  0.969 0.0000000000
84410  -52.111  2.644  0.363 0.0000000000
84419  -53.498  2.724  -0.163 0.0000000000
125417  -53.195  6.468  -0.460 0.0000000000
86798  -53.343  5.405  -0.382 0.0000000000
85193  -55.102  3.930  -1.693 0.0000000000
86004  -54.965  4.259  -1.395 0.0000000000
85184  -55.111  3.154  -1.185 0.0000000000
84420  -54.688  2.844  -0.669 0.0000000000
84432  -55.163  2.091  -1.175 0.0000000000
83641  -54.830  1.625  -1.468 0.0000000000
84431  -54.608  2.537  -1.745 0.0000000000
128541  -52.045  2.572  -1.818 0.0000000000
84429  -52.619  1.892  -1.803 0.0000000000
125254  -50.918  0.863  -1.534 0.0000000000
83637  -50.379  2.192  -1.456 0.0000000000
86797  -50.683  5.693  -1.304 0.0000000000
87589  -50.105  6.953  -0.866 0.0000000000
87578  -48.551  6.403  0.576 0.0000000000
87579  -49.183  6.333  0.184 0.0000000000
88983  -48.712  9.038  1.151 0.0000000000
116348  -49.051  9.430  0.078 0.0000000000
89014  -45.641  9.301  -0.789 0.0000000000
89754  -46.419  9.453  -1.124 0.0000000000
89753  -45.804  9.441  -1.802 0.0000000000
89769  -45.548  9.329  -2.797 0.0000000000
88997  -42.308  9.044  0.245 0.0000000000
112508  -43.069  8.874  0.489 0.0000000000
88313  -42.143  7.857  -2.076 0.0000000000
89024  -42.360  8.216  -2.012 0.0000000000
88314  -42.851  8.366  -2.047 0.0000000000
124959  -43.819  8.435  -2.667 0.0000000000
88300  -43.140  8.161  -2.260 0.0000000000
87586  -43.768  6.956  -0.924 0.0000000000
88281  -42.785  7.413  -1.551 0.0000000000
88257  -41.087  7.196  0.371 0.0000000000
88247  -41.022  7.101  1.679 0.0000000000
88245  -39.529  7.721  2.393 0.0000000000
88244  -38.796  8.073  2.765 0.0000000000
89734  -37.548  9.910  0.033 0.0000000000
88993  -37.701  9.034  0.561 0.0000000000
89719  -37.194  9.652  1.018 0.0000000000
89699  -36.903  9.491  2.879 0.0000000000
88959  -37.330  8.928  2.517 0.0000000000
88927  -37.191  8.635  4.539 0.0000000000
93394  -41.181  14.661  1.288 0.0000000000
93404  -40.606  14.230  0.332 0.0000000000
93393  -40.565  14.459  2.009 0.0000000000
92641  -40.251  13.846  3.131 0.0000000000
91878  -39.051  13.094  3.963 0.0000000000
80215  -44.613  -2.629  13.701 0.0000000000
81153  -44.494  -1.765  13.898 0.0000000000
91111  -50.362  11.881  8.144 0.0000000000
91110  -49.485  11.319  8.139 0.0000000000
91109  -48.584  11.522  8.479 0.0000000000
133207  -46.838  11.758  8.746 0.0000000000
81894  -43.355  -0.696  18.500 0.0000000000
124110  -44.132  -0.691  18.774 0.0000000000
77380  -54.630  -5.133  13.536 0.0000000000
77378  -52.744  -5.365  13.394 0.0000000000
76556  -53.387  -6.177  13.394 0.0000000000
75640  -51.856  -7.325  13.370 0.0000000000
73943  -42.708  -9.485  15.745 0.0000000000
77445  -53.450  -5.454  8.641 0.0000000000
116226  -52.261  -5.286  7.558 0.0000000000
81240  -47.686  -1.702  3.596 0.0000000000
82017  -47.918  -0.982  2.926 0.0000000000
82024  -49.087  -0.664  1.526 0.0000000000
82818  -49.423  0.253  1.425 0.0000000000
82819  -49.957  0.924  1.122 0.0000000000
85060  -50.793  4.031  15.748 0.0000000000
85855  -50.217  4.093  14.667 0.0000000000
85866  -50.658  4.518  14.160 0.0000000000
86667  -51.172  4.902  13.444 0.0000000000
86684  -51.157  5.009  12.476 0.0000000000
114074  -54.640  9.482  1.394 0.0000000000
88971  -55.853  9.079  2.132 0.0000000000
89715  -55.239  9.137  1.376 0.0000000000
89728  -54.586  9.538  0.437 0.0000000000
89003  -54.341  9.762  -0.360 0.0000000000
89016  -54.288  9.538  -1.023 0.0000000000
89760  -54.214  10.042  -1.288 0.0000000000
130088  -53.770  10.211  -1.673 0.0000000000
89775  -52.745  10.009  -2.698 0.0000000000
127434  -51.752  9.972  -2.895 0.0000000000
126083  -49.362  9.667  -1.250 0.0000000000
90457  -40.429  10.452  2.635 0.0000000000
89709  -40.632  9.820  2.167 0.0000000000
90456  -40.055  10.984  1.865 0.0000000000
125367  -39.167  12.320  -1.040 0.0000000000
92652  -39.543  13.631  0.593 0.0000000000
76589  -48.560  -6.258  10.581 0.0000000000
76588  -47.819  -6.052  10.478 0.0000000000
77419  -47.271  -5.711  10.346 0.0000000000
77430  -46.920  -5.373  9.899 0.0000000000
80258  -45.301  -2.668  10.120 0.0000000000
79280  -45.705  -3.491  9.725 0.0000000000
114388  -45.871  -2.300  9.332 0.0000000000
120233  -46.454  -2.170  8.585 0.0000000000
81212  -46.964  -1.702  8.009 0.0000000000
81204  -46.699  -1.309  8.566 0.0000000000
81976  -47.123  -1.087  8.177 0.0000000000
81977  -47.455  -0.497  8.110 0.0000000000
88179  -56.086  8.139  11.675 0.0000000000
87490  -56.042  7.732  10.900 0.0000000000
121407  -56.160  8.665  10.122 0.0000000000
88874  -56.020  8.959  9.533 0.0000000000
90433  -52.078  10.257  6.576 0.0000000000
89670  -52.339  9.853  6.187 0.0000000000
89682  -52.769  9.609  5.588 0.0000000000
89693  -53.296  9.481  4.644 0.0000000000
88936  -51.372  8.964  4.477 0.0000000000
116028  -50.620  8.637  3.984 0.0000000000
88953  -49.971  8.507  3.473 0.0000000000
88934  -49.625  8.427  4.322 0.0000000000
128277  -48.017  8.221  4.457 0.0000000000
88889  -45.928  8.981  7.263 0.0000000000
88900  -46.056  8.481  6.570 0.0000000000
88899  -45.248  8.722  6.758 0.0000000000
89664  -43.839  9.316  6.266 0.0000000000
134697  -43.523  9.262  5.839 0.0000000000
89678  -42.638  9.890  5.277 0.0000000000
90441  -42.870  10.554  5.736 0.0000000000
91140  -42.433  11.130  5.301 0.0000000000
91871  -42.541  11.977  4.965 0.0000000000
78401  -50.630  -4.344  -0.765 0.0000000000
80187  -47.819  -4.738  18.126 0.0000000000
80188  -48.200  -4.623  18.768 0.0000000000
80189  -48.411  -3.928  18.934 0.0000000000
82673  -47.998  0.056  20.336 0.0000000000
81881  -48.779  -0.944  20.111 0.0000000000
83462  -48.672  0.866  20.274 0.0000000000
83463  -50.016  0.770  20.207 0.0000000000
83470  -50.625  1.322  19.817 0.0000000000
84255  -51.017  2.195  19.544 0.0000000000
85027  -51.518  3.600  19.033 0.0000000000
85822  -51.698  4.075  18.910 0.0000000000
87418  -49.875  6.398  15.150 0.0000000000
87406  -50.851  6.593  16.209 0.0000000000
87430  -50.972  7.164  14.081 0.0000000000
87448  -52.333  7.568  13.814 0.0000000000
114327  -53.336  7.727  13.073 0.0000000000
120030  -56.295  -4.469  9.882 0.0000000000
78277  -55.879  -4.791  10.564 0.0000000000
79256  -53.559  -2.619  12.035 0.0000000000
78262  -51.447  -3.700  11.764 0.0000000000
133733  -50.550  -2.682  12.420 0.0000000000
78250  -50.012  -2.728  12.599 0.0000000000
77375  -49.693  -4.115  13.896 0.0000000000
78220  -48.144  -3.991  14.140 0.0000000000
121380  -48.541  -10.807  16.809 0.0000000000
73052  -49.280  -10.551  17.021 0.0000000000
73935  -51.617  -9.306  16.700 0.0000000000
73948  -51.044  -9.598  15.974 0.0000000000
73963  -50.978  -9.434  15.081 0.0000000000
74795  -50.995  -9.059  14.273 0.0000000000
73962  -50.308  -9.484  14.611 0.0000000000
73967  -49.186  -9.098  13.825 0.0000000000
76541  -46.023  -6.756  14.948 0.0000000000
76535  -45.623  -6.534  15.675 0.0000000000
118803  -44.398  -6.288  16.786 0.0000000000
78358  -53.108  -4.233  4.077 0.0000000000
77453  -49.265  -5.761  7.248 0.0000000000
79356  -49.480  -3.595  2.529 0.0000000000
79357  -50.304  -3.864  2.236 0.0000000000
78377  -51.745  -4.271  2.338 0.0000000000
78378  -52.738  -4.437  2.583 0.0000000000
122627  -52.777  -4.289  1.849 0.0000000000
117207  -54.190  -4.419  1.322 0.0000000000
78387  -55.223  -4.932  0.687 0.0000000000
82039  -52.430  -0.965  -0.288 0.0000000000
81270  -53.567  -2.032  -0.490 0.0000000000
82040  -54.108  -1.075  -0.499 0.0000000000
125709  -55.776  -1.533  -0.693 0.0000000000
80357  -56.538  -2.328  -1.011 0.0000000000
81280  -55.461  -2.499  -1.421 0.0000000000
125565  -55.828  -1.472  -1.423 0.0000000000
81930  -45.997  -0.454  16.208 0.0000000000
82725  -45.594  -0.028  15.320 0.0000000000
82731  -46.037  0.782  14.855 0.0000000000
85095  -48.200  3.547  12.100 0.0000000000
120422  -48.254  3.650  11.166 0.0000000000
85100  -47.745  3.194  10.490 0.0000000000
118167  -47.659  2.457  9.578 0.0000000000
83556  -48.117  1.989  8.961 0.0000000000
83563  -49.179  1.923  8.049 0.0000000000
84365  -49.384  2.605  6.896 0.0000000000
86728  -54.321  5.417  8.581 0.0000000000
116210  -53.011  5.370  9.674 0.0000000000
86736  -54.219  5.267  7.679 0.0000000000
129321  -53.477  4.891  7.718 0.0000000000
87543  -52.293  6.878  3.659 0.0000000000
87531  -51.541  6.382  4.261 0.0000000000
87542  -51.404  6.432  3.397 0.0000000000
87530  -50.738  5.956  3.923 0.0000000000
86761  -50.242  5.432  4.482 0.0000000000
85954  -49.790  4.881  4.826 0.0000000000
86760  -49.817  5.063  4.195 0.0000000000
85975  -49.935  4.451  2.776 0.0000000000
85155  -50.311  4.003  2.052 0.0000000000
85162  -50.123  3.148  1.744 0.0000000000
85164  -51.288  3.862  0.991 0.0000000000
85993  -52.036  4.102  0.512 0.0000000000
86806  -54.620  5.706  -2.000 0.0000000000
86799  -54.542  5.136  -1.363 0.0000000000
86811  -54.510  5.559  -2.172 0.0000000000
85199  -54.710  4.438  -2.169 0.0000000000
85192  -54.463  3.548  -2.099 0.0000000000
85191  -53.156  3.606  -2.189 0.0000000000
85190  -52.009  3.372  -1.914 0.0000000000
84428  -51.137  2.803  -1.675 0.0000000000
131683  -51.023  3.492  -1.698 0.0000000000
85189  -50.481  4.003  -1.457 0.0000000000
88287  -48.635  7.817  -1.385 0.0000000000
88273  -48.249  7.238  -0.106 0.0000000000
113311  -46.958  8.804  1.522 0.0000000000
113909  -47.070  9.132  0.599 0.0000000000
88981  -46.252  8.885  1.022 0.0000000000
89000  -45.504  9.017  0.344 0.0000000000
89013  -44.836  9.116  -0.597 0.0000000000
89751  -40.881  8.814  -1.181 0.0000000000
88996  -41.835  8.867  -0.891 0.0000000000
89009  -40.367  8.619  -2.816 0.0000000000
119773  -40.759  8.072  -2.948 0.0000000000
88280  -41.111  7.086  -2.224 0.0000000000
88268  -41.983  7.093  -1.111 0.0000000000
88256  -40.310  7.419  0.805 0.0000000000
134758  -37.260  11.028  1.634 0.0000000000
90455  -37.007  10.349  1.467 0.0000000000
90454  -36.723  9.981  2.314 0.0000000000
89698  -36.506  9.594  3.642 0.0000000000
88945  -36.530  9.118  4.145 0.0000000000
90445  -36.139  10.057  3.994 0.0000000000
78258  -46.013  -4.550  11.834 0.0000000000
133684  -45.454  -4.181  11.811 0.0000000000
79252  -45.102  -3.846  11.422 0.0000000000
79251  -44.781  -3.378  11.705 0.0000000000
79271  -44.803  -3.168  11.010 0.0000000000
80257  -44.773  -2.402  10.830 0.0000000000
81187  -44.642  -1.726  11.091 0.0000000000
81955  -45.118  -0.452  10.757 0.0000000000
91126  -54.518  11.687  7.499 0.0000000000
114288  -53.516  11.096  6.908 0.0000000000
90426  -52.589  10.939  6.808 0.0000000000
89668  -50.432  9.465  6.668 0.0000000000
88904  -50.023  8.985  6.155 0.0000000000
89667  -49.641  9.249  6.795 0.0000000000
89666  -48.925  9.096  6.860 0.0000000000
89653  -48.227  9.308  7.269 0.0000000000
90421  -47.672  9.942  7.836 0.0000000000
118139  -45.953  9.634  7.818 0.0000000000
90420  -45.305  10.303  7.896 0.0000000000
91120  -44.382  11.574  7.256 0.0000000000
81112  -45.896  -2.167  19.249 0.0000000000
81098  -46.074  -1.475  19.486 0.0000000000
82672  -46.325  -0.694  19.725 0.0000000000
81895  -44.737  -0.195  18.865 0.0000000000
82680  -45.632  0.098  19.293 0.0000000000
82681  -46.684  0.154  19.809 0.0000000000
79217  -52.108  -2.107  13.126 0.0000000000
79216  -51.353  -2.205  13.110 0.0000000000
78231  -51.853  -3.114  13.554 0.0000000000
77376  -50.709  -4.468  13.734 0.0000000000
120216  -50.139  -5.449  13.783 0.0000000000
76552  -49.534  -6.202  13.803 0.0000000000
72112  -47.784  -11.202  18.982 0.0000000000
118127  -47.032  -11.517  18.915 0.0000000000
72122  -47.443  -11.420  18.029 0.0000000000
121763  -46.814  -11.649  17.445 0.0000000000
72134  -47.297  -11.434  16.990 0.0000000000
72158  -47.811  -11.062  16.497 0.0000000000
75621  -44.189  -7.787  15.502 0.0000000000
76533  -43.937  -7.278  15.847 0.0000000000
135093  -42.568  -7.201  16.293 0.0000000000
79326  -47.678  -3.596  5.671 0.0000000000
79327  -48.068  -4.024  5.196 0.0000000000
79348  -48.471  -3.452  3.694 0.0000000000
79355  -48.715  -3.203  2.899 0.0000000000
79373  -51.138  -3.071  0.685 0.0000000000
82030  -51.378  -0.789  0.218 0.0000000000
82839  -52.660  0.525  -0.209 0.0000000000
82840  -53.897  1.114  -0.399 0.0000000000
83509  -48.388  1.841  16.006 0.0000000000
84289  -47.996  2.173  15.172 0.0000000000
114988  -48.496  2.699  14.876 0.0000000000
84303  -48.208  2.874  14.160 0.0000000000
85070  -48.640  3.410  13.772 0.0000000000
85865  -49.857  4.168  13.906 0.0000000000
85086  -49.208  3.939  13.323 0.0000000000
85882  -48.810  3.880  12.565 0.0000000000
85895  -48.871  4.032  11.816 0.0000000000
88218  -55.325  7.415  4.759 0.0000000000
88227  -55.251  7.674  3.971 0.0000000000
88250  -55.178  8.481  1.933 0.0000000000
88238  -53.022  7.487  2.954 0.0000000000
88248  -52.465  7.291  2.159 0.0000000000
87565  -51.877  6.701  1.754 0.0000000000
125246  -51.643  6.089  1.343 0.0000000000
87590  -53.654  7.369  -1.213 0.0000000000
88291  -53.821  8.606  -1.681 0.0000000000
87591  -54.125  7.086  -2.003 0.0000000000
87602  -53.753  7.402  -2.232 0.0000000000
86810  -53.323  7.073  -2.487 0.0000000000
86805  -52.409  6.536  -2.412 0.0000000000
86804  -51.380  6.049  -1.810 0.0000000000
87597  -51.513  7.281  -2.157 0.0000000000
88289  -50.233  7.654  -1.667 0.0000000000
89031  -50.832  9.675  -3.211 0.0000000000
88306  -49.764  8.961  -3.092 0.0000000000
88305  -48.853  8.778  -2.815 0.0000000000
89027  -46.621  8.925  -3.254 0.0000000000
88963  -43.416  8.644  2.765 0.0000000000
123508  -43.528  8.711  1.972 0.0000000000
89723  -42.015  9.124  1.282 0.0000000000
89737  -40.470  9.582  -0.041 0.0000000000
89749  -39.525  9.454  -1.811 0.0000000000
89021  -39.179  8.973  -1.709 0.0000000000
89007  -38.670  8.699  -0.944 0.0000000000
89748  -38.461  9.897  -1.185 0.0000000000
90467  -37.555  10.915  -0.722 0.0000000000
91169  -37.326  11.764  -0.755 0.0000000000
91921  -38.419  12.319  -1.506 0.0000000000
91912  -37.468  12.191  -0.532 0.0000000000
91165  -37.351  11.464  0.606 0.0000000000
91158  -37.501  11.619  1.808 0.0000000000
91152  -37.625  11.846  3.256 0.0000000000
121071  -50.946  -6.451  10.266 0.0000000000
76604  -50.432  -6.546  9.547 0.0000000000
76615  -49.417  -6.389  8.514 0.0000000000
76614  -48.765  -6.369  8.961 0.0000000000
76625  -48.965  -6.137  8.018 0.0000000000
77452  -48.524  -5.592  7.499 0.0000000000
78314  -48.119  -5.053  7.036 0.0000000000
78327  -47.793  -4.433  6.640 0.0000000000
78276  -46.145  -5.024  11.041 0.0000000000
116303  -46.424  -5.061  10.275 0.0000000000
78287  -46.552  -4.764  9.526 0.0000000000
79281  -46.205  -4.017  9.199 0.0000000000
78300  -46.811  -4.437  8.685 0.0000000000
79312  -47.611  -3.874  6.289 0.0000000000
80295  -47.372  -3.182  6.275 0.0000000000
80307  -47.456  -2.791  5.511 0.0000000000
81228  -47.367  -1.912  5.323 0.0000000000
81213  -47.107  -1.883  7.123 0.0000000000
122511  -47.342  -1.186  5.128 0.0000000000
82004  -47.377  -0.743  4.631 0.0000000000
114806  -47.395  -0.152  4.239 0.0000000000
82801  -47.508  0.580  4.020 0.0000000000
86669  -53.638  6.146  14.067 0.0000000000
86686  -53.359  5.871  13.032 0.0000000000
87466  -54.602  6.299  12.955 0.0000000000
86713  -54.381  6.114  11.220 0.0000000000
87488  -54.770  6.310  10.465 0.0000000000
124759  -55.682  7.136  11.182 0.0000000000
87489  -55.425  6.827  10.099 0.0000000000
86721  -54.828  6.020  9.376 0.0000000000
87498  -55.073  5.909  8.674 0.0000000000
87506  -55.464  6.227  7.467 0.0000000000
87524  -55.376  6.858  6.116 0.0000000000
120603  -54.523  8.812  7.465 0.0000000000
88210  -55.462  7.076  6.679 0.0000000000
88905  -55.406  7.489  5.751 0.0000000000
88219  -55.456  7.502  5.132 0.0000000000
88939  -55.890  8.618  3.843 0.0000000000
89703  -55.397  9.311  3.129 0.0000000000
115209  -53.822  9.522  3.449 0.0000000000
89714  -54.892  9.434  2.382 0.0000000000
89712  -52.890  9.526  1.671 0.0000000000
89725  -50.799  9.387  0.768 0.0000000000
88967  -49.197  8.494  2.793 0.0000000000
88966  -48.405  8.636  2.243 0.0000000000
88965  -47.445  8.639  2.187 0.0000000000
136100  -46.907  8.644  2.148 0.0000000000
88964  -45.122  8.479  2.878 0.0000000000
88916  -48.560  8.459  5.726 0.0000000000
114752  -47.899  8.239  5.240 0.0000000000
135927  -47.400  8.173  4.764 0.0000000000
128930  -46.267  8.177  5.950 0.0000000000
88914  -46.102  8.117  5.312 0.0000000000
88933  -46.682  8.156  4.622 0.0000000000
113121  -45.486  8.347  3.689 0.0000000000
88950  -44.598  8.440  3.669 0.0000000000
126229  -42.840  8.787  3.278 0.0000000000
89689  -41.462  9.889  3.823 0.0000000000
89690  -42.050  9.882  4.587 0.0000000000
90451  -40.817  10.651  3.393 0.0000000000
91153  -40.580  11.606  2.705 0.0000000000
81140  -45.651  -2.357  16.324 0.0000000000
81925  -46.020  -1.548  16.710 0.0000000000
82714  -46.930  -0.082  16.781 0.0000000000
82715  -47.998  0.556  17.104 0.0000000000
132401  -48.613  -3.033  19.268 0.0000000000
81122  -48.758  -2.860  19.190 0.0000000000
81101  -49.229  -1.531  19.758 0.0000000000
81897  -49.209  -1.889  19.241 0.0000000000
127274  -48.785  -1.077  18.641 0.0000000000
82696  -48.679  -0.091  18.271 0.0000000000
84278  -49.409  2.147  16.643 0.0000000000
85053  -50.362  3.333  16.234 0.0000000000
84264  -51.157  2.406  18.841 0.0000000000
85040  -51.286  3.427  17.459 0.0000000000
86658  -52.888  5.998  15.382 0.0000000000
85826  -49.832  4.414  18.118 0.0000000000
86631  -51.882  5.222  18.397 0.0000000000
86648  -51.857  6.493  17.213 0.0000000000
86632  -52.256  5.737  17.678 0.0000000000
86638  -52.605  6.510  16.982 0.0000000000
86649  -53.012  6.650  16.355 0.0000000000
86659  -53.659  6.452  14.955 0.0000000000
87432  -54.575  6.931  14.844 0.0000000000
88149  -55.625  7.444  13.418 0.0000000000
88163  -55.715  7.816  12.990 0.0000000000
88864  -55.435  8.562  10.761 0.0000000000
114341  -55.382  9.199  9.916 0.0000000000
78289  -55.028  -4.993  9.229 0.0000000000
123859  -53.639  -5.726  9.330 0.0000000000
76593  -52.514  -6.284  10.158 0.0000000000
77409  -54.690  -5.023  11.089 0.0000000000
77408  -53.998  -5.028  11.179 0.0000000000
77420  -52.930  -5.898  10.639 0.0000000000
131877  -52.280  -6.019  10.780 0.0000000000
76592  -51.710  -6.300  10.421 0.0000000000
76579  -49.819  -5.926  11.173 0.0000000000
79215  -50.600  -2.283  13.001 0.0000000000
78229  -49.250  -2.970  13.322 0.0000000000
77392  -47.539  -3.877  12.609 0.0000000000
78217  -46.448  -4.026  14.888 0.0000000000
75624  -54.243  -7.256  14.893 0.0000000000
74727  -52.281  -8.436  20.225 0.0000000000
75574  -52.885  -8.032  19.604 0.0000000000
128471  -52.872  -8.117  18.915 0.0000000000
72113  -48.458  -10.829  19.118 0.0000000000
73025  -49.522  -10.380  18.782 0.0000000000
73034  -49.588  -10.401  17.944 0.0000000000
73026  -50.220  -10.033  18.637 0.0000000000
73907  -50.851  -9.647  18.828 0.0000000000
73908  -51.419  -9.341  18.505 0.0000000000
74743  -52.498  -8.477  18.549 0.0000000000
74744  -53.065  -7.997  18.217 0.0000000000
74754  -53.139  -7.986  17.333 0.0000000000
75595  -53.744  -7.518  16.751 0.0000000000
73936  -52.270  -8.775  16.428 0.0000000000
75615  -53.658  -7.649  15.612 0.0000000000
130797  -53.951  -7.146  14.182 0.0000000000
75631  -53.384  -7.294  13.863 0.0000000000
75630  -52.671  -7.356  13.584 0.0000000000
75639  -51.044  -7.617  13.353 0.0000000000
75637  -49.553  -7.194  13.513 0.0000000000
119907  -48.920  -6.801  13.812 0.0000000000
73078  -48.301  -10.193  14.729 0.0000000000
125496  -47.852  -9.733  14.301 0.0000000000
73966  -48.393  -9.123  13.895 0.0000000000
74794  -47.302  -8.401  14.080 0.0000000000
74800  -48.056  -8.399  13.803 0.0000000000
75636  -48.530  -7.604  13.703 0.0000000000
76550  -48.123  -6.639  14.203 0.0000000000
78211  -47.021  -4.663  16.036 0.0000000000
79200  -46.880  -4.520  16.247 0.0000000000
129271  -46.399  -5.184  18.198 0.0000000000
79181  -44.806  -4.418  18.166 0.0000000000
135537  -44.385  -2.622  18.617 0.0000000000
80174  -43.391  -2.224  18.449 0.0000000000
80186  -42.898  -2.890  17.993 0.0000000000
81110  -42.865  -1.305  18.570 0.0000000000
76659  -54.354  -6.023  4.301 0.0000000000
126278  -51.084  -6.333  8.689 0.0000000000
133047  -51.212  -6.044  8.062 0.0000000000
77454  -50.289  -5.632  7.110 0.0000000000
131590  -51.083  -5.138  6.671 0.0000000000
78353  -48.678  -4.325  4.821 0.0000000000
78365  -49.824  -4.229  3.765 0.0000000000
117336  -51.521  -4.356  4.569 0.0000000000
76692  -55.078  -6.009  0.707 0.0000000000
78388  -55.279  -5.284  0.501 0.0000000000
77512  -55.174  -5.298  0.295 0.0000000000
77520  -53.738  -4.905  -0.747 0.0000000000
78410  -53.460  -4.493  -1.226 0.0000000000
79374  -52.557  -3.250  0.074 0.0000000000
79385  -54.763  -3.775  -0.381 0.0000000000
80355  -55.306  -3.235  -0.729 0.0000000000
79386  -55.291  -3.952  -0.873 0.0000000000
78411  -54.502  -4.184  -1.116 0.0000000000
79391  -52.558  -3.582  -1.608 0.0000000000
80362  -51.763  -2.939  -1.579 0.0000000000
81279  -53.781  -2.530  -1.753 0.0000000000
123573  -52.332  -2.440  -1.666 0.0000000000
122976  -51.206  -2.176  -1.504 0.0000000000
80203  -44.877  -2.585  15.158 0.0000000000
81147  -44.635  -1.883  14.736 0.0000000000
81935  -44.986  -0.501  14.856 0.0000000000
123300  -44.575  -0.810  13.623 0.0000000000
81940  -44.567  -0.701  12.862 0.0000000000
81944  -44.561  -0.760  12.054 0.0000000000
82746  -44.976  -0.056  11.467 0.0000000000
82752  -45.473  0.310  10.744 0.0000000000
83520  -47.222  1.893  14.597 0.0000000000
84301  -46.746  1.955  13.707 0.0000000000
83523  -46.440  1.961  12.820 0.0000000000
84321  -46.921  2.485  12.200 0.0000000000
83530  -46.309  1.826  11.859 0.0000000000
83529  -45.839  1.284  12.410 0.0000000000
83539  -45.818  1.182  11.522 0.0000000000
83548  -45.850  1.022  10.783 0.0000000000
82760  -46.322  0.163  9.496 0.0000000000
82768  -46.990  -0.117  8.801 0.0000000000
82776  -47.810  0.155  7.657 0.0000000000
82770  -48.255  0.796  8.098 0.0000000000
82783  -47.652  0.214  6.700 0.0000000000
83590  -47.759  1.126  4.528 0.0000000000
83598  -47.736  1.190  3.914 0.0000000000
86700  -51.868  5.343  11.986 0.0000000000
121561  -51.245  5.126  10.980 0.0000000000
86719  -52.184  5.247  9.920 0.0000000000
85908  -51.365  5.047  10.160 0.0000000000
85915  -50.830  4.506  9.605 0.0000000000
85109  -50.467  3.933  9.184 0.0000000000
85115  -50.538  3.384  8.549 0.0000000000
87513  -53.723  6.341  5.637 0.0000000000
86744  -53.273  5.644  6.415 0.0000000000
85946  -52.504  4.871  6.970 0.0000000000
87522  -51.857  6.242  5.031 0.0000000000
86743  -51.957  5.361  6.250 0.0000000000
119615  -52.044  4.371  7.492 0.0000000000
85935  -51.374  3.876  7.634 0.0000000000
116507  -50.790  3.279  7.954 0.0000000000
85121  -50.133  3.033  7.382 0.0000000000
84373  -49.020  2.919  6.008 0.0000000000
85953  -49.348  4.092  5.111 0.0000000000
135306  -48.861  3.218  5.187 0.0000000000
84378  -48.475  2.551  4.613 0.0000000000
83591  -48.061  1.794  4.181 0.0000000000
83599  -48.229  1.489  3.439 0.0000000000
83605  -48.681  1.660  2.707 0.0000000000
83611  -49.789  1.667  1.430 0.0000000000
83612  -50.427  1.551  0.915 0.0000000000
125789  -52.272  4.970  0.499 0.0000000000
86003  -54.222  4.454  -0.675 0.0000000000
85182  -53.913  3.317  -0.333 0.0000000000
83630  -54.374  1.992  -0.522 0.0000000000
83631  -55.227  1.077  -0.813 0.0000000000
83633  -55.546  0.799  -1.153 0.0000000000
82852  -55.172  0.775  -1.337 0.0000000000
82851  -54.510  0.506  -1.554 0.0000000000
122141  -53.916  1.855  -1.871 0.0000000000
123549  -53.347  0.949  -1.683 0.0000000000
128046  -52.542  0.292  -1.631 0.0000000000
82849  -51.511  0.239  -1.571 0.0000000000
86002  -50.268  4.866  -1.143 0.0000000000
87588  -49.612  6.625  -0.393 0.0000000000
86792  -49.577  5.771  -0.025 0.0000000000
89740  -50.024  9.575  -0.220 0.0000000000
130915  -48.614  9.536  -0.830 0.0000000000
89739  -47.149  9.422  -0.508 0.0000000000
89755  -47.905  9.510  -1.483 0.0000000000
89771  -47.428  9.409  -2.618 0.0000000000
131340  -46.373  9.040  -3.363 0.0000000000
88318  -45.827  8.959  -3.343 0.0000000000
113030  -43.853  8.796  0.498 0.0000000000
113114  -44.101  8.938  -0.482 0.0000000000
89011  -42.267  8.610  -1.576 0.0000000000
89012  -43.498  9.070  -1.611 0.0000000000
89026  -43.984  9.275  -2.678 0.0000000000
89038  -44.346  9.038  -3.298 0.0000000000
88317  -44.830  8.921  -3.319 0.0000000000
88302  -45.366  8.224  -2.787 0.0000000000
88283  -44.362  7.302  -1.632 0.0000000000
87573  -43.508  6.703  0.170 0.0000000000
87572  -42.689  6.781  0.156 0.0000000000
87559  -43.326  6.615  1.128 0.0000000000
87550  -43.229  6.452  2.167 0.0000000000
88246  -40.290  7.429  2.035 0.0000000000
88236  -40.247  7.329  3.184 0.0000000000
88994  -38.285  8.473  0.008 0.0000000000
88976  -38.158  8.464  1.099 0.0000000000
88960  -38.008  8.442  2.113 0.0000000000
88926  -36.280  8.841  4.837 0.0000000000
91873  -44.002  12.552  6.117 0.0000000000
91880  -42.647  12.842  3.874 0.0000000000
92656  -41.624  13.063  1.347 0.0000000000
91898  -41.085  13.060  0.327 0.0000000000
92665  -41.659  13.902  -0.620 0.0000000000
91907  -40.837  13.546  -0.283 0.0000000000
92664  -40.426  13.725  -0.121 0.0000000000
92653  -39.326  13.507  1.969 0.0000000000
91887  -38.839  13.157  3.021 0.0000000000
91886  -38.189  12.537  3.086 0.0000000000
74737  -52.361  -8.504  19.367 0.0000000000
76537  -54.876  -6.736  15.123 0.0000000000
81252  -48.807  -1.490  1.688 0.0000000000
81272  -56.603  -2.180  -0.990 0.0000000000
81273  -56.554  -1.795  -0.995 0.0000000000
81882  -49.420  -0.947  19.905 0.0000000000
81883  -49.752  -0.514  19.876 0.0000000000
81898  -49.428  -1.237  19.605 0.0000000000
81963  -44.897  -1.135  10.746 0.0000000000
82050  -56.291  -0.855  -1.095 0.0000000000
82675  -50.167  0.201  20.016 0.0000000000
82734  -45.328  0.530  13.720 0.0000000000
82810  -48.788  0.851  2.034 0.0000000000
82843  -55.828  0.207  -1.047 0.0000000000
83464  -50.498  0.820  20.020 0.0000000000
83508  -47.534  1.565  15.501 0.0000000000
83555  -47.849  1.149  8.689 0.0000000000
83569  -48.127  0.806  7.239 0.0000000000
83583  -47.872  1.016  5.373 0.0000000000
83606  -49.172  1.696  1.977 0.0000000000
83632  -55.553  0.856  -1.139 0.0000000000
83642  -55.478  1.151  -1.198 0.0000000000
84291  -49.637  2.725  16.181 0.0000000000
84351  -49.582  2.435  8.194 0.0000000000
84352  -50.146  2.816  8.089 0.0000000000
84422  -55.412  1.275  -1.125 0.0000000000
85033  -52.068  4.616  18.597 0.0000000000
85071  -49.410  3.732  14.191 0.0000000000
85106  -47.471  2.753  10.054 0.0000000000
85107  -48.011  3.135  9.811 0.0000000000
85126  -50.294  3.732  6.702 0.0000000000
85200  -54.793  5.009  -2.155 0.0000000000
85827  -51.166  4.614  18.617 0.0000000000
85828  -52.020  4.597  18.680 0.0000000000
85848  -52.492  5.847  17.233 0.0000000000
85905  -48.990  4.148  10.864 0.0000000000
85906  -49.793  4.480  10.620 0.0000000000
85928  -53.490  4.851  8.199 0.0000000000
85967  -49.780  4.827  3.552 0.0000000000
86013  -55.051  4.662  -1.875 0.0000000000
86650  -53.634  7.045  15.966 0.0000000000
86720  -53.932  5.619  9.502 0.0000000000
86737  -55.095  5.748  7.963 0.0000000000
86742  -51.079  5.123  6.028 0.0000000000
86812  -54.917  5.181  -2.027 0.0000000000
87408  -53.036  6.993  16.449 0.0000000000
87417  -49.157  6.176  14.354 0.0000000000
87433  -54.784  7.189  14.380 0.0000000000
87449  -54.940  6.730  14.022 0.0000000000
87481  -56.128  7.643  12.095 0.0000000000
88127  -53.998  7.274  15.531 0.0000000000
88136  -54.209  7.369  15.234 0.0000000000
88186  -56.125  8.338  10.712 0.0000000000
88194  -55.972  8.102  9.542 0.0000000000
88229  -56.106  8.694  3.374 0.0000000000
88237  -52.064  6.920  2.963 0.0000000000
88282  -43.688  7.601  -2.059 0.0000000000
88285  -46.146  7.538  -1.572 0.0000000000
88298  -41.364  7.607  -2.438 0.0000000000
88303  -46.135  8.236  -2.696 0.0000000000
88315  -43.719  8.984  -2.879 0.0000000000
88316  -44.175  8.935  -3.273 0.0000000000
88863  -53.691  8.540  10.529 0.0000000000
88898  -44.506  8.636  6.227 0.0000000000
88903  -49.180  8.801  6.267 0.0000000000
88929  -43.334  8.818  4.650 0.0000000000
88932  -45.851  8.195  4.521 0.0000000000
88940  -56.265  8.983  3.170 0.0000000000
88979  -43.515  8.757  1.203 0.0000000000
89022  -39.736  8.637  -2.611 0.0000000000
89033  -53.184  9.471  -2.627 0.0000000000
89040  -46.904  9.080  -3.212 0.0000000000
89041  -47.750  9.094  -3.134 0.0000000000
89042  -52.982  8.746  -2.719 0.0000000000
89652  -47.223  9.253  7.469 0.0000000000
89665  -44.544  9.304  6.820 0.0000000000
89679  -43.254  9.233  5.366 0.0000000000
89695  -55.972  9.054  3.425 0.0000000000
89701  -42.213  9.026  2.875 0.0000000000
89704  -56.286  9.032  2.916 0.0000000000
89747  -37.868  10.167  -0.743 0.0000000000
89765  -39.156  9.868  -1.511 0.0000000000
89767  -39.838  9.068  -2.916 0.0000000000
89768  -44.720  9.279  -3.005 0.0000000000
89770  -46.490  9.421  -2.475 0.0000000000
89781  -46.107  9.072  -3.314 0.0000000000
90411  -47.084  10.563  8.305 0.0000000000
90432  -43.987  10.627  6.786 0.0000000000
90474  -37.951  10.893  -1.298 0.0000000000
91177  -38.099  12.029  -1.773 0.0000000000
91865  -43.616  11.828  6.289 0.0000000000
91877  -38.553  12.659  3.822 0.0000000000
91920  -37.720  12.188  -1.390 0.0000000000
113199  -42.780  8.994  -0.854 0.0000000000
114443  -48.795  3.419  9.572 0.0000000000
116449  -42.953  8.834  -1.765 0.0000000000
117972  -41.757  7.440  -1.998 0.0000000000
118119  -54.226  6.413  -2.156 0.0000000000
119198  -46.138  -3.058  8.981 0.0000000000
120285  -44.334  11.006  7.185 0.0000000000
122113  -55.977  9.300  9.661 0.0000000000
122630  -56.517  -2.339  -1.014 0.0000000000
122639  -44.221  9.200  -1.518 0.0000000000
123873  -46.570  1.111  9.703 0.0000000000
124717  -44.473  -1.335  13.224 0.0000000000
126523  -43.235  9.741  5.837 0.0000000000
127110  -46.501  9.252  7.554 0.0000000000
127218  -51.560  -8.022  13.529 0.0000000000
128110  -49.596  8.477  3.124 0.0000000000
129274  -49.951  6.622  14.250 0.0000000000
129454  -47.245  -1.624  6.488 0.0000000000
129642  -51.203  3.100  19.270 0.0000000000
130201  -55.384  6.423  8.452 0.0000000000
132497  -53.650  6.807  15.693 0.0000000000
132506  -55.567  9.245  1.873 0.0000000000
132647  -51.615  8.733  9.857 0.0000000000
132655  -53.786  -3.605  -1.593 0.0000000000
132666  -52.039  -6.375  9.726 0.0000000000
132685  -53.736  3.860  -0.291 0.0000000000
132816  -53.811  6.712  -2.367 0.0000000000
132974  -42.585  8.946  0.921 0.0000000000
134077  -48.084  8.269  3.742 0.0000000000
135310  -47.407  -0.254  4.760 0.0000000000
135404  -49.166  -2.000  1.412 0.0000000000
136168  -53.360  7.817  1.482 0.0000000000
