#!ascii label  , from subject sub-v2s8x29208_ses-1 vox2ras=TkReg
1871
47602  32.636  -44.105  29.912 0.0000000000
38233  25.861  -53.012  40.786 0.0000000000
123485  13.695  -51.763  40.031 0.0000000000
34475  13.425  -57.037  43.226 0.0000000000
35384  20.991  -57.028  46.247 0.0000000000
38368  19.135  -52.162  35.001 0.0000000000
41571  39.675  -50.066  35.179 0.0000000000
49607  46.203  -41.862  29.362 0.0000000000
47526  33.563  -43.551  37.741 0.0000000000
36440  28.912  -55.048  35.598 0.0000000000
135015  24.495  -50.875  28.157 0.0000000000
39268  15.360  -51.448  46.331 0.0000000000
36349  11.442  -54.380  41.222 0.0000000000
41425  11.879  -50.026  47.023 0.0000000000
37230  17.381  -53.668  44.300 0.0000000000
47484  39.053  -43.878  42.383 0.0000000000
36280  29.990  -54.945  46.463 0.0000000000
40437  32.150  -50.245  43.843 0.0000000000
119042  31.136  -48.532  39.297 0.0000000000
40542  28.249  -50.911  36.672 0.0000000000
39548  27.493  -52.267  31.619 0.0000000000
125371  24.867  -51.471  33.503 0.0000000000
38448  14.555  -52.318  31.575 0.0000000000
40674  17.008  -49.836  28.991 0.0000000000
49614  39.264  -41.664  29.236 0.0000000000
121604  38.629  -40.543  24.254 0.0000000000
35514  13.228  -54.931  34.322 0.0000000000
118198  15.756  -57.312  36.999 0.0000000000
34471  24.343  -56.670  43.291 0.0000000000
129983  22.750  -53.860  37.672 0.0000000000
113528  19.963  -54.547  40.803 0.0000000000
38283  16.255  -52.437  38.315 0.0000000000
43756  36.228  -47.788  31.727 0.0000000000
38155  9.720  -52.230  48.654 0.0000000000
31331  14.989  -59.901  48.240 0.0000000000
126587  41.128  -42.813  34.011 0.0000000000
48575  34.659  -42.937  34.906 0.0000000000
44672  36.006  -46.475  36.101 0.0000000000
41573  36.128  -50.080  35.141 0.0000000000
37376  35.439  -53.886  34.524 0.0000000000
49438  33.008  -41.646  42.206 0.0000000000
39450  31.079  -51.092  35.226 0.0000000000
36480  33.802  -54.320  33.262 0.0000000000
40621  31.447  -50.189  30.854 0.0000000000
39581  21.224  -51.134  31.021 0.0000000000
40376  15.675  -50.370  50.585 0.0000000000
40402  13.628  -50.117  46.442 0.0000000000
41384  13.508  -48.623  50.602 0.0000000000
38154  16.988  -52.395  49.000 0.0000000000
37240  27.533  -53.800  43.901 0.0000000000
39328  28.652  -51.166  42.593 0.0000000000
114969  29.134  -50.347  40.307 0.0000000000
39378  26.949  -51.580  39.269 0.0000000000
40568  27.241  -50.827  35.097 0.0000000000
38296  25.339  -52.345  37.831 0.0000000000
36491  16.072  -55.048  30.861 0.0000000000
36504  16.673  -54.407  28.639 0.0000000000
118282  35.266  -42.158  28.983 0.0000000000
49665  34.800  -41.659  26.202 0.0000000000
46667  32.598  -44.455  26.991 0.0000000000
38305  12.898  -52.853  37.609 0.0000000000
34534  14.522  -56.537  35.678 0.0000000000
133668  12.370  -54.755  38.256 0.0000000000
35436  11.904  -55.792  42.137 0.0000000000
120158  14.527  -57.195  40.170 0.0000000000
32482  15.675  -58.240  41.684 0.0000000000
118431  17.873  -60.942  44.612 0.0000000000
33481  25.168  -58.242  47.010 0.0000000000
34473  22.934  -57.349  44.044 0.0000000000
124308  22.406  -56.045  42.147 0.0000000000
35403  20.295  -55.461  43.355 0.0000000000
118324  15.494  -52.563  41.936 0.0000000000
37284  16.729  -53.225  41.198 0.0000000000
38268  14.880  -52.075  39.201 0.0000000000
115617  13.824  -52.488  36.100 0.0000000000
42640  38.610  -49.055  33.341 0.0000000000
134269  38.608  -49.064  30.878 0.0000000000
41603  40.627  -49.252  33.316 0.0000000000
113275  13.259  -59.433  48.157 0.0000000000
45631  34.911  -44.765  35.251 0.0000000000
47523  36.327  -43.360  37.546 0.0000000000
47487  36.973  -44.362  40.902 0.0000000000
44640  35.955  -47.460  39.765 0.0000000000
43694  34.030  -47.583  36.442 0.0000000000
39514  35.692  -51.162  32.690 0.0000000000
42659  32.676  -48.852  32.702 0.0000000000
38278  31.752  -53.366  39.278 0.0000000000
41515  31.226  -49.716  37.847 0.0000000000
36398  31.829  -55.783  39.086 0.0000000000
36414  33.391  -56.732  37.499 0.0000000000
36462  31.542  -54.553  34.244 0.0000000000
38442  33.204  -52.161  31.884 0.0000000000
131148  30.752  -52.298  32.576 0.0000000000
122053  28.174  -49.171  29.839 0.0000000000
37365  20.824  -52.864  36.148 0.0000000000
38343  21.903  -52.653  35.209 0.0000000000
112218  20.022  -51.455  32.991 0.0000000000
40724  18.307  -50.669  26.437 0.0000000000
51835  48.828  -40.112  25.829 0.0000000000
50767  45.705  -40.597  26.399 0.0000000000
39318  14.324  -51.459  43.549 0.0000000000
38257  12.260  -52.200  40.393 0.0000000000
40429  13.387  -50.683  44.482 0.0000000000
39320  11.552  -51.628  43.582 0.0000000000
38194  10.652  -52.793  44.427 0.0000000000
36285  19.618  -55.428  48.144 0.0000000000
134321  19.215  -54.964  44.659 0.0000000000
37203  18.205  -54.033  46.788 0.0000000000
38176  16.426  -52.686  45.725 0.0000000000
49472  38.534  -41.820  39.652 0.0000000000
50516  36.845  -40.537  42.192 0.0000000000
41465  31.748  -49.483  41.873 0.0000000000
40506  30.750  -50.481  39.394 0.0000000000
38338  28.775  -53.666  36.089 0.0000000000
37427  28.594  -53.505  33.356 0.0000000000
38361  27.573  -53.398  33.888 0.0000000000
38417  26.261  -52.751  32.287 0.0000000000
38468  24.587  -52.837  30.539 0.0000000000
39507  16.872  -51.207  33.618 0.0000000000
40611  17.681  -50.648  32.260 0.0000000000
40676  15.846  -50.773  29.935 0.0000000000
49610  42.611  -42.007  29.177 0.0000000000
50745  42.990  -40.891  26.973 0.0000000000
50774  38.485  -40.722  26.720 0.0000000000
34514  12.874  -55.969  38.826 0.0000000000
35389  27.047  -55.973  44.886 0.0000000000
36334  25.680  -54.751  42.524 0.0000000000
37295  24.283  -53.851  39.091 0.0000000000
36364  23.570  -55.200  40.294 0.0000000000
36395  21.444  -54.347  38.910 0.0000000000
37337  19.577  -53.342  37.601 0.0000000000
130459  18.462  -54.362  42.650 0.0000000000
37297  18.489  -53.580  39.604 0.0000000000
38323  17.672  -52.525  36.768 0.0000000000
39483  14.748  -51.690  34.407 0.0000000000
37430  13.564  -53.531  33.133 0.0000000000
44744  33.960  -46.713  30.888 0.0000000000
44774  33.662  -46.793  28.088 0.0000000000
42704  36.083  -48.229  29.049 0.0000000000
40404  10.754  -50.683  47.828 0.0000000000
36309  11.274  -54.830  45.030 0.0000000000
35374  11.782  -55.251  46.900 0.0000000000
33518  14.740  -58.133  45.898 0.0000000000
127948  43.967  -43.369  31.920 0.0000000000
48658  40.156  -42.238  31.104 0.0000000000
48662  36.094  -42.381  31.029 0.0000000000
113483  33.682  -43.374  32.388 0.0000000000
45664  34.174  -45.360  33.756 0.0000000000
43731  36.266  -47.294  33.947 0.0000000000
42626  37.531  -48.857  35.350 0.0000000000
45578  37.182  -46.405  39.656 0.0000000000
42592  36.977  -49.597  38.096 0.0000000000
40583  37.965  -50.700  36.214 0.0000000000
38379  38.588  -52.537  33.666 0.0000000000
36432  38.758  -55.529  35.962 0.0000000000
49476  33.101  -41.669  39.202 0.0000000000
45553  31.286  -45.310  40.814 0.0000000000
117903  30.601  -45.203  37.963 0.0000000000
45651  30.853  -45.716  34.421 0.0000000000
38385  32.596  -52.178  33.967 0.0000000000
34566  34.795  -57.460  36.701 0.0000000000
40623  29.825  -50.648  31.515 0.0000000000
38320  23.546  -52.923  36.390 0.0000000000
39501  23.103  -51.944  32.936 0.0000000000
39620  23.035  -52.177  28.699 0.0000000000
40673  19.002  -49.969  30.123 0.0000000000
40707  20.874  -50.690  27.244 0.0000000000
41393  15.021  -49.715  50.187 0.0000000000
132602  14.715  -48.221  50.659 0.0000000000
37256  27.042  -53.350  42.976 0.0000000000
38199  28.357  -52.611  44.012 0.0000000000
127960  27.175  -52.174  41.654 0.0000000000
39345  27.711  -51.455  41.241 0.0000000000
38263  26.348  -52.134  39.479 0.0000000000
39395  26.626  -51.639  38.558 0.0000000000
38279  25.589  -52.503  38.811 0.0000000000
48701  33.843  -42.859  29.287 0.0000000000
48718  33.838  -42.736  27.771 0.0000000000
47610  32.743  -43.822  28.425 0.0000000000
38287  12.887  -52.569  38.383 0.0000000000
36401  12.507  -54.180  37.228 0.0000000000
37300  12.405  -52.791  38.939 0.0000000000
34489  12.672  -56.430  42.550 0.0000000000
33544  14.064  -57.330  41.613 0.0000000000
114817  14.617  -57.834  42.379 0.0000000000
32473  15.825  -58.690  42.741 0.0000000000
32474  15.209  -58.408  43.106 0.0000000000
125894  21.740  -56.958  48.894 0.0000000000
34448  21.653  -57.620  47.442 0.0000000000
33516  23.181  -58.142  46.604 0.0000000000
34460  21.731  -57.361  45.859 0.0000000000
35402  21.604  -56.502  43.626 0.0000000000
131521  20.470  -55.974  44.123 0.0000000000
38242  14.944  -52.232  41.330 0.0000000000
129514  15.219  -52.336  40.790 0.0000000000
39385  14.279  -51.910  39.684 0.0000000000
38304  13.410  -52.462  37.832 0.0000000000
111585  39.267  -49.489  34.265 0.0000000000
41604  39.861  -49.207  33.244 0.0000000000
41589  40.087  -49.402  34.263 0.0000000000
49504  36.934  -41.614  37.334 0.0000000000
48543  36.140  -42.265  37.117 0.0000000000
49488  37.323  -41.651  38.089 0.0000000000
47513  34.804  -43.699  38.915 0.0000000000
45594  34.510  -45.695  38.221 0.0000000000
45595  33.680  -45.330  37.182 0.0000000000
43719  33.098  -47.683  34.537 0.0000000000
44688  32.337  -45.747  34.970 0.0000000000
36406  29.769  -55.941  38.270 0.0000000000
36392  31.675  -55.003  39.246 0.0000000000
35488  30.754  -56.543  37.316 0.0000000000
118025  32.171  -57.151  37.776 0.0000000000
36463  30.577  -54.421  34.398 0.0000000000
115249  31.128  -53.719  33.666 0.0000000000
120004  30.085  -53.725  33.815 0.0000000000
115358  19.606  -52.459  35.538 0.0000000000
38366  20.674  -52.334  34.694 0.0000000000
39478  19.454  -51.898  34.328 0.0000000000
50741  47.401  -40.933  27.526 0.0000000000
49643  45.779  -41.232  27.802 0.0000000000
39284  15.101  -51.609  45.351 0.0000000000
118149  14.102  -51.121  44.156 0.0000000000
40428  14.330  -51.031  44.923 0.0000000000
41424  12.998  -49.807  46.725 0.0000000000
40415  13.004  -50.033  45.844 0.0000000000
40431  11.794  -50.829  44.893 0.0000000000
38193  11.075  -52.176  44.004 0.0000000000
39286  11.159  -51.294  45.330 0.0000000000
37192  19.595  -54.395  49.350 0.0000000000
36286  18.869  -54.745  47.387 0.0000000000
37182  18.078  -53.407  48.903 0.0000000000
39253  16.187  -51.924  48.618 0.0000000000
38164  16.580  -52.487  47.570 0.0000000000
39283  15.854  -52.125  45.796 0.0000000000
38192  15.595  -52.322  44.340 0.0000000000
40423  31.501  -51.421  44.938 0.0000000000
40410  33.033  -50.561  45.820 0.0000000000
41448  32.605  -49.818  44.225 0.0000000000
43619  32.506  -48.533  43.319 0.0000000000
40452  31.875  -49.968  42.568 0.0000000000
40494  28.356  -50.625  39.043 0.0000000000
40492  30.112  -50.154  39.976 0.0000000000
40541  28.949  -51.198  37.437 0.0000000000
39411  30.036  -51.522  38.502 0.0000000000
39429  28.544  -51.378  36.330 0.0000000000
38360  28.124  -53.117  34.622 0.0000000000
39451  28.310  -51.697  35.256 0.0000000000
39474  26.331  -51.018  34.702 0.0000000000
39497  26.448  -51.329  33.648 0.0000000000
39499  25.556  -51.450  33.109 0.0000000000
111567  25.797  -52.638  31.681 0.0000000000
120800  24.844  -51.526  32.692 0.0000000000
40613  15.441  -50.924  32.366 0.0000000000
40612  16.041  -50.644  32.119 0.0000000000
39554  15.186  -51.246  31.258 0.0000000000
49612  40.893  -41.794  29.154 0.0000000000
49648  40.878  -41.346  27.840 0.0000000000
49650  39.206  -41.331  27.983 0.0000000000
49669  34.567  -41.666  25.326 0.0000000000
35528  14.269  -55.454  33.465 0.0000000000
34569  15.376  -56.496  34.201 0.0000000000
38258  11.728  -52.742  40.703 0.0000000000
36386  11.732  -54.136  39.612 0.0000000000
35456  12.057  -55.492  40.156 0.0000000000
32491  16.636  -58.319  40.432 0.0000000000
33556  15.601  -57.496  39.437 0.0000000000
34457  24.563  -57.191  44.309 0.0000000000
34444  26.622  -57.068  46.106 0.0000000000
127474  25.785  -56.285  44.076 0.0000000000
36318  25.998  -55.269  43.297 0.0000000000
35414  25.396  -55.446  42.856 0.0000000000
36345  24.590  -55.121  41.342 0.0000000000
35431  24.373  -55.847  41.836 0.0000000000
128545  21.396  -55.259  41.347 0.0000000000
36365  21.663  -55.091  40.576 0.0000000000
36366  20.738  -54.600  40.262 0.0000000000
129338  20.656  -54.050  38.789 0.0000000000
36384  19.981  -53.975  39.030 0.0000000000
36308  18.585  -54.517  44.317 0.0000000000
116389  19.080  -54.789  43.817 0.0000000000
36324  17.847  -54.103  43.008 0.0000000000
38266  16.517  -52.757  39.752 0.0000000000
37283  17.491  -53.469  40.713 0.0000000000
38265  17.013  -52.811  38.949 0.0000000000
38301  17.732  -52.766  37.606 0.0000000000
112517  17.109  -52.555  37.313 0.0000000000
39458  16.378  -51.861  35.340 0.0000000000
39434  15.441  -52.155  36.276 0.0000000000
37366  13.055  -53.218  35.369 0.0000000000
38370  13.541  -52.707  34.222 0.0000000000
36465  13.381  -54.294  33.555 0.0000000000
43758  35.136  -47.212  31.660 0.0000000000
43775  35.019  -47.660  30.257 0.0000000000
42693  35.888  -47.920  30.354 0.0000000000
41656  39.401  -49.209  29.453 0.0000000000
38165  10.037  -52.194  47.266 0.0000000000
37218  10.110  -52.866  46.251 0.0000000000
37205  10.254  -53.612  46.563 0.0000000000
33467  14.208  -57.441  49.407 0.0000000000
33485  14.427  -57.591  48.031 0.0000000000
33503  13.676  -57.059  46.131 0.0000000000
32438  15.307  -59.169  47.502 0.0000000000
31339  15.691  -60.448  46.619 0.0000000000
127725  15.360  -60.557  47.029 0.0000000000
48653  44.864  -43.325  31.790 0.0000000000
48631  42.727  -43.073  32.912 0.0000000000
128830  41.006  -42.557  32.482 0.0000000000
48678  38.583  -41.974  30.804 0.0000000000
48660  38.331  -42.232  31.727 0.0000000000
133740  36.066  -42.489  33.353 0.0000000000
48638  35.536  -42.566  32.811 0.0000000000
47558  33.924  -43.294  33.317 0.0000000000
115813  33.219  -44.457  32.943 0.0000000000
46583  33.716  -44.095  34.071 0.0000000000
129435  35.598  -45.545  35.809 0.0000000000
44685  35.452  -45.894  35.230 0.0000000000
43705  36.001  -46.990  35.554 0.0000000000
121821  36.860  -48.134  35.264 0.0000000000
43704  36.834  -48.482  36.544 0.0000000000
49457  39.727  -41.860  41.288 0.0000000000
48513  37.952  -43.550  39.715 0.0000000000
47498  37.927  -44.935  40.228 0.0000000000
113105  35.834  -49.611  37.505 0.0000000000
42580  36.175  -49.330  38.827 0.0000000000
42611  36.123  -50.077  36.864 0.0000000000
41548  37.857  -50.660  36.974 0.0000000000
40584  37.413  -50.575  36.294 0.0000000000
40591  38.550  -51.154  34.179 0.0000000000
39490  37.109  -51.085  33.264 0.0000000000
114301  36.010  -53.280  33.715 0.0000000000
37398  37.350  -53.415  33.675 0.0000000000
35504  37.824  -56.635  36.721 0.0000000000
35505  36.794  -57.018  37.032 0.0000000000
49461  33.316  -40.975  40.834 0.0000000000
134835  31.505  -47.533  41.038 0.0000000000
45538  31.838  -45.497  42.397 0.0000000000
43657  30.940  -47.448  39.476 0.0000000000
124252  30.740  -49.997  36.074 0.0000000000
111866  30.244  -47.940  37.086 0.0000000000
43708  30.053  -46.984  35.492 0.0000000000
45614  30.540  -45.384  36.091 0.0000000000
41575  30.307  -49.168  33.751 0.0000000000
40596  31.349  -50.270  33.224 0.0000000000
131238  31.794  -52.021  34.316 0.0000000000
36460  33.441  -55.343  34.206 0.0000000000
35509  33.966  -57.214  36.409 0.0000000000
128946  34.680  -55.993  34.316 0.0000000000
35525  35.551  -56.483  34.526 0.0000000000
37421  35.056  -53.837  32.265 0.0000000000
131036  34.639  -53.230  32.046 0.0000000000
40620  32.156  -50.800  31.265 0.0000000000
39572  33.597  -51.242  30.405 0.0000000000
37428  27.957  -53.409  32.857 0.0000000000
39520  29.430  -52.156  32.358 0.0000000000
39547  28.232  -51.648  31.533 0.0000000000
42707  29.295  -48.308  29.238 0.0000000000
37313  23.676  -53.968  38.402 0.0000000000
38298  23.950  -53.136  37.041 0.0000000000
37333  23.392  -53.392  37.103 0.0000000000
39525  21.583  -51.658  32.453 0.0000000000
38389  22.606  -52.223  33.742 0.0000000000
39524  22.388  -51.681  32.127 0.0000000000
39551  22.830  -51.671  31.153 0.0000000000
111648  22.173  -51.419  30.554 0.0000000000
133403  17.312  -49.825  30.119 0.0000000000
40652  18.592  -50.171  30.833 0.0000000000
41665  18.390  -49.670  29.378 0.0000000000
117434  19.894  -49.991  27.592 0.0000000000
125419  21.690  -51.101  26.557 0.0000000000
50789  40.886  -40.459  25.610 0.0000000000
50788  41.776  -40.478  25.570 0.0000000000
44788  34.322  -46.801  26.460 0.0000000000
39254  15.449  -51.173  47.656 0.0000000000
40401  14.334  -50.506  46.450 0.0000000000
115413  14.910  -50.353  48.686 0.0000000000
41409  14.038  -49.680  48.397 0.0000000000
131319  13.286  -49.173  49.536 0.0000000000
39244  15.803  -51.227  49.697 0.0000000000
36299  29.010  -54.948  45.535 0.0000000000
38171  30.981  -53.902  45.989 0.0000000000
38186  29.070  -52.967  44.812 0.0000000000
39296  29.558  -51.435  44.222 0.0000000000
39311  29.523  -50.778  43.212 0.0000000000
40454  30.063  -50.409  42.499 0.0000000000
113717  28.459  -50.962  41.681 0.0000000000
40482  28.313  -50.603  39.889 0.0000000000
40523  27.874  -50.727  37.174 0.0000000000
40543  27.822  -50.753  36.188 0.0000000000
39413  26.786  -51.262  37.470 0.0000000000
39430  26.518  -51.187  36.587 0.0000000000
39454  25.561  -51.403  35.533 0.0000000000
37443  14.905  -53.776  31.085 0.0000000000
132019  15.232  -52.700  30.454 0.0000000000
37452  15.997  -54.032  29.848 0.0000000000
49617  36.994  -41.629  29.115 0.0000000000
49651  36.821  -41.311  27.793 0.0000000000
48716  35.388  -41.778  27.825 0.0000000000
130704  33.308  -43.075  26.592 0.0000000000
36418  12.678  -54.411  35.524 0.0000000000
34555  13.624  -55.665  34.865 0.0000000000
35491  12.660  -54.959  35.993 0.0000000000
35471  13.036  -55.748  37.119 0.0000000000
34521  13.607  -56.256  37.524 0.0000000000
35437  11.575  -55.103  41.571 0.0000000000
34504  12.592  -56.173  40.657 0.0000000000
34498  13.285  -56.724  41.144 0.0000000000
33547  15.257  -57.795  41.032 0.0000000000
31362  18.499  -60.683  43.762 0.0000000000
33515  23.857  -58.366  45.948 0.0000000000
34472  23.813  -57.280  43.832 0.0000000000
35416  23.333  -56.414  42.368 0.0000000000
121078  22.454  -56.609  43.183 0.0000000000
35417  21.652  -56.008  42.828 0.0000000000
35435  20.798  -55.157  41.858 0.0000000000
37250  16.699  -53.393  42.947 0.0000000000
37263  17.274  -53.758  42.550 0.0000000000
38240  16.104  -52.906  41.609 0.0000000000
38255  15.999  -52.648  40.608 0.0000000000
38284  15.505  -52.244  38.694 0.0000000000
39418  15.002  -52.168  36.853 0.0000000000
38303  14.492  -52.199  37.519 0.0000000000
38327  13.450  -52.611  36.932 0.0000000000
42657  37.332  -48.257  32.657 0.0000000000
114564  36.988  -48.441  31.007 0.0000000000
41619  38.752  -49.033  32.237 0.0000000000
112342  40.340  -49.325  32.370 0.0000000000
33468  13.810  -58.118  50.093 0.0000000000
124432  14.223  -59.766  48.235 0.0000000000
31340  14.032  -60.689  46.462 0.0000000000
31341  13.042  -60.048  46.116 0.0000000000
48574  35.580  -42.456  35.423 0.0000000000
47544  34.579  -43.682  35.145 0.0000000000
47543  35.302  -42.941  36.047 0.0000000000
115798  35.849  -44.403  36.692 0.0000000000
46555  36.530  -45.036  37.344 0.0000000000
47470  38.352  -44.154  42.046 0.0000000000
46515  36.936  -45.851  40.230 0.0000000000
46516  36.192  -45.931  40.109 0.0000000000
44673  34.507  -47.434  37.415 0.0000000000
43706  34.557  -48.503  36.321 0.0000000000
41592  35.484  -49.763  33.409 0.0000000000
42643  34.101  -48.933  33.575 0.0000000000
41607  34.044  -49.804  32.691 0.0000000000
39492  34.159  -51.813  33.225 0.0000000000
40505  31.505  -50.459  39.175 0.0000000000
42567  31.040  -48.879  38.699 0.0000000000
40520  31.729  -50.474  38.699 0.0000000000
39427  31.906  -51.912  37.592 0.0000000000
38337  31.764  -53.102  36.534 0.0000000000
37379  31.921  -53.498  35.761 0.0000000000
35467  32.918  -56.992  38.045 0.0000000000
35510  32.791  -56.639  36.154 0.0000000000
37400  32.852  -54.355  33.558 0.0000000000
37423  33.366  -53.519  32.829 0.0000000000
37424  32.500  -53.405  32.971 0.0000000000
38443  32.220  -52.126  32.202 0.0000000000
113537  31.328  -50.902  31.586 0.0000000000
39576  26.707  -51.478  30.616 0.0000000000
40649  27.561  -50.716  30.647 0.0000000000
40668  27.074  -50.405  30.107 0.0000000000
42728  26.702  -48.583  28.401 0.0000000000
43820  26.965  -47.515  27.219 0.0000000000
115952  22.084  -53.506  37.039 0.0000000000
37347  22.337  -53.225  36.433 0.0000000000
38344  21.151  -52.599  35.320 0.0000000000
38391  20.998  -52.136  33.973 0.0000000000
39526  20.778  -51.563  32.727 0.0000000000
40710  17.752  -50.375  27.302 0.0000000000
116318  17.810  -51.319  26.005 0.0000000000
50740  48.830  -40.672  27.529 0.0000000000
50766  46.651  -40.540  26.337 0.0000000000
50784  45.320  -40.430  25.548 0.0000000000
129052  13.910  -51.546  42.084 0.0000000000
39372  12.703  -51.787  40.868 0.0000000000
39353  13.257  -51.553  41.443 0.0000000000
39354  12.452  -51.719  41.678 0.0000000000
39355  11.813  -52.005  41.970 0.0000000000
40414  13.738  -50.445  45.535 0.0000000000
39319  12.085  -51.371  43.271 0.0000000000
38226  11.417  -52.507  42.398 0.0000000000
37251  11.124  -53.181  42.897 0.0000000000
111633  11.314  -54.761  43.196 0.0000000000
35405  11.579  -55.394  43.788 0.0000000000
35386  19.953  -56.069  47.542 0.0000000000
35395  19.640  -55.637  45.727 0.0000000000
36295  19.195  -55.227  46.655 0.0000000000
36296  18.533  -54.443  46.096 0.0000000000
37214  17.983  -53.876  45.786 0.0000000000
38153  17.276  -52.984  48.099 0.0000000000
37204  17.524  -53.516  46.187 0.0000000000
37216  16.837  -53.248  44.684 0.0000000000
38191  16.214  -52.857  44.280 0.0000000000
38224  15.456  -52.415  42.837 0.0000000000
39448  40.351  -50.708  35.469 0.0000000000
133060  41.170  -50.156  35.786 0.0000000000
38336  41.813  -51.875  35.781 0.0000000000
130558  38.865  -41.015  38.497 0.0000000000
48444  40.264  -42.653  43.798 0.0000000000
48462  38.780  -43.182  43.292 0.0000000000
48483  37.174  -42.816  41.733 0.0000000000
49473  35.373  -41.873  39.872 0.0000000000
43620  32.085  -47.911  42.402 0.0000000000
41477  31.485  -49.073  40.514 0.0000000000
132637  30.918  -50.031  41.609 0.0000000000
122102  30.610  -49.987  40.340 0.0000000000
40491  31.054  -50.064  39.665 0.0000000000
39393  31.469  -51.148  39.171 0.0000000000
131000  29.887  -53.732  38.072 0.0000000000
37361  28.630  -54.788  36.103 0.0000000000
37402  28.891  -53.912  33.942 0.0000000000
37362  28.370  -54.145  35.237 0.0000000000
37382  27.621  -53.660  33.656 0.0000000000
130486  27.241  -53.260  32.625 0.0000000000
39452  27.769  -51.171  34.869 0.0000000000
38388  26.656  -52.905  32.949 0.0000000000
38416  26.763  -53.125  32.454 0.0000000000
38466  26.047  -52.308  30.912 0.0000000000
38467  25.239  -52.630  30.673 0.0000000000
38482  24.314  -52.717  29.619 0.0000000000
117805  17.987  -51.723  34.609 0.0000000000
39528  18.566  -51.131  32.999 0.0000000000
40597  16.775  -50.761  32.674 0.0000000000
40628  16.244  -50.405  31.201 0.0000000000
40675  16.452  -50.297  29.437 0.0000000000
38485  15.980  -52.390  29.179 0.0000000000
38495  16.394  -52.210  28.401 0.0000000000
49609  44.295  -41.997  29.209 0.0000000000
133135  44.328  -41.423  27.996 0.0000000000
126754  43.064  -41.663  28.478 0.0000000000
50747  41.310  -41.016  27.177 0.0000000000
117026  39.141  -40.407  25.998 0.0000000000
123562  36.179  -41.070  26.773 0.0000000000
50793  36.520  -40.591  25.615 0.0000000000
37301  11.920  -53.127  39.510 0.0000000000
35459  12.523  -55.307  38.345 0.0000000000
34512  14.319  -56.673  37.926 0.0000000000
33557  14.402  -56.963  39.507 0.0000000000
111764  15.039  -57.158  39.060 0.0000000000
36291  28.644  -55.689  45.836 0.0000000000
36300  28.113  -55.205  44.982 0.0000000000
37241  26.832  -54.276  43.409 0.0000000000
37269  25.465  -53.752  41.232 0.0000000000
37279  25.216  -53.466  40.404 0.0000000000
36362  24.841  -54.263  40.892 0.0000000000
36379  23.977  -54.609  39.699 0.0000000000
36393  23.114  -54.451  38.754 0.0000000000
35451  22.752  -55.434  40.592 0.0000000000
127350  22.951  -55.155  39.874 0.0000000000
36394  22.331  -54.469  38.753 0.0000000000
122607  21.023  -53.863  38.208 0.0000000000
37350  20.047  -53.085  36.747 0.0000000000
38299  19.281  -52.996  36.907 0.0000000000
35404  19.780  -55.432  44.254 0.0000000000
36322  19.593  -54.929  43.233 0.0000000000
36347  19.288  -54.432  41.393 0.0000000000
37262  17.888  -54.060  42.185 0.0000000000
36348  18.689  -54.149  41.138 0.0000000000
37281  19.029  -53.881  39.985 0.0000000000
37318  18.565  -53.394  38.690 0.0000000000
38300  18.833  -53.040  37.375 0.0000000000
38347  18.019  -52.294  35.895 0.0000000000
39457  17.425  -51.869  35.138 0.0000000000
39508  15.814  -51.289  33.809 0.0000000000
39531  14.296  -51.863  32.780 0.0000000000
39435  14.752  -52.177  36.022 0.0000000000
38392  13.900  -52.249  33.603 0.0000000000
38420  14.120  -52.539  32.168 0.0000000000
36493  14.456  -54.125  31.728 0.0000000000
45708  32.842  -45.823  30.064 0.0000000000
125585  32.702  -45.549  29.224 0.0000000000
43794  33.769  -46.954  29.422 0.0000000000
42691  37.321  -48.593  30.302 0.0000000000
134990  38.087  -48.621  28.425 0.0000000000
41569  41.668  -49.475  34.791 0.0000000000
43535  13.461  -48.066  50.837 0.0000000000
41395  12.472  -48.664  50.818 0.0000000000
41412  11.756  -49.703  48.548 0.0000000000
128539  10.917  -49.770  49.938 0.0000000000
40403  11.434  -50.399  46.717 0.0000000000
40418  10.963  -51.053  46.399 0.0000000000
36310  10.812  -54.105  44.455 0.0000000000
34462  12.013  -55.886  44.456 0.0000000000
36288  10.587  -54.238  46.872 0.0000000000
126324  11.706  -55.360  45.878 0.0000000000
119562  12.569  -56.251  45.355 0.0000000000
33526  13.959  -57.546  44.409 0.0000000000
32463  15.361  -58.773  44.392 0.0000000000
48689  46.616  -42.374  30.272 0.0000000000
48672  45.048  -42.846  30.899 0.0000000000
48673  43.543  -42.701  30.603 0.0000000000
48675  41.679  -42.490  30.515 0.0000000000
48630  43.745  -43.265  32.890 0.0000000000
48656  42.020  -42.766  31.289 0.0000000000
120839  40.141  -42.024  30.314 0.0000000000
49596  38.062  -41.814  30.154 0.0000000000
48681  36.195  -42.229  30.340 0.0000000000
48682  34.888  -42.555  30.337 0.0000000000
132332  37.656  -42.316  31.942 0.0000000000
48663  35.121  -42.564  31.236 0.0000000000
130239  33.054  -43.661  31.321 0.0000000000
45687  32.767  -44.721  31.520 0.0000000000
44724  33.617  -45.732  32.342 0.0000000000
43745  35.085  -46.906  32.324 0.0000000000
45649  34.186  -44.708  34.352 0.0000000000
44712  34.860  -46.075  33.787 0.0000000000
44722  35.689  -47.024  33.047 0.0000000000
133827  36.935  -47.898  33.185 0.0000000000
42625  38.098  -49.231  35.136 0.0000000000
112366  38.848  -50.309  35.624 0.0000000000
48527  37.302  -42.825  38.739 0.0000000000
46528  37.510  -45.341  38.984 0.0000000000
121218  36.829  -46.826  38.260 0.0000000000
44626  36.352  -47.062  39.766 0.0000000000
44656  36.728  -47.971  38.910 0.0000000000
43691  36.737  -48.687  38.361 0.0000000000
135092  37.258  -49.544  37.683 0.0000000000
41547  38.318  -50.806  37.070 0.0000000000
114263  39.192  -50.351  35.334 0.0000000000
39469  39.281  -50.695  35.006 0.0000000000
38378  39.519  -52.693  34.156 0.0000000000
38407  37.146  -51.779  32.989 0.0000000000
36455  38.739  -54.171  34.590 0.0000000000
50529  35.582  -40.647  40.713 0.0000000000
48530  33.509  -42.368  38.401 0.0000000000
47472  32.248  -43.168  41.690 0.0000000000
119124  30.528  -46.868  38.615 0.0000000000
45580  30.756  -45.192  38.699 0.0000000000
47489  31.638  -43.534  40.173 0.0000000000
47515  31.813  -43.275  38.265 0.0000000000
47528  31.948  -43.370  37.462 0.0000000000
46557  32.240  -44.260  36.059 0.0000000000
43746  31.693  -47.761  32.630 0.0000000000
39517  32.957  -50.817  32.921 0.0000000000
37377  34.606  -53.650  34.543 0.0000000000
37358  33.256  -55.038  36.260 0.0000000000
36412  34.508  -56.243  36.876 0.0000000000
36411  35.312  -56.176  36.683 0.0000000000
34576  36.556  -57.344  35.524 0.0000000000
129165  33.933  -52.237  31.563 0.0000000000
39571  34.214  -51.786  30.033 0.0000000000
38386  29.600  -53.192  33.295 0.0000000000
39519  30.275  -51.822  32.312 0.0000000000
40646  30.662  -49.844  30.791 0.0000000000
41636  29.159  -49.638  30.635 0.0000000000
41635  30.176  -49.369  30.420 0.0000000000
38280  24.895  -52.824  38.266 0.0000000000
38319  24.348  -52.592  36.653 0.0000000000
39455  24.783  -51.739  35.275 0.0000000000
38342  22.615  -52.650  35.239 0.0000000000
38363  23.144  -52.360  34.501 0.0000000000
39500  24.041  -51.693  33.170 0.0000000000
38419  24.055  -51.995  31.439 0.0000000000
38469  23.740  -52.886  29.997 0.0000000000
39619  23.452  -52.111  28.421 0.0000000000
132772  19.366  -51.389  33.212 0.0000000000
40609  19.561  -50.847  31.795 0.0000000000
40650  20.542  -50.714  30.540 0.0000000000
41701  19.047  -49.733  27.769 0.0000000000
40671  20.203  -50.138  29.154 0.0000000000
39580  21.445  -51.021  29.940 0.0000000000
116633  22.298  -51.765  28.395 0.0000000000
39639  22.787  -51.889  27.862 0.0000000000
50744  43.846  -40.811  26.753 0.0000000000
50786  43.591  -40.472  25.113 0.0000000000
135205  43.603  -40.899  24.300 0.0000000000
117246  33.010  -45.814  26.832 0.0000000000
38215  26.661  -52.914  42.112 0.0000000000
38232  26.491  -52.614  41.207 0.0000000000
39362  27.004  -51.941  40.797 0.0000000000
38251  26.375  -52.378  40.345 0.0000000000
38264  25.705  -52.755  39.902 0.0000000000
47591  33.173  -43.414  29.832 0.0000000000
47601  33.176  -43.320  28.886 0.0000000000
126283  32.735  -43.806  29.197 0.0000000000
38269  12.892  -52.235  39.149 0.0000000000
39387  12.924  -51.844  39.980 0.0000000000
33537  13.988  -57.446  42.657 0.0000000000
33536  14.598  -58.040  43.389 0.0000000000
34438  21.304  -57.301  48.022 0.0000000000
35393  21.094  -56.666  44.582 0.0000000000
39370  14.437  -51.939  40.562 0.0000000000
39386  13.503  -51.949  39.378 0.0000000000
41570  40.326  -49.830  35.049 0.0000000000
47525  34.417  -43.965  38.455 0.0000000000
46542  34.500  -44.788  38.385 0.0000000000
46543  33.677  -44.481  37.474 0.0000000000
45632  32.970  -45.893  35.973 0.0000000000
45612  32.914  -45.111  36.365 0.0000000000
35463  30.616  -56.398  38.706 0.0000000000
35489  29.732  -55.791  36.534 0.0000000000
35512  30.934  -56.098  36.281 0.0000000000
36439  30.038  -55.157  35.364 0.0000000000
37380  29.373  -54.490  34.609 0.0000000000
38367  19.898  -52.254  34.840 0.0000000000
116180  46.922  -41.625  28.952 0.0000000000
49624  46.256  -41.482  28.465 0.0000000000
49625  45.441  -41.532  28.445 0.0000000000
39285  14.649  -50.957  45.829 0.0000000000
41433  12.402  -50.004  46.338 0.0000000000
41434  11.898  -50.193  46.151 0.0000000000
40417  11.581  -50.578  45.739 0.0000000000
37180  19.624  -53.737  49.565 0.0000000000
37181  19.023  -53.587  49.596 0.0000000000
119115  15.982  -51.970  47.022 0.0000000000
40438  31.320  -50.634  44.080 0.0000000000
127272  32.609  -51.075  45.615 0.0000000000
40422  32.665  -50.420  45.045 0.0000000000
41440  33.242  -49.741  45.381 0.0000000000
132797  32.249  -49.888  43.209 0.0000000000
128305  31.505  -50.305  43.139 0.0000000000
40522  28.614  -50.827  37.770 0.0000000000
40507  29.232  -50.573  38.871 0.0000000000
40566  28.100  -50.969  35.723 0.0000000000
39475  25.647  -51.290  33.957 0.0000000000
39530  14.861  -51.291  32.094 0.0000000000
131520  14.768  -51.699  31.595 0.0000000000
49613  40.079  -41.718  29.170 0.0000000000
49631  39.641  -41.524  28.574 0.0000000000
49632  38.783  -41.497  28.626 0.0000000000
35529  13.639  -55.034  33.660 0.0000000000
35513  13.923  -55.582  34.142 0.0000000000
37273  11.477  -53.537  40.967 0.0000000000
36368  11.520  -54.231  40.459 0.0000000000
35453  11.616  -55.004  40.751 0.0000000000
32499  16.846  -58.213  39.597 0.0000000000
34456  25.405  -56.783  44.552 0.0000000000
34470  25.073  -56.481  43.694 0.0000000000
35400  25.568  -55.869  43.460 0.0000000000
35401  24.790  -55.982  42.820 0.0000000000
35415  24.134  -56.367  42.385 0.0000000000
36346  20.781  -54.860  41.085 0.0000000000
36383  20.684  -54.317  39.449 0.0000000000
36367  19.818  -54.222  39.911 0.0000000000
37248  17.914  -54.109  43.874 0.0000000000
112979  17.049  -52.649  38.007 0.0000000000
38302  16.386  -52.402  37.486 0.0000000000
39433  16.154  -52.148  36.114 0.0000000000
38325  15.838  -52.235  36.861 0.0000000000
36442  12.813  -53.852  35.057 0.0000000000
36441  12.947  -54.076  34.306 0.0000000000
43757  35.598  -47.605  31.179 0.0000000000
42675  36.336  -48.049  31.061 0.0000000000
39255  9.807  -50.802  49.669 0.0000000000
39270  9.847  -51.629  48.556 0.0000000000
37206  9.974  -53.012  47.347 0.0000000000
32429  14.831  -58.967  48.394 0.0000000000
33502  14.843  -58.018  47.107 0.0000000000
32437  15.471  -59.817  47.007 0.0000000000
31333  15.106  -60.335  47.599 0.0000000000
48628  46.718  -43.327  33.684 0.0000000000
48605  46.853  -42.953  35.050 0.0000000000
112105  42.110  -42.998  33.933 0.0000000000
129301  40.852  -42.626  33.223 0.0000000000
48634  39.758  -42.326  32.179 0.0000000000
48633  40.303  -42.467  32.853 0.0000000000
48613  35.306  -42.550  33.647 0.0000000000
48614  34.525  -42.862  34.024 0.0000000000
47551  34.079  -43.545  34.306 0.0000000000
45610  36.137  -45.801  36.507 0.0000000000
43692  36.642  -47.896  36.914 0.0000000000
48495  39.508  -43.351  42.337 0.0000000000
48496  38.926  -43.832  41.495 0.0000000000
47497  38.246  -44.606  40.972 0.0000000000
41550  35.610  -49.776  35.733 0.0000000000
41549  36.781  -50.432  36.763 0.0000000000
40593  37.323  -50.546  34.229 0.0000000000
41591  36.435  -50.165  33.901 0.0000000000
124017  35.229  -53.009  33.704 0.0000000000
37375  36.260  -54.149  34.537 0.0000000000
36433  36.746  -55.466  35.789 0.0000000000
49450  32.818  -41.519  41.083 0.0000000000
42538  31.354  -48.337  40.056 0.0000000000
43648  31.265  -47.318  40.479 0.0000000000
40565  30.750  -50.464  35.168 0.0000000000
118584  30.262  -49.002  35.827 0.0000000000
41551  30.361  -49.630  34.921 0.0000000000
112698  30.022  -47.813  34.880 0.0000000000
40585  30.540  -50.176  34.174 0.0000000000
39496  30.916  -50.651  33.876 0.0000000000
39470  31.288  -51.408  34.563 0.0000000000
35526  33.956  -56.341  34.914 0.0000000000
36459  34.231  -55.228  33.717 0.0000000000
36479  34.654  -54.409  32.952 0.0000000000
37422  34.245  -53.640  32.596 0.0000000000
40645  32.362  -50.376  30.512 0.0000000000
38415  27.929  -52.655  32.086 0.0000000000
112307  23.206  -53.841  37.764 0.0000000000
39502  22.198  -51.999  32.988 0.0000000000
39552  21.856  -51.440  31.571 0.0000000000
41666  17.500  -49.723  29.489 0.0000000000
41686  17.793  -49.669  28.702 0.0000000000
133101  39.521  -40.314  25.119 0.0000000000
50804  39.326  -40.619  24.378 0.0000000000
41383  14.713  -48.867  50.567 0.0000000000
41394  14.245  -49.284  49.895 0.0000000000
40373  16.265  -49.999  51.147 0.0000000000
39240  16.445  -50.841  50.874 0.0000000000
37225  28.269  -54.356  44.739 0.0000000000
37224  29.332  -54.057  45.339 0.0000000000
37239  28.322  -53.421  44.416 0.0000000000
38213  28.228  -52.006  43.125 0.0000000000
39312  28.833  -51.994  44.183 0.0000000000
134661  28.863  -51.390  43.461 0.0000000000
114697  27.586  -51.234  40.380 0.0000000000
39377  27.545  -51.087  39.545 0.0000000000
39394  27.508  -51.049  38.738 0.0000000000
39412  27.446  -50.960  37.972 0.0000000000
39396  26.009  -51.884  38.023 0.0000000000
39414  25.873  -51.710  37.253 0.0000000000
39431  25.689  -51.547  36.406 0.0000000000
36499  15.604  -54.306  30.577 0.0000000000
36498  16.487  -54.837  30.143 0.0000000000
48709  36.180  -41.816  28.978 0.0000000000
49635  36.141  -41.577  28.160 0.0000000000
135274  35.596  -41.871  28.458 0.0000000000
47616  33.279  -43.181  27.259 0.0000000000
126770  33.803  -42.632  27.010 0.0000000000
47628  32.801  -43.722  26.563 0.0000000000
46680  32.702  -44.404  26.104 0.0000000000
37352  12.803  -53.345  36.793 0.0000000000
36407  12.573  -54.258  36.357 0.0000000000
36396  12.389  -54.105  38.104 0.0000000000
35472  12.602  -55.049  36.851 0.0000000000
35464  12.699  -55.361  37.591 0.0000000000
35452  11.980  -55.681  41.129 0.0000000000
34499  12.575  -56.296  41.600 0.0000000000
33543  14.879  -57.784  41.617 0.0000000000
32492  15.876  -58.057  40.754 0.0000000000
32481  16.487  -58.529  41.322 0.0000000000
126212  17.113  -59.058  41.910 0.0000000000
31363  16.770  -59.553  43.643 0.0000000000
31382  17.421  -59.682  42.993 0.0000000000
30266  18.744  -62.427  44.918 0.0000000000
33484  23.302  -57.974  47.994 0.0000000000
34459  22.545  -57.687  45.490 0.0000000000
34458  23.402  -57.724  45.047 0.0000000000
121994  24.027  -57.693  44.843 0.0000000000
34487  23.318  -56.829  43.261 0.0000000000
123833  20.989  -55.989  43.496 0.0000000000
35418  20.884  -55.534  42.646 0.0000000000
38223  16.105  -52.972  42.468 0.0000000000
38256  15.098  -52.197  40.080 0.0000000000
38267  15.712  -52.369  39.579 0.0000000000
38285  14.676  -52.115  38.337 0.0000000000
37367  12.773  -53.614  35.846 0.0000000000
42656  38.058  -48.695  32.425 0.0000000000
41618  39.537  -49.228  32.239 0.0000000000
41616  41.127  -49.392  32.475 0.0000000000
32425  13.382  -58.816  49.184 0.0000000000
32430  14.100  -59.202  48.818 0.0000000000
31334  14.162  -60.305  47.559 0.0000000000
32439  13.137  -59.785  47.163 0.0000000000
48557  35.801  -42.261  36.321 0.0000000000
47524  35.662  -43.233  36.742 0.0000000000
46541  36.206  -44.144  37.231 0.0000000000
46540  36.772  -44.570  37.987 0.0000000000
47471  37.635  -44.068  41.700 0.0000000000
47486  37.859  -44.620  41.241 0.0000000000
47499  36.542  -45.080  40.292 0.0000000000
45611  34.471  -46.518  37.852 0.0000000000
42627  34.503  -49.031  34.802 0.0000000000
42612  34.046  -48.377  35.208 0.0000000000
42644  33.150  -48.544  33.187 0.0000000000
42658  33.620  -49.184  32.855 0.0000000000
40605  34.400  -50.438  32.642 0.0000000000
40606  33.530  -50.242  32.640 0.0000000000
39392  32.181  -52.157  39.150 0.0000000000
40504  32.018  -51.258  39.104 0.0000000000
38315  32.250  -52.880  38.840 0.0000000000
37344  31.938  -54.527  38.002 0.0000000000
37360  31.960  -54.380  36.847 0.0000000000
36405  32.606  -56.368  38.074 0.0000000000
36437  32.051  -55.586  35.046 0.0000000000
35511  32.038  -56.484  36.306 0.0000000000
36461  32.717  -55.589  34.717 0.0000000000
122945  32.235  -54.733  34.145 0.0000000000
37401  32.001  -53.938  33.534 0.0000000000
38412  31.463  -52.528  32.602 0.0000000000
37425  31.687  -53.205  33.037 0.0000000000
123872  31.915  -51.419  31.778 0.0000000000
39518  31.221  -51.712  32.192 0.0000000000
39598  26.095  -51.059  29.841 0.0000000000
42747  27.245  -47.863  27.930 0.0000000000
42748  26.449  -48.073  27.664 0.0000000000
37348  21.562  -53.244  36.632 0.0000000000
39477  20.223  -52.024  34.157 0.0000000000
39504  20.530  -51.790  33.466 0.0000000000
50742  46.143  -40.845  27.120 0.0000000000
123244  46.867  -40.796  27.091 0.0000000000
114248  46.074  -40.421  25.728 0.0000000000
39335  14.575  -51.763  42.806 0.0000000000
39304  13.482  -51.058  43.603 0.0000000000
40461  12.796  -51.231  43.012 0.0000000000
39337  12.241  -51.579  42.472 0.0000000000
41423  14.237  -50.166  47.303 0.0000000000
40445  11.945  -51.092  44.069 0.0000000000
40430  12.477  -50.654  44.615 0.0000000000
39338  11.677  -51.835  42.779 0.0000000000
37264  11.286  -53.255  42.199 0.0000000000
38208  11.261  -52.341  43.195 0.0000000000
129208  10.861  -52.957  43.664 0.0000000000
36326  10.950  -53.896  43.534 0.0000000000
132122  10.713  -53.442  44.160 0.0000000000
36275  20.082  -55.152  49.274 0.0000000000
36274  20.903  -55.059  49.557 0.0000000000
35362  20.500  -55.896  48.998 0.0000000000
126288  17.693  -52.795  49.338 0.0000000000
38163  16.949  -52.979  46.670 0.0000000000
38175  16.934  -53.122  45.550 0.0000000000
133907  16.472  -52.887  45.033 0.0000000000
39317  15.132  -52.019  43.599 0.0000000000
38225  14.767  -52.069  42.042 0.0000000000
39447  41.196  -50.730  35.903 0.0000000000
122369  39.466  -42.747  43.826 0.0000000000
49427  39.668  -41.880  44.323 0.0000000000
50515  37.781  -40.718  43.286 0.0000000000
49447  37.694  -41.976  42.520 0.0000000000
49448  36.820  -41.610  41.576 0.0000000000
49459  36.466  -42.031  40.953 0.0000000000
50528  36.272  -40.942  41.039 0.0000000000
38170  31.393  -53.285  45.991 0.0000000000
42511  32.222  -49.070  42.451 0.0000000000
42523  31.879  -48.680  41.682 0.0000000000
129409  31.655  -49.111  41.170 0.0000000000
40467  30.199  -50.233  41.607 0.0000000000
40481  30.024  -50.179  40.699 0.0000000000
134666  30.065  -50.349  39.578 0.0000000000
41479  31.017  -49.879  39.931 0.0000000000
38316  29.378  -52.976  36.998 0.0000000000
38295  30.063  -52.556  38.215 0.0000000000
37345  29.213  -54.790  37.285 0.0000000000
36416  28.598  -54.617  35.476 0.0000000000
37404  27.334  -53.455  33.206 0.0000000000
38387  27.248  -53.409  33.248 0.0000000000
40544  27.236  -50.776  35.892 0.0000000000
40567  27.701  -50.842  35.504 0.0000000000
39498  25.960  -51.754  32.791 0.0000000000
111625  26.450  -52.798  31.979 0.0000000000
38446  25.142  -52.776  31.106 0.0000000000
38481  24.589  -52.836  30.178 0.0000000000
39506  18.027  -51.404  33.862 0.0000000000
40655  15.659  -50.722  30.755 0.0000000000
40654  16.246  -50.304  30.246 0.0000000000
37462  15.623  -53.074  29.782 0.0000000000
37461  16.376  -53.664  29.088 0.0000000000
118610  16.358  -53.045  28.585 0.0000000000
114585  16.576  -53.130  27.892 0.0000000000
38505  16.637  -52.135  27.632 0.0000000000
126738  43.463  -42.038  29.185 0.0000000000
49628  42.179  -41.638  28.488 0.0000000000
50749  39.573  -41.032  27.347 0.0000000000
130293  39.146  -40.770  26.843 0.0000000000
50773  39.801  -40.661  26.569 0.0000000000
49652  35.960  -41.348  27.359 0.0000000000
49663  36.602  -41.101  27.163 0.0000000000
49664  35.555  -41.293  26.569 0.0000000000
50794  35.826  -40.805  25.343 0.0000000000
130593  13.936  -56.110  35.338 0.0000000000
34570  14.427  -56.215  34.740 0.0000000000
34554  15.201  -56.720  35.101 0.0000000000
38270  12.364  -52.419  39.656 0.0000000000
38271  11.895  -52.718  40.059 0.0000000000
125234  12.322  -55.459  39.236 0.0000000000
34513  13.590  -56.336  38.393 0.0000000000
34503  13.314  -56.583  40.262 0.0000000000
33558  13.924  -56.888  39.997 0.0000000000
33555  16.326  -57.793  39.094 0.0000000000
33566  15.729  -57.411  38.673 0.0000000000
33465  25.113  -57.860  47.610 0.0000000000
33464  25.748  -57.798  47.151 0.0000000000
35379  27.325  -56.472  45.685 0.0000000000
34443  27.472  -56.896  46.752 0.0000000000
35388  27.847  -55.916  45.321 0.0000000000
36301  27.267  -55.434  44.510 0.0000000000
36317  26.700  -55.053  43.747 0.0000000000
36333  26.280  -54.676  43.099 0.0000000000
37257  26.283  -53.898  42.532 0.0000000000
37258  25.701  -54.038  41.954 0.0000000000
36344  25.181  -54.538  41.707 0.0000000000
35449  24.023  -55.531  41.071 0.0000000000
36363  24.265  -54.861  40.515 0.0000000000
129436  23.689  -54.364  39.082 0.0000000000
36380  23.344  -54.791  39.510 0.0000000000
35433  23.047  -55.927  41.454 0.0000000000
36382  21.489  -54.672  39.735 0.0000000000
112704  22.285  -55.033  39.875 0.0000000000
126321  22.061  -54.692  39.314 0.0000000000
36381  22.694  -54.790  39.343 0.0000000000
37315  21.881  -54.099  38.153 0.0000000000
37316  20.176  -53.719  38.273 0.0000000000
112504  19.403  -52.698  36.260 0.0000000000
130376  18.939  -54.613  43.094 0.0000000000
36336  19.296  -54.596  42.343 0.0000000000
37271  17.327  -53.677  41.692 0.0000000000
131706  17.897  -53.436  39.971 0.0000000000
37282  18.406  -53.778  40.486 0.0000000000
122472  19.190  -54.200  40.613 0.0000000000
37296  19.223  -53.763  39.287 0.0000000000
38281  18.358  -53.063  37.887 0.0000000000
122992  18.258  -52.802  37.252 0.0000000000
38322  18.622  -52.669  36.600 0.0000000000
38348  17.068  -52.195  35.990 0.0000000000
39482  15.526  -51.627  34.678 0.0000000000
125842  15.069  -51.450  33.940 0.0000000000
39510  14.482  -51.717  33.713 0.0000000000
134576  14.257  -52.332  36.102 0.0000000000
38393  13.565  -52.913  33.512 0.0000000000
38421  13.801  -52.732  32.892 0.0000000000
37429  13.915  -53.543  32.344 0.0000000000
119198  33.229  -46.058  30.849 0.0000000000
44759  33.463  -46.561  30.123 0.0000000000
126510  35.490  -47.941  29.567 0.0000000000
43793  34.545  -47.560  29.303 0.0000000000
43792  35.305  -47.898  28.739 0.0000000000
115902  37.610  -48.692  30.960 0.0000000000
42690  38.148  -48.898  30.454 0.0000000000
130415  38.869  -48.972  28.993 0.0000000000
112120  38.340  -48.553  27.750 0.0000000000
40561  41.863  -50.341  36.199 0.0000000000
41545  41.682  -49.818  35.635 0.0000000000
41544  42.304  -49.977  36.133 0.0000000000
43543  14.272  -47.696  49.898 0.0000000000
43536  12.489  -48.057  51.075 0.0000000000
41385  11.945  -48.252  51.162 0.0000000000
41396  11.298  -48.950  50.768 0.0000000000
40389  11.268  -50.165  48.101 0.0000000000
39287  10.414  -51.920  45.995 0.0000000000
37217  10.380  -53.511  45.665 0.0000000000
38178  10.405  -52.753  45.274 0.0000000000
36298  10.708  -54.153  45.324 0.0000000000
35396  11.541  -55.292  44.468 0.0000000000
35363  12.703  -55.806  47.988 0.0000000000
35364  12.106  -55.189  48.244 0.0000000000
36287  11.183  -54.750  47.290 0.0000000000
116679  10.223  -53.679  47.542 0.0000000000
34439  12.456  -55.870  46.711 0.0000000000
33519  13.855  -57.345  45.297 0.0000000000
34461  12.828  -56.585  44.582 0.0000000000
33517  14.765  -58.256  44.754 0.0000000000
31338  16.160  -61.341  46.251 0.0000000000
30252  14.379  -61.045  45.903 0.0000000000
134202  47.010  -42.696  31.083 0.0000000000
48690  45.632  -42.357  30.100 0.0000000000
48671  46.132  -42.789  30.982 0.0000000000
48654  44.146  -43.062  31.187 0.0000000000
129887  43.360  -43.026  31.352 0.0000000000
48674  42.648  -42.683  30.724 0.0000000000
48606  44.650  -43.231  34.082 0.0000000000
118796  41.499  -42.661  31.905 0.0000000000
118797  42.330  -42.970  32.026 0.0000000000
48657  41.144  -42.522  31.150 0.0000000000
48676  40.822  -42.250  30.419 0.0000000000
49595  38.912  -41.760  29.985 0.0000000000
48677  39.447  -41.958  30.564 0.0000000000
48679  37.657  -42.121  31.001 0.0000000000
48697  37.334  -41.917  30.243 0.0000000000
48680  36.808  -42.164  30.663 0.0000000000
128947  35.616  -42.403  30.516 0.0000000000
48636  38.108  -42.387  32.797 0.0000000000
114773  37.333  -42.427  32.736 0.0000000000
47568  34.276  -42.988  32.574 0.0000000000
115729  34.932  -42.670  32.241 0.0000000000
131615  34.286  -42.928  31.822 0.0000000000
47582  33.594  -43.322  31.557 0.0000000000
46619  32.775  -44.060  31.434 0.0000000000
46618  33.121  -43.765  31.992 0.0000000000
45650  33.637  -44.631  33.630 0.0000000000
45676  33.041  -44.977  32.310 0.0000000000
113486  33.542  -45.198  33.042 0.0000000000
44723  34.360  -46.381  32.343 0.0000000000
45675  34.242  -45.904  33.064 0.0000000000
46568  35.223  -43.858  35.944 0.0000000000
46582  34.188  -44.121  34.678 0.0000000000
44698  35.435  -46.355  34.553 0.0000000000
44686  34.818  -45.534  34.500 0.0000000000
44711  35.551  -46.711  33.825 0.0000000000
112500  36.381  -47.481  33.105 0.0000000000
41572  38.538  -50.354  36.449 0.0000000000
49487  37.856  -41.814  38.854 0.0000000000
47510  37.687  -44.599  39.368 0.0000000000
45593  37.093  -45.972  38.440 0.0000000000
45565  36.589  -46.339  40.009 0.0000000000
42579  36.391  -49.339  38.696 0.0000000000
43677  36.374  -48.861  39.015 0.0000000000
40564  38.147  -50.759  37.043 0.0000000000
40563  38.443  -50.695  36.893 0.0000000000
40582  38.567  -50.386  35.650 0.0000000000
39489  38.099  -51.868  33.453 0.0000000000
39488  39.135  -51.791  33.990 0.0000000000
126214  40.121  -53.668  34.720 0.0000000000
37396  39.137  -53.426  34.212 0.0000000000
40594  35.654  -50.259  32.926 0.0000000000
133756  36.474  -51.290  32.870 0.0000000000
38408  36.211  -51.882  32.815 0.0000000000
36456  37.904  -54.241  34.473 0.0000000000
122333  40.193  -56.488  36.775 0.0000000000
50531  33.804  -40.787  40.217 0.0000000000
50542  34.427  -40.905  39.812 0.0000000000
49474  34.689  -41.457  39.486 0.0000000000
49490  33.599  -41.861  38.809 0.0000000000
115920  31.567  -45.348  41.646 0.0000000000
46476  31.904  -44.748  42.183 0.0000000000
46489  31.617  -44.574  41.363 0.0000000000
47459  32.038  -43.970  41.942 0.0000000000
121309  31.042  -49.269  38.200 0.0000000000
43666  30.704  -47.915  38.606 0.0000000000
42581  30.553  -48.372  37.883 0.0000000000
44642  30.329  -46.106  37.823 0.0000000000
118015  30.602  -45.915  38.654 0.0000000000
46517  31.314  -44.139  39.618 0.0000000000
46530  31.319  -43.934  38.685 0.0000000000
47501  31.665  -43.354  39.212 0.0000000000
45635  30.646  -45.515  35.224 0.0000000000
46559  31.094  -44.614  36.289 0.0000000000
46570  31.465  -44.698  35.565 0.0000000000
46558  31.737  -44.141  36.078 0.0000000000
44701  31.501  -45.662  34.341 0.0000000000
44713  31.513  -46.437  33.564 0.0000000000
43734  31.293  -47.071  32.926 0.0000000000
40608  31.903  -49.878  32.716 0.0000000000
39494  32.317  -51.426  33.560 0.0000000000
39493  33.238  -51.609  33.373 0.0000000000
38357  33.760  -53.333  34.515 0.0000000000
37359  32.618  -55.119  36.842 0.0000000000
37378  32.491  -53.834  35.494 0.0000000000
34567  34.309  -57.465  36.800 0.0000000000
35485  34.073  -57.369  37.435 0.0000000000
34552  34.345  -57.447  37.203 0.0000000000
34551  35.353  -57.375  36.927 0.0000000000
34565  36.317  -57.557  36.598 0.0000000000
35507  35.572  -57.468  36.172 0.0000000000
35535  35.940  -55.494  33.191 0.0000000000
38409  33.888  -52.808  32.215 0.0000000000
39597  33.644  -51.131  29.513 0.0000000000
38414  29.039  -52.883  32.836 0.0000000000
39546  29.652  -51.401  31.955 0.0000000000
39545  30.497  -51.131  31.834 0.0000000000
40647  29.954  -49.985  31.005 0.0000000000
41637  28.069  -49.814  30.360 0.0000000000
41660  29.542  -48.828  29.874 0.0000000000
42706  30.066  -48.322  29.153 0.0000000000
37294  24.979  -53.236  39.530 0.0000000000
37311  24.788  -53.136  38.803 0.0000000000
38297  24.534  -52.867  37.531 0.0000000000
39432  24.899  -51.917  36.140 0.0000000000
38340  24.132  -52.377  35.804 0.0000000000
37363  22.293  -52.875  35.771 0.0000000000
38321  22.855  -52.959  35.984 0.0000000000
127566  23.317  -52.075  33.689 0.0000000000
124152  24.019  -51.849  34.022 0.0000000000
39523  23.984  -51.637  32.317 0.0000000000
112648  23.239  -51.725  31.932 0.0000000000
39579  23.082  -52.059  30.160 0.0000000000
39578  23.505  -52.306  30.529 0.0000000000
38484  23.395  -52.461  29.439 0.0000000000
38483  23.881  -52.828  29.541 0.0000000000
38494  23.605  -52.458  29.014 0.0000000000
40610  18.745  -50.784  32.108 0.0000000000
134770  18.952  -50.534  31.442 0.0000000000
40651  19.574  -50.488  30.900 0.0000000000
40625  20.354  -50.943  31.426 0.0000000000
126309  19.900  -50.230  29.974 0.0000000000
40689  18.178  -49.754  27.912 0.0000000000
40709  18.630  -50.056  27.173 0.0000000000
40687  20.534  -50.282  28.293 0.0000000000
132813  20.639  -50.542  29.753 0.0000000000
40670  21.027  -50.662  29.079 0.0000000000
39601  21.778  -51.231  29.009 0.0000000000
120201  21.498  -51.070  28.150 0.0000000000
39640  22.314  -51.459  27.198 0.0000000000
40705  22.951  -51.437  27.190 0.0000000000
49645  43.607  -41.305  27.693 0.0000000000
129331  44.469  -41.094  27.342 0.0000000000
50787  42.686  -40.496  25.361 0.0000000000
45724  33.051  -46.150  28.599 0.0000000000
45736  33.013  -46.033  27.729 0.0000000000
41382  15.638  -49.517  50.878 0.0000000000
38200  27.727  -52.860  43.517 0.0000000000
38214  27.432  -52.461  42.556 0.0000000000
39329  27.909  -51.674  42.121 0.0000000000
118383  26.922  -51.738  39.973 0.0000000000
48710  34.464  -42.473  28.811 0.0000000000
48711  33.803  -42.833  28.508 0.0000000000
47609  33.266  -43.271  28.062 0.0000000000
47617  32.764  -43.805  27.523 0.0000000000
37339  12.604  -53.486  37.586 0.0000000000
37320  12.516  -53.166  38.230 0.0000000000
34488  13.329  -56.871  42.104 0.0000000000
131082  15.191  -58.159  42.246 0.0000000000
32472  16.499  -58.883  42.309 0.0000000000
32462  16.024  -59.274  44.060 0.0000000000
34447  22.449  -57.858  47.533 0.0000000000
34474  22.029  -57.082  44.359 0.0000000000
38241  15.563  -52.553  41.275 0.0000000000
39402  14.078  -52.019  38.872 0.0000000000
38286  13.424  -52.224  38.613 0.0000000000
41588  40.951  -49.329  34.304 0.0000000000
32431  12.050  -58.716  47.670 0.0000000000
48556  36.818  -41.634  36.559 0.0000000000
48528  36.670  -42.386  37.866 0.0000000000
47512  35.631  -44.471  39.697 0.0000000000
46529  35.269  -45.032  39.283 0.0000000000
44674  33.655  -46.732  36.435 0.0000000000
43707  33.597  -47.575  35.474 0.0000000000
44687  33.202  -46.700  35.657 0.0000000000
44699  32.727  -46.803  34.771 0.0000000000
43720  32.332  -46.954  33.849 0.0000000000
37331  30.186  -55.135  38.806 0.0000000000
37310  31.810  -54.061  39.157 0.0000000000
37330  31.313  -54.879  39.355 0.0000000000
36399  31.476  -55.744  39.335 0.0000000000
35469  31.290  -56.780  38.382 0.0000000000
35468  32.267  -56.737  38.428 0.0000000000
36438  31.190  -55.301  35.176 0.0000000000
37426  30.709  -52.938  33.136 0.0000000000
38345  20.039  -52.710  36.021 0.0000000000
120105  20.358  -52.528  35.419 0.0000000000
118526  19.774  -51.678  33.665 0.0000000000
50723  48.200  -41.122  28.124 0.0000000000
49642  46.591  -41.119  27.710 0.0000000000
50743  45.299  -40.951  27.190 0.0000000000
39303  14.888  -51.688  44.408 0.0000000000
40416  12.296  -50.312  45.476 0.0000000000
39305  11.391  -51.445  44.417 0.0000000000
39306  10.805  -52.038  44.860 0.0000000000
36264  20.266  -54.488  49.490 0.0000000000
36276  19.370  -54.859  48.610 0.0000000000
37193  18.658  -54.124  48.317 0.0000000000
128295  16.359  -52.466  46.498 0.0000000000
113366  16.000  -52.532  45.015 0.0000000000
38177  15.483  -52.119  44.977 0.0000000000
39295  31.641  -52.261  45.626 0.0000000000
39294  32.190  -51.755  45.718 0.0000000000
42499  32.946  -49.019  44.512 0.0000000000
43606  32.794  -47.901  44.267 0.0000000000
42510  32.438  -49.424  43.323 0.0000000000
41456  32.108  -49.664  42.618 0.0000000000
40493  29.146  -50.388  39.553 0.0000000000
40521  29.772  -50.883  38.694 0.0000000000
39428  29.271  -51.869  37.132 0.0000000000
38317  28.813  -52.285  36.111 0.0000000000
38339  28.531  -52.908  35.372 0.0000000000
39472  27.919  -51.927  34.410 0.0000000000
39453  26.417  -51.034  35.704 0.0000000000
39522  25.508  -51.853  32.389 0.0000000000
38418  24.896  -52.191  31.661 0.0000000000
40598  15.922  -50.880  32.963 0.0000000000
40629  15.519  -50.801  31.626 0.0000000000
39582  15.448  -51.313  30.460 0.0000000000
49611  41.739  -41.910  29.163 0.0000000000
49629  41.309  -41.599  28.498 0.0000000000
49630  40.466  -41.557  28.524 0.0000000000
49649  40.035  -41.333  27.902 0.0000000000
50750  38.802  -41.047  27.415 0.0000000000
48730  34.073  -42.186  25.766 0.0000000000
131880  14.217  -56.505  36.377 0.0000000000
37285  11.636  -53.388  40.199 0.0000000000
35457  11.668  -54.810  40.085 0.0000000000
34509  12.720  -56.078  39.736 0.0000000000
111798  15.299  -57.559  40.260 0.0000000000
114079  14.994  -57.255  39.682 0.0000000000
32500  16.113  -57.858  39.918 0.0000000000
33499  25.148  -57.976  46.046 0.0000000000
33480  25.889  -57.739  46.566 0.0000000000
34445  25.767  -57.249  45.482 0.0000000000
34455  26.348  -56.474  44.930 0.0000000000
35399  26.402  -55.764  44.093 0.0000000000
35430  24.969  -55.301  42.189 0.0000000000
35434  22.163  -55.578  41.322 0.0000000000
37317  19.403  -53.585  38.478 0.0000000000
36307  18.896  -54.759  45.354 0.0000000000
36323  18.434  -54.416  43.447 0.0000000000
37299  16.809  -53.072  40.428 0.0000000000
37298  17.266  -53.159  39.839 0.0000000000
37319  17.827  -53.277  39.226 0.0000000000
38282  17.771  -53.024  38.390 0.0000000000
38324  16.708  -52.366  36.740 0.0000000000
39459  15.486  -51.958  35.582 0.0000000000
38350  13.577  -52.638  35.225 0.0000000000
37383  13.133  -53.286  34.658 0.0000000000
37405  13.265  -53.465  33.845 0.0000000000
36483  13.704  -54.132  32.868 0.0000000000
36482  14.136  -54.488  32.412 0.0000000000
36464  13.867  -54.791  33.076 0.0000000000
35538  14.564  -55.258  32.746 0.0000000000
43776  34.189  -47.202  30.156 0.0000000000
111973  34.719  -47.240  30.959 0.0000000000
134053  36.196  -48.154  29.752 0.0000000000
41632  39.716  -49.343  30.470 0.0000000000
42689  38.932  -49.137  30.366 0.0000000000
39269  10.300  -51.400  47.456 0.0000000000
121190  10.547  -54.091  46.083 0.0000000000
33486  13.553  -56.558  47.941 0.0000000000
34449  13.100  -56.510  46.527 0.0000000000
131398  15.322  -58.832  46.264 0.0000000000
32450  15.576  -59.270  45.879 0.0000000000
48652  45.822  -43.275  31.728 0.0000000000
113385  46.498  -43.395  32.533 0.0000000000
113785  45.690  -43.455  32.615 0.0000000000
48629  44.738  -43.432  32.742 0.0000000000
48607  43.362  -43.096  34.331 0.0000000000
48632  41.687  -42.768  32.848 0.0000000000
118688  40.649  -42.421  31.899 0.0000000000
48659  39.180  -42.159  31.456 0.0000000000
48637  36.445  -42.483  32.673 0.0000000000
48639  34.689  -42.768  33.109 0.0000000000
47569  33.294  -43.827  32.902 0.0000000000
47559  33.612  -43.797  33.645 0.0000000000
46595  33.427  -44.089  33.470 0.0000000000
45630  35.604  -44.920  36.155 0.0000000000
43718  36.096  -47.217  34.848 0.0000000000
49458  39.026  -42.421  40.616 0.0000000000
48512  38.409  -43.872  40.581 0.0000000000
46527  37.572  -45.607  39.783 0.0000000000
43679  35.551  -48.725  38.388 0.0000000000
43678  35.964  -48.871  39.114 0.0000000000
42594  35.931  -49.473  38.325 0.0000000000
42593  36.488  -49.403  38.470 0.0000000000
42610  37.165  -49.528  37.422 0.0000000000
40592  37.960  -50.806  34.282 0.0000000000
131168  37.712  -51.388  33.479 0.0000000000
38382  35.864  -52.564  33.187 0.0000000000
38381  36.717  -52.682  33.178 0.0000000000
37399  36.669  -53.525  33.790 0.0000000000
36457  37.068  -54.256  34.454 0.0000000000
132971  37.607  -55.199  35.477 0.0000000000
35483  39.144  -56.944  36.942 0.0000000000
34549  37.829  -57.371  36.807 0.0000000000
50519  33.961  -40.520  41.288 0.0000000000
49462  32.969  -41.316  40.016 0.0000000000
116836  31.728  -46.919  42.064 0.0000000000
117451  31.569  -46.098  41.877 0.0000000000
45545  31.364  -45.942  41.266 0.0000000000
117139  30.944  -46.489  39.939 0.0000000000
41528  30.779  -49.576  36.826 0.0000000000
42595  30.536  -48.862  37.105 0.0000000000
113035  30.098  -47.984  36.190 0.0000000000
44659  30.205  -46.208  36.845 0.0000000000
45596  30.535  -45.287  37.050 0.0000000000
129765  30.171  -46.757  34.561 0.0000000000
43721  30.297  -46.969  33.752 0.0000000000
43735  30.667  -47.283  33.003 0.0000000000
132620  30.410  -48.582  33.208 0.0000000000
39495  31.502  -51.121  33.771 0.0000000000
133694  32.211  -52.503  34.399 0.0000000000
35527  33.334  -56.569  35.730 0.0000000000
35486  33.751  -57.293  37.023 0.0000000000
35508  34.645  -57.089  35.658 0.0000000000
36458  35.083  -55.265  33.466 0.0000000000
36478  35.466  -54.627  32.611 0.0000000000
37442  34.559  -52.708  31.518 0.0000000000
115362  32.681  -51.490  31.550 0.0000000000
39544  33.569  -51.617  31.150 0.0000000000
39573  32.928  -50.984  30.856 0.0000000000
40644  33.100  -50.629  30.129 0.0000000000
39521  28.650  -52.611  32.396 0.0000000000
113944  28.833  -51.895  31.966 0.0000000000
40624  29.032  -50.992  31.589 0.0000000000
42709  27.901  -48.748  29.356 0.0000000000
42708  28.704  -48.673  29.581 0.0000000000
42726  28.563  -48.095  28.846 0.0000000000
37312  24.350  -53.411  38.260 0.0000000000
37332  23.870  -53.496  37.660 0.0000000000
38390  21.790  -52.221  33.818 0.0000000000
38364  22.240  -52.446  34.499 0.0000000000
134901  22.712  -51.839  32.533 0.0000000000
39600  22.498  -51.728  29.428 0.0000000000
122074  17.668  -50.010  30.759 0.0000000000
40626  18.142  -50.364  31.482 0.0000000000
41638  18.054  -49.797  30.129 0.0000000000
111717  18.795  -50.786  25.816 0.0000000000
40708  19.337  -50.000  27.136 0.0000000000
50771  41.672  -40.652  26.456 0.0000000000
50770  42.421  -40.590  26.262 0.0000000000
43817  35.093  -47.554  27.449 0.0000000000
44782  34.330  -47.136  27.338 0.0000000000
43828  35.012  -47.332  26.671 0.0000000000
133627  14.938  -50.904  46.645 0.0000000000
40388  14.787  -50.605  47.252 0.0000000000
132888  13.575  -49.863  47.232 0.0000000000
41410  13.077  -49.540  47.878 0.0000000000
41411  12.408  -49.760  47.406 0.0000000000
39243  16.742  -51.655  50.136 0.0000000000
37210  29.993  -54.782  45.970 0.0000000000
37223  30.467  -54.307  45.905 0.0000000000
38185  30.284  -53.593  45.542 0.0000000000
38184  31.166  -53.049  45.752 0.0000000000
39297  29.865  -52.448  44.977 0.0000000000
40424  30.659  -51.868  44.995 0.0000000000
40439  30.372  -50.912  44.182 0.0000000000
114047  30.558  -50.484  43.260 0.0000000000
39327  29.263  -50.543  42.147 0.0000000000
40468  29.182  -50.436  41.203 0.0000000000
39344  28.349  -50.785  40.788 0.0000000000
40508  28.229  -50.678  38.152 0.0000000000
40524  27.273  -50.869  36.653 0.0000000000
125950  25.431  -51.372  34.774 0.0000000000
37454  14.858  -52.898  31.007 0.0000000000
37453  15.340  -53.468  30.446 0.0000000000
36502  16.710  -54.746  29.380 0.0000000000
35546  16.894  -55.471  29.958 0.0000000000
49633  37.741  -41.479  28.650 0.0000000000
49634  36.869  -41.506  28.487 0.0000000000
49653  35.089  -41.697  27.042 0.0000000000
128340  34.946  -42.140  28.306 0.0000000000
48717  34.540  -42.205  27.546 0.0000000000
48725  34.320  -42.162  26.632 0.0000000000
48726  33.644  -42.674  26.210 0.0000000000
36417  12.860  -54.510  34.855 0.0000000000
35490  12.964  -55.173  35.269 0.0000000000
119608  13.456  -55.763  35.511 0.0000000000
118644  13.084  -55.621  36.176 0.0000000000
34535  13.757  -56.175  35.948 0.0000000000
126553  13.613  -56.194  36.692 0.0000000000
34520  14.271  -56.622  37.076 0.0000000000
33580  15.014  -57.005  37.446 0.0000000000
33549  13.933  -57.055  40.677 0.0000000000
33548  14.648  -57.443  40.892 0.0000000000
33501  23.814  -58.402  47.177 0.0000000000
33500  24.363  -58.436  46.703 0.0000000000
33514  24.449  -57.895  45.460 0.0000000000
34486  23.836  -56.690  42.998 0.0000000000
113704  21.550  -55.590  42.003 0.0000000000
112816  20.064  -54.723  41.672 0.0000000000
37249  17.300  -53.733  43.408 0.0000000000
37272  16.674  -53.404  42.079 0.0000000000
120121  16.198  -52.487  39.054 0.0000000000
113239  15.425  -52.213  37.718 0.0000000000
38326  14.221  -52.305  36.711 0.0000000000
112573  13.953  -52.176  38.085 0.0000000000
125087  13.880  -52.315  37.411 0.0000000000
37351  13.220  -52.918  36.050 0.0000000000
43743  36.577  -47.802  32.418 0.0000000000
42674  36.814  -48.140  31.739 0.0000000000
42673  37.491  -48.499  31.669 0.0000000000
42672  38.234  -48.880  31.404 0.0000000000
42671  39.109  -49.174  31.287 0.0000000000
113354  40.024  -49.360  31.435 0.0000000000
33450  13.804  -57.295  50.219 0.0000000000
32424  14.370  -58.489  49.265 0.0000000000
133677  34.962  -43.149  35.543 0.0000000000
115738  36.182  -45.203  36.762 0.0000000000
45609  36.637  -45.925  37.356 0.0000000000
47469  38.819  -43.958  42.358 0.0000000000
47485  38.415  -44.355  41.612 0.0000000000
45566  36.114  -46.733  40.083 0.0000000000
45579  35.460  -46.226  39.448 0.0000000000
44641  35.274  -46.905  38.959 0.0000000000
44658  35.393  -47.813  38.713 0.0000000000
43693  35.047  -48.589  37.385 0.0000000000
116678  35.128  -49.275  36.081 0.0000000000
41574  35.044  -49.433  34.183 0.0000000000
41606  34.893  -50.013  32.725 0.0000000000
42628  33.551  -48.396  34.144 0.0000000000
41593  34.575  -49.414  32.988 0.0000000000
126300  35.187  -50.579  32.677 0.0000000000
39515  34.753  -51.161  32.701 0.0000000000
48463  32.729  -42.541  42.412 0.0000000000
41501  31.376  -49.771  39.140 0.0000000000
130061  31.519  -49.968  38.743 0.0000000000
38277  32.139  -52.983  39.150 0.0000000000
40539  31.984  -51.072  38.459 0.0000000000
40540  31.372  -50.258  37.417 0.0000000000
118840  31.389  -50.898  36.510 0.0000000000
39449  31.500  -51.792  35.765 0.0000000000
38359  31.626  -52.482  35.107 0.0000000000
132407  33.128  -56.720  37.874 0.0000000000
35487  32.976  -57.100  37.323 0.0000000000
38410  32.921  -52.767  32.478 0.0000000000
38411  32.150  -52.834  32.612 0.0000000000
39575  27.527  -51.488  31.135 0.0000000000
41662  27.468  -49.529  29.705 0.0000000000
41681  27.041  -49.092  29.093 0.0000000000
42727  27.575  -48.311  28.658 0.0000000000
117643  22.278  -53.797  37.599 0.0000000000
37334  22.733  -53.568  37.168 0.0000000000
37364  21.700  -52.905  35.925 0.0000000000
38365  21.452  -52.405  34.567 0.0000000000
39503  21.317  -51.917  33.239 0.0000000000
113448  21.005  -51.285  31.939 0.0000000000
40711  17.027  -50.690  27.763 0.0000000000
40690  17.351  -49.985  28.171 0.0000000000
40725  17.672  -50.998  26.662 0.0000000000
39672  17.906  -51.600  25.223 0.0000000000
39671  18.348  -51.139  25.616 0.0000000000
50764  48.619  -40.425  26.665 0.0000000000
114749  48.108  -40.713  27.292 0.0000000000
50765  47.596  -40.571  26.675 0.0000000000
50782  47.422  -40.350  25.822 0.0000000000
50783  46.713  -40.350  25.434 0.0000000000
50797  45.943  -40.366  24.850 0.0000000000
50798  45.040  -40.458  24.617 0.0000000000
123069  38.123  -40.678  23.718 0.0000000000
39352  14.135  -51.760  41.330 0.0000000000
39371  13.498  -51.683  40.676 0.0000000000
39336  13.673  -51.345  42.855 0.0000000000
115999  12.995  -51.392  42.220 0.0000000000
38243  12.025  -52.115  41.165 0.0000000000
38244  11.520  -52.787  41.556 0.0000000000
113615  12.975  -50.304  45.129 0.0000000000
40444  12.650  -50.949  43.806 0.0000000000
122564  11.339  -53.759  41.713 0.0000000000
120589  11.391  -54.488  41.880 0.0000000000
122819  11.465  -54.991  42.372 0.0000000000
36338  11.207  -54.069  42.526 0.0000000000
35419  11.688  -55.539  42.992 0.0000000000
34490  12.132  -56.090  42.931 0.0000000000
34476  12.732  -56.518  43.479 0.0000000000
35373  21.042  -56.665  48.662 0.0000000000
35385  20.414  -56.648  46.897 0.0000000000
37229  18.127  -54.078  44.947 0.0000000000
37194  17.725  -53.552  47.439 0.0000000000
37215  17.453  -53.558  45.206 0.0000000000
37231  16.740  -53.338  43.825 0.0000000000
38206  16.159  -52.952  43.350 0.0000000000
38207  15.734  -52.537  43.692 0.0000000000
40581  39.851  -50.421  35.311 0.0000000000
40562  40.549  -50.254  35.531 0.0000000000
39446  42.235  -50.820  36.430 0.0000000000
49471  39.844  -40.950  39.818 0.0000000000
49446  40.338  -42.329  42.489 0.0000000000
49445  41.119  -41.425  42.733 0.0000000000
48481  39.787  -43.512  43.002 0.0000000000
48461  39.457  -43.404  43.402 0.0000000000
47457  38.875  -43.813  42.764 0.0000000000
48482  38.103  -43.629  42.438 0.0000000000
49436  38.844  -41.621  43.910 0.0000000000
132656  36.800  -43.253  41.195 0.0000000000
48497  36.119  -42.678  40.397 0.0000000000
132079  35.588  -42.595  39.879 0.0000000000
48514  35.062  -42.380  39.385 0.0000000000
116005  32.010  -46.972  42.715 0.0000000000
43633  31.709  -47.692  41.544 0.0000000000
42537  31.583  -48.283  40.899 0.0000000000
40453  30.982  -50.167  42.301 0.0000000000
40466  31.346  -49.822  41.696 0.0000000000
40480  30.889  -49.972  41.004 0.0000000000
41466  31.365  -49.563  41.080 0.0000000000
41478  31.130  -49.666  40.390 0.0000000000
113121  31.334  -49.165  39.859 0.0000000000
41489  31.288  -49.404  39.407 0.0000000000
39410  31.352  -52.352  39.171 0.0000000000
38294  30.835  -53.723  39.083 0.0000000000
36415  29.105  -55.395  36.731 0.0000000000
117879  28.434  -54.273  34.734 0.0000000000
37403  27.881  -53.823  33.773 0.0000000000
37381  28.071  -54.009  34.368 0.0000000000
39473  27.371  -51.852  33.873 0.0000000000
131671  27.198  -51.091  34.441 0.0000000000
134434  26.954  -53.387  32.904 0.0000000000
38444  27.069  -52.900  32.026 0.0000000000
39549  26.713  -52.333  31.415 0.0000000000
38445  25.792  -52.557  31.410 0.0000000000
39577  25.850  -51.959  30.390 0.0000000000
39599  25.170  -52.155  29.836 0.0000000000
39479  18.670  -51.783  34.471 0.0000000000
39529  17.609  -51.024  33.106 0.0000000000
116855  16.750  -50.496  31.926 0.0000000000
40627  17.190  -50.251  31.376 0.0000000000
40653  16.842  -50.049  30.544 0.0000000000
41639  16.823  -49.916  29.773 0.0000000000
40691  16.746  -50.421  28.581 0.0000000000
39583  15.040  -51.997  30.939 0.0000000000
38470  15.427  -52.106  30.078 0.0000000000
39603  15.699  -51.467  29.735 0.0000000000
37469  16.565  -53.719  28.420 0.0000000000
39602  16.209  -51.180  29.033 0.0000000000
39622  16.627  -51.313  28.142 0.0000000000
39642  16.840  -51.425  27.499 0.0000000000
49608  45.230  -41.884  29.209 0.0000000000
49626  44.689  -41.633  28.538 0.0000000000
49627  43.902  -41.687  28.512 0.0000000000
49646  42.618  -41.327  27.768 0.0000000000
49647  41.732  -41.344  27.819 0.0000000000
50746  42.124  -40.970  27.118 0.0000000000
134622  40.446  -40.576  26.317 0.0000000000
50790  40.030  -40.397  25.691 0.0000000000
129174  37.602  -41.278  27.883 0.0000000000
49662  37.259  -41.024  27.259 0.0000000000
50775  37.673  -40.715  26.618 0.0000000000
49668  35.302  -41.223  25.771 0.0000000000
50776  36.783  -40.790  26.522 0.0000000000
50792  37.333  -40.433  25.733 0.0000000000
37321  12.146  -53.653  38.859 0.0000000000
36385  12.142  -54.651  38.836 0.0000000000
34522  13.032  -55.816  37.964 0.0000000000
34508  13.572  -56.523  39.355 0.0000000000
34507  14.341  -56.776  38.764 0.0000000000
33567  15.047  -57.070  38.297 0.0000000000
33579  15.764  -57.346  37.864 0.0000000000
34432  26.598  -57.400  46.998 0.0000000000
36281  29.262  -55.550  46.816 0.0000000000
36290  29.393  -55.354  46.251 0.0000000000
36316  27.429  -54.709  44.217 0.0000000000
37268  26.047  -53.342  41.636 0.0000000000
37280  24.557  -54.020  40.035 0.0000000000
133770  23.183  -54.149  38.252 0.0000000000
35432  23.798  -56.041  41.622 0.0000000000
35450  23.461  -55.619  41.016 0.0000000000
37314  22.699  -54.155  38.120 0.0000000000
37335  21.456  -53.589  37.443 0.0000000000
37349  20.873  -53.238  36.900 0.0000000000
37336  20.507  -53.474  37.528 0.0000000000
38346  18.857  -52.392  35.735 0.0000000000
35394  20.360  -56.235  45.212 0.0000000000
36335  20.174  -54.992  42.522 0.0000000000
37270  18.056  -53.899  41.356 0.0000000000
36337  18.587  -54.275  41.843 0.0000000000
37338  18.944  -53.283  38.009 0.0000000000
39456  18.359  -52.057  35.143 0.0000000000
39480  17.371  -51.541  34.348 0.0000000000
39481  16.574  -51.543  34.500 0.0000000000
39509  15.031  -51.263  33.083 0.0000000000
39555  14.423  -51.861  32.028 0.0000000000
39460  14.773  -51.896  35.126 0.0000000000
38349  14.217  -52.261  35.515 0.0000000000
38369  14.142  -52.088  34.547 0.0000000000
37444  14.403  -53.199  31.622 0.0000000000
36492  15.215  -54.598  31.283 0.0000000000
36481  14.835  -54.955  31.984 0.0000000000
35543  15.762  -55.317  31.615 0.0000000000
117049  32.562  -44.968  29.966 0.0000000000
118909  32.546  -44.556  28.997 0.0000000000
45707  33.177  -46.308  29.373 0.0000000000
44775  33.526  -46.668  28.845 0.0000000000
43805  33.955  -47.161  28.773 0.0000000000
126125  34.547  -47.479  28.245 0.0000000000
42692  36.591  -48.274  30.320 0.0000000000
42703  36.892  -48.426  29.491 0.0000000000
42702  38.575  -48.974  29.653 0.0000000000
113430  37.790  -48.708  29.630 0.0000000000
42721  37.553  -48.564  28.870 0.0000000000
112970  37.549  -48.464  28.052 0.0000000000
41546  40.998  -49.728  35.227 0.0000000000
41587  41.710  -49.300  34.024 0.0000000000
41586  42.389  -49.394  34.363 0.0000000000
43533  15.117  -47.987  50.411 0.0000000000
42431  13.869  -48.167  50.741 0.0000000000
42432  12.804  -48.148  50.969 0.0000000000
112910  12.351  -49.390  49.044 0.0000000000
36325  11.205  -54.708  44.057 0.0000000000
34477  12.092  -56.038  43.672 0.0000000000
34450  11.836  -55.602  45.117 0.0000000000
130729  12.293  -55.884  45.816 0.0000000000
33527  13.290  -57.017  44.139 0.0000000000
121762  14.090  -57.639  43.605 0.0000000000
32449  16.102  -59.960  45.641 0.0000000000
31347  16.964  -60.895  45.416 0.0000000000
30236  15.026  -60.947  46.775 0.0000000000
30251  15.174  -61.425  46.099 0.0000000000
49606  47.196  -41.957  29.697 0.0000000000
48691  44.706  -42.360  29.961 0.0000000000
48692  43.874  -42.378  29.881 0.0000000000
119941  44.248  -42.661  30.511 0.0000000000
122029  43.042  -42.411  29.881 0.0000000000
48693  42.159  -42.337  29.849 0.0000000000
48694  41.295  -42.144  29.796 0.0000000000
48695  40.498  -41.940  29.771 0.0000000000
114704  45.720  -43.338  33.863 0.0000000000
48655  43.134  -43.241  32.034 0.0000000000
131419  42.722  -42.945  31.499 0.0000000000
48696  39.731  -41.813  29.826 0.0000000000
49615  38.392  -41.632  29.354 0.0000000000
49616  37.528  -41.700  29.560 0.0000000000
48698  36.672  -41.929  29.814 0.0000000000
48699  35.661  -42.241  29.773 0.0000000000
48700  34.680  -42.499  29.550 0.0000000000
48683  34.018  -42.867  30.109 0.0000000000
111819  39.433  -42.444  33.483 0.0000000000
48661  36.844  -42.346  31.678 0.0000000000
120055  35.826  -42.496  31.931 0.0000000000
114391  33.444  -43.305  30.746 0.0000000000
47592  32.822  -43.795  30.705 0.0000000000
46630  32.622  -44.456  30.739 0.0000000000
45697  32.729  -45.267  30.798 0.0000000000
45686  33.084  -45.525  31.591 0.0000000000
45677  32.946  -44.245  32.188 0.0000000000
44732  33.745  -46.240  31.616 0.0000000000
44731  34.509  -46.798  31.632 0.0000000000
43744  35.810  -47.396  32.202 0.0000000000
113751  34.979  -46.514  33.055 0.0000000000
42641  38.033  -48.748  33.636 0.0000000000
43730  36.938  -47.856  34.047 0.0000000000
42642  37.512  -48.310  33.924 0.0000000000
41590  38.629  -49.429  34.793 0.0000000000
47511  36.974  -43.783  38.418 0.0000000000
44671  36.647  -47.055  37.368 0.0000000000
46514  37.420  -45.542  40.178 0.0000000000
45564  37.193  -46.037  39.998 0.0000000000
44639  36.209  -48.100  39.304 0.0000000000
118946  36.855  -47.249  39.364 0.0000000000
42609  37.540  -49.798  36.955 0.0000000000
42608  38.192  -50.332  36.720 0.0000000000
39468  39.869  -51.226  34.879 0.0000000000
38380  37.671  -52.563  33.318 0.0000000000
37397  38.200  -53.345  33.797 0.0000000000
37374  39.969  -54.890  35.537 0.0000000000
49460  35.814  -41.459  40.405 0.0000000000
48529  34.346  -42.557  38.779 0.0000000000
47514  33.918  -43.030  38.285 0.0000000000
44627  30.754  -46.487  39.249 0.0000000000
43680  30.246  -47.241  37.660 0.0000000000
45567  30.850  -45.655  39.429 0.0000000000
46505  31.115  -44.995  39.966 0.0000000000
46504  31.413  -44.380  40.514 0.0000000000
121289  32.003  -42.923  40.774 0.0000000000
48484  32.491  -42.326  41.427 0.0000000000
48498  32.449  -42.159  40.424 0.0000000000
48515  32.617  -42.117  39.433 0.0000000000
46544  31.443  -43.858  37.761 0.0000000000
48532  32.427  -42.869  38.028 0.0000000000
47527  32.618  -43.222  37.448 0.0000000000
46556  32.884  -44.287  36.731 0.0000000000
45613  32.291  -44.921  35.562 0.0000000000
44700  32.109  -46.179  34.166 0.0000000000
42645  32.340  -48.069  32.792 0.0000000000
130033  31.350  -48.477  32.562 0.0000000000
41609  32.129  -49.201  32.549 0.0000000000
40607  32.638  -50.012  32.649 0.0000000000
38383  34.397  -52.709  33.740 0.0000000000
122730  31.883  -52.880  34.865 0.0000000000
120753  33.243  -53.884  35.188 0.0000000000
36413  33.954  -56.499  37.049 0.0000000000
36436  33.968  -54.682  35.607 0.0000000000
36435  34.897  -54.797  35.522 0.0000000000
36434  35.762  -54.983  35.496 0.0000000000
34550  36.526  -57.378  36.804 0.0000000000
34564  37.190  -57.649  36.576 0.0000000000
38441  34.337  -52.108  30.865 0.0000000000
132664  33.942  -51.647  30.628 0.0000000000
38413  30.001  -52.500  32.748 0.0000000000
40622  30.623  -50.397  31.315 0.0000000000
39574  28.407  -50.583  31.050 0.0000000000
40648  29.271  -50.313  31.181 0.0000000000
41661  28.730  -49.178  30.095 0.0000000000
38318  25.094  -52.161  37.000 0.0000000000
39476  24.792  -51.575  34.400 0.0000000000
37346  22.989  -53.282  36.588 0.0000000000
38341  23.355  -52.587  35.480 0.0000000000
38362  24.017  -52.110  34.909 0.0000000000
128550  24.595  -52.756  30.963 0.0000000000
39550  23.543  -51.951  31.121 0.0000000000
38447  24.053  -52.808  30.565 0.0000000000
117705  24.141  -53.062  30.060 0.0000000000
39618  23.970  -52.470  28.920 0.0000000000
128202  24.094  -51.601  28.238 0.0000000000
39505  18.990  -51.530  33.775 0.0000000000
39527  19.421  -51.146  32.566 0.0000000000
39553  20.197  -51.197  32.247 0.0000000000
41685  18.713  -49.629  28.552 0.0000000000
40672  19.329  -49.805  29.279 0.0000000000
40688  19.633  -49.814  28.433 0.0000000000
40706  21.724  -51.312  27.316 0.0000000000
39621  22.144  -51.649  27.705 0.0000000000
39638  23.426  -51.646  27.772 0.0000000000
135118  23.835  -51.263  27.751 0.0000000000
49644  44.995  -41.329  27.886 0.0000000000
50768  44.727  -40.633  26.369 0.0000000000
50769  43.252  -40.544  26.065 0.0000000000
114493  43.977  -40.532  25.916 0.0000000000
50785  44.473  -40.438  25.320 0.0000000000
50799  44.259  -40.671  24.434 0.0000000000
50813  44.057  -41.542  23.686 0.0000000000
45725  32.649  -45.371  28.318 0.0000000000
46652  32.582  -44.519  27.935 0.0000000000
44783  33.621  -46.509  27.102 0.0000000000
44789  33.665  -46.179  26.142 0.0000000000
33513  25.032  -57.372  45.114 0.0000000000
34532  34.013  -57.501  37.373 0.0000000000
34533  33.884  -57.497  37.358 0.0000000000
34548  39.335  -57.331  36.669 0.0000000000
34553  33.957  -57.504  37.360 0.0000000000
35462  31.489  -56.314  39.066 0.0000000000
35470  30.003  -56.294  37.751 0.0000000000
35484  35.806  -57.120  37.056 0.0000000000
35506  36.096  -56.238  36.558 0.0000000000
36297  11.042  -54.693  46.141 0.0000000000
36400  30.809  -55.995  39.206 0.0000000000
37232  10.569  -53.466  44.849 0.0000000000
37329  31.862  -54.128  39.159 0.0000000000
38358  32.797  -52.963  34.570 0.0000000000
38384  33.497  -52.430  33.860 0.0000000000
39409  32.261  -51.965  39.089 0.0000000000
39471  30.861  -50.784  34.525 0.0000000000
39491  35.184  -52.047  33.023 0.0000000000
39516  33.856  -50.999  32.764 0.0000000000
39641  17.223  -51.153  27.093 0.0000000000
40595  32.099  -50.605  33.106 0.0000000000
40703  24.211  -50.697  27.714 0.0000000000
40704  23.584  -50.999  27.357 0.0000000000
40723  19.184  -50.387  26.382 0.0000000000
41594  30.697  -48.948  32.890 0.0000000000
41605  39.183  -49.145  33.026 0.0000000000
41608  33.098  -49.553  32.671 0.0000000000
41610  31.325  -49.423  32.733 0.0000000000
41611  30.629  -48.145  32.820 0.0000000000
42566  36.187  -48.977  39.035 0.0000000000
42613  30.120  -48.762  34.597 0.0000000000
42629  30.204  -48.051  33.584 0.0000000000
43695  30.092  -47.106  36.538 0.0000000000
43732  32.687  -47.816  33.549 0.0000000000
43733  31.974  -47.228  33.023 0.0000000000
43747  31.082  -47.677  32.639 0.0000000000
43821  26.300  -47.663  27.034 0.0000000000
44611  31.444  -46.803  41.278 0.0000000000
44619  31.176  -46.254  40.671 0.0000000000
44657  36.002  -48.317  39.391 0.0000000000
44675  30.226  -46.184  35.829 0.0000000000
44689  30.348  -46.146  34.867 0.0000000000
44702  30.587  -46.221  33.999 0.0000000000
45554  31.036  -45.736  40.182 0.0000000000
45633  31.764  -44.982  35.076 0.0000000000
45634  31.174  -45.213  34.985 0.0000000000
45665  30.990  -46.004  33.825 0.0000000000
45737  32.637  -45.240  27.383 0.0000000000
46502  37.827  -44.934  40.729 0.0000000000
46503  37.339  -45.254  40.486 0.0000000000
46518  31.000  -44.731  39.125 0.0000000000
46531  30.977  -44.532  38.243 0.0000000000
46545  31.010  -44.510  37.326 0.0000000000
46569  31.889  -44.480  35.581 0.0000000000
46571  30.940  -45.004  35.569 0.0000000000
47456  39.327  -43.709  42.929 0.0000000000
47473  31.741  -43.731  41.077 0.0000000000
47488  35.879  -43.590  39.987 0.0000000000
47500  35.158  -43.307  39.300 0.0000000000
47535  32.945  -43.711  37.119 0.0000000000
47536  32.181  -43.671  36.727 0.0000000000
48445  39.964  -42.697  44.031 0.0000000000
48460  39.891  -43.275  43.499 0.0000000000
48480  40.401  -42.656  43.395 0.0000000000
48499  32.052  -42.792  39.808 0.0000000000
48516  32.228  -42.738  38.842 0.0000000000
48531  32.896  -42.205  38.554 0.0000000000
48544  33.096  -42.670  37.912 0.0000000000
48608  40.113  -42.591  34.251 0.0000000000
48664  34.214  -42.859  30.953 0.0000000000
49425  40.350  -42.084  44.098 0.0000000000
49435  40.769  -41.889  43.606 0.0000000000
49475  33.782  -41.248  39.397 0.0000000000
49489  34.314  -41.816  39.056 0.0000000000
49673  35.160  -41.196  24.912 0.0000000000
50541  35.134  -41.015  39.978 0.0000000000
50748  40.441  -40.965  27.129 0.0000000000
50751  38.035  -41.028  27.354 0.0000000000
50772  41.023  -40.659  26.473 0.0000000000
50777  36.008  -40.910  26.139 0.0000000000
50781  48.119  -40.308  26.044 0.0000000000
50791  38.222  -40.392  25.832 0.0000000000
112253  38.272  -48.779  29.001 0.0000000000
113467  33.687  -46.140  36.821 0.0000000000
114516  12.478  -54.832  37.723 0.0000000000
118350  18.402  -51.373  24.966 0.0000000000
120862  31.593  -43.951  36.871 0.0000000000
121192  34.335  -42.469  28.190 0.0000000000
121426  38.373  -41.315  27.993 0.0000000000
123425  11.870  -54.957  39.558 0.0000000000
123667  30.777  -49.804  33.362 0.0000000000
125406  30.864  -46.543  33.395 0.0000000000
127216  36.338  -50.652  33.017 0.0000000000
127880  34.685  -57.279  37.257 0.0000000000
130141  41.484  -42.903  34.861 0.0000000000
131068  14.565  -49.785  49.218 0.0000000000
131355  32.017  -48.430  32.525 0.0000000000
132353  37.277  -41.387  28.200 0.0000000000
132477  35.762  -47.699  39.388 0.0000000000
132619  41.347  -40.500  26.045 0.0000000000
133664  35.878  -46.178  39.943 0.0000000000
134192  45.766  -41.678  28.857 0.0000000000
135224  32.168  -50.937  44.918 0.0000000000
135335  35.707  -50.616  32.776 0.0000000000
