#!ascii label  , from subject sub-v2s8x29184_ses-1 vox2ras=TkReg
849
47411  -34.077  -42.168  22.904 0.0000000000
42181  -21.331  -47.870  27.903 0.0000000000
42258  -27.805  -47.347  23.829 0.0000000000
68651  -46.943  -20.428  9.147 0.0000000000
69554  -53.880  -19.479  6.274 0.0000000000
42113  -15.002  -47.378  31.754 0.0000000000
67731  -43.402  -21.704  11.194 0.0000000000
49459  -36.075  -40.095  21.855 0.0000000000
45251  -30.765  -44.560  23.072 0.0000000000
42160  -18.061  -47.438  29.068 0.0000000000
39099  -18.127  -50.655  32.259 0.0000000000
49478  -29.258  -40.697  20.432 0.0000000000
50454  -32.179  -39.199  18.700 0.0000000000
43248  -24.717  -46.977  26.211 0.0000000000
119805  -27.040  -42.276  22.713 0.0000000000
60367  -39.737  -29.238  12.708 0.0000000000
63134  -42.909  -26.582  11.271 0.0000000000
64969  -47.195  -24.880  10.172 0.0000000000
36988  -11.100  -52.995  35.842 0.0000000000
35886  -8.192  -53.928  38.769 0.0000000000
52546  -33.093  -37.410  16.769 0.0000000000
118393  -35.663  -36.164  14.287 0.0000000000
57526  -37.962  -32.447  13.400 0.0000000000
38025  -14.334  -51.748  33.958 0.0000000000
41137  -21.663  -48.764  30.239 0.0000000000
130782  -23.291  -47.695  29.629 0.0000000000
47386  -31.767  -42.577  23.149 0.0000000000
44209  -19.846  -45.079  28.171 0.0000000000
42179  -19.599  -47.550  28.014 0.0000000000
40155  -19.804  -49.283  29.591 0.0000000000
51359  -29.697  -38.595  23.167 0.0000000000
48478  -27.643  -41.163  21.301 0.0000000000
63122  -38.917  -26.300  12.589 0.0000000000
62217  -41.450  -27.941  12.035 0.0000000000
121199  -40.795  -24.984  11.585 0.0000000000
65868  -44.494  -22.988  9.809 0.0000000000
128537  -46.401  -22.683  9.107 0.0000000000
64984  -48.418  -24.215  9.684 0.0000000000
66825  -48.710  -22.455  8.315 0.0000000000
66835  -50.172  -22.172  7.723 0.0000000000
54441  -31.099  -35.864  19.470 0.0000000000
52508  -32.017  -37.696  18.223 0.0000000000
55495  -31.403  -34.830  17.781 0.0000000000
55531  -34.050  -33.991  15.005 0.0000000000
57514  -34.908  -32.537  14.583 0.0000000000
55562  -36.554  -34.403  13.536 0.0000000000
59375  -35.679  -30.595  13.940 0.0000000000
121499  -36.729  -28.700  13.678 0.0000000000
42229  -26.093  -47.303  25.102 0.0000000000
39078  -12.582  -50.293  33.424 0.0000000000
130423  -14.366  -49.821  31.951 0.0000000000
32979  -7.575  -56.528  39.735 0.0000000000
123108  -5.460  -56.901  40.981 0.0000000000
66775  -41.561  -22.774  12.528 0.0000000000
51375  -37.485  -38.207  22.469 0.0000000000
43297  -30.067  -46.459  23.152 0.0000000000
42143  -16.607  -47.528  30.167 0.0000000000
131199  -15.879  -49.615  31.098 0.0000000000
40141  -17.727  -49.503  30.283 0.0000000000
69563  -55.298  -19.502  5.560 0.0000000000
47449  -31.749  -42.372  20.601 0.0000000000
112079  -32.891  -41.711  19.931 0.0000000000
50430  -30.554  -39.910  19.937 0.0000000000
44222  -21.536  -44.858  26.523 0.0000000000
43238  -23.153  -46.640  26.841 0.0000000000
45217  -22.774  -44.462  25.694 0.0000000000
44245  -24.497  -45.435  24.556 0.0000000000
44263  -26.410  -45.806  23.410 0.0000000000
46282  -26.989  -43.490  23.815 0.0000000000
44278  -27.898  -45.379  22.379 0.0000000000
45277  -28.871  -44.026  21.668 0.0000000000
46325  -29.972  -42.791  21.550 0.0000000000
125016  -41.229  -32.002  13.612 0.0000000000
64964  -42.692  -24.119  10.658 0.0000000000
63145  -44.782  -25.802  10.692 0.0000000000
114262  -51.888  -22.268  7.144 0.0000000000
35907  -9.502  -53.043  37.016 0.0000000000
32989  -9.875  -56.565  38.540 0.0000000000
49506  -33.871  -40.368  19.369 0.0000000000
51434  -34.696  -38.072  19.302 0.0000000000
111166  -35.948  -37.692  18.239 0.0000000000
55529  -32.533  -34.857  15.993 0.0000000000
52566  -34.671  -37.311  15.625 0.0000000000
52528  -37.382  -37.931  16.935 0.0000000000
52569  -38.307  -37.280  15.801 0.0000000000
53540  -39.376  -35.756  14.597 0.0000000000
55564  -39.905  -33.635  13.807 0.0000000000
59377  -38.264  -30.310  13.109 0.0000000000
62205  -37.463  -27.341  13.418 0.0000000000
111354  -24.992  -47.321  28.921 0.0000000000
39052  -11.367  -50.654  34.682 0.0000000000
37011  -13.137  -52.222  34.511 0.0000000000
38039  -16.207  -51.476  33.354 0.0000000000
32040  -3.178  -57.828  41.759 0.0000000000
41169  -21.753  -48.167  28.806 0.0000000000
41156  -22.129  -48.343  29.749 0.0000000000
119201  -22.282  -47.642  28.162 0.0000000000
47387  -32.497  -42.352  23.395 0.0000000000
43235  -20.508  -46.542  27.323 0.0000000000
43234  -19.830  -46.701  27.726 0.0000000000
42180  -20.453  -47.870  27.841 0.0000000000
41168  -20.833  -48.410  28.501 0.0000000000
64939  -39.367  -24.615  12.847 0.0000000000
64036  -40.241  -25.544  11.876 0.0000000000
65827  -40.006  -24.005  12.721 0.0000000000
68640  -45.988  -20.236  10.317 0.0000000000
130728  -45.646  -21.660  9.404 0.0000000000
67755  -46.484  -20.968  9.031 0.0000000000
66823  -47.016  -21.954  8.682 0.0000000000
67765  -47.581  -21.243  8.510 0.0000000000
68662  -48.388  -20.548  8.336 0.0000000000
54456  -31.156  -35.720  18.708 0.0000000000
58430  -34.761  -31.558  15.718 0.0000000000
58440  -35.228  -31.861  14.228 0.0000000000
113916  -35.360  -30.132  14.645 0.0000000000
61239  -35.609  -28.706  15.081 0.0000000000
131435  -27.082  -47.368  24.244 0.0000000000
42218  -27.641  -47.587  25.655 0.0000000000
42231  -28.344  -47.575  25.194 0.0000000000
41113  -13.737  -48.431  32.430 0.0000000000
41124  -14.407  -48.617  31.722 0.0000000000
68678  -53.736  -20.818  6.238 0.0000000000
32972  -6.881  -56.592  40.133 0.0000000000
49426  -36.820  -40.968  23.111 0.0000000000
50396  -36.281  -39.131  21.656 0.0000000000
44265  -30.576  -45.588  23.073 0.0000000000
44266  -31.169  -45.047  23.910 0.0000000000
43226  -18.447  -46.638  28.886 0.0000000000
43219  -17.753  -46.763  29.512 0.0000000000
43208  -17.096  -46.765  30.102 0.0000000000
42144  -17.362  -47.492  29.606 0.0000000000
41136  -17.298  -48.740  29.936 0.0000000000
40153  -18.150  -49.041  29.672 0.0000000000
133644  -20.623  -49.474  30.729 0.0000000000
40133  -20.233  -49.753  31.106 0.0000000000
123965  -30.696  -41.962  20.148 0.0000000000
48522  -30.978  -41.501  19.705 0.0000000000
112679  -30.021  -40.515  20.105 0.0000000000
46250  -21.584  -43.801  26.801 0.0000000000
44223  -22.363  -45.232  26.075 0.0000000000
46251  -22.465  -43.313  26.416 0.0000000000
45219  -24.238  -43.883  24.851 0.0000000000
46279  -25.024  -43.866  24.577 0.0000000000
44246  -25.104  -45.360  24.020 0.0000000000
46280  -25.960  -43.885  24.337 0.0000000000
133200  -27.251  -41.533  24.056 0.0000000000
47385  -27.114  -43.010  23.270 0.0000000000
122547  -27.143  -43.733  23.007 0.0000000000
47406  -27.311  -43.027  22.413 0.0000000000
46323  -28.117  -44.123  21.801 0.0000000000
47423  -27.623  -42.766  21.783 0.0000000000
49477  -28.536  -40.113  20.818 0.0000000000
47425  -29.148  -42.343  21.153 0.0000000000
47447  -30.068  -42.193  20.742 0.0000000000
47427  -31.281  -42.534  21.427 0.0000000000
59379  -40.413  -30.563  13.035 0.0000000000
112283  -41.897  -31.396  13.553 0.0000000000
60343  -40.970  -29.915  12.822 0.0000000000
62227  -41.852  -27.280  11.714 0.0000000000
61270  -42.722  -28.684  12.222 0.0000000000
66776  -42.195  -22.328  12.200 0.0000000000
65841  -41.857  -23.347  11.367 0.0000000000
66797  -43.017  -22.786  10.687 0.0000000000
64981  -45.689  -24.038  9.739 0.0000000000
64966  -44.257  -24.404  10.260 0.0000000000
64062  -45.351  -25.439  10.511 0.0000000000
63137  -46.143  -26.640  11.195 0.0000000000
67774  -50.745  -21.461  7.313 0.0000000000
68671  -51.118  -20.542  7.049 0.0000000000
68676  -51.937  -20.567  6.739 0.0000000000
38011  -10.604  -51.401  35.522 0.0000000000
36986  -9.723  -52.162  36.536 0.0000000000
121341  -10.225  -52.928  36.396 0.0000000000
33923  -10.730  -55.676  37.590 0.0000000000
32062  -9.835  -57.856  39.534 0.0000000000
49504  -32.419  -40.642  19.054 0.0000000000
49479  -33.701  -41.255  19.990 0.0000000000
49525  -32.651  -39.901  18.718 0.0000000000
52525  -32.358  -37.345  17.436 0.0000000000
51452  -33.291  -38.001  18.384 0.0000000000
52509  -34.132  -37.738  18.212 0.0000000000
51454  -34.840  -37.720  18.951 0.0000000000
131182  -34.491  -37.687  17.773 0.0000000000
129632  -33.773  -33.319  17.110 0.0000000000
113049  -34.851  -34.745  14.176 0.0000000000
130852  -33.952  -35.413  14.794 0.0000000000
53535  -34.985  -36.192  14.506 0.0000000000
52549  -36.178  -37.824  16.117 0.0000000000
52567  -36.409  -37.503  15.508 0.0000000000
111287  -37.645  -37.669  16.209 0.0000000000
52582  -36.920  -37.082  14.927 0.0000000000
120823  -37.255  -33.129  13.446 0.0000000000
54544  -38.230  -35.118  13.778 0.0000000000
120409  -38.319  -34.234  13.587 0.0000000000
55548  -39.718  -34.457  14.044 0.0000000000
126602  -38.768  -32.575  13.433 0.0000000000
57527  -39.532  -32.172  13.403 0.0000000000
58452  -38.582  -31.874  13.327 0.0000000000
63095  -36.718  -26.879  14.595 0.0000000000
61252  -37.057  -28.103  13.570 0.0000000000
63104  -37.272  -26.299  14.187 0.0000000000
131487  -23.868  -46.820  27.085 0.0000000000
42202  -23.809  -47.055  27.727 0.0000000000
42215  -24.527  -47.030  27.159 0.0000000000
117850  -13.791  -51.252  33.466 0.0000000000
38036  -12.912  -51.100  33.671 0.0000000000
38024  -13.472  -51.711  34.031 0.0000000000
110882  -17.172  -50.694  32.094 0.0000000000
39097  -16.271  -50.726  32.048 0.0000000000
39098  -17.403  -50.954  32.723 0.0000000000
133748  -21.619  -49.016  30.794 0.0000000000
41138  -22.421  -48.546  30.754 0.0000000000
41139  -23.396  -48.009  30.712 0.0000000000
41140  -24.106  -47.723  30.699 0.0000000000
114243  -31.389  -43.030  23.520 0.0000000000
45235  -31.512  -44.056  24.493 0.0000000000
115634  -19.223  -45.428  28.814 0.0000000000
43227  -19.170  -46.764  28.264 0.0000000000
42178  -18.773  -47.438  28.550 0.0000000000
41152  -18.637  -48.594  29.128 0.0000000000
41153  -19.465  -48.804  29.006 0.0000000000
40156  -20.481  -49.149  29.734 0.0000000000
50393  -28.812  -39.540  21.086 0.0000000000
50394  -29.770  -39.250  20.993 0.0000000000
122942  -27.140  -39.926  23.513 0.0000000000
131008  -27.171  -41.459  21.829 0.0000000000
50379  -27.781  -39.179  22.025 0.0000000000
62214  -38.919  -27.449  12.630 0.0000000000
61267  -40.222  -28.516  12.473 0.0000000000
116426  -40.225  -27.074  12.101 0.0000000000
63124  -40.581  -26.358  11.800 0.0000000000
64042  -41.495  -25.413  11.335 0.0000000000
66798  -43.563  -22.231  10.593 0.0000000000
67740  -44.595  -21.515  10.171 0.0000000000
65869  -45.420  -23.073  9.516 0.0000000000
127404  -46.227  -23.509  9.439 0.0000000000
64970  -48.089  -24.791  10.191 0.0000000000
118449  -47.024  -23.526  9.252 0.0000000000
65887  -48.161  -22.878  8.656 0.0000000000
113922  -49.666  -22.864  8.314 0.0000000000
66826  -49.295  -21.894  7.852 0.0000000000
67767  -49.127  -20.956  7.850 0.0000000000
35938  -11.916  -53.385  35.709 0.0000000000
35922  -11.611  -53.881  36.161 0.0000000000
34867  -12.206  -54.522  36.493 0.0000000000
133482  -31.180  -37.120  18.949 0.0000000000
51450  -31.697  -38.404  18.797 0.0000000000
53481  -31.311  -36.736  18.384 0.0000000000
53492  -31.421  -36.287  17.616 0.0000000000
53502  -31.837  -36.158  16.749 0.0000000000
56539  -33.718  -33.397  16.274 0.0000000000
57504  -34.555  -32.485  15.404 0.0000000000
56571  -34.527  -33.263  14.851 0.0000000000
55546  -35.282  -34.183  13.919 0.0000000000
54541  -35.868  -34.840  13.722 0.0000000000
56581  -35.669  -33.437  13.765 0.0000000000
57524  -36.197  -32.679  13.602 0.0000000000
58449  -36.277  -31.011  13.586 0.0000000000
127464  -37.264  -30.621  13.301 0.0000000000
60339  -35.888  -29.762  13.978 0.0000000000
42228  -25.534  -47.262  25.817 0.0000000000
42216  -25.261  -47.223  26.706 0.0000000000
42217  -26.568  -47.500  25.799 0.0000000000
39094  -13.764  -50.041  32.433 0.0000000000
39080  -14.197  -50.807  32.888 0.0000000000
33906  -8.266  -55.503  39.018 0.0000000000
132267  -7.309  -54.348  39.597 0.0000000000
33898  -6.923  -55.685  39.932 0.0000000000
33896  -5.540  -55.710  40.857 0.0000000000
33889  -4.955  -55.456  41.308 0.0000000000
52449  -37.726  -37.515  21.292 0.0000000000
43296  -29.174  -46.828  23.076 0.0000000000
42245  -29.225  -47.363  24.353 0.0000000000
43194  -16.267  -46.475  31.273 0.0000000000
42126  -15.378  -47.778  30.972 0.0000000000
41125  -15.138  -48.672  31.144 0.0000000000
40139  -15.903  -49.087  30.742 0.0000000000
39128  -17.284  -49.957  30.850 0.0000000000
39116  -17.709  -50.390  31.433 0.0000000000
40142  -18.576  -49.645  30.161 0.0000000000
39118  -19.447  -50.076  31.284 0.0000000000
39100  -19.246  -50.374  32.139 0.0000000000
69562  -54.593  -19.517  5.902 0.0000000000
47429  -33.107  -42.282  21.596 0.0000000000
48480  -33.856  -41.931  21.302 0.0000000000
47450  -32.588  -42.216  20.649 0.0000000000
49503  -31.553  -40.876  19.323 0.0000000000
125718  -31.122  -39.412  19.578 0.0000000000
51416  -30.523  -38.924  20.858 0.0000000000
126383  -30.890  -38.443  20.479 0.0000000000
118801  -31.041  -38.125  19.867 0.0000000000
53452  -30.981  -36.644  19.918 0.0000000000
43236  -21.185  -46.486  26.931 0.0000000000
42200  -21.755  -47.182  27.399 0.0000000000
43245  -21.681  -45.792  26.549 0.0000000000
43246  -23.107  -46.026  26.118 0.0000000000
43259  -23.775  -46.057  25.630 0.0000000000
46263  -23.766  -43.359  25.436 0.0000000000
44232  -23.865  -45.375  25.084 0.0000000000
43273  -24.504  -46.217  25.046 0.0000000000
43274  -25.087  -46.108  24.331 0.0000000000
43293  -26.313  -46.576  23.741 0.0000000000
114577  -27.039  -46.434  23.270 0.0000000000
46281  -26.650  -43.752  24.164 0.0000000000
45249  -26.806  -44.169  23.443 0.0000000000
44264  -27.170  -45.602  22.942 0.0000000000
43309  -27.867  -46.299  22.703 0.0000000000
44279  -28.584  -45.823  22.278 0.0000000000
44280  -29.319  -45.607  22.161 0.0000000000
45268  -30.310  -44.068  22.391 0.0000000000
116224  -27.610  -41.985  21.540 0.0000000000
46324  -29.058  -43.071  21.524 0.0000000000
46312  -30.535  -43.148  22.305 0.0000000000
46313  -31.166  -42.827  22.817 0.0000000000
47409  -32.357  -42.391  22.482 0.0000000000
123176  -20.406  -45.141  27.445 0.0000000000
60369  -41.421  -29.289  12.561 0.0000000000
65840  -41.225  -23.399  11.962 0.0000000000
64949  -41.455  -24.559  11.310 0.0000000000
64044  -43.120  -25.671  10.840 0.0000000000
65856  -43.200  -23.471  10.485 0.0000000000
64060  -43.738  -25.009  10.543 0.0000000000
63135  -43.746  -26.468  11.112 0.0000000000
114276  -45.189  -26.900  11.316 0.0000000000
67781  -52.437  -21.358  6.665 0.0000000000
68677  -52.639  -20.543  6.559 0.0000000000
70447  -53.094  -19.394  6.639 0.0000000000
36975  -9.034  -52.145  37.201 0.0000000000
35898  -8.682  -53.778  38.097 0.0000000000
34865  -10.557  -54.477  36.933 0.0000000000
33922  -10.079  -54.869  37.448 0.0000000000
33911  -8.828  -55.260  38.495 0.0000000000
32988  -8.991  -56.157  38.673 0.0000000000
48507  -34.171  -41.466  20.757 0.0000000000
49457  -34.863  -41.088  21.026 0.0000000000
49481  -35.134  -40.239  20.685 0.0000000000
50456  -33.634  -38.658  18.729 0.0000000000
50433  -34.233  -38.993  19.215 0.0000000000
50413  -35.349  -39.186  20.494 0.0000000000
51417  -35.565  -38.153  20.317 0.0000000000
52470  -36.603  -37.498  20.287 0.0000000000
52491  -37.152  -37.464  19.611 0.0000000000
55512  -31.613  -34.842  16.973 0.0000000000
53503  -32.531  -36.400  16.152 0.0000000000
55530  -33.421  -34.802  15.282 0.0000000000
54502  -33.543  -35.977  15.165 0.0000000000
52565  -33.788  -37.363  16.077 0.0000000000
52547  -34.757  -37.660  16.341 0.0000000000
52527  -36.643  -37.914  17.615 0.0000000000
54521  -37.767  -35.862  14.052 0.0000000000
133459  -38.841  -36.253  14.737 0.0000000000
123064  -40.157  -32.885  13.618 0.0000000000
58453  -40.044  -31.370  13.263 0.0000000000
113695  -38.851  -29.678  12.915 0.0000000000
116175  -37.840  -29.657  13.184 0.0000000000
60341  -38.306  -28.942  13.032 0.0000000000
61265  -38.627  -28.271  12.845 0.0000000000
122602  -38.149  -26.835  12.997 0.0000000000
64028  -38.306  -25.341  13.548 0.0000000000
42182  -23.256  -47.381  28.442 0.0000000000
42162  -24.423  -47.416  29.472 0.0000000000
42184  -25.692  -47.383  28.446 0.0000000000
38012  -11.173  -51.343  34.983 0.0000000000
39065  -11.974  -50.541  34.056 0.0000000000
38022  -11.775  -51.268  34.538 0.0000000000
36999  -11.887  -52.663  35.210 0.0000000000
35940  -13.310  -53.278  35.459 0.0000000000
39113  -14.998  -50.004  31.692 0.0000000000
39096  -15.418  -50.627  32.105 0.0000000000
38038  -15.428  -51.467  33.327 0.0000000000
31150  -4.594  -58.771  41.557 0.0000000000
124019  -4.023  -56.947  41.650 0.0000000000
32960  -3.691  -56.165  41.782 0.0000000000
47388  -33.346  -42.187  23.586 0.0000000000
42199  -20.886  -47.238  27.431 0.0000000000
42198  -20.232  -47.211  27.613 0.0000000000
65826  -39.674  -24.031  13.257 0.0000000000
68650  -46.350  -20.504  9.542 0.0000000000
126771  -47.060  -20.890  8.759 0.0000000000
68661  -47.573  -20.472  8.733 0.0000000000
112639  -35.167  -30.107  15.533 0.0000000000
42230  -27.685  -47.535  24.705 0.0000000000
42244  -28.512  -47.483  24.495 0.0000000000
42112  -14.367  -47.851  32.057 0.0000000000
42125  -14.799  -48.069  31.447 0.0000000000
69553  -53.283  -20.134  6.363 0.0000000000
68679  -54.119  -20.124  6.004 0.0000000000
49445  -37.001  -40.025  22.900 0.0000000000
50380  -36.630  -39.582  22.294 0.0000000000
41151  -17.798  -48.195  29.356 0.0000000000
48503  -30.101  -41.365  20.111 0.0000000000
45209  -22.203  -44.179  26.127 0.0000000000
46265  -25.582  -43.523  25.056 0.0000000000
45233  -25.405  -44.545  24.014 0.0000000000
121670  -27.047  -40.873  23.629 0.0000000000
48446  -27.087  -42.003  23.538 0.0000000000
116031  -27.161  -42.126  22.104 0.0000000000
48502  -29.196  -41.567  20.667 0.0000000000
131678  -40.284  -29.816  12.773 0.0000000000
116986  -42.648  -27.318  11.610 0.0000000000
62228  -43.465  -27.232  11.499 0.0000000000
67718  -42.813  -21.971  11.740 0.0000000000
66787  -42.397  -22.661  11.332 0.0000000000
66788  -42.981  -22.230  11.033 0.0000000000
64968  -46.149  -24.953  10.227 0.0000000000
64967  -45.114  -24.648  10.148 0.0000000000
123206  -46.124  -25.829  10.710 0.0000000000
69549  -50.807  -19.688  7.469 0.0000000000
36998  -11.097  -52.080  35.329 0.0000000000
36987  -10.424  -52.156  35.905 0.0000000000
50453  -31.572  -39.348  19.063 0.0000000000
52526  -33.178  -37.630  17.699 0.0000000000
126579  -34.016  -37.706  17.075 0.0000000000
113178  -35.320  -35.416  14.072 0.0000000000
54518  -34.560  -35.438  14.436 0.0000000000
53536  -35.564  -36.807  14.780 0.0000000000
52581  -36.221  -37.105  14.927 0.0000000000
53537  -36.396  -36.504  14.416 0.0000000000
57525  -37.032  -32.180  13.440 0.0000000000
118482  -37.704  -33.826  13.462 0.0000000000
56584  -38.372  -33.299  13.480 0.0000000000
58451  -37.673  -31.615  13.330 0.0000000000
43247  -23.910  -46.602  26.417 0.0000000000
37012  -13.995  -52.244  34.488 0.0000000000
120572  -8.221  -53.200  38.543 0.0000000000
36958  -7.722  -53.291  39.249 0.0000000000
48466  -36.146  -41.374  22.801 0.0000000000
41157  -22.969  -47.975  30.018 0.0000000000
42145  -23.781  -47.655  30.010 0.0000000000
46283  -31.584  -43.291  24.125 0.0000000000
41166  -19.102  -48.149  28.573 0.0000000000
41167  -19.934  -48.373  28.370 0.0000000000
41155  -21.172  -48.744  29.472 0.0000000000
41154  -20.293  -48.869  29.063 0.0000000000
40145  -20.979  -49.175  30.345 0.0000000000
51371  -28.454  -38.840  22.205 0.0000000000
51391  -29.139  -39.033  21.638 0.0000000000
119319  -28.570  -38.605  23.069 0.0000000000
51390  -28.380  -39.206  21.629 0.0000000000
122368  -39.515  -26.966  12.341 0.0000000000
62215  -39.825  -27.735  12.371 0.0000000000
130150  -40.886  -25.718  11.591 0.0000000000
63133  -41.471  -26.387  11.550 0.0000000000
66810  -45.616  -22.212  9.371 0.0000000000
66824  -47.867  -22.126  8.444 0.0000000000
67766  -48.475  -21.522  8.153 0.0000000000
53463  -31.075  -36.468  19.026 0.0000000000
54457  -31.264  -35.157  18.442 0.0000000000
54472  -31.208  -35.567  17.992 0.0000000000
52544  -31.877  -36.802  17.180 0.0000000000
54473  -31.441  -35.476  17.257 0.0000000000
55545  -34.633  -34.027  14.439 0.0000000000
56572  -35.048  -33.341  14.252 0.0000000000
57515  -35.388  -32.629  13.972 0.0000000000
58448  -35.627  -31.370  13.862 0.0000000000
124572  -35.666  -32.039  13.805 0.0000000000
122909  -36.241  -31.776  13.588 0.0000000000
61240  -35.948  -28.454  14.583 0.0000000000
112007  -28.114  -47.581  26.434 0.0000000000
112008  -27.267  -47.556  26.604 0.0000000000
40121  -13.992  -49.285  32.044 0.0000000000
40120  -13.314  -49.316  32.578 0.0000000000
39095  -14.606  -50.414  32.264 0.0000000000
33905  -7.619  -55.643  39.499 0.0000000000
32971  -6.184  -56.731  40.561 0.0000000000
33897  -6.284  -55.689  40.388 0.0000000000
32967  -5.034  -56.184  41.198 0.0000000000
50382  -37.751  -38.592  23.109 0.0000000000
51376  -38.148  -37.941  22.832 0.0000000000
51395  -37.217  -37.873  21.759 0.0000000000
42260  -29.624  -47.080  23.779 0.0000000000
43277  -30.416  -46.796  24.055 0.0000000000
43207  -16.544  -46.801  30.569 0.0000000000
42127  -16.003  -47.230  30.722 0.0000000000
42142  -15.987  -47.858  30.504 0.0000000000
41134  -15.736  -48.361  30.675 0.0000000000
41135  -16.456  -48.401  30.290 0.0000000000
116570  -16.820  -49.258  30.466 0.0000000000
39129  -18.160  -50.043  30.767 0.0000000000
40154  -19.013  -49.266  29.569 0.0000000000
40143  -19.365  -49.648  30.130 0.0000000000
39119  -19.953  -50.032  31.753 0.0000000000
47428  -32.121  -42.439  21.498 0.0000000000
49502  -30.700  -40.739  19.651 0.0000000000
48523  -31.637  -41.620  19.621 0.0000000000
50431  -31.267  -40.073  19.379 0.0000000000
51392  -30.196  -38.797  21.645 0.0000000000
119917  -30.271  -39.443  20.464 0.0000000000
52448  -31.285  -37.618  21.563 0.0000000000
52469  -30.979  -37.626  20.228 0.0000000000
52487  -31.056  -37.252  19.523 0.0000000000
44216  -20.830  -45.630  26.907 0.0000000000
44224  -23.180  -45.269  25.589 0.0000000000
129316  -24.095  -44.690  24.748 0.0000000000
44262  -25.834  -45.202  23.642 0.0000000000
43292  -25.669  -45.985  23.804 0.0000000000
47365  -27.368  -42.908  24.193 0.0000000000
48421  -27.978  -42.307  25.090 0.0000000000
47350  -27.854  -42.962  24.991 0.0000000000
46267  -27.309  -43.380  24.710 0.0000000000
45250  -27.272  -44.646  22.787 0.0000000000
43310  -28.718  -46.407  22.596 0.0000000000
45266  -28.601  -44.955  21.917 0.0000000000
45267  -29.491  -44.652  21.918 0.0000000000
48477  -27.118  -40.686  21.848 0.0000000000
47407  -30.855  -42.751  22.035 0.0000000000
45201  -20.879  -44.626  27.011 0.0000000000
56586  -41.047  -32.818  13.824 0.0000000000
59380  -41.329  -30.628  13.148 0.0000000000
62216  -40.637  -27.859  12.191 0.0000000000
61268  -41.037  -28.589  12.346 0.0000000000
66765  -41.436  -22.814  13.367 0.0000000000
65817  -40.838  -23.254  12.793 0.0000000000
64950  -41.975  -24.024  10.991 0.0000000000
127543  -41.448  -23.884  11.432 0.0000000000
64043  -42.243  -24.933  10.911 0.0000000000
121737  -43.749  -22.872  10.271 0.0000000000
65857  -43.971  -23.597  10.174 0.0000000000
64061  -44.552  -25.185  10.475 0.0000000000
64045  -44.079  -25.771  10.737 0.0000000000
63136  -44.582  -26.381  11.000 0.0000000000
62231  -46.642  -27.343  11.625 0.0000000000
132001  -51.288  -21.894  7.229 0.0000000000
69551  -51.653  -19.829  6.983 0.0000000000
69552  -52.453  -19.931  6.657 0.0000000000
35906  -8.765  -52.926  37.791 0.0000000000
128630  -9.184  -53.625  37.532 0.0000000000
34866  -11.340  -54.537  36.650 0.0000000000
34852  -11.031  -55.166  37.086 0.0000000000
33913  -10.354  -56.154  38.038 0.0000000000
124027  -9.976  -55.506  37.802 0.0000000000
33912  -9.362  -55.035  37.971 0.0000000000
112514  -9.546  -55.766  38.234 0.0000000000
32061  -8.895  -57.567  39.601 0.0000000000
48506  -33.434  -41.868  20.665 0.0000000000
49480  -34.455  -40.750  20.251 0.0000000000
50412  -34.730  -39.783  19.900 0.0000000000
51451  -32.394  -38.286  18.468 0.0000000000
51453  -34.165  -38.037  18.807 0.0000000000
50434  -34.978  -38.616  19.818 0.0000000000
50414  -35.925  -38.661  20.994 0.0000000000
52489  -35.655  -37.537  19.147 0.0000000000
51436  -35.871  -37.558  20.004 0.0000000000
52490  -36.340  -37.458  19.611 0.0000000000
55513  -32.213  -34.352  16.673 0.0000000000
56526  -32.370  -33.933  17.469 0.0000000000
54490  -32.184  -35.567  16.261 0.0000000000
56556  -34.136  -33.344  15.528 0.0000000000
56555  -33.632  -33.894  15.572 0.0000000000
127260  -34.258  -36.164  14.813 0.0000000000
121801  -34.014  -36.804  15.347 0.0000000000
53518  -33.240  -36.637  15.705 0.0000000000
51472  -36.426  -37.961  16.748 0.0000000000
52511  -37.495  -37.884  17.920 0.0000000000
120957  -37.744  -37.707  18.774 0.0000000000
54542  -36.718  -35.168  13.630 0.0000000000
54543  -37.411  -35.356  13.718 0.0000000000
130056  -38.578  -35.776  14.267 0.0000000000
53523  -39.487  -36.349  15.202 0.0000000000
133791  -40.399  -34.667  14.394 0.0000000000
55549  -40.474  -34.060  14.158 0.0000000000
55565  -40.553  -33.427  13.909 0.0000000000
119108  -39.213  -31.300  13.198 0.0000000000
127437  -39.683  -30.771  13.077 0.0000000000
59378  -39.009  -30.537  13.027 0.0000000000
114036  -36.780  -29.529  13.536 0.0000000000
60340  -37.445  -28.854  13.350 0.0000000000
61253  -37.854  -28.198  13.180 0.0000000000
62206  -38.189  -27.621  12.992 0.0000000000
42201  -22.758  -47.095  27.534 0.0000000000
42183  -24.764  -47.247  28.112 0.0000000000
121127  -24.143  -47.283  28.693 0.0000000000
42163  -25.403  -47.403  29.638 0.0000000000
124917  -26.186  -47.422  27.771 0.0000000000
42203  -25.425  -47.304  27.524 0.0000000000
42232  -29.204  -47.487  25.147 0.0000000000
39051  -10.817  -50.748  35.235 0.0000000000
40113  -12.687  -49.426  33.155 0.0000000000
40112  -12.094  -49.611  33.776 0.0000000000
123450  -12.804  -51.651  34.173 0.0000000000
38023  -12.347  -51.221  34.127 0.0000000000
37010  -12.322  -51.957  34.628 0.0000000000
37000  -12.787  -52.751  35.004 0.0000000000
40131  -15.384  -49.479  31.259 0.0000000000
39114  -15.851  -50.136  31.458 0.0000000000
38051  -15.836  -51.148  32.680 0.0000000000
38050  -15.028  -51.032  32.744 0.0000000000
130168  -3.666  -57.645  41.723 0.0000000000
122730  -3.360  -57.000  41.733 0.0000000000
42161  -22.760  -47.768  29.184 0.0000000000
44215  -20.133  -45.874  27.554 0.0000000000
121688  -29.973  -38.467  23.819 0.0000000000
64034  -38.773  -25.391  12.898 0.0000000000
64035  -39.495  -25.436  12.355 0.0000000000
64940  -40.148  -24.633  12.150 0.0000000000
67741  -45.011  -21.157  10.011 0.0000000000
67754  -45.695  -21.032  9.572 0.0000000000
110488  -46.210  -21.691  9.056 0.0000000000
69542  -48.069  -19.943  8.774 0.0000000000
54442  -31.272  -35.168  19.152 0.0000000000
55488  -31.573  -34.556  18.724 0.0000000000
58439  -34.901  -31.699  14.855 0.0000000000
59367  -35.233  -31.071  14.404 0.0000000000
60329  -35.668  -29.200  14.580 0.0000000000
60319  -35.389  -29.370  15.318 0.0000000000
111098  -26.857  -47.476  24.937 0.0000000000
111258  -28.633  -47.592  25.867 0.0000000000
40130  -14.669  -49.319  31.588 0.0000000000
32054  -7.573  -57.424  40.053 0.0000000000
32053  -6.881  -57.606  40.421 0.0000000000
32047  -6.068  -57.976  40.807 0.0000000000
50381  -37.179  -39.066  22.724 0.0000000000
50397  -36.860  -38.631  22.080 0.0000000000
43312  -29.976  -45.883  22.546 0.0000000000
43298  -30.871  -46.087  23.796 0.0000000000
44247  -31.349  -45.863  24.541 0.0000000000
44233  -31.718  -45.760  25.211 0.0000000000
44200  -18.645  -45.785  29.244 0.0000000000
133722  -18.143  -46.123  29.571 0.0000000000
44188  -17.664  -45.973  30.309 0.0000000000
41150  -17.048  -48.080  29.785 0.0000000000
40144  -20.168  -49.534  30.293 0.0000000000
40132  -19.637  -49.824  30.688 0.0000000000
40122  -20.660  -49.787  31.860 0.0000000000
48504  -31.358  -42.075  19.996 0.0000000000
46264  -24.584  -43.373  25.243 0.0000000000
45232  -24.671  -44.593  24.386 0.0000000000
120038  -27.446  -41.286  24.667 0.0000000000
48431  -27.516  -42.195  24.424 0.0000000000
46310  -27.558  -43.958  22.313 0.0000000000
45265  -27.881  -44.656  22.151 0.0000000000
131917  -27.713  -43.474  21.910 0.0000000000
129562  -28.252  -43.349  21.623 0.0000000000
49456  -27.745  -40.330  21.244 0.0000000000
48479  -28.356  -41.770  21.089 0.0000000000
48501  -28.376  -40.880  20.792 0.0000000000
47426  -30.552  -42.579  21.304 0.0000000000
47448  -30.944  -42.334  20.638 0.0000000000
58454  -40.895  -31.335  13.355 0.0000000000
60344  -41.783  -29.981  12.873 0.0000000000
61269  -41.863  -28.643  12.275 0.0000000000
61282  -42.279  -27.995  11.922 0.0000000000
66786  -41.792  -22.842  11.847 0.0000000000
65855  -42.485  -23.394  10.839 0.0000000000
65858  -44.782  -23.779  9.858 0.0000000000
63146  -45.364  -26.182  10.863 0.0000000000
64046  -46.762  -26.148  10.958 0.0000000000
67773  -49.886  -21.245  7.602 0.0000000000
67775  -51.524  -21.353  6.928 0.0000000000
38002  -10.019  -51.394  36.169 0.0000000000
131019  -10.034  -53.445  36.747 0.0000000000
48525  -33.076  -41.036  19.361 0.0000000000
49505  -33.108  -40.408  18.918 0.0000000000
50432  -33.412  -39.644  18.779 0.0000000000
51470  -32.609  -37.730  18.094 0.0000000000
51435  -35.259  -37.810  19.620 0.0000000000
110575  -35.049  -37.669  18.245 0.0000000000
55514  -32.984  -34.063  15.997 0.0000000000
54517  -34.219  -34.723  14.641 0.0000000000
53519  -34.767  -36.811  15.028 0.0000000000
116635  -35.522  -37.594  15.784 0.0000000000
53520  -35.251  -37.210  15.284 0.0000000000
52550  -36.891  -37.817  16.151 0.0000000000
52568  -37.329  -37.436  15.579 0.0000000000
53521  -37.779  -36.957  15.056 0.0000000000
56583  -37.072  -33.920  13.436 0.0000000000
55563  -37.429  -34.605  13.527 0.0000000000
55547  -38.922  -34.585  13.796 0.0000000000
54523  -39.940  -35.167  14.464 0.0000000000
112795  -39.124  -33.886  13.677 0.0000000000
56585  -39.336  -33.081  13.548 0.0000000000
117195  -38.318  -31.061  13.168 0.0000000000
61251  -36.416  -28.194  14.050 0.0000000000
62204  -36.720  -27.456  13.970 0.0000000000
63103  -37.037  -26.832  13.885 0.0000000000
63112  -37.586  -26.490  13.538 0.0000000000
39079  -13.351  -50.569  33.097 0.0000000000
39115  -16.795  -50.317  31.450 0.0000000000
38052  -16.658  -51.104  32.707 0.0000000000
49444  -36.428  -40.529  22.498 0.0000000000
40135  -21.899  -49.098  31.411 0.0000000000
41126  -22.523  -48.804  31.585 0.0000000000
41127  -23.155  -48.402  31.435 0.0000000000
45252  -31.202  -43.880  23.725 0.0000000000
124053  -19.485  -45.998  28.119 0.0000000000
44208  -18.979  -46.127  28.628 0.0000000000
123011  -18.425  -47.980  28.853 0.0000000000
40134  -21.082  -49.412  31.180 0.0000000000
50411  -29.570  -39.940  20.515 0.0000000000
49410  -27.230  -40.123  24.406 0.0000000000
48463  -26.944  -41.371  22.573 0.0000000000
49425  -26.989  -40.280  22.689 0.0000000000
123992  -27.321  -39.823  21.905 0.0000000000
51370  -27.906  -38.845  22.653 0.0000000000
50392  -27.993  -39.650  21.363 0.0000000000
61266  -39.403  -28.376  12.608 0.0000000000
63123  -39.788  -26.259  12.127 0.0000000000
62226  -41.030  -27.172  11.860 0.0000000000
129108  -42.231  -26.725  11.464 0.0000000000
67739  -44.048  -21.589  10.639 0.0000000000
66799  -44.339  -22.209  10.051 0.0000000000
67753  -45.088  -21.736  9.677 0.0000000000
66809  -44.961  -22.438  9.623 0.0000000000
64982  -46.628  -24.209  9.702 0.0000000000
64983  -47.556  -24.225  9.653 0.0000000000
66811  -47.388  -22.796  8.794 0.0000000000
65870  -48.004  -23.573  9.128 0.0000000000
132863  -48.640  -23.819  9.327 0.0000000000
68669  -49.697  -20.515  7.704 0.0000000000
52488  -31.251  -37.819  19.214 0.0000000000
52507  -31.516  -37.475  18.567 0.0000000000
124505  -31.172  -36.130  18.322 0.0000000000
52524  -31.728  -37.073  17.844 0.0000000000
52545  -32.402  -36.938  16.669 0.0000000000
56540  -34.323  -32.830  16.262 0.0000000000
133531  -35.312  -34.795  13.919 0.0000000000
54519  -36.145  -35.688  13.916 0.0000000000
55561  -35.928  -34.114  13.642 0.0000000000
56582  -36.419  -33.630  13.539 0.0000000000
58450  -36.875  -31.439  13.425 0.0000000000
59376  -36.341  -30.306  13.646 0.0000000000
60330  -36.144  -28.932  14.018 0.0000000000
125024  -36.287  -27.716  14.611 0.0000000000
63086  -36.784  -26.616  15.506 0.0000000000
131645  -24.877  -46.801  25.506 0.0000000000
113119  -26.171  -47.443  26.825 0.0000000000
42204  -26.988  -47.504  27.556 0.0000000000
126216  -13.065  -49.953  32.850 0.0000000000
38037  -14.647  -51.382  33.364 0.0000000000
111230  -18.753  -50.685  33.019 0.0000000000
34827  -8.207  -54.650  38.893 0.0000000000
35885  -7.630  -54.040  39.328 0.0000000000
34826  -7.660  -54.809  39.351 0.0000000000
123699  -6.997  -54.770  39.810 0.0000000000
121639  -6.437  -54.984  40.219 0.0000000000
34814  -5.835  -54.693  40.704 0.0000000000
116815  -5.198  -54.732  41.252 0.0000000000
66777  -42.787  -21.861  12.661 0.0000000000
67719  -43.410  -21.467  12.083 0.0000000000
42259  -28.784  -47.271  23.731 0.0000000000
42246  -29.923  -47.260  24.584 0.0000000000
44248  -31.587  -44.991  24.884 0.0000000000
121974  -15.950  -46.282  31.976 0.0000000000
43193  -15.611  -46.923  31.449 0.0000000000
40140  -16.412  -49.748  30.987 0.0000000000
39130  -18.971  -49.981  30.707 0.0000000000
39117  -18.619  -50.316  31.399 0.0000000000
47410  -33.226  -42.265  22.675 0.0000000000
47430  -33.931  -42.130  22.046 0.0000000000
48505  -32.100  -42.042  19.929 0.0000000000
48524  -32.280  -41.382  19.457 0.0000000000
49524  -31.942  -40.067  18.918 0.0000000000
51432  -30.870  -39.035  20.147 0.0000000000
51433  -31.257  -38.701  19.462 0.0000000000
54437  -31.121  -35.930  20.168 0.0000000000
114448  -31.141  -36.383  20.584 0.0000000000
43237  -22.111  -46.555  26.835 0.0000000000
116844  -22.458  -46.072  26.422 0.0000000000
112244  -24.333  -46.562  25.741 0.0000000000
46262  -22.943  -43.670  25.743 0.0000000000
45218  -23.479  -44.329  25.222 0.0000000000
43260  -25.415  -46.797  24.862 0.0000000000
118853  -25.722  -46.548  24.168 0.0000000000
43275  -26.310  -47.103  24.328 0.0000000000
43276  -26.977  -47.098  23.723 0.0000000000
43294  -27.583  -46.911  23.284 0.0000000000
46266  -26.774  -43.574  25.096 0.0000000000
45234  -26.194  -44.399  23.738 0.0000000000
116291  -26.602  -44.965  23.310 0.0000000000
43295  -28.311  -46.951  23.112 0.0000000000
43311  -29.389  -46.246  22.554 0.0000000000
44281  -30.122  -45.116  22.449 0.0000000000
47424  -28.316  -42.562  21.418 0.0000000000
46311  -29.734  -43.589  21.830 0.0000000000
46295  -30.911  -43.501  23.013 0.0000000000
47408  -31.568  -42.556  22.325 0.0000000000
45200  -20.489  -44.444  27.865 0.0000000000
57528  -41.850  -32.328  13.912 0.0000000000
60368  -40.616  -29.231  12.597 0.0000000000
132592  -40.389  -23.655  12.750 0.0000000000
65839  -40.546  -23.825  12.318 0.0000000000
64948  -40.884  -24.196  11.712 0.0000000000
118797  -42.242  -25.964  11.217 0.0000000000
64965  -43.456  -24.212  10.431 0.0000000000
64059  -43.023  -24.781  10.633 0.0000000000
62229  -44.324  -27.089  11.410 0.0000000000
67782  -53.323  -21.554  6.504 0.0000000000
127238  -53.090  -20.858  6.446 0.0000000000
124213  -52.973  -18.732  7.082 0.0000000000
35921  -10.664  -53.765  36.539 0.0000000000
35908  -9.851  -53.961  37.097 0.0000000000
34839  -9.260  -54.310  37.716 0.0000000000
34838  -8.718  -54.495  38.335 0.0000000000
32980  -8.402  -56.552  39.310 0.0000000000
32981  -9.356  -57.059  39.048 0.0000000000
32060  -8.160  -57.234  39.733 0.0000000000
49458  -35.471  -40.608  21.430 0.0000000000
50455  -32.927  -38.951  18.582 0.0000000000
50395  -35.716  -39.656  21.195 0.0000000000
51394  -36.546  -38.212  21.399 0.0000000000
51418  -36.209  -37.857  20.698 0.0000000000
51419  -36.914  -37.631  21.029 0.0000000000
52471  -37.458  -37.437  20.462 0.0000000000
56515  -31.845  -34.210  18.038 0.0000000000
55496  -31.781  -34.395  17.357 0.0000000000
54489  -31.735  -35.372  16.710 0.0000000000
53504  -32.982  -37.054  16.209 0.0000000000
54501  -32.835  -35.714  15.675 0.0000000000
110911  -34.941  -37.799  17.184 0.0000000000
51471  -35.786  -37.874  17.385 0.0000000000
52548  -35.614  -37.850  16.552 0.0000000000
52510  -36.699  -37.626  18.713 0.0000000000
52492  -38.211  -37.548  19.629 0.0000000000
52529  -38.205  -37.809  17.488 0.0000000000
53538  -37.324  -36.488  14.463 0.0000000000
53539  -38.142  -36.388  14.601 0.0000000000
123877  -40.486  -32.101  13.492 0.0000000000
60342  -39.671  -30.106  12.874 0.0000000000
127376  -39.006  -28.918  12.785 0.0000000000
63113  -38.167  -25.994  13.136 0.0000000000
64938  -38.787  -24.860  13.372 0.0000000000
64933  -39.201  -24.362  13.654 0.0000000000
126888  -23.615  -47.500  29.257 0.0000000000
42185  -26.637  -47.464  28.411 0.0000000000
116090  -26.220  -47.438  29.209 0.0000000000
133797  -25.582  -47.391  29.055 0.0000000000
40104  -11.563  -49.802  34.480 0.0000000000
133106  -12.431  -50.794  33.798 0.0000000000
121547  -11.635  -51.863  34.916 0.0000000000
35939  -12.573  -53.338  35.520 0.0000000000
129384  -15.041  -51.714  33.845 0.0000000000
39081  -17.920  -50.978  33.177 0.0000000000
38040  -17.093  -51.329  33.440 0.0000000000
38026  -15.686  -51.732  33.996 0.0000000000
31158  -5.562  -58.903  41.316 0.0000000000
119440  -5.107  -57.919  41.197 0.0000000000
32041  -4.282  -57.816  41.550 0.0000000000
32046  -4.728  -56.961  41.334 0.0000000000
32961  -4.424  -55.989  41.549 0.0000000000
32038  -2.661  -57.554  41.295 0.0000000000
127778  -2.656  -56.746  41.213 0.0000000000
32039  -2.907  -57.085  41.532 0.0000000000
32959  -3.069  -56.158  41.700 0.0000000000
52580  -35.786  -37.297  15.234 0.0000000000
54520  -36.956  -35.884  13.923 0.0000000000
54522  -39.140  -35.169  14.101 0.0000000000
67764  -46.860  -21.331  8.769 0.0000000000
121106  -31.950  -34.957  16.473 0.0000000000
131498  -29.007  -46.073  22.294 0.0000000000
