#!ascii label  , from subject sub-v2s8x29184_ses-1 vox2ras=TkReg
1522
116667  -41.982  -6.342  6.065 0.0000000000
79008  -57.422  -8.484  -5.086 0.0000000000
85133  -49.656  -0.783  8.740 0.0000000000
133461  -51.793  -7.277  3.470 0.0000000000
116178  -50.409  -11.322  11.183 0.0000000000
83713  -48.679  -3.477  -3.268 0.0000000000
86775  -53.613  1.764  -1.312 0.0000000000
90983  -49.402  8.093  1.173 0.0000000000
73728  -39.212  -14.011  14.581 0.0000000000
78904  -45.947  -8.005  3.795 0.0000000000
79810  -50.296  -7.101  -1.249 0.0000000000
82905  -45.374  -3.131  1.619 0.0000000000
85904  -55.468  1.085  10.094 0.0000000000
125122  -53.850  0.866  3.516 0.0000000000
88266  -56.751  3.615  3.613 0.0000000000
128600  -49.704  4.099  2.248 0.0000000000
91616  -54.928  8.465  1.791 0.0000000000
80741  -53.734  -6.186  -8.626 0.0000000000
82851  -40.170  -3.095  8.991 0.0000000000
84393  -44.701  -1.942  7.468 0.0000000000
128549  -57.172  -5.700  7.857 0.0000000000
78869  -50.030  -8.876  6.983 0.0000000000
76459  -44.577  -11.544  6.656 0.0000000000
123398  -42.580  -13.779  10.485 0.0000000000
81484  -54.773  -4.700  -6.389 0.0000000000
84502  -53.695  -0.418  -8.859 0.0000000000
85969  -48.448  0.229  2.739 0.0000000000
85235  -52.113  -0.192  -2.803 0.0000000000
111041  -50.525  2.029  -6.404 0.0000000000
113647  -47.188  1.496  -2.800 0.0000000000
88303  -44.808  3.810  -1.735 0.0000000000
79709  -43.231  -7.340  4.411 0.0000000000
80604  -45.233  -6.315  2.421 0.0000000000
122964  -43.311  -4.222  3.647 0.0000000000
87490  -54.187  2.421  8.658 0.0000000000
86681  -55.219  2.227  6.682 0.0000000000
88242  -54.859  3.969  5.592 0.0000000000
90358  -55.951  7.014  2.118 0.0000000000
80718  -56.296  -6.487  -6.953 0.0000000000
84346  -37.896  -1.691  10.649 0.0000000000
84360  -41.413  -0.891  10.163 0.0000000000
77260  -50.841  -10.514  9.281 0.0000000000
77275  -47.729  -11.118  6.972 0.0000000000
75566  -47.536  -12.935  8.539 0.0000000000
74600  -40.135  -12.897  12.521 0.0000000000
77257  -37.079  -10.739  9.184 0.0000000000
79669  -36.529  -7.580  9.006 0.0000000000
78039  -34.208  -9.037  10.121 0.0000000000
79769  -54.044  -7.244  0.999 0.0000000000
81430  -49.088  -5.641  -3.041 0.0000000000
80700  -52.331  -6.150  -3.900 0.0000000000
82202  -51.081  -5.021  -5.632 0.0000000000
82969  -54.183  -2.979  -8.042 0.0000000000
83732  -50.858  -2.770  -6.208 0.0000000000
85130  -47.055  -1.095  8.202 0.0000000000
85943  -46.154  0.396  4.883 0.0000000000
86685  -48.786  1.197  6.046 0.0000000000
85990  -56.512  0.750  -0.153 0.0000000000
85209  -53.243  -0.532  0.249 0.0000000000
86017  -54.100  1.644  -2.501 0.0000000000
86032  -53.082  2.255  -5.172 0.0000000000
86800  -52.426  2.171  -3.303 0.0000000000
86820  -48.504  1.446  -4.888 0.0000000000
86786  -49.831  1.458  -1.397 0.0000000000
90364  -50.009  6.988  -0.258 0.0000000000
88290  -47.285  3.795  0.391 0.0000000000
89721  -46.931  6.001  -0.641 0.0000000000
89719  -44.435  5.498  -0.388 0.0000000000
110927  -45.888  7.178  1.280 0.0000000000
79712  -48.561  -7.800  3.674 0.0000000000
79767  -51.004  -7.602  1.229 0.0000000000
79763  -47.687  -7.433  1.425 0.0000000000
81409  -46.971  -5.504  -0.441 0.0000000000
82921  -47.260  -3.345  -0.742 0.0000000000
85124  -52.727  -0.454  9.981 0.0000000000
86688  -51.642  1.439  6.271 0.0000000000
86690  -54.259  1.553  6.678 0.0000000000
85964  -57.063  0.793  2.568 0.0000000000
87551  -54.758  1.825  1.529 0.0000000000
86744  -51.207  1.966  1.193 0.0000000000
88962  -52.812  4.390  3.275 0.0000000000
90355  -52.871  7.043  0.762 0.0000000000
90986  -52.130  8.386  1.074 0.0000000000
129792  -51.251  -5.876  -9.208 0.0000000000
81332  -41.651  -5.535  8.386 0.0000000000
82874  -42.592  -3.796  6.255 0.0000000000
82854  -43.373  -3.648  9.168 0.0000000000
84376  -45.074  -2.525  9.743 0.0000000000
84349  -46.850  -1.059  11.028 0.0000000000
85853  -45.979  0.353  14.193 0.0000000000
85084  -49.634  -0.481  12.283 0.0000000000
80570  -53.908  -6.437  5.162 0.0000000000
79685  -53.433  -7.176  7.588 0.0000000000
116723  -50.637  -7.461  5.114 0.0000000000
78101  -47.751  -8.660  5.064 0.0000000000
78090  -45.713  -9.560  5.184 0.0000000000
77227  -48.060  -10.013  12.678 0.0000000000
76359  -43.178  -10.919  14.216 0.0000000000
76387  -44.583  -11.081  12.480 0.0000000000
75521  -46.399  -12.850  11.218 0.0000000000
74686  -43.885  -13.362  7.917 0.0000000000
79680  -40.893  -7.668  7.711 0.0000000000
81448  -60.046  -5.150  -4.337 0.0000000000
79814  -53.789  -7.116  -1.439 0.0000000000
81444  -56.054  -5.851  -4.074 0.0000000000
81487  -58.380  -4.207  -6.768 0.0000000000
82229  -56.706  -3.496  -7.521 0.0000000000
112666  -54.817  -3.251  -9.418 0.0000000000
83758  -51.766  -2.506  -9.474 0.0000000000
84404  -44.237  -1.178  4.318 0.0000000000
85188  -46.441  -0.970  2.151 0.0000000000
84450  -48.549  -1.544  -0.226 0.0000000000
85959  -51.383  0.711  3.254 0.0000000000
84442  -50.868  -0.822  0.146 0.0000000000
133196  -50.339  -1.274  -2.770 0.0000000000
85258  -52.037  0.177  -5.625 0.0000000000
131962  -52.551  1.243  -8.186 0.0000000000
85281  -49.220  -0.192  -8.502 0.0000000000
86754  -48.080  2.122  0.272 0.0000000000
86782  -45.477  2.190  -2.441 0.0000000000
86804  -43.118  2.250  -4.442 0.0000000000
87573  -42.309  2.323  -2.206 0.0000000000
88293  -41.891  3.244  -0.218 0.0000000000
79708  -42.535  -6.870  4.714 0.0000000000
80589  -43.464  -6.273  3.825 0.0000000000
81351  -42.489  -5.344  4.712 0.0000000000
88227  -54.759  3.121  7.125 0.0000000000
89633  -55.275  5.547  4.626 0.0000000000
79882  -56.736  -7.179  -6.246 0.0000000000
76418  -50.447  -11.440  10.609 0.0000000000
76428  -48.880  -12.206  9.168 0.0000000000
75554  -49.106  -12.341  9.947 0.0000000000
76424  -35.846  -10.917  9.984 0.0000000000
120417  -36.044  -9.375  9.567 0.0000000000
79733  -53.102  -7.105  2.979 0.0000000000
79752  -52.706  -7.430  1.959 0.0000000000
82185  -48.544  -4.738  -3.256 0.0000000000
81456  -49.745  -5.061  -4.468 0.0000000000
82191  -49.670  -4.401  -4.791 0.0000000000
82959  -50.651  -3.708  -6.140 0.0000000000
83720  -49.703  -2.970  -4.560 0.0000000000
85132  -48.851  -0.931  8.586 0.0000000000
85922  -47.807  0.331  7.165 0.0000000000
85923  -49.280  0.238  7.652 0.0000000000
86777  -55.187  1.290  -1.229 0.0000000000
85999  -55.490  1.068  -1.109 0.0000000000
132640  -54.145  1.818  -1.904 0.0000000000
124846  -53.451  2.128  -3.346 0.0000000000
86788  -52.304  1.804  -1.955 0.0000000000
111048  -51.204  1.694  -2.248 0.0000000000
86787  -50.952  1.558  -1.030 0.0000000000
91005  -49.511  7.216  -0.256 0.0000000000
90375  -48.790  6.791  -0.450 0.0000000000
90374  -47.775  7.429  0.078 0.0000000000
90381  -46.470  6.772  0.014 0.0000000000
90993  -47.397  7.744  0.853 0.0000000000
78907  -47.694  -8.006  3.798 0.0000000000
79748  -48.372  -7.612  2.040 0.0000000000
79746  -46.526  -7.359  2.489 0.0000000000
127683  -45.243  -4.760  1.569 0.0000000000
81390  -46.184  -5.984  0.829 0.0000000000
82159  -45.676  -4.444  1.082 0.0000000000
82166  -46.669  -4.753  -0.318 0.0000000000
82913  -46.001  -3.739  0.728 0.0000000000
85125  -53.815  -0.122  10.479 0.0000000000
85927  -54.000  0.738  8.166 0.0000000000
85928  -55.363  1.130  8.586 0.0000000000
87515  -56.932  2.823  4.387 0.0000000000
86715  -56.632  1.909  4.486 0.0000000000
87525  -56.982  1.962  2.968 0.0000000000
86736  -56.713  1.353  1.529 0.0000000000
87523  -55.652  2.540  2.866 0.0000000000
126785  -53.390  2.895  2.832 0.0000000000
113701  -54.181  3.769  3.400 0.0000000000
122239  -55.533  7.766  1.461 0.0000000000
89693  -54.109  6.278  2.272 0.0000000000
91000  -53.796  8.057  0.611 0.0000000000
90378  -52.159  7.791  0.071 0.0000000000
90987  -53.171  8.408  1.348 0.0000000000
80740  -52.243  -6.329  -8.814 0.0000000000
82866  -40.866  -4.113  8.780 0.0000000000
82867  -42.015  -4.085  8.892 0.0000000000
82852  -41.250  -3.227  9.082 0.0000000000
129721  -42.528  -0.444  10.765 0.0000000000
84362  -43.584  -1.236  10.182 0.0000000000
85112  -44.053  -0.697  10.605 0.0000000000
114953  -46.533  -1.849  10.426 0.0000000000
85097  -45.376  -0.308  11.254 0.0000000000
85048  -46.470  -0.086  15.454 0.0000000000
85887  -48.111  0.195  12.970 0.0000000000
85875  -49.681  0.380  13.877 0.0000000000
85085  -51.243  -0.271  12.624 0.0000000000
85856  -50.477  0.672  14.735 0.0000000000
80572  -55.298  -6.075  5.552 0.0000000000
80564  -55.393  -6.113  6.415 0.0000000000
78862  -53.135  -7.983  8.722 0.0000000000
78871  -51.534  -8.094  7.467 0.0000000000
79692  -51.602  -7.423  6.335 0.0000000000
123779  -50.220  -8.316  6.520 0.0000000000
78887  -49.341  -8.119  5.420 0.0000000000
78878  -48.999  -8.673  6.034 0.0000000000
76461  -46.872  -11.344  6.688 0.0000000000
77284  -46.440  -10.716  6.175 0.0000000000
77283  -45.604  -10.810  6.100 0.0000000000
75472  -41.292  -12.005  14.210 0.0000000000
75503  -42.195  -12.129  12.457 0.0000000000
75518  -43.707  -12.767  11.680 0.0000000000
75520  -45.496  -12.395  11.629 0.0000000000
74635  -44.443  -13.797  10.512 0.0000000000
115372  -44.917  -14.098  9.753 0.0000000000
74658  -43.179  -13.999  9.244 0.0000000000
79672  -39.986  -7.644  8.002 0.0000000000
116276  -39.109  -7.555  8.276 0.0000000000
124896  -60.597  -5.997  -2.711 0.0000000000
79797  -50.454  -7.397  -0.510 0.0000000000
79799  -52.359  -7.494  -0.576 0.0000000000
79812  -51.912  -7.373  -1.200 0.0000000000
81460  -53.600  -5.882  -4.591 0.0000000000
80702  -54.285  -6.162  -4.010 0.0000000000
112597  -55.799  -5.429  -5.014 0.0000000000
81462  -57.155  -4.893  -5.025 0.0000000000
81475  -56.830  -4.274  -6.071 0.0000000000
81496  -57.965  -3.769  -7.191 0.0000000000
82217  -56.825  -3.367  -7.328 0.0000000000
123009  -53.162  -2.354  -8.122 0.0000000000
82980  -55.436  -1.773  -8.904 0.0000000000
85285  -54.892  -1.273  -9.085 0.0000000000
128292  -53.032  -2.456  -9.549 0.0000000000
119289  -53.283  -0.283  -9.262 0.0000000000
83648  -43.298  -2.741  6.655 0.0000000000
83650  -43.096  -2.347  5.860 0.0000000000
115648  -43.929  -1.129  5.904 0.0000000000
85954  -47.265  0.605  4.111 0.0000000000
117058  -46.271  -0.119  3.507 0.0000000000
85175  -47.586  0.011  2.766 0.0000000000
84431  -47.474  -1.156  1.185 0.0000000000
131625  -48.892  -0.513  1.474 0.0000000000
86711  -52.577  1.557  4.639 0.0000000000
130658  -51.125  1.446  4.487 0.0000000000
85960  -52.284  0.648  3.187 0.0000000000
85227  -52.702  -0.439  -1.285 0.0000000000
85208  -51.640  -0.579  0.583 0.0000000000
117829  -51.819  -0.740  -1.235 0.0000000000
84459  -50.155  -1.298  -1.352 0.0000000000
85234  -50.923  -0.927  -2.728 0.0000000000
85250  -51.037  -0.838  -4.087 0.0000000000
85251  -52.250  0.271  -4.293 0.0000000000
86832  -52.682  2.377  -5.551 0.0000000000
86037  -52.784  2.177  -6.070 0.0000000000
86852  -51.933  2.176  -7.435 0.0000000000
123167  -50.878  0.724  -9.055 0.0000000000
86858  -49.972  1.577  -8.401 0.0000000000
85274  -48.549  -0.169  -8.076 0.0000000000
86849  -48.110  1.593  -8.018 0.0000000000
111046  -47.615  1.448  -4.573 0.0000000000
86819  -47.196  1.489  -5.658 0.0000000000
121175  -50.466  2.709  2.067 0.0000000000
86756  -49.770  1.792  0.553 0.0000000000
87546  -49.018  3.084  1.711 0.0000000000
88297  -46.069  4.140  -0.749 0.0000000000
87567  -46.269  2.569  -0.691 0.0000000000
87575  -45.097  2.947  -1.891 0.0000000000
111568  -44.548  2.929  -2.881 0.0000000000
88309  -43.694  3.387  -2.926 0.0000000000
87581  -42.782  2.284  -3.469 0.0000000000
130200  -43.496  3.554  -2.239 0.0000000000
89710  -43.605  5.936  0.172 0.0000000000
88990  -42.958  4.513  -0.346 0.0000000000
114267  -42.385  4.877  0.251 0.0000000000
88287  -41.512  3.798  0.375 0.0000000000
79711  -45.158  -7.908  3.912 0.0000000000
79745  -45.716  -7.110  2.797 0.0000000000
80590  -44.187  -6.538  3.393 0.0000000000
82140  -43.956  -4.658  2.886 0.0000000000
82891  -43.795  -3.659  3.139 0.0000000000
86668  -55.840  1.539  8.819 0.0000000000
120605  -55.479  2.492  7.809 0.0000000000
88240  -55.974  3.048  5.672 0.0000000000
88954  -56.829  4.239  4.096 0.0000000000
89677  -56.115  5.403  3.076 0.0000000000
89657  -56.297  5.550  3.557 0.0000000000
90980  -56.451  7.365  3.057 0.0000000000
80731  -55.104  -6.246  -7.936 0.0000000000
83622  -38.600  -2.306  9.528 0.0000000000
83624  -40.570  -2.291  9.367 0.0000000000
84358  -39.546  -1.055  10.284 0.0000000000
78062  -50.772  -9.797  8.464 0.0000000000
78072  -48.891  -9.955  6.993 0.0000000000
77266  -48.936  -11.181  7.974 0.0000000000
76454  -48.180  -11.570  7.650 0.0000000000
124165  -46.591  -12.656  7.628 0.0000000000
74582  -39.872  -12.822  13.699 0.0000000000
118549  -39.788  -13.522  11.000 0.0000000000
77258  -37.653  -10.220  8.739 0.0000000000
78857  -37.804  -8.291  8.567 0.0000000000
78057  -36.737  -9.029  9.129 0.0000000000
78847  -35.484  -8.530  9.581 0.0000000000
80656  -49.235  -6.439  -1.763 0.0000000000
80674  -51.272  -6.655  -2.537 0.0000000000
80688  -50.920  -6.186  -3.360 0.0000000000
81458  -51.763  -5.774  -4.438 0.0000000000
81482  -52.287  -5.076  -6.107 0.0000000000
82215  -54.173  -4.417  -7.018 0.0000000000
82226  -51.914  -4.501  -6.785 0.0000000000
82967  -51.974  -3.069  -7.486 0.0000000000
83741  -52.208  -1.960  -7.698 0.0000000000
84395  -46.233  -1.301  7.993 0.0000000000
85149  -45.427  -0.233  6.474 0.0000000000
85921  -46.882  0.156  7.053 0.0000000000
85940  -47.539  0.906  5.428 0.0000000000
127868  -48.765  1.207  4.663 0.0000000000
85182  -54.957  -0.286  1.735 0.0000000000
85975  -53.666  -0.192  1.926 0.0000000000
85211  -55.647  -0.168  0.006 0.0000000000
85228  -53.890  0.245  -1.635 0.0000000000
85236  -53.292  0.495  -2.643 0.0000000000
86024  -53.343  1.527  -4.040 0.0000000000
86814  -53.602  1.954  -3.582 0.0000000000
86813  -53.220  2.306  -4.023 0.0000000000
86821  -51.898  2.464  -5.012 0.0000000000
111043  -49.299  1.630  -5.785 0.0000000000
111044  -50.564  1.783  -4.140 0.0000000000
86811  -49.329  1.488  -3.240 0.0000000000
86798  -48.723  1.394  -2.396 0.0000000000
88984  -49.497  4.939  1.535 0.0000000000
88281  -48.466  3.565  1.396 0.0000000000
88994  -48.211  5.133  0.350 0.0000000000
89001  -47.213  5.449  -0.557 0.0000000000
88999  -45.724  5.088  -1.087 0.0000000000
88998  -44.966  4.899  -1.054 0.0000000000
89720  -45.961  5.945  -0.531 0.0000000000
89711  -45.012  6.138  -0.040 0.0000000000
113272  -44.590  6.831  0.697 0.0000000000
113592  -50.568  -7.493  3.051 0.0000000000
113646  -51.601  -7.510  2.011 0.0000000000
111253  -49.807  -7.563  2.015 0.0000000000
125724  -49.547  -7.528  0.751 0.0000000000
79780  -48.425  -7.171  0.156 0.0000000000
131111  -46.451  -7.091  1.932 0.0000000000
80629  -47.273  -6.660  0.354 0.0000000000
80642  -48.269  -6.628  -0.610 0.0000000000
81419  -47.900  -5.469  -1.874 0.0000000000
82174  -47.547  -4.770  -1.814 0.0000000000
82934  -47.810  -3.948  -2.174 0.0000000000
85122  -50.915  -0.813  9.512 0.0000000000
85910  -50.787  0.143  8.146 0.0000000000
112222  -51.698  0.388  8.012 0.0000000000
127244  -53.212  1.557  6.208 0.0000000000
123399  -54.254  1.793  5.277 0.0000000000
86691  -55.398  1.800  7.006 0.0000000000
86700  -55.256  1.906  5.398 0.0000000000
85963  -56.273  0.650  3.008 0.0000000000
85197  -57.082  0.345  0.939 0.0000000000
86748  -55.859  1.397  0.396 0.0000000000
86746  -53.574  1.724  0.562 0.0000000000
86758  -52.079  1.649  0.001 0.0000000000
87549  -52.708  2.122  1.668 0.0000000000
87534  -52.149  2.720  2.471 0.0000000000
112369  -51.115  4.276  2.820 0.0000000000
89675  -54.447  5.300  3.018 0.0000000000
88975  -52.432  5.206  2.752 0.0000000000
89690  -51.057  5.368  2.092 0.0000000000
90354  -51.644  7.271  0.115 0.0000000000
90377  -51.315  7.655  0.023 0.0000000000
90984  -50.151  8.221  1.163 0.0000000000
81336  -42.229  -5.830  7.464 0.0000000000
118182  -42.263  -5.047  6.185 0.0000000000
82123  -42.885  -4.712  7.764 0.0000000000
82121  -43.250  -4.331  8.303 0.0000000000
82871  -44.135  -3.684  8.626 0.0000000000
83626  -42.725  -2.646  9.449 0.0000000000
83627  -43.796  -2.997  9.425 0.0000000000
83638  -45.590  -2.816  9.020 0.0000000000
83639  -46.287  -2.491  9.133 0.0000000000
83618  -47.092  -2.387  10.027 0.0000000000
128760  -48.511  -1.986  10.075 0.0000000000
85870  -44.821  0.371  13.284 0.0000000000
85081  -46.786  -0.020  12.056 0.0000000000
85100  -48.293  -1.077  11.384 0.0000000000
84352  -49.675  -1.343  10.830 0.0000000000
117747  -51.268  -0.918  10.734 0.0000000000
130331  -52.425  -0.443  11.869 0.0000000000
85105  -54.334  0.316  11.865 0.0000000000
80579  -54.415  -6.423  4.535 0.0000000000
80577  -52.676  -6.855  4.374 0.0000000000
80546  -55.077  -6.684  8.457 0.0000000000
80555  -55.005  -6.510  7.665 0.0000000000
80562  -53.778  -6.573  6.363 0.0000000000
80568  -52.098  -6.945  4.968 0.0000000000
79715  -51.295  -7.245  4.670 0.0000000000
79714  -49.708  -7.688  4.684 0.0000000000
78898  -48.261  -8.175  4.503 0.0000000000
78897  -47.363  -8.365  4.412 0.0000000000
78083  -47.703  -9.767  6.051 0.0000000000
78091  -46.499  -9.459  5.274 0.0000000000
78895  -45.709  -8.444  4.285 0.0000000000
78894  -44.384  -8.707  4.690 0.0000000000
114826  -44.792  -9.744  14.047 0.0000000000
76375  -42.365  -11.153  13.205 0.0000000000
77222  -43.931  -10.298  13.307 0.0000000000
77999  -45.681  -9.392  13.103 0.0000000000
129735  -46.473  -10.743  12.433 0.0000000000
76402  -47.542  -11.771  11.803 0.0000000000
75523  -48.137  -12.446  11.218 0.0000000000
74638  -47.249  -13.458  10.135 0.0000000000
74676  -45.490  -13.744  8.517 0.0000000000
75574  -44.605  -12.837  7.479 0.0000000000
79682  -41.980  -7.068  7.136 0.0000000000
80545  -41.398  -6.250  8.179 0.0000000000
80544  -40.404  -6.207  8.407 0.0000000000
82117  -39.364  -4.586  8.638 0.0000000000
82863  -37.937  -3.915  8.939 0.0000000000
78971  -58.971  -8.172  -2.816 0.0000000000
78998  -59.852  -7.261  -3.635 0.0000000000
79849  -58.994  -7.142  -4.777 0.0000000000
113303  -52.980  -7.498  0.867 0.0000000000
79801  -54.163  -7.186  -0.439 0.0000000000
80675  -52.613  -6.810  -2.598 0.0000000000
80677  -54.495  -6.615  -2.742 0.0000000000
80679  -56.333  -6.226  -2.449 0.0000000000
81446  -58.154  -5.342  -3.651 0.0000000000
81477  -59.419  -4.566  -5.246 0.0000000000
129320  -58.642  -5.603  -6.132 0.0000000000
80719  -57.353  -5.986  -6.869 0.0000000000
81494  -56.621  -5.080  -7.930 0.0000000000
81505  -55.119  -5.036  -8.692 0.0000000000
120182  -56.183  -3.152  -7.903 0.0000000000
82245  -55.554  -3.155  -9.131 0.0000000000
81515  -53.875  -4.969  -9.252 0.0000000000
82243  -52.368  -4.356  -9.465 0.0000000000
120698  -52.022  -3.463  -9.488 0.0000000000
82986  -50.323  -3.276  -9.163 0.0000000000
82877  -42.532  -3.586  5.540 0.0000000000
82890  -43.199  -3.338  3.982 0.0000000000
127089  -44.607  -2.153  2.882 0.0000000000
85155  -44.647  -0.526  4.805 0.0000000000
84415  -45.259  -1.094  3.143 0.0000000000
83675  -45.730  -2.354  1.615 0.0000000000
83684  -46.713  -2.392  0.575 0.0000000000
83691  -47.509  -2.406  -0.419 0.0000000000
83699  -48.535  -2.242  -1.533 0.0000000000
85935  -50.309  1.075  6.781 0.0000000000
86709  -50.412  1.436  4.563 0.0000000000
85957  -49.683  0.688  3.301 0.0000000000
85180  -52.117  -0.084  2.121 0.0000000000
85179  -51.372  -0.124  2.053 0.0000000000
85191  -49.565  -0.485  1.410 0.0000000000
84441  -49.928  -1.013  0.177 0.0000000000
84458  -49.267  -1.675  -1.449 0.0000000000
83707  -49.057  -2.530  -3.104 0.0000000000
84475  -50.016  -2.056  -4.293 0.0000000000
85275  -52.108  -0.250  -7.489 0.0000000000
121748  -52.454  0.629  -5.081 0.0000000000
85267  -52.585  0.917  -7.621 0.0000000000
130925  -52.720  0.632  -8.740 0.0000000000
85290  -52.121  0.023  -9.280 0.0000000000
122765  -50.432  -1.581  -9.136 0.0000000000
86839  -47.647  1.555  -7.259 0.0000000000
124181  -50.445  1.541  -0.077 0.0000000000
86785  -48.927  1.426  -0.920 0.0000000000
126593  -48.113  1.443  -1.063 0.0000000000
118293  -47.872  2.698  0.662 0.0000000000
86769  -46.645  2.055  -0.846 0.0000000000
86796  -46.356  1.715  -2.657 0.0000000000
86807  -44.438  2.236  -5.265 0.0000000000
86028  -43.723  1.848  -5.606 0.0000000000
86014  -42.859  0.956  -3.460 0.0000000000
88295  -43.465  4.026  -1.253 0.0000000000
87566  -42.197  2.758  -1.024 0.0000000000
131456  -49.746  7.055  2.915 0.0000000000
118817  -48.648  6.928  2.595 0.0000000000
114088  -46.701  6.900  1.764 0.0000000000
90349  -45.137  6.682  1.624 0.0000000000
90347  -43.602  6.390  1.967 0.0000000000
80567  -42.119  -6.608  5.390 0.0000000000
80575  -42.332  -6.165  4.883 0.0000000000
81345  -42.139  -5.742  5.545 0.0000000000
79866  -57.525  -7.487  -5.592 0.0000000000
76405  -51.044  -11.030  11.002 0.0000000000
76417  -49.783  -11.891  10.275 0.0000000000
75540  -49.238  -12.210  10.591 0.0000000000
76416  -35.883  -11.732  10.239 0.0000000000
128734  -52.175  -7.334  2.826 0.0000000000
79753  -53.520  -7.182  2.258 0.0000000000
82940  -48.746  -4.098  -3.687 0.0000000000
82186  -49.089  -4.715  -4.027 0.0000000000
82946  -49.244  -3.902  -4.393 0.0000000000
82953  -49.736  -3.733  -4.984 0.0000000000
83714  -49.074  -3.240  -3.874 0.0000000000
85146  -49.237  -0.336  8.215 0.0000000000
85909  -49.932  -0.094  8.189 0.0000000000
86760  -54.566  1.653  -0.846 0.0000000000
86776  -54.526  1.587  -1.717 0.0000000000
125548  -53.407  1.888  -2.032 0.0000000000
86774  -52.253  1.705  -1.098 0.0000000000
90995  -48.830  7.946  0.511 0.0000000000
91004  -48.595  7.335  -0.188 0.0000000000
90994  -48.090  7.782  0.450 0.0000000000
90363  -47.940  7.742  1.240 0.0000000000
78905  -46.559  -7.992  3.705 0.0000000000
79728  -47.045  -7.792  3.224 0.0000000000
79727  -46.213  -7.629  3.259 0.0000000000
82154  -45.125  -3.971  1.680 0.0000000000
82912  -45.612  -3.665  1.240 0.0000000000
114075  -54.880  0.569  10.202 0.0000000000
85912  -54.480  0.565  9.130 0.0000000000
85913  -55.526  0.726  9.415 0.0000000000
130101  -57.164  3.039  4.035 0.0000000000
123281  -57.010  2.309  3.769 0.0000000000
115031  -56.978  2.919  3.525 0.0000000000
87524  -56.722  2.501  3.103 0.0000000000
88265  -55.928  3.409  3.436 0.0000000000
88264  -55.105  3.568  3.408 0.0000000000
88965  -55.802  4.270  3.518 0.0000000000
90988  -55.400  8.098  1.389 0.0000000000
90367  -54.759  7.924  0.944 0.0000000000
91620  -54.502  8.182  0.971 0.0000000000
91614  -53.786  8.303  0.878 0.0000000000
91615  -54.041  8.483  1.695 0.0000000000
79893  -53.748  -6.894  -7.296 0.0000000000
80730  -53.306  -6.605  -7.937 0.0000000000
124857  -52.954  -6.387  -8.591 0.0000000000
82865  -39.735  -3.846  8.734 0.0000000000
132391  -42.909  -0.218  11.067 0.0000000000
85111  -43.167  -0.553  10.637 0.0000000000
85096  -44.459  -0.213  11.153 0.0000000000
85896  -44.879  0.220  11.794 0.0000000000
115133  -48.858  0.533  15.250 0.0000000000
119813  -57.998  -5.678  7.347 0.0000000000
122051  -56.711  -5.791  6.889 0.0000000000
78881  -51.344  -7.826  6.936 0.0000000000
78879  -49.641  -8.651  6.445 0.0000000000
132558  -45.637  -11.903  6.848 0.0000000000
129346  -45.239  -11.438  6.515 0.0000000000
77282  -44.665  -10.872  6.221 0.0000000000
74569  -40.283  -12.995  14.507 0.0000000000
75517  -42.762  -12.820  11.813 0.0000000000
74616  -43.126  -13.482  11.088 0.0000000000
74617  -44.334  -13.207  11.253 0.0000000000
123397  -43.812  -13.535  10.991 0.0000000000
74634  -43.420  -13.986  10.250 0.0000000000
115742  -42.690  -14.008  9.864 0.0000000000
124754  -39.714  -9.032  7.727 0.0000000000
78859  -39.404  -8.385  7.977 0.0000000000
78858  -38.617  -8.337  8.297 0.0000000000
80680  -57.462  -5.897  -1.964 0.0000000000
79811  -51.070  -7.318  -1.174 0.0000000000
81473  -54.125  -5.405  -5.528 0.0000000000
81461  -54.671  -5.709  -4.841 0.0000000000
81474  -55.330  -4.999  -5.731 0.0000000000
82203  -57.295  -3.314  -7.006 0.0000000000
81485  -56.133  -4.032  -6.667 0.0000000000
83742  -53.077  -1.347  -8.347 0.0000000000
83749  -54.345  -1.171  -8.750 0.0000000000
120806  -54.573  -1.034  -9.075 0.0000000000
85284  -54.283  -0.836  -9.175 0.0000000000
85283  -53.448  -0.191  -8.968 0.0000000000
83649  -43.965  -2.330  7.088 0.0000000000
84397  -43.576  -1.847  6.277 0.0000000000
84398  -44.223  -1.416  6.644 0.0000000000
85955  -47.919  0.571  3.567 0.0000000000
85167  -47.023  0.234  3.458 0.0000000000
110599  -48.098  -0.228  2.185 0.0000000000
85176  -48.923  -0.202  2.011 0.0000000000
86727  -52.872  1.111  3.779 0.0000000000
85961  -53.176  0.526  3.028 0.0000000000
85226  -52.381  -0.411  -1.980 0.0000000000
85225  -51.219  -0.912  -1.863 0.0000000000
85242  -51.455  -0.505  -3.460 0.0000000000
86831  -51.774  2.387  -5.989 0.0000000000
86842  -52.350  2.279  -6.483 0.0000000000
86841  -51.412  2.305  -6.925 0.0000000000
86851  -50.787  2.007  -7.754 0.0000000000
113422  -50.306  1.976  -7.235 0.0000000000
86049  -48.747  1.345  -8.320 0.0000000000
86850  -49.440  1.768  -7.931 0.0000000000
86809  -47.367  1.466  -3.785 0.0000000000
111581  -46.609  1.533  -5.111 0.0000000000
86808  -46.274  1.622  -4.050 0.0000000000
88271  -50.319  3.726  2.535 0.0000000000
116041  -49.644  2.739  1.745 0.0000000000
89007  -45.227  4.375  -1.314 0.0000000000
88296  -45.608  3.175  -1.054 0.0000000000
87574  -44.188  3.603  -2.464 0.0000000000
88302  -43.933  3.863  -2.098 0.0000000000
132176  -42.972  6.162  0.613 0.0000000000
114233  -42.934  5.420  0.200 0.0000000000
79725  -44.606  -7.261  3.619 0.0000000000
79724  -43.768  -7.010  3.895 0.0000000000
81352  -43.134  -5.514  3.969 0.0000000000
81365  -43.853  -5.661  3.248 0.0000000000
82139  -43.393  -4.959  3.553 0.0000000000
87491  -55.560  2.227  8.771 0.0000000000
88238  -54.537  3.610  6.216 0.0000000000
88239  -55.360  3.259  6.035 0.0000000000
88243  -55.580  3.810  5.196 0.0000000000
132188  -56.235  3.360  5.079 0.0000000000
88943  -56.270  3.918  4.579 0.0000000000
88953  -56.388  4.793  4.142 0.0000000000
88942  -55.646  4.708  4.588 0.0000000000
89632  -54.648  6.024  5.017 0.0000000000
90335  -56.171  6.543  3.562 0.0000000000
90972  -56.007  7.607  3.783 0.0000000000
79881  -55.670  -7.355  -6.413 0.0000000000
80717  -55.218  -6.811  -7.088 0.0000000000
84356  -38.142  -1.799  9.973 0.0000000000
84370  -39.038  -1.600  9.830 0.0000000000
84357  -38.699  -1.333  10.445 0.0000000000
77268  -50.299  -10.447  8.603 0.0000000000
78061  -50.061  -10.036  8.002 0.0000000000
77267  -49.648  -10.795  8.317 0.0000000000
75567  -48.221  -12.627  8.821 0.0000000000
76440  -48.574  -11.911  8.387 0.0000000000
76439  -47.870  -12.315  8.085 0.0000000000
76453  -47.288  -11.989  7.387 0.0000000000
132133  -47.252  -12.663  7.940 0.0000000000
76427  -38.095  -11.888  8.984 0.0000000000
76434  -37.824  -11.092  8.788 0.0000000000
77264  -38.371  -10.583  8.466 0.0000000000
78058  -37.508  -9.214  8.719 0.0000000000
78053  -36.893  -9.840  9.147 0.0000000000
78846  -34.774  -8.556  9.823 0.0000000000
80671  -48.719  -5.886  -2.267 0.0000000000
80672  -49.551  -6.205  -2.486 0.0000000000
80687  -49.914  -5.943  -3.231 0.0000000000
82192  -50.292  -4.832  -5.207 0.0000000000
81457  -50.412  -5.341  -4.587 0.0000000000
81471  -51.047  -5.402  -4.931 0.0000000000
118804  -51.883  -5.433  -5.309 0.0000000000
133554  -51.616  -5.094  -5.832 0.0000000000
82213  -51.403  -4.721  -6.172 0.0000000000
82960  -51.281  -3.399  -6.799 0.0000000000
83733  -51.406  -2.471  -7.045 0.0000000000
85143  -46.563  -0.521  7.526 0.0000000000
85933  -48.310  0.786  6.591 0.0000000000
111636  -48.054  0.991  5.946 0.0000000000
85941  -48.353  1.152  5.351 0.0000000000
86695  -49.185  1.372  5.365 0.0000000000
85196  -56.619  0.138  0.215 0.0000000000
131556  -55.712  -0.404  0.805 0.0000000000
86008  -54.515  1.298  -2.060 0.0000000000
85998  -54.883  0.790  -1.494 0.0000000000
86007  -54.088  0.936  -2.450 0.0000000000
86016  -53.816  1.479  -3.116 0.0000000000
86812  -52.230  2.339  -4.121 0.0000000000
132559  -50.791  1.958  -4.840 0.0000000000
111047  -50.888  1.768  -3.193 0.0000000000
86799  -49.752  1.500  -2.331 0.0000000000
113135  -48.824  1.394  -1.653 0.0000000000
89703  -49.820  6.284  0.306 0.0000000000
89702  -48.980  5.626  0.443 0.0000000000
90382  -48.151  6.374  -0.518 0.0000000000
89713  -47.888  5.717  -0.394 0.0000000000
127654  -47.590  6.036  -0.614 0.0000000000
89000  -46.497  5.211  -0.816 0.0000000000
111496  -46.031  7.376  0.802 0.0000000000
89712  -45.523  6.817  0.394 0.0000000000
90361  -45.182  7.174  1.030 0.0000000000
79729  -49.263  -7.603  3.224 0.0000000000
111841  -49.909  -7.552  2.753 0.0000000000
79749  -49.199  -7.583  2.391 0.0000000000
79764  -48.589  -7.479  0.967 0.0000000000
79781  -49.077  -7.376  0.321 0.0000000000
79779  -47.797  -7.201  0.635 0.0000000000
80605  -45.992  -6.842  2.116 0.0000000000
80628  -46.798  -6.077  0.181 0.0000000000
130304  -46.726  -6.542  0.734 0.0000000000
80630  -47.820  -6.803  0.008 0.0000000000
80641  -47.436  -6.203  -0.422 0.0000000000
80655  -47.838  -6.012  -1.121 0.0000000000
81410  -47.465  -5.546  -1.082 0.0000000000
123771  -47.024  -4.211  -0.703 0.0000000000
82167  -47.193  -4.912  -1.069 0.0000000000
118903  -47.381  -4.129  -1.370 0.0000000000
82927  -47.637  -3.430  -1.506 0.0000000000
85123  -51.779  -0.616  9.661 0.0000000000
85135  -51.492  -0.271  8.820 0.0000000000
85911  -52.279  0.160  8.551 0.0000000000
86677  -53.304  1.190  7.188 0.0000000000
86699  -53.276  1.726  5.333 0.0000000000
131344  -53.919  1.715  5.917 0.0000000000
86680  -55.580  1.912  7.492 0.0000000000
86679  -55.828  1.661  8.031 0.0000000000
86692  -55.225  1.981  6.472 0.0000000000
130106  -56.947  1.884  3.930 0.0000000000
86714  -55.893  1.724  4.585 0.0000000000
86730  -56.697  1.390  3.662 0.0000000000
86729  -55.478  1.235  3.841 0.0000000000
85977  -56.806  0.267  1.993 0.0000000000
86735  -55.811  1.662  1.751 0.0000000000
86749  -56.709  1.172  0.708 0.0000000000
86747  -54.762  1.611  0.322 0.0000000000
87550  -53.733  1.943  1.534 0.0000000000
88263  -53.300  3.605  3.283 0.0000000000
88273  -52.662  3.118  2.920 0.0000000000
88262  -52.460  3.803  3.270 0.0000000000
88272  -51.861  3.522  3.036 0.0000000000
88974  -51.991  4.320  3.157 0.0000000000
89695  -56.069  6.035  2.652 0.0000000000
89676  -55.641  5.278  3.030 0.0000000000
89694  -55.223  6.205  2.495 0.0000000000
90356  -53.863  7.400  0.919 0.0000000000
89692  -53.070  6.239  1.982 0.0000000000
121312  -51.664  5.033  2.636 0.0000000000
89691  -52.026  6.159  1.561 0.0000000000
89705  -51.266  6.392  0.928 0.0000000000
132252  -51.829  6.776  0.582 0.0000000000
90998  -51.719  8.196  0.355 0.0000000000
90997  -50.780  8.169  0.333 0.0000000000
90985  -51.098  8.389  1.084 0.0000000000
80739  -51.386  -6.285  -8.920 0.0000000000
81512  -50.605  -5.305  -9.287 0.0000000000
81335  -41.998  -5.855  8.019 0.0000000000
117721  -42.409  -5.308  8.120 0.0000000000
121479  -42.939  -4.096  8.947 0.0000000000
132777  -43.131  -4.234  8.710 0.0000000000
82868  -43.570  -4.022  8.828 0.0000000000
82870  -43.649  -3.978  8.190 0.0000000000
84372  -40.976  -1.491  9.718 0.0000000000
83625  -41.632  -2.412  9.408 0.0000000000
84373  -42.030  -1.588  9.742 0.0000000000
84375  -44.184  -2.267  9.779 0.0000000000
83628  -44.644  -3.093  9.273 0.0000000000
113351  -45.244  -2.912  9.203 0.0000000000
83629  -45.836  -2.611  9.565 0.0000000000
84365  -47.242  -1.794  10.518 0.0000000000
84377  -47.909  -2.167  9.644 0.0000000000
84350  -47.745  -1.442  10.943 0.0000000000
85852  -45.182  0.212  14.184 0.0000000000
85871  -45.694  0.411  13.463 0.0000000000
85885  -46.248  0.350  12.767 0.0000000000
85888  -49.087  0.032  13.030 0.0000000000
85083  -48.482  -0.418  12.156 0.0000000000
85101  -49.113  -1.009  11.469 0.0000000000
131000  -49.891  -0.924  11.501 0.0000000000
85115  -50.539  -1.042  11.097 0.0000000000
110663  -50.509  -0.663  11.963 0.0000000000
85102  -51.457  -0.668  11.664 0.0000000000
85086  -52.203  -0.152  12.584 0.0000000000
85104  -53.252  -0.271  11.648 0.0000000000
85087  -53.166  0.041  12.472 0.0000000000
81354  -56.820  -5.752  4.531 0.0000000000
116498  -54.632  -6.283  5.192 0.0000000000
80580  -55.196  -6.177  4.781 0.0000000000
80578  -53.547  -6.635  4.339 0.0000000000
80569  -52.990  -6.647  5.226 0.0000000000
79674  -52.874  -7.647  8.030 0.0000000000
79675  -53.618  -7.445  8.324 0.0000000000
79686  -54.238  -6.965  7.957 0.0000000000
80554  -54.120  -6.701  7.121 0.0000000000
79694  -53.214  -6.912  6.848 0.0000000000
79691  -50.843  -7.574  5.854 0.0000000000
79703  -52.263  -6.965  5.793 0.0000000000
79702  -51.475  -7.248  5.465 0.0000000000
125599  -50.524  -7.439  4.407 0.0000000000
78886  -48.578  -8.439  5.285 0.0000000000
78899  -48.972  -8.053  4.864 0.0000000000
77276  -48.527  -10.759  7.306 0.0000000000
78084  -48.518  -9.478  6.352 0.0000000000
77286  -48.120  -10.295  6.649 0.0000000000
77291  -46.049  -10.171  5.631 0.0000000000
77292  -46.871  -10.021  5.778 0.0000000000
78099  -46.137  -8.940  4.769 0.0000000000
78098  -45.350  -8.970  4.701 0.0000000000
130976  -44.981  -8.382  4.311 0.0000000000
124404  -48.831  -10.036  12.683 0.0000000000
76345  -43.522  -11.425  15.082 0.0000000000
76360  -43.871  -10.734  14.563 0.0000000000
77199  -45.467  -9.826  14.807 0.0000000000
77198  -44.172  -10.109  13.915 0.0000000000
132900  -39.894  -12.753  13.125 0.0000000000
75487  -41.020  -11.910  13.351 0.0000000000
75501  -40.695  -12.402  12.794 0.0000000000
75504  -43.090  -11.811  12.432 0.0000000000
116654  -42.844  -11.056  12.901 0.0000000000
76386  -43.661  -10.838  12.785 0.0000000000
77223  -44.541  -10.146  12.894 0.0000000000
77224  -45.293  -9.933  12.812 0.0000000000
77225  -46.074  -9.961  12.742 0.0000000000
119957  -45.777  -10.728  12.473 0.0000000000
132792  -46.423  -11.720  11.944 0.0000000000
75522  -47.243  -12.591  11.289 0.0000000000
75538  -47.729  -13.048  10.655 0.0000000000
75537  -47.032  -13.197  10.747 0.0000000000
74675  -44.829  -14.111  8.985 0.0000000000
74660  -45.743  -13.940  9.461 0.0000000000
74687  -44.678  -13.650  8.200 0.0000000000
74688  -45.294  -13.324  7.834 0.0000000000
78867  -41.103  -8.439  7.449 0.0000000000
118971  -41.326  -9.173  7.247 0.0000000000
78868  -41.739  -8.471  7.030 0.0000000000
79690  -41.947  -7.800  6.729 0.0000000000
79681  -41.617  -7.712  7.285 0.0000000000
80551  -41.482  -6.970  7.684 0.0000000000
80543  -39.734  -6.840  8.319 0.0000000000
78856  -37.016  -8.327  8.876 0.0000000000
79670  -37.356  -7.482  8.707 0.0000000000
82115  -37.681  -4.727  8.785 0.0000000000
82116  -38.492  -4.592  8.692 0.0000000000
82849  -38.252  -3.123  9.237 0.0000000000
78960  -58.677  -7.771  -1.843 0.0000000000
78972  -59.763  -7.202  -2.188 0.0000000000
80693  -60.400  -5.762  -3.444 0.0000000000
79835  -60.455  -6.482  -3.156 0.0000000000
130437  -60.315  -6.356  -3.757 0.0000000000
79850  -59.734  -6.792  -4.275 0.0000000000
80705  -60.148  -5.716  -4.315 0.0000000000
111582  -51.941  -7.578  1.109 0.0000000000
79783  -51.370  -7.589  0.502 0.0000000000
79800  -53.239  -7.400  -0.633 0.0000000000
80689  -51.955  -6.491  -3.149 0.0000000000
122424  -51.948  -6.839  -2.410 0.0000000000
80690  -52.969  -6.495  -3.353 0.0000000000
80691  -54.957  -6.348  -3.451 0.0000000000
123990  -53.918  -6.534  -3.205 0.0000000000
80678  -55.243  -6.497  -2.620 0.0000000000
80692  -55.814  -6.251  -3.208 0.0000000000
81445  -56.792  -5.891  -3.386 0.0000000000
111902  -57.292  -5.376  -4.178 0.0000000000
82205  -58.211  -3.996  -5.978 0.0000000000
82193  -58.974  -4.355  -5.408 0.0000000000
81488  -58.747  -4.271  -6.007 0.0000000000
80711  -59.276  -5.322  -5.662 0.0000000000
80721  -58.887  -4.717  -6.207 0.0000000000
80720  -58.298  -5.207  -6.702 0.0000000000
82230  -57.487  -3.584  -7.331 0.0000000000
81495  -57.324  -4.421  -7.577 0.0000000000
81506  -56.762  -4.177  -7.907 0.0000000000
80743  -55.845  -5.213  -8.331 0.0000000000
82237  -55.976  -3.900  -8.487 0.0000000000
82227  -53.486  -4.020  -7.486 0.0000000000
82228  -55.100  -3.388  -7.712 0.0000000000
82990  -55.438  -2.411  -9.229 0.0000000000
125777  -55.599  -2.227  -9.078 0.0000000000
82236  -54.936  -4.465  -9.017 0.0000000000
82244  -54.659  -4.034  -9.305 0.0000000000
126539  -53.638  -4.132  -9.456 0.0000000000
82987  -51.015  -3.419  -9.393 0.0000000000
83757  -50.767  -2.525  -9.287 0.0000000000
82125  -42.558  -4.470  6.750 0.0000000000
82126  -42.353  -4.300  5.815 0.0000000000
83652  -43.173  -2.244  5.044 0.0000000000
121164  -43.002  -2.834  4.656 0.0000000000
83662  -43.469  -2.394  4.141 0.0000000000
124024  -43.740  -2.914  3.445 0.0000000000
84413  -43.951  -1.765  3.972 0.0000000000
85938  -45.756  0.236  5.649 0.0000000000
85153  -44.956  -0.236  5.608 0.0000000000
85156  -45.371  0.019  4.903 0.0000000000
85173  -45.970  -0.712  2.891 0.0000000000
85165  -45.557  -0.460  3.636 0.0000000000
84423  -45.661  -1.531  2.307 0.0000000000
124488  -46.288  -1.671  1.593 0.0000000000
83676  -46.283  -2.382  1.076 0.0000000000
84432  -48.191  -1.211  0.601 0.0000000000
84439  -47.500  -1.573  0.590 0.0000000000
83692  -48.137  -2.015  -0.740 0.0000000000
85925  -50.994  0.731  7.401 0.0000000000
85936  -51.112  1.205  6.741 0.0000000000
86726  -50.876  1.159  3.884 0.0000000000
86725  -50.039  1.115  3.911 0.0000000000
85958  -50.521  0.708  3.270 0.0000000000
111929  -53.442  -0.460  1.102 0.0000000000
85194  -52.706  -0.253  1.766 0.0000000000
85193  -51.481  -0.406  1.346 0.0000000000
111873  -50.959  -0.551  0.913 0.0000000000
85192  -50.587  -0.351  1.581 0.0000000000
111220  -50.250  -0.653  0.841 0.0000000000
85207  -49.537  -0.782  0.740 0.0000000000
84466  -50.334  -1.274  -2.243 0.0000000000
111293  -49.728  -1.588  -2.010 0.0000000000
83700  -49.161  -2.051  -2.200 0.0000000000
84465  -49.785  -1.650  -2.768 0.0000000000
84469  -49.811  -1.868  -3.591 0.0000000000
85257  -51.556  -0.428  -4.904 0.0000000000
84476  -50.716  -1.451  -4.734 0.0000000000
84482  -51.325  -0.929  -5.763 0.0000000000
121011  -51.515  -0.873  -6.747 0.0000000000
86031  -53.120  1.691  -4.781 0.0000000000
86853  -52.513  1.999  -7.040 0.0000000000
86042  -52.589  1.624  -6.795 0.0000000000
126333  -52.560  1.452  -7.637 0.0000000000
86050  -52.626  0.995  -8.254 0.0000000000
85291  -52.763  0.567  -8.862 0.0000000000
86057  -52.252  1.196  -8.564 0.0000000000
85282  -49.917  0.308  -8.877 0.0000000000
85289  -51.020  0.099  -9.232 0.0000000000
84501  -50.433  -0.564  -9.124 0.0000000000
84493  -49.330  -1.136  -8.234 0.0000000000
133117  -48.501  1.583  -6.446 0.0000000000
86830  -47.970  1.518  -6.082 0.0000000000
111286  -45.943  1.436  -6.548 0.0000000000
86828  -46.318  1.209  -7.102 0.0000000000
86773  -51.269  1.578  -0.304 0.0000000000
86757  -50.793  1.701  0.492 0.0000000000
86755  -48.869  1.899  0.424 0.0000000000
86771  -48.482  1.640  -0.300 0.0000000000
88982  -47.926  4.109  0.887 0.0000000000
88280  -47.843  3.282  0.881 0.0000000000
87559  -47.154  2.981  0.311 0.0000000000
87576  -45.900  2.376  -1.292 0.0000000000
87568  -46.887  2.478  -0.251 0.0000000000
86783  -46.430  1.847  -1.650 0.0000000000
86795  -45.477  1.907  -3.753 0.0000000000
129672  -43.544  2.515  -4.509 0.0000000000
86805  -43.479  2.150  -5.124 0.0000000000
86021  -43.251  1.558  -4.724 0.0000000000
131905  -43.078  1.961  -4.692 0.0000000000
86794  -42.772  1.665  -3.920 0.0000000000
88308  -43.152  2.962  -2.807 0.0000000000
86781  -42.289  1.581  -2.756 0.0000000000
86780  -41.736  1.397  -1.829 0.0000000000
88997  -44.138  4.617  -0.974 0.0000000000
129067  -43.550  4.543  -0.709 0.0000000000
88294  -42.611  3.605  -0.687 0.0000000000
133402  -41.591  2.514  -0.532 0.0000000000
87565  -41.063  1.902  -0.565 0.0000000000
90340  -48.249  6.306  3.317 0.0000000000
90351  -47.708  6.815  2.285 0.0000000000
90339  -47.408  5.940  3.422 0.0000000000
89689  -46.013  5.790  2.980 0.0000000000
90348  -44.474  6.224  2.201 0.0000000000
128044  -43.161  -6.727  4.246 0.0000000000
80576  -42.820  -6.147  4.380 0.0000000000
82130  -42.901  -4.716  4.166 0.0000000000
87498  -54.703  2.712  7.912 0.0000000000
88941  -54.812  4.815  5.114 0.0000000000
88934  -54.202  4.513  5.676 0.0000000000
88940  -54.192  5.381  5.436 0.0000000000
89631  -54.167  6.320  5.726 0.0000000000
84347  -38.505  -1.246  11.133 0.0000000000
77249  -51.079  -10.923  10.247 0.0000000000
76430  -50.368  -11.372  9.834 0.0000000000
77259  -50.028  -11.120  9.039 0.0000000000
76429  -49.581  -11.774  9.509 0.0000000000
75553  -48.428  -12.783  9.600 0.0000000000
76425  -36.496  -11.263  9.682 0.0000000000
77256  -36.286  -10.383  9.620 0.0000000000
80593  -54.051  -6.836  2.798 0.0000000000
80606  -54.139  -7.031  1.883 0.0000000000
79768  -53.497  -7.314  1.604 0.0000000000
81440  -48.826  -5.154  -3.431 0.0000000000
81441  -49.415  -5.352  -3.737 0.0000000000
82212  -50.700  -4.402  -5.932 0.0000000000
82954  -50.096  -4.067  -5.517 0.0000000000
83727  -50.244  -3.099  -5.431 0.0000000000
85131  -47.964  -0.994  8.383 0.0000000000
85144  -47.443  -0.349  7.696 0.0000000000
85145  -48.471  -0.194  7.851 0.0000000000
111306  -48.624  0.458  7.236 0.0000000000
85934  -49.290  0.858  6.853 0.0000000000
86000  -55.923  1.008  -0.632 0.0000000000
86009  -54.793  1.367  -1.593 0.0000000000
86790  -54.313  1.590  -2.097 0.0000000000
86802  -53.903  1.908  -3.003 0.0000000000
86789  -54.027  1.839  -2.534 0.0000000000
86801  -53.479  2.038  -2.710 0.0000000000
132538  -52.652  2.045  -2.730 0.0000000000
89715  -49.315  6.650  -0.270 0.0000000000
91009  -48.209  6.955  -0.413 0.0000000000
129740  -47.468  6.717  -0.300 0.0000000000
90373  -46.932  7.388  0.478 0.0000000000
90362  -46.650  7.510  1.106 0.0000000000
111219  -47.937  -7.761  2.983 0.0000000000
132215  -48.650  -7.636  2.860 0.0000000000
79747  -47.411  -7.569  2.311 0.0000000000
79762  -46.920  -7.272  1.746 0.0000000000
81377  -45.165  -5.459  1.896 0.0000000000
80617  -45.751  -6.147  1.655 0.0000000000
81389  -45.631  -5.338  1.277 0.0000000000
81400  -45.973  -5.184  0.719 0.0000000000
81401  -46.431  -5.382  0.199 0.0000000000
82160  -46.169  -4.541  0.380 0.0000000000
82920  -46.549  -3.767  -0.031 0.0000000000
85906  -53.606  0.000  9.589 0.0000000000
117877  -53.202  0.290  8.741 0.0000000000
86678  -54.792  1.307  7.619 0.0000000000
87508  -56.033  2.796  5.375 0.0000000000
86693  -55.328  2.376  5.793 0.0000000000
86716  -56.983  2.196  4.420 0.0000000000
86731  -56.985  1.373  3.184 0.0000000000
86738  -57.043  1.245  2.126 0.0000000000
87538  -56.685  1.519  2.246 0.0000000000
87537  -56.132  1.703  2.277 0.0000000000
87536  -54.811  2.258  2.369 0.0000000000
116556  -53.929  2.363  2.342 0.0000000000
88274  -54.269  2.950  3.039 0.0000000000
88963  -53.758  4.428  3.349 0.0000000000
90357  -55.008  7.244  1.542 0.0000000000
90366  -52.965  7.753  0.342 0.0000000000
130191  -52.262  7.250  0.330 0.0000000000
90999  -52.837  8.146  0.489 0.0000000000
81502  -52.074  -5.930  -9.212 0.0000000000
82118  -40.942  -5.063  8.607 0.0000000000
82119  -41.826  -4.830  8.613 0.0000000000
82853  -42.344  -3.397  9.175 0.0000000000
85110  -41.833  -0.497  10.717 0.0000000000
84361  -42.494  -0.913  10.241 0.0000000000
84363  -44.603  -1.613  10.209 0.0000000000
84364  -45.646  -1.986  10.241 0.0000000000
85113  -45.006  -0.896  10.663 0.0000000000
85114  -45.936  -1.007  10.794 0.0000000000
85098  -46.256  -0.419  11.414 0.0000000000
121217  -47.234  0.398  14.365 0.0000000000
85872  -46.650  0.407  13.730 0.0000000000
85873  -47.645  0.391  13.730 0.0000000000
85874  -48.625  0.379  13.793 0.0000000000
130341  -50.452  -0.281  12.678 0.0000000000
85889  -50.068  0.030  13.195 0.0000000000
123506  -51.021  0.143  13.353 0.0000000000
81347  -57.175  -5.679  5.480 0.0000000000
81346  -56.302  -5.764  5.973 0.0000000000
80571  -54.416  -6.332  5.843 0.0000000000
78872  -52.165  -7.847  7.756 0.0000000000
79684  -52.662  -7.371  7.320 0.0000000000
79693  -52.446  -7.148  6.587 0.0000000000
79683  -51.942  -7.579  7.092 0.0000000000
78880  -50.856  -7.857  6.505 0.0000000000
131877  -50.338  -7.934  6.080 0.0000000000
79701  -50.095  -7.809  5.523 0.0000000000
78888  -49.758  -8.243  6.006 0.0000000000
78093  -48.149  -9.042  5.697 0.0000000000
77285  -47.289  -10.555  6.376 0.0000000000
77290  -45.227  -10.217  5.613 0.0000000000
78089  -44.869  -9.515  5.145 0.0000000000
78082  -44.263  -10.019  5.715 0.0000000000
74601  -40.914  -12.965  12.099 0.0000000000
75502  -41.348  -12.275  12.613 0.0000000000
75516  -41.836  -13.037  11.785 0.0000000000
75505  -44.100  -11.831  12.234 0.0000000000
75506  -44.849  -11.863  12.072 0.0000000000
75519  -44.597  -12.527  11.673 0.0000000000
74618  -45.021  -13.195  11.150 0.0000000000
74619  -45.752  -13.205  11.002 0.0000000000
74637  -46.364  -13.542  10.369 0.0000000000
74636  -45.392  -13.714  10.397 0.0000000000
74659  -44.130  -14.160  9.549 0.0000000000
112151  -43.989  -13.925  8.682 0.0000000000
78070  -40.998  -9.923  7.402 0.0000000000
78069  -40.479  -9.242  7.532 0.0000000000
78866  -40.225  -8.414  7.697 0.0000000000
80542  -38.795  -6.753  8.469 0.0000000000
80681  -60.484  -5.998  -2.103 0.0000000000
81433  -59.847  -5.505  -2.388 0.0000000000
126749  -59.440  -5.206  -3.538 0.0000000000
79782  -50.510  -7.551  0.412 0.0000000000
79798  -51.388  -7.517  -0.347 0.0000000000
79813  -52.780  -7.323  -1.324 0.0000000000
80701  -53.018  -6.164  -4.062 0.0000000000
124776  -53.562  -6.268  -3.827 0.0000000000
80703  -55.106  -5.971  -4.259 0.0000000000
82204  -57.791  -3.489  -6.813 0.0000000000
82219  -58.152  -3.661  -6.778 0.0000000000
82218  -57.780  -3.361  -7.092 0.0000000000
125070  -57.434  -3.326  -7.179 0.0000000000
82979  -54.849  -1.901  -8.586 0.0000000000
83751  -55.439  -1.669  -8.983 0.0000000000
83760  -55.146  -1.864  -9.268 0.0000000000
82988  -53.909  -3.045  -9.540 0.0000000000
83759  -54.295  -2.017  -9.520 0.0000000000
84509  -53.884  -1.154  -9.455 0.0000000000
118339  -52.612  -1.406  -9.534 0.0000000000
83647  -42.790  -3.112  6.129 0.0000000000
84401  -43.511  -1.659  5.503 0.0000000000
84402  -43.945  -1.037  5.139 0.0000000000
85944  -46.994  0.707  4.791 0.0000000000
85166  -46.560  0.363  4.150 0.0000000000
85174  -46.752  -0.344  2.779 0.0000000000
84430  -46.858  -1.219  1.564 0.0000000000
85189  -47.319  -0.631  1.991 0.0000000000
85190  -48.218  -0.644  1.459 0.0000000000
86698  -52.296  1.624  5.625 0.0000000000
86697  -51.427  1.594  5.573 0.0000000000
123438  -51.670  1.624  4.884 0.0000000000
86710  -51.816  1.253  3.988 0.0000000000
85218  -53.009  -0.477  -0.579 0.0000000000
131261  -52.381  -0.587  0.254 0.0000000000
85217  -51.900  -0.699  -0.372 0.0000000000
84452  -51.039  -0.990  -0.829 0.0000000000
128747  -50.292  -1.123  -0.464 0.0000000000
84470  -50.472  -1.236  -3.344 0.0000000000
86860  -52.311  1.710  -7.884 0.0000000000
86056  -51.370  1.150  -8.823 0.0000000000
86859  -51.362  1.687  -8.298 0.0000000000
115391  -50.435  1.164  -8.779 0.0000000000
86055  -49.422  1.105  -8.667 0.0000000000
85280  -48.599  0.750  -8.505 0.0000000000
86048  -47.696  1.306  -8.216 0.0000000000
86810  -48.342  1.416  -3.854 0.0000000000
87547  -50.143  2.167  1.274 0.0000000000
87561  -49.140  2.386  1.174 0.0000000000
87560  -48.451  2.390  0.786 0.0000000000
88289  -46.716  3.598  -0.101 0.0000000000
87558  -46.398  3.042  -0.335 0.0000000000
87584  -44.558  2.438  -3.833 0.0000000000
87583  -43.810  2.976  -3.710 0.0000000000
87582  -43.399  2.753  -3.760 0.0000000000
88991  -43.596  5.094  -0.354 0.0000000000
88288  -42.196  4.085  0.033 0.0000000000
87557  -41.179  2.815  0.189 0.0000000000
88988  -41.128  4.405  0.758 0.0000000000
79726  -45.444  -7.470  3.416 0.0000000000
80591  -44.957  -6.821  3.081 0.0000000000
80603  -44.539  -6.178  2.897 0.0000000000
81376  -44.557  -5.502  2.536 0.0000000000
82148  -44.737  -4.693  2.117 0.0000000000
82898  -44.488  -3.878  2.406 0.0000000000
85914  -55.660  1.372  9.429 0.0000000000
86669  -55.862  1.850  9.090 0.0000000000
87499  -55.908  2.007  8.279 0.0000000000
87500  -55.317  2.419  7.218 0.0000000000
88229  -55.287  3.029  6.455 0.0000000000
87506  -55.372  2.619  6.201 0.0000000000
88244  -56.738  3.097  4.863 0.0000000000
88253  -56.932  3.554  4.201 0.0000000000
88955  -56.849  4.180  4.029 0.0000000000
89658  -56.354  4.766  3.724 0.0000000000
89678  -56.091  5.448  3.163 0.0000000000
89696  -56.296  6.229  2.724 0.0000000000
89656  -56.042  5.637  4.131 0.0000000000
90990  -56.372  7.169  2.513 0.0000000000
90979  -56.334  8.085  2.613 0.0000000000
91611  -56.023  8.631  3.188 0.0000000000
112899  -54.160  -6.455  -7.947 0.0000000000
83623  -39.559  -2.249  9.392 0.0000000000
84371  -39.984  -1.486  9.721 0.0000000000
84359  -40.449  -0.907  10.164 0.0000000000
85090  -39.229  -0.852  10.884 0.0000000000
85108  -40.028  -0.617  10.761 0.0000000000
85109  -40.924  -0.535  10.708 0.0000000000
78063  -51.288  -9.073  8.285 0.0000000000
78074  -50.562  -9.199  7.703 0.0000000000
78073  -49.670  -9.610  7.332 0.0000000000
77277  -49.293  -10.407  7.638 0.0000000000
76441  -49.286  -11.522  8.717 0.0000000000
76452  -46.353  -12.004  7.038 0.0000000000
74568  -39.690  -13.333  14.295 0.0000000000
74581  -39.234  -13.495  13.740 0.0000000000
74599  -39.423  -13.193  12.887 0.0000000000
112154  -39.568  -13.381  11.888 0.0000000000
74613  -40.321  -13.325  11.582 0.0000000000
78059  -38.284  -9.734  8.415 0.0000000000
127050  -38.234  -8.970  8.405 0.0000000000
78848  -36.261  -8.435  9.256 0.0000000000
133718  -49.673  -6.839  -1.339 0.0000000000
80657  -50.785  -6.888  -1.876 0.0000000000
80673  -50.418  -6.448  -2.575 0.0000000000
80699  -51.615  -6.072  -3.795 0.0000000000
81442  -50.229  -5.601  -3.931 0.0000000000
81443  -51.017  -5.742  -4.166 0.0000000000
81459  -52.601  -5.817  -4.603 0.0000000000
81472  -52.990  -5.493  -5.383 0.0000000000
81483  -53.519  -5.048  -6.212 0.0000000000
82214  -52.924  -4.642  -6.858 0.0000000000
133646  -52.451  -4.192  -7.286 0.0000000000
120690  -51.202  -4.125  -6.583 0.0000000000
126042  -51.805  -3.893  -7.240 0.0000000000
82968  -52.698  -3.519  -7.625 0.0000000000
84495  -52.516  -0.738  -8.086 0.0000000000
84394  -45.456  -1.585  7.753 0.0000000000
84399  -44.942  -0.987  7.003 0.0000000000
85142  -45.753  -0.715  7.297 0.0000000000
85150  -46.136  -0.109  6.975 0.0000000000
85931  -46.321  0.296  6.370 0.0000000000
85932  -47.349  0.656  6.320 0.0000000000
85939  -46.666  0.609  5.580 0.0000000000
118181  -47.886  0.934  4.570 0.0000000000
85956  -48.844  0.647  3.370 0.0000000000
119280  -54.154  0.269  2.636 0.0000000000
85181  -54.603  -0.506  0.984 0.0000000000
85210  -54.392  -0.419  0.104 0.0000000000
85220  -55.276  0.308  -0.755 0.0000000000
85219  -54.167  -0.172  -0.788 0.0000000000
130357  -53.287  0.087  -2.031 0.0000000000
85243  -52.517  0.341  -3.621 0.0000000000
85244  -53.477  1.081  -3.369 0.0000000000
86823  -53.279  2.177  -4.400 0.0000000000
86822  -52.954  2.422  -4.747 0.0000000000
111042  -50.758  2.031  -5.463 0.0000000000
127051  -49.818  1.622  -4.805 0.0000000000
111045  -49.270  1.496  -4.124 0.0000000000
111250  -48.100  1.356  -2.943 0.0000000000
88282  -49.098  3.893  1.883 0.0000000000
88983  -48.636  4.481  1.242 0.0000000000
89714  -48.584  6.137  -0.310 0.0000000000
88993  -47.512  4.776  0.090 0.0000000000
88992  -46.846  4.545  -0.372 0.0000000000
89006  -44.450  4.159  -1.574 0.0000000000
120977  -45.277  5.484  -0.658 0.0000000000
126515  -44.223  6.318  0.265 0.0000000000
90372  -43.605  6.669  0.772 0.0000000000
79751  -51.284  -7.437  2.873 0.0000000000
79750  -50.603  -7.543  2.165 0.0000000000
79766  -50.112  -7.594  1.326 0.0000000000
79765  -49.262  -7.566  1.552 0.0000000000
115313  -49.728  -7.413  -0.007 0.0000000000
79795  -49.037  -7.150  -0.322 0.0000000000
117284  -46.422  -6.750  1.418 0.0000000000
80618  -47.108  -7.074  1.017 0.0000000000
80643  -49.043  -6.777  -1.052 0.0000000000
115988  -48.439  -6.207  -1.475 0.0000000000
132408  -47.494  -5.186  -1.494 0.0000000000
81429  -48.439  -5.267  -2.780 0.0000000000
82181  -48.007  -4.760  -2.530 0.0000000000
82939  -48.353  -4.110  -2.934 0.0000000000
83706  -48.435  -3.288  -2.613 0.0000000000
85134  -50.498  -0.523  8.794 0.0000000000
86676  -51.963  1.055  7.176 0.0000000000
85926  -52.714  0.596  7.954 0.0000000000
86689  -52.457  1.395  6.501 0.0000000000
86712  -53.691  1.472  4.415 0.0000000000
86701  -55.516  2.164  5.334 0.0000000000
124422  -55.344  1.980  6.150 0.0000000000
118527  -54.837  1.803  6.102 0.0000000000
86713  -54.837  1.586  4.560 0.0000000000
86728  -54.496  1.210  3.912 0.0000000000
85962  -54.950  0.668  3.266 0.0000000000
85976  -55.568  0.115  2.392 0.0000000000
85195  -56.293  -0.209  1.333 0.0000000000
85991  -56.935  0.720  0.330 0.0000000000
86750  -57.125  1.044  0.966 0.0000000000
86763  -57.029  0.933  0.503 0.0000000000
86762  -56.532  1.026  -0.053 0.0000000000
86761  -55.617  1.295  -0.571 0.0000000000
86759  -53.286  1.686  -0.177 0.0000000000
86745  -52.376  1.794  0.912 0.0000000000
87535  -53.045  2.494  2.348 0.0000000000
87548  -51.643  2.354  1.885 0.0000000000
87533  -51.203  3.120  2.615 0.0000000000
88964  -54.793  4.407  3.397 0.0000000000
89674  -53.382  5.286  2.911 0.0000000000
88973  -50.290  4.649  2.242 0.0000000000
89704  -50.411  5.753  1.251 0.0000000000
90365  -50.739  6.961  0.005 0.0000000000
90376  -50.430  7.399  -0.030 0.0000000000
90996  -49.867  8.016  0.296 0.0000000000
80553  -42.154  -6.451  6.934 0.0000000000
81340  -42.192  -5.787  6.597 0.0000000000
110812  -42.460  -5.217  7.217 0.0000000000
82120  -42.695  -4.568  8.545 0.0000000000
82869  -43.075  -3.825  7.194 0.0000000000
83643  -43.833  -3.373  7.652 0.0000000000
83644  -44.522  -3.025  8.090 0.0000000000
84374  -43.129  -1.857  9.761 0.0000000000
82855  -44.158  -3.660  9.081 0.0000000000
83637  -44.818  -3.260  8.919 0.0000000000
83645  -45.198  -2.559  8.373 0.0000000000
84386  -45.922  -2.177  8.543 0.0000000000
84387  -46.699  -1.941  8.685 0.0000000000
83617  -46.340  -2.428  10.028 0.0000000000
83640  -47.018  -2.291  9.359 0.0000000000
84388  -47.557  -1.846  8.869 0.0000000000
84389  -48.417  -1.686  9.061 0.0000000000
84378  -48.687  -1.852  9.675 0.0000000000
84379  -49.286  -1.455  9.325 0.0000000000
85884  -45.310  0.380  12.598 0.0000000000
85897  -45.816  0.176  11.939 0.0000000000
131101  -46.834  -0.504  11.521 0.0000000000
85886  -47.186  0.295  12.919 0.0000000000
85082  -47.617  -0.102  12.357 0.0000000000
85099  -47.501  -0.624  11.618 0.0000000000
84351  -48.663  -1.588  10.697 0.0000000000
84367  -49.304  -1.680  10.098 0.0000000000
130681  -49.799  -1.449  9.791 0.0000000000
84368  -50.371  -1.265  10.210 0.0000000000
129701  -51.240  -0.925  10.134 0.0000000000
85116  -51.971  -0.742  10.400 0.0000000000
85103  -52.178  -0.682  11.139 0.0000000000
85117  -52.909  -0.485  10.770 0.0000000000
85119  -54.601  0.415  11.174 0.0000000000
85903  -55.209  0.927  11.084 0.0000000000
85891  -53.914  0.700  12.769 0.0000000000
81353  -56.049  -5.837  5.101 0.0000000000
81366  -55.866  -6.068  4.228 0.0000000000
110948  -54.254  -6.603  3.698 0.0000000000
120160  -53.603  -6.803  3.521 0.0000000000
80592  -53.077  -6.882  3.775 0.0000000000
79732  -52.466  -7.097  3.616 0.0000000000
80563  -54.491  -6.413  6.532 0.0000000000
125702  -53.601  -6.524  5.741 0.0000000000
80561  -53.018  -6.726  6.106 0.0000000000
79716  -51.908  -7.122  4.173 0.0000000000
79731  -51.043  -7.364  3.773 0.0000000000
79730  -50.030  -7.524  3.701 0.0000000000
118929  -49.297  -7.703  3.934 0.0000000000
79713  -48.959  -7.900  4.336 0.0000000000
78906  -47.036  -8.118  3.894 0.0000000000
78896  -46.532  -8.396  4.256 0.0000000000
78085  -49.284  -9.206  6.680 0.0000000000
78092  -47.317  -9.290  5.444 0.0000000000
78100  -46.935  -8.851  4.867 0.0000000000
79710  -44.176  -7.797  4.193 0.0000000000
79700  -42.673  -7.550  4.857 0.0000000000
80560  -41.980  -7.092  6.178 0.0000000000
76391  -49.791  -11.089  11.799 0.0000000000
77187  -46.405  -9.828  15.837 0.0000000000
77200  -46.096  -9.324  14.684 0.0000000000
77990  -46.532  -8.854  14.189 0.0000000000
75471  -40.545  -12.314  13.997 0.0000000000
76357  -41.785  -11.483  13.623 0.0000000000
76358  -42.485  -11.118  13.917 0.0000000000
76374  -41.754  -11.519  12.983 0.0000000000
77212  -43.589  -10.465  13.816 0.0000000000
77213  -44.662  -9.832  13.408 0.0000000000
77989  -45.507  -9.359  13.730 0.0000000000
113939  -46.153  -9.081  13.542 0.0000000000
78014  -46.468  -9.286  13.117 0.0000000000
77226  -47.049  -10.147  12.662 0.0000000000
124141  -45.379  -11.419  12.219 0.0000000000
76388  -47.067  -11.099  12.258 0.0000000000
76389  -47.842  -10.973  12.280 0.0000000000
76390  -48.803  -10.880  12.220 0.0000000000
76403  -48.430  -11.667  11.720 0.0000000000
75524  -48.958  -12.189  11.117 0.0000000000
75539  -48.530  -12.691  10.466 0.0000000000
74639  -47.905  -13.241  9.950 0.0000000000
75552  -47.796  -13.168  9.254 0.0000000000
74661  -46.740  -13.677  9.543 0.0000000000
75565  -46.845  -13.181  8.263 0.0000000000
75564  -46.048  -13.279  8.000 0.0000000000
75575  -45.644  -12.600  7.366 0.0000000000
76451  -44.966  -12.079  6.921 0.0000000000
74657  -42.282  -13.819  9.360 0.0000000000
74673  -42.533  -13.571  8.690 0.0000000000
74674  -43.220  -13.536  8.372 0.0000000000
75562  -42.558  -12.981  8.062 0.0000000000
75563  -43.228  -12.977  7.819 0.0000000000
75573  -43.664  -12.541  7.463 0.0000000000
76450  -44.149  -12.009  7.029 0.0000000000
76458  -43.859  -11.309  6.682 0.0000000000
80552  -41.934  -6.382  7.583 0.0000000000
79673  -40.688  -6.927  8.110 0.0000000000
81331  -40.937  -5.716  8.486 0.0000000000
125108  -40.178  -4.595  8.627 0.0000000000
79671  -38.233  -7.502  8.486 0.0000000000
81329  -39.003  -5.309  8.589 0.0000000000
82864  -38.807  -3.826  8.814 0.0000000000
82850  -39.168  -3.043  9.064 0.0000000000
83621  -37.715  -2.488  9.697 0.0000000000
83620  -36.927  -2.784  9.876 0.0000000000
83616  -37.391  -2.214  10.225 0.0000000000
114856  -58.330  -8.808  -2.981 0.0000000000
79826  -60.429  -6.426  -2.511 0.0000000000
78983  -59.995  -7.393  -3.000 0.0000000000
78982  -59.139  -8.171  -3.504 0.0000000000
78997  -58.996  -7.998  -4.156 0.0000000000
79848  -58.239  -7.844  -4.899 0.0000000000
79784  -52.122  -7.583  0.227 0.0000000000
116664  -52.838  -7.525  -0.024 0.0000000000
79786  -54.339  -7.149  0.298 0.0000000000
80658  -51.560  -7.065  -1.845 0.0000000000
80659  -52.329  -7.111  -1.904 0.0000000000
79825  -53.121  -7.052  -2.071 0.0000000000
80661  -54.592  -6.734  -2.007 0.0000000000
80662  -55.502  -6.511  -1.724 0.0000000000
81431  -57.423  -5.843  -2.795 0.0000000000
132972  -59.181  -4.811  -4.332 0.0000000000
81463  -58.519  -4.584  -4.838 0.0000000000
82194  -59.397  -4.552  -4.902 0.0000000000
81464  -59.764  -4.751  -4.840 0.0000000000
80712  -59.887  -4.974  -5.071 0.0000000000
79867  -58.584  -6.626  -5.519 0.0000000000
79883  -57.851  -6.431  -6.238 0.0000000000
81486  -57.864  -4.748  -7.245 0.0000000000
80733  -56.987  -5.488  -7.518 0.0000000000
80732  -56.073  -5.956  -7.791 0.0000000000
80742  -54.697  -5.863  -8.521 0.0000000000
82216  -55.628  -3.785  -7.196 0.0000000000
82970  -55.496  -2.438  -8.534 0.0000000000
82971  -55.643  -2.786  -8.541 0.0000000000
81504  -54.197  -5.513  -8.906 0.0000000000
81503  -53.110  -5.915  -9.085 0.0000000000
81514  -52.785  -5.192  -9.370 0.0000000000
81513  -51.708  -5.235  -9.390 0.0000000000
121417  -52.951  -3.534  -9.508 0.0000000000
82242  -51.285  -4.362  -9.429 0.0000000000
122711  -42.283  -4.919  5.402 0.0000000000
82129  -42.448  -4.289  4.923 0.0000000000
124350  -42.862  -3.991  4.288 0.0000000000
83651  -42.791  -2.873  5.365 0.0000000000
82878  -42.715  -3.454  4.782 0.0000000000
83668  -44.386  -2.951  2.750 0.0000000000
82899  -44.881  -3.280  2.075 0.0000000000
85148  -44.569  -0.714  6.217 0.0000000000
85152  -44.364  -0.691  5.542 0.0000000000
85157  -45.823  0.049  4.210 0.0000000000
85164  -44.855  -0.768  3.900 0.0000000000
84414  -44.560  -1.535  3.457 0.0000000000
84422  -45.006  -1.715  2.763 0.0000000000
83669  -45.077  -2.437  2.227 0.0000000000
82906  -45.879  -3.055  1.138 0.0000000000
117431  -46.350  -3.027  0.589 0.0000000000
83690  -46.892  -2.803  0.014 0.0000000000
84438  -46.885  -1.757  0.965 0.0000000000
83685  -47.208  -2.079  0.269 0.0000000000
83698  -47.818  -2.696  -1.175 0.0000000000
82928  -48.091  -3.018  -1.908 0.0000000000
129443  -48.639  -2.617  -2.266 0.0000000000
85924  -50.100  0.515  7.518 0.0000000000
86686  -49.699  1.345  6.072 0.0000000000
86687  -50.714  1.490  5.994 0.0000000000
86696  -50.058  1.523  5.312 0.0000000000
86708  -49.589  1.369  4.637 0.0000000000
85946  -49.220  1.056  3.967 0.0000000000
85970  -49.321  0.302  2.676 0.0000000000
132482  -53.383  0.202  2.508 0.0000000000
85974  -52.713  0.167  2.439 0.0000000000
85973  -51.806  0.283  2.598 0.0000000000
112292  -52.385  -0.466  1.059 0.0000000000
85972  -50.977  0.331  2.653 0.0000000000
85178  -50.601  -0.011  2.209 0.0000000000
85177  -49.873  -0.106  2.107 0.0000000000
85206  -48.870  -0.777  0.976 0.0000000000
84440  -49.056  -1.133  0.289 0.0000000000
84451  -49.412  -1.389  -0.569 0.0000000000
84457  -48.758  -1.737  -0.924 0.0000000000
131703  -49.490  -2.496  -3.913 0.0000000000
83721  -50.268  -2.304  -4.901 0.0000000000
123737  -50.351  -1.473  -4.001 0.0000000000
84494  -51.637  -1.385  -7.260 0.0000000000
86036  -52.786  1.554  -5.699 0.0000000000
85266  -52.175  0.299  -6.575 0.0000000000
85276  -52.760  0.320  -8.501 0.0000000000
127637  -52.158  -0.751  -9.463 0.0000000000
86066  -51.793  0.709  -9.074 0.0000000000
84508  -51.218  -0.743  -9.381 0.0000000000
121470  -51.443  -1.609  -9.432 0.0000000000
86840  -49.104  1.670  -6.986 0.0000000000
86829  -46.711  1.462  -6.917 0.0000000000
86838  -46.757  1.316  -7.578 0.0000000000
86772  -49.562  1.520  -0.333 0.0000000000
86797  -47.859  1.360  -1.970 0.0000000000
87545  -48.415  2.864  1.205 0.0000000000
130042  -47.479  2.427  0.170 0.0000000000
86770  -47.530  1.894  -0.424 0.0000000000
86784  -47.255  1.627  -1.283 0.0000000000
130315  -47.031  1.563  -2.000 0.0000000000
132836  -45.258  1.871  -5.112 0.0000000000
86806  -43.927  2.163  -5.796 0.0000000000
86022  -43.891  1.154  -5.293 0.0000000000
86013  -42.449  1.145  -2.923 0.0000000000
132739  -44.051  4.213  -1.556 0.0000000000
88301  -42.871  3.230  -1.738 0.0000000000
91610  -55.480  8.753  2.906 0.0000000000
90977  -52.558  8.094  2.444 0.0000000000
90976  -51.513  7.807  2.429 0.0000000000
119153  -49.469  7.473  2.167 0.0000000000
112844  -49.897  6.690  3.644 0.0000000000
90352  -48.655  7.565  1.724 0.0000000000
133441  -47.263  7.427  1.379 0.0000000000
90338  -46.737  6.102  2.722 0.0000000000
90350  -45.970  6.355  2.133 0.0000000000
90360  -44.209  6.866  1.284 0.0000000000
74570  -40.989  -12.697  14.740 0.0000000000
74662  -47.381  -13.437  9.576 0.0000000000
74677  -46.354  -13.651  8.764 0.0000000000
74678  -47.148  -13.463  8.968 0.0000000000
75486  -40.333  -12.443  13.289 0.0000000000
76344  -42.874  -11.491  14.660 0.0000000000
76376  -43.091  -10.735  13.373 0.0000000000
76385  -42.393  -11.404  12.825 0.0000000000
76404  -49.767  -11.799  11.041 0.0000000000
76460  -46.021  -11.383  6.523 0.0000000000
77186  -44.715  -10.455  14.925 0.0000000000
79785  -53.618  -7.392  0.179 0.0000000000
79796  -49.708  -7.169  -0.740 0.0000000000
80704  -59.559  -6.077  -5.000 0.0000000000
81434  -60.419  -5.817  -2.628 0.0000000000
81447  -59.746  -4.922  -4.403 0.0000000000
81476  -59.296  -4.681  -5.597 0.0000000000
82989  -54.787  -2.543  -9.463 0.0000000000
83630  -46.500  -2.462  9.652 0.0000000000
83663  -44.105  -2.274  3.417 0.0000000000
83743  -55.545  -1.899  -8.956 0.0000000000
83750  -55.164  -1.464  -8.956 0.0000000000
83752  -55.515  -1.793  -9.031 0.0000000000
84366  -47.896  -2.039  10.270 0.0000000000
84403  -43.648  -1.659  4.684 0.0000000000
84449  -47.821  -1.749  -0.017 0.0000000000
84500  -49.830  -0.860  -8.788 0.0000000000
84503  -55.246  -1.500  -8.988 0.0000000000
84510  -54.727  -1.332  -9.239 0.0000000000
84511  -55.220  -1.508  -9.072 0.0000000000
85088  -53.935  0.307  12.289 0.0000000000
85095  -43.581  -0.177  11.110 0.0000000000
85118  -53.812  -0.129  11.179 0.0000000000
85121  -50.119  -1.125  9.399 0.0000000000
85136  -52.480  -0.207  9.189 0.0000000000
85854  -46.569  0.314  14.622 0.0000000000
85855  -49.244  0.518  14.608 0.0000000000
85876  -50.763  0.482  14.005 0.0000000000
85898  -54.633  0.830  12.466 0.0000000000
85945  -48.504  0.945  4.024 0.0000000000
85965  -57.220  0.900  2.075 0.0000000000
85971  -50.162  0.337  2.680 0.0000000000
85978  -57.208  0.664  1.531 0.0000000000
85979  -57.214  0.960  1.363 0.0000000000
85984  -57.199  0.791  0.844 0.0000000000
85989  -56.088  0.602  -0.497 0.0000000000
86058  -52.620  0.912  -8.531 0.0000000000
86702  -56.013  2.373  4.976 0.0000000000
86703  -56.639  2.679  4.799 0.0000000000
86737  -57.024  1.188  1.500 0.0000000000
87532  -49.660  3.362  2.136 0.0000000000
88228  -55.139  2.974  6.994 0.0000000000
88254  -57.017  3.702  3.834 0.0000000000
88966  -56.297  4.510  3.697 0.0000000000
90343  -56.569  6.348  2.970 0.0000000000
90989  -56.128  7.883  1.847 0.0000000000
91617  -55.919  8.475  2.199 0.0000000000
110582  -55.050  -6.381  3.941 0.0000000000
110777  -50.015  -6.649  -1.879 0.0000000000
117219  -54.727  -6.916  0.705 0.0000000000
119441  -52.011  -0.285  1.707 0.0000000000
119579  -49.179  -11.570  11.583 0.0000000000
124361  -50.884  1.612  5.139 0.0000000000
124916  -60.086  -5.404  -3.527 0.0000000000
130299  -45.231  -0.297  4.282 0.0000000000
132490  -54.280  8.386  1.246 0.0000000000
133479  -40.377  -9.871  7.555 0.0000000000
133796  -45.074  -10.592  12.572 0.0000000000
133824  -45.101  -9.627  13.114 0.0000000000
