#!ascii label  , from subject sub-v2s8x29216_ses-1 vox2ras=TkReg
588
32327  34.926  -39.137  50.384 0.0000000000
52328  45.718  -18.129  35.058 0.0000000000
53417  55.612  -16.591  32.924 0.0000000000
49328  50.242  -21.396  43.134 0.0000000000
35766  38.345  -34.648  45.686 0.0000000000
33974  35.796  -37.708  46.091 0.0000000000
116640  49.957  -17.407  33.830 0.0000000000
55113  52.469  -14.694  38.511 0.0000000000
45438  47.704  -25.240  44.180 0.0000000000
38533  41.666  -32.158  47.859 0.0000000000
55258  56.653  -15.688  23.080 0.0000000000
115819  53.396  -17.689  28.145 0.0000000000
50287  44.537  -20.311  38.779 0.0000000000
55084  46.938  -14.247  39.967 0.0000000000
34804  35.919  -34.960  49.457 0.0000000000
33145  35.246  -38.098  48.447 0.0000000000
53386  48.281  -17.378  34.291 0.0000000000
127499  51.615  -16.110  36.253 0.0000000000
54254  49.304  -15.497  37.351 0.0000000000
41487  48.088  -30.140  43.192 0.0000000000
34800  39.643  -36.139  48.863 0.0000000000
37599  40.490  -34.035  46.376 0.0000000000
35735  41.396  -36.234  47.510 0.0000000000
54390  54.964  -16.775  23.152 0.0000000000
127238  56.813  -16.699  24.793 0.0000000000
109390  54.879  -17.490  25.243 0.0000000000
52402  51.464  -17.604  30.621 0.0000000000
108984  51.664  -18.015  28.008 0.0000000000
52401  53.396  -17.551  30.293 0.0000000000
114040  56.394  -16.747  30.633 0.0000000000
53437  56.738  -16.555  32.105 0.0000000000
47483  48.850  -23.334  43.424 0.0000000000
47515  46.810  -22.810  41.307 0.0000000000
123566  47.544  -20.336  42.238 0.0000000000
52272  44.863  -17.932  39.715 0.0000000000
52231  48.942  -18.056  43.170 0.0000000000
54205  49.042  -16.061  42.367 0.0000000000
50273  50.035  -20.511  41.657 0.0000000000
114882  37.632  -35.218  49.059 0.0000000000
52386  49.298  -17.768  31.129 0.0000000000
53420  51.745  -17.457  32.931 0.0000000000
53383  54.071  -16.516  35.583 0.0000000000
125429  53.435  -17.483  37.680 0.0000000000
42501  44.928  -28.065  46.829 0.0000000000
119649  46.738  -27.497  45.818 0.0000000000
43607  48.376  -27.068  44.129 0.0000000000
45444  50.126  -25.557  41.912 0.0000000000
46479  51.300  -24.379  39.554 0.0000000000
41480  41.623  -29.432  45.703 0.0000000000
39480  43.485  -30.774  47.595 0.0000000000
129134  58.283  -14.525  22.871 0.0000000000
53508  53.301  -17.901  25.218 0.0000000000
53491  55.208  -17.451  27.577 0.0000000000
52420  57.988  -17.796  29.720 0.0000000000
55118  46.165  -14.426  38.117 0.0000000000
55959  50.042  -13.406  39.976 0.0000000000
53300  50.056  -16.049  40.226 0.0000000000
32342  35.299  -39.841  49.664 0.0000000000
116164  35.135  -38.573  49.781 0.0000000000
32356  35.365  -39.253  48.539 0.0000000000
53387  47.404  -17.515  34.598 0.0000000000
53366  48.324  -16.873  35.595 0.0000000000
53350  47.738  -16.781  36.190 0.0000000000
34799  40.171  -36.519  48.372 0.0000000000
54391  54.309  -17.057  23.116 0.0000000000
53525  54.961  -17.161  23.833 0.0000000000
53526  54.028  -17.444  23.812 0.0000000000
53440  53.114  -17.446  32.010 0.0000000000
118881  52.186  -17.623  30.297 0.0000000000
53439  54.420  -17.167  32.061 0.0000000000
53456  56.020  -16.655  31.359 0.0000000000
47482  49.237  -22.787  43.448 0.0000000000
49337  48.288  -21.665  42.835 0.0000000000
49336  48.775  -20.986  43.426 0.0000000000
51218  47.938  -18.813  42.628 0.0000000000
51183  49.861  -19.658  43.317 0.0000000000
52229  49.981  -18.074  43.003 0.0000000000
50246  50.436  -20.654  42.668 0.0000000000
34803  36.517  -34.965  49.251 0.0000000000
34833  36.662  -36.846  46.963 0.0000000000
34820  37.355  -36.497  47.685 0.0000000000
53423  48.764  -17.637  32.639 0.0000000000
52387  48.471  -17.977  31.220 0.0000000000
53422  49.598  -17.561  32.513 0.0000000000
128028  51.170  -17.510  32.225 0.0000000000
128721  50.963  -17.450  33.267 0.0000000000
112937  53.060  -16.876  34.686 0.0000000000
53384  51.757  -17.042  34.729 0.0000000000
54252  52.176  -14.850  37.773 0.0000000000
110655  53.549  -15.766  37.534 0.0000000000
125352  53.238  -15.629  38.081 0.0000000000
52298  52.424  -18.003  37.777 0.0000000000
53315  52.466  -16.369  38.815 0.0000000000
41466  45.118  -29.012  47.044 0.0000000000
42516  45.491  -27.627  46.379 0.0000000000
41477  46.411  -29.371  45.746 0.0000000000
42530  48.440  -28.257  43.481 0.0000000000
44524  49.377  -25.860  42.978 0.0000000000
38546  40.731  -32.901  47.009 0.0000000000
39483  40.506  -31.034  47.082 0.0000000000
40446  41.497  -30.251  47.381 0.0000000000
41457  42.988  -29.643  47.712 0.0000000000
117099  42.799  -31.630  47.692 0.0000000000
56111  56.053  -14.798  22.000 0.0000000000
56104  57.377  -14.941  22.900 0.0000000000
53505  56.753  -16.864  25.578 0.0000000000
111840  52.532  -17.821  28.086 0.0000000000
52463  51.252  -18.266  27.210 0.0000000000
109780  52.486  -17.999  26.805 0.0000000000
52489  52.442  -18.152  25.325 0.0000000000
52474  53.208  -17.842  26.588 0.0000000000
123626  54.137  -17.640  26.704 0.0000000000
52460  53.857  -17.663  27.465 0.0000000000
53454  57.162  -16.654  30.872 0.0000000000
53470  56.796  -16.820  29.822 0.0000000000
43620  46.619  -26.242  44.361 0.0000000000
45446  46.883  -25.416  41.536 0.0000000000
49363  45.560  -21.779  40.064 0.0000000000
48468  45.437  -22.500  39.744 0.0000000000
54218  45.884  -16.194  40.241 0.0000000000
53318  44.151  -16.625  38.802 0.0000000000
55086  44.838  -15.000  38.992 0.0000000000
55132  44.385  -14.634  37.276 0.0000000000
130423  45.868  -14.563  38.503 0.0000000000
55101  47.947  -14.031  39.152 0.0000000000
55946  48.312  -13.529  40.206 0.0000000000
52256  49.216  -17.279  41.500 0.0000000000
54229  49.650  -15.536  41.139 0.0000000000
129992  48.809  -17.434  39.798 0.0000000000
52282  49.318  -17.764  38.675 0.0000000000
33937  35.717  -36.487  48.770 0.0000000000
33160  35.491  -38.128  46.567 0.0000000000
33176  35.562  -38.527  45.510 0.0000000000
32365  35.362  -38.692  47.340 0.0000000000
120004  49.288  -17.338  34.217 0.0000000000
53365  51.235  -16.663  35.430 0.0000000000
122085  49.863  -16.942  35.129 0.0000000000
54272  49.875  -16.042  36.591 0.0000000000
54253  50.734  -15.110  37.492 0.0000000000
35750  39.382  -35.048  47.920 0.0000000000
36709  39.456  -34.314  45.315 0.0000000000
36686  40.305  -35.314  48.328 0.0000000000
36685  40.994  -34.788  48.191 0.0000000000
118879  41.409  -34.596  47.864 0.0000000000
37589  42.655  -33.626  47.081 0.0000000000
124853  41.983  -36.012  47.012 0.0000000000
55259  56.060  -16.230  23.113 0.0000000000
54388  56.764  -16.342  23.877 0.0000000000
54389  55.659  -16.673  23.494 0.0000000000
53516  56.074  -17.082  24.951 0.0000000000
53506  55.743  -17.262  25.626 0.0000000000
52403  50.368  -17.784  30.120 0.0000000000
111971  51.666  -17.768  29.459 0.0000000000
52424  52.623  -17.670  29.527 0.0000000000
118866  53.102  -17.680  28.839 0.0000000000
52445  54.415  -17.557  28.454 0.0000000000
53472  54.725  -17.354  30.241 0.0000000000
53455  56.883  -16.485  31.414 0.0000000000
46429  48.229  -24.945  43.995 0.0000000000
46455  47.791  -24.052  42.192 0.0000000000
47500  48.320  -23.230  42.810 0.0000000000
49345  46.906  -21.324  41.541 0.0000000000
50275  46.090  -20.440  40.869 0.0000000000
51250  44.534  -18.646  39.279 0.0000000000
114192  46.099  -18.740  40.995 0.0000000000
52257  46.510  -17.995  41.384 0.0000000000
54207  47.548  -16.140  41.945 0.0000000000
55060  48.027  -15.312  41.880 0.0000000000
54198  49.058  -16.703  42.642 0.0000000000
52244  49.822  -17.831  42.725 0.0000000000
50274  49.335  -19.927  41.099 0.0000000000
36688  36.544  -33.951  48.476 0.0000000000
127701  37.028  -33.929  48.407 0.0000000000
36675  37.730  -34.898  49.047 0.0000000000
35722  38.468  -35.662  48.943 0.0000000000
33952  39.659  -37.270  47.398 0.0000000000
52385  50.226  -17.643  30.942 0.0000000000
53441  51.817  -17.528  31.973 0.0000000000
53419  53.075  -17.344  32.942 0.0000000000
53401  54.464  -16.807  33.910 0.0000000000
53382  54.630  -16.703  34.937 0.0000000000
52325  54.814  -17.075  35.947 0.0000000000
54291  52.630  -16.088  36.164 0.0000000000
53363  54.308  -16.451  36.338 0.0000000000
41478  43.253  -28.588  44.764 0.0000000000
122658  44.635  -27.748  44.432 0.0000000000
43608  46.316  -26.640  45.120 0.0000000000
44520  46.956  -26.367  45.221 0.0000000000
41475  47.422  -29.262  44.431 0.0000000000
42514  47.878  -27.530  44.696 0.0000000000
44512  47.594  -25.824  44.689 0.0000000000
44517  48.547  -25.587  43.918 0.0000000000
45437  49.614  -24.846  42.887 0.0000000000
46440  50.626  -23.864  42.091 0.0000000000
48457  50.757  -22.681  41.423 0.0000000000
45449  51.193  -25.773  40.000 0.0000000000
108650  43.297  -28.663  46.417 0.0000000000
41455  44.409  -29.410  47.463 0.0000000000
39493  44.622  -31.331  45.996 0.0000000000
38532  43.099  -32.764  46.974 0.0000000000
118213  44.598  -32.449  45.574 0.0000000000
56990  58.283  -13.386  22.413 0.0000000000
110633  53.318  -17.670  23.882 0.0000000000
53507  54.137  -17.679  25.261 0.0000000000
53498  54.802  -17.512  26.127 0.0000000000
53490  56.519  -17.086  27.771 0.0000000000
53484  55.633  -17.367  28.792 0.0000000000
53483  56.592  -17.105  28.658 0.0000000000
53489  57.648  -16.896  28.477 0.0000000000
46468  46.232  -24.654  40.329 0.0000000000
53353  44.789  -16.553  36.522 0.0000000000
53352  45.770  -17.151  36.555 0.0000000000
54255  47.949  -15.847  37.453 0.0000000000
55115  50.136  -14.505  38.299 0.0000000000
55099  50.884  -13.867  39.332 0.0000000000
55069  49.100  -14.308  41.485 0.0000000000
55082  50.425  -13.977  40.649 0.0000000000
54241  51.784  -15.675  39.453 0.0000000000
110687  51.434  -16.818  38.870 0.0000000000
48458  50.499  -22.327  40.920 0.0000000000
49360  49.600  -21.976  40.410 0.0000000000
31490  35.090  -40.263  49.905 0.0000000000
53368  46.923  -17.554  35.347 0.0000000000
53367  47.567  -17.219  35.469 0.0000000000
53351  46.814  -17.179  36.257 0.0000000000
53418  54.399  -17.000  32.977 0.0000000000
53438  55.860  -16.541  32.211 0.0000000000
47481  49.835  -21.971  43.330 0.0000000000
48438  49.213  -21.965  43.552 0.0000000000
49329  49.808  -21.289  43.394 0.0000000000
50235  49.285  -20.441  43.499 0.0000000000
50234  49.910  -20.517  43.342 0.0000000000
50247  50.345  -19.907  43.003 0.0000000000
49335  50.451  -21.261  42.754 0.0000000000
34834  36.134  -36.992  47.122 0.0000000000
33973  36.242  -37.397  45.910 0.0000000000
53405  49.356  -17.502  33.300 0.0000000000
126497  50.161  -17.473  33.202 0.0000000000
53404  50.790  -17.361  33.910 0.0000000000
53403  51.841  -17.318  33.897 0.0000000000
54251  53.041  -15.049  37.942 0.0000000000
54239  52.869  -15.213  38.498 0.0000000000
53314  53.028  -16.014  38.503 0.0000000000
54240  52.594  -15.388  38.956 0.0000000000
40454  45.462  -29.679  46.483 0.0000000000
41465  45.886  -29.107  46.468 0.0000000000
40467  45.983  -30.096  45.642 0.0000000000
38534  40.897  -31.741  47.622 0.0000000000
128677  41.029  -31.010  47.632 0.0000000000
40447  40.914  -30.630  47.240 0.0000000000
38525  41.482  -31.253  47.914 0.0000000000
39482  41.961  -30.849  48.030 0.0000000000
38524  42.116  -31.463  47.985 0.0000000000
55266  56.531  -15.088  22.546 0.0000000000
56110  56.855  -14.227  22.290 0.0000000000
52462  52.102  -18.016  27.354 0.0000000000
52461  52.914  -17.833  27.405 0.0000000000
52400  57.683  -17.645  31.052 0.0000000000
44525  46.983  -25.793  43.567 0.0000000000
44532  46.686  -26.021  42.090 0.0000000000
45439  47.314  -25.344  42.719 0.0000000000
49364  45.051  -20.614  39.445 0.0000000000
55072  46.583  -15.301  40.518 0.0000000000
55085  45.895  -14.824  39.439 0.0000000000
55103  45.490  -14.600  38.503 0.0000000000
55102  46.561  -14.244  39.157 0.0000000000
55947  47.463  -13.920  39.825 0.0000000000
113603  48.417  -18.289  39.989 0.0000000000
52269  48.839  -17.341  40.275 0.0000000000
52270  47.919  -18.787  39.058 0.0000000000
114498  35.193  -37.571  49.357 0.0000000000
33938  35.356  -37.019  48.931 0.0000000000
33955  35.457  -37.668  47.742 0.0000000000
53407  47.690  -17.628  33.633 0.0000000000
52352  47.190  -17.912  32.974 0.0000000000
53406  48.538  -17.540  33.459 0.0000000000
112785  48.827  -17.113  34.988 0.0000000000
54273  48.609  -16.391  36.491 0.0000000000
35736  39.395  -35.667  48.886 0.0000000000
35721  40.064  -35.953  48.860 0.0000000000
35720  40.598  -36.196  48.281 0.0000000000
128300  40.436  -35.599  48.382 0.0000000000
36674  41.012  -35.468  48.242 0.0000000000
37591  41.387  -33.897  47.676 0.0000000000
36684  41.718  -35.431  47.597 0.0000000000
54397  54.598  -16.475  22.580 0.0000000000
55268  54.959  -15.833  22.170 0.0000000000
54396  55.342  -16.317  22.804 0.0000000000
53517  55.328  -17.298  24.724 0.0000000000
52425  51.197  -17.700  30.070 0.0000000000
52426  50.754  -17.910  29.406 0.0000000000
52423  53.518  -17.581  29.585 0.0000000000
52422  54.072  -17.550  29.183 0.0000000000
52381  57.250  -16.915  31.596 0.0000000000
52382  57.288  -17.695  32.272 0.0000000000
46428  48.624  -24.077  43.400 0.0000000000
46442  48.488  -23.997  43.284 0.0000000000
47499  48.750  -23.311  43.357 0.0000000000
49344  47.532  -21.077  42.115 0.0000000000
49353  46.413  -21.113  41.137 0.0000000000
50263  46.854  -20.530  41.600 0.0000000000
51235  46.086  -19.462  40.946 0.0000000000
116723  46.568  -19.803  41.428 0.0000000000
52245  47.844  -17.657  42.483 0.0000000000
53289  47.021  -17.043  41.714 0.0000000000
53278  47.937  -16.695  42.387 0.0000000000
53277  48.690  -16.806  42.661 0.0000000000
51217  50.199  -18.698  42.826 0.0000000000
51233  50.190  -19.538  42.266 0.0000000000
51234  49.709  -18.826  41.807 0.0000000000
35724  36.176  -34.415  49.037 0.0000000000
35738  35.719  -34.019  48.085 0.0000000000
35723  37.115  -35.109  49.097 0.0000000000
36677  36.731  -34.474  49.147 0.0000000000
36676  37.149  -34.452  48.997 0.0000000000
36687  37.579  -34.319  48.285 0.0000000000
35737  38.398  -35.052  48.802 0.0000000000
34802  37.888  -35.949  48.913 0.0000000000
52404  49.403  -17.923  30.310 0.0000000000
53402  53.097  -17.142  33.880 0.0000000000
54269  53.667  -15.999  36.794 0.0000000000
53349  54.103  -16.660  37.214 0.0000000000
123516  54.522  -17.312  36.678 0.0000000000
52326  53.895  -18.152  37.075 0.0000000000
42502  44.106  -28.092  46.256 0.0000000000
42518  44.055  -28.080  44.963 0.0000000000
42517  44.751  -27.641  45.971 0.0000000000
41464  46.192  -27.913  46.286 0.0000000000
43595  46.081  -27.146  45.899 0.0000000000
43594  46.741  -26.775  45.607 0.0000000000
41476  46.959  -29.839  44.654 0.0000000000
41488  47.483  -30.325  43.727 0.0000000000
43592  47.721  -26.524  44.913 0.0000000000
44518  48.192  -25.991  44.526 0.0000000000
45430  48.023  -25.230  44.334 0.0000000000
44531  49.927  -26.658  41.631 0.0000000000
46441  49.801  -23.998  42.898 0.0000000000
45436  50.402  -24.616  42.029 0.0000000000
46454  51.016  -24.152  41.278 0.0000000000
45443  50.869  -25.124  41.070 0.0000000000
37600  39.916  -33.963  45.388 0.0000000000
37606  39.279  -33.744  44.659 0.0000000000
38558  39.550  -33.039  44.930 0.0000000000
41469  40.624  -29.738  45.800 0.0000000000
126374  41.024  -29.532  44.982 0.0000000000
41479  42.418  -28.988  45.328 0.0000000000
117818  42.469  -29.243  46.798 0.0000000000
40444  43.325  -30.088  47.913 0.0000000000
41456  43.851  -29.512  47.720 0.0000000000
40443  44.087  -29.956  47.736 0.0000000000
40455  44.719  -29.971  46.934 0.0000000000
39479  44.158  -30.554  47.143 0.0000000000
38544  45.415  -32.661  44.830 0.0000000000
56103  57.783  -14.056  22.577 0.0000000000
56985  58.702  -13.876  22.583 0.0000000000
56102  58.963  -14.529  22.848 0.0000000000
108531  50.774  -18.246  27.918 0.0000000000
52488  53.021  -17.949  25.811 0.0000000000
53520  52.797  -17.986  24.482 0.0000000000
53519  53.674  -17.727  24.551 0.0000000000
53497  55.996  -17.215  26.763 0.0000000000
53471  55.311  -17.326  29.500 0.0000000000
53482  57.452  -17.071  29.380 0.0000000000
53481  58.031  -17.345  29.110 0.0000000000
121554  47.087  -23.623  41.440 0.0000000000
46456  46.896  -24.574  41.211 0.0000000000
47527  46.375  -23.660  40.687 0.0000000000
54242  43.943  -15.647  38.342 0.0000000000
54257  45.207  -14.902  37.575 0.0000000000
54276  44.469  -14.887  36.941 0.0000000000
118620  45.352  -16.084  36.988 0.0000000000
54275  46.199  -16.395  37.086 0.0000000000
54274  47.227  -16.501  36.951 0.0000000000
54256  46.582  -15.366  37.796 0.0000000000
55960  48.768  -13.477  39.855 0.0000000000
55100  49.443  -13.842  39.151 0.0000000000
55059  48.828  -15.198  42.030 0.0000000000
54216  49.196  -15.168  41.864 0.0000000000
129801  50.284  -14.868  40.828 0.0000000000
54228  51.142  -14.743  40.155 0.0000000000
130052  50.897  -15.847  39.904 0.0000000000
53316  50.426  -16.775  39.293 0.0000000000
112015  48.590  -18.602  38.159 0.0000000000
47526  51.108  -23.699  40.609 0.0000000000
48465  50.862  -23.138  40.391 0.0000000000
31505  35.646  -40.495  48.748 0.0000000000
52353  46.842  -17.848  33.818 0.0000000000
126631  48.064  -17.197  34.962 0.0000000000
34819  39.942  -36.858  48.155 0.0000000000
34798  40.681  -36.858  47.540 0.0000000000
53518  54.493  -17.511  24.572 0.0000000000
52383  52.094  -17.556  31.152 0.0000000000
53458  53.218  -17.513  31.131 0.0000000000
53457  54.555  -17.285  31.204 0.0000000000
48445  48.656  -22.532  43.255 0.0000000000
48444  48.882  -22.637  43.453 0.0000000000
119422  48.849  -21.874  43.483 0.0000000000
114858  48.192  -20.626  42.767 0.0000000000
50262  47.250  -19.694  42.060 0.0000000000
50249  48.084  -19.726  42.703 0.0000000000
51200  48.729  -18.959  43.190 0.0000000000
52230  49.685  -17.758  43.080 0.0000000000
51198  50.191  -18.949  42.919 0.0000000000
114042  50.332  -19.357  42.794 0.0000000000
50261  50.350  -20.108  42.466 0.0000000000
34822  36.086  -36.208  48.663 0.0000000000
34821  36.726  -36.080  48.505 0.0000000000
52367  48.224  -17.854  32.037 0.0000000000
53444  49.015  -17.679  31.855 0.0000000000
53443  49.887  -17.601  31.746 0.0000000000
53421  50.570  -17.517  32.479 0.0000000000
118370  52.996  -16.611  35.254 0.0000000000
54270  52.778  -15.471  37.152 0.0000000000
53331  53.448  -16.465  37.943 0.0000000000
53332  52.960  -17.021  38.314 0.0000000000
53333  51.894  -17.447  38.343 0.0000000000
42500  45.689  -28.384  46.606 0.0000000000
129501  46.206  -28.619  46.294 0.0000000000
113131  46.774  -28.569  45.695 0.0000000000
43619  48.862  -27.789  42.812 0.0000000000
43606  48.807  -26.568  43.470 0.0000000000
43618  49.415  -27.238  42.268 0.0000000000
38547  40.101  -33.076  45.889 0.0000000000
38535  40.155  -31.770  46.731 0.0000000000
40457  39.360  -30.153  45.911 0.0000000000
129526  40.062  -30.000  46.122 0.0000000000
40456  40.777  -30.148  46.656 0.0000000000
41468  41.502  -29.806  46.705 0.0000000000
40445  42.308  -30.301  47.844 0.0000000000
39481  42.660  -30.780  47.938 0.0000000000
108528  51.820  -18.215  26.610 0.0000000000
52475  52.445  -18.103  26.136 0.0000000000
53499  53.754  -17.764  25.923 0.0000000000
53469  57.581  -17.156  30.251 0.0000000000
43621  45.825  -26.845  43.769 0.0000000000
48460  45.849  -22.247  40.417 0.0000000000
116024  46.202  -22.744  40.728 0.0000000000
49373  44.748  -22.102  38.741 0.0000000000
53302  45.330  -17.167  40.032 0.0000000000
53303  44.605  -16.926  39.392 0.0000000000
54230  45.165  -16.003  39.493 0.0000000000
54231  44.523  -15.780  38.862 0.0000000000
55104  44.615  -14.753  38.075 0.0000000000
55120  44.292  -14.611  37.255 0.0000000000
55119  45.011  -14.683  37.853 0.0000000000
55117  47.173  -14.679  38.462 0.0000000000
110990  46.687  -14.252  38.929 0.0000000000
55961  47.578  -13.942  39.605 0.0000000000
55945  49.329  -13.278  40.445 0.0000000000
53288  49.394  -16.185  41.812 0.0000000000
53301  49.187  -16.700  40.385 0.0000000000
53317  49.216  -17.197  39.578 0.0000000000
52283  48.462  -18.111  39.240 0.0000000000
34790  35.181  -34.886  49.605 0.0000000000
34805  35.406  -35.372  49.805 0.0000000000
33954  35.752  -37.295  47.366 0.0000000000
32364  35.411  -39.265  46.245 0.0000000000
32355  35.508  -40.185  47.263 0.0000000000
53385  50.421  -17.184  34.537 0.0000000000
54292  50.453  -16.421  35.965 0.0000000000
54293  49.280  -16.649  35.753 0.0000000000
54271  51.256  -15.652  36.788 0.0000000000
55114  51.578  -14.381  38.515 0.0000000000
40466  46.510  -30.586  44.567 0.0000000000
36697  39.167  -34.741  46.016 0.0000000000
36696  40.064  -34.519  46.388 0.0000000000
36695  40.617  -34.451  47.468 0.0000000000
37592  41.103  -33.756  47.646 0.0000000000
114849  41.320  -32.939  47.614 0.0000000000
37590  41.848  -33.422  47.646 0.0000000000
112506  42.309  -32.475  47.670 0.0000000000
36683  42.208  -34.568  47.335 0.0000000000
35734  42.621  -35.649  46.479 0.0000000000
55267  55.832  -15.621  22.479 0.0000000000
54381  55.925  -16.953  24.226 0.0000000000
129199  56.639  -16.970  26.319 0.0000000000
52448  50.302  -18.193  28.655 0.0000000000
52447  51.211  -17.995  28.694 0.0000000000
52446  52.123  -17.810  28.779 0.0000000000
127592  53.698  -17.615  28.637 0.0000000000
45445  47.918  -24.699  43.191 0.0000000000
47514  47.657  -23.028  41.971 0.0000000000
48451  48.127  -22.487  42.566 0.0000000000
121282  47.402  -22.032  41.891 0.0000000000
48459  46.452  -21.938  41.110 0.0000000000
49354  45.931  -21.419  40.630 0.0000000000
117140  45.523  -20.982  40.108 0.0000000000
115484  45.475  -19.850  40.185 0.0000000000
50282  44.850  -19.595  39.411 0.0000000000
51236  45.630  -19.030  40.537 0.0000000000
52271  45.616  -18.179  40.501 0.0000000000
51219  46.823  -18.899  41.720 0.0000000000
53290  46.089  -17.213  40.847 0.0000000000
54217  46.629  -16.295  41.133 0.0000000000
127330  47.181  -15.587  41.344 0.0000000000
55071  47.419  -14.739  40.984 0.0000000000
54206  48.597  -16.098  42.394 0.0000000000
53266  49.734  -17.550  43.021 0.0000000000
111922  49.255  -17.015  42.720 0.0000000000
124351  49.077  -18.182  41.243 0.0000000000
36698  36.870  -34.017  47.129 0.0000000000
35752  37.726  -34.516  46.263 0.0000000000
35751  38.564  -34.701  47.111 0.0000000000
34801  39.131  -36.434  48.668 0.0000000000
130138  50.863  -17.641  30.566 0.0000000000
53442  50.766  -17.546  31.712 0.0000000000
52384  51.165  -17.570  31.131 0.0000000000
53400  55.340  -16.760  33.696 0.0000000000
53381  55.172  -16.782  34.389 0.0000000000
52335  55.363  -17.115  34.885 0.0000000000
122672  52.406  -16.551  35.475 0.0000000000
53364  53.567  -16.246  35.978 0.0000000000
42533  43.731  -28.312  43.764 0.0000000000
43622  45.044  -27.470  43.336 0.0000000000
42532  45.288  -27.344  45.703 0.0000000000
43609  45.485  -27.124  44.760 0.0000000000
44519  47.400  -25.848  44.750 0.0000000000
42515  47.398  -28.020  45.224 0.0000000000
42531  47.958  -28.747  44.015 0.0000000000
43593  47.250  -26.974  45.389 0.0000000000
44513  47.266  -26.321  45.138 0.0000000000
45431  47.810  -25.430  44.528 0.0000000000
111575  48.348  -24.555  43.819 0.0000000000
45429  48.785  -24.866  43.694 0.0000000000
46427  48.974  -23.864  43.538 0.0000000000
47498  49.587  -23.282  43.217 0.0000000000
120965  50.349  -23.288  42.543 0.0000000000
110287  50.610  -22.585  42.261 0.0000000000
47513  50.855  -23.339  41.667 0.0000000000
46467  51.254  -24.643  40.315 0.0000000000
119972  51.444  -25.087  39.439 0.0000000000
44536  50.864  -26.865  40.018 0.0000000000
39508  39.235  -31.593  45.804 0.0000000000
119588  43.413  -29.043  47.443 0.0000000000
41467  44.242  -28.732  47.299 0.0000000000
39492  45.389  -30.985  45.474 0.0000000000
118730  43.389  -31.921  46.957 0.0000000000
122137  44.065  -32.984  45.978 0.0000000000
39494  44.000  -31.646  46.544 0.0000000000
33114  34.496  -38.347  50.965 0.0000000000
57877  59.007  -13.108  22.264 0.0000000000
53496  57.419  -16.795  27.367 0.0000000000
52329  44.797  -18.114  35.378 0.0000000000
114319  47.453  -24.888  42.062 0.0000000000
55133  43.977  -14.552  36.883 0.0000000000
53370  44.516  -17.378  35.986 0.0000000000
53369  45.287  -17.673  35.983 0.0000000000
117640  46.193  -17.709  35.708 0.0000000000
129517  47.890  -16.460  36.725 0.0000000000
55116  48.652  -14.747  38.295 0.0000000000
55098  51.881  -14.280  39.135 0.0000000000
55935  47.868  -13.878  40.500 0.0000000000
55934  48.807  -13.563  40.913 0.0000000000
54215  49.697  -14.447  41.258 0.0000000000
55944  50.140  -13.521  40.420 0.0000000000
55943  51.078  -13.837  39.922 0.0000000000
54227  51.957  -14.647  39.397 0.0000000000
55097  52.453  -14.796  38.877 0.0000000000
53334  50.607  -17.660  38.388 0.0000000000
48450  50.581  -21.875  42.256 0.0000000000
49350  50.555  -21.750  41.746 0.0000000000
49351  50.173  -21.451  41.301 0.0000000000
47541  50.659  -23.379  39.590 0.0000000000
48466  50.184  -22.764  40.012 0.0000000000
49352  49.287  -21.017  40.694 0.0000000000
40448  40.223  -30.515  46.545 0.0000000000
41458  42.139  -29.818  47.439 0.0000000000
44514  47.040  -26.578  45.414 0.0000000000
47497  50.073  -22.647  43.033 0.0000000000
47540  51.077  -23.797  39.628 0.0000000000
48443  50.412  -21.918  42.844 0.0000000000
49330  49.234  -21.205  43.557 0.0000000000
49342  50.501  -21.262  42.321 0.0000000000
49343  50.464  -20.929  42.037 0.0000000000
50233  50.311  -20.775  43.094 0.0000000000
50248  48.864  -19.844  43.373 0.0000000000
51199  49.574  -18.667  43.246 0.0000000000
51249  45.150  -18.874  39.948 0.0000000000
52327  46.526  -17.845  34.748 0.0000000000
53267  49.260  -17.254  42.965 0.0000000000
54243  43.355  -15.569  37.833 0.0000000000
55070  48.356  -14.423  41.386 0.0000000000
55083  49.656  -13.626  40.963 0.0000000000
55105  43.924  -14.810  37.646 0.0000000000
108967  41.661  -29.310  44.575 0.0000000000
116049  41.511  -30.724  47.734 0.0000000000
125952  51.226  -26.581  39.324 0.0000000000
130422  49.212  -24.330  43.403 0.0000000000
