#!ascii label  , from subject sub-v2s8x29216_ses-1 vox2ras=TkReg
1168
43628  23.720  -27.722  42.187 0.0000000000
45408  36.210  -25.825  49.522 0.0000000000
116091  38.796  -11.340  25.602 0.0000000000
54301  32.189  -17.006  34.817 0.0000000000
49356  38.650  -21.672  40.529 0.0000000000
114924  47.869  -3.739  15.564 0.0000000000
55223  40.151  -16.868  27.701 0.0000000000
56962  35.692  -13.312  27.487 0.0000000000
38583  20.919  -32.348  41.601 0.0000000000
42519  30.055  -28.876  44.612 0.0000000000
47474  31.786  -23.578  44.473 0.0000000000
42602  27.078  -29.037  39.040 0.0000000000
62479  44.047  -7.994  21.034 0.0000000000
42472  27.511  -28.366  48.694 0.0000000000
39484  24.353  -31.567  46.309 0.0000000000
60625  44.309  -9.180  24.578 0.0000000000
40451  18.885  -30.385  46.114 0.0000000000
38552  14.770  -33.291  45.502 0.0000000000
57775  36.218  -11.953  32.874 0.0000000000
51264  34.623  -18.941  38.355 0.0000000000
46555  35.411  -24.140  34.831 0.0000000000
46487  34.260  -24.447  39.560 0.0000000000
56923  41.054  -14.274  29.761 0.0000000000
56959  38.029  -14.907  28.048 0.0000000000
57810  38.918  -12.307  29.206 0.0000000000
55186  43.028  -16.131  29.793 0.0000000000
41562  22.355  -29.394  39.148 0.0000000000
39582  21.558  -31.865  39.264 0.0000000000
40503  22.802  -30.678  41.195 0.0000000000
43613  26.239  -27.734  43.356 0.0000000000
123448  28.249  -28.820  41.834 0.0000000000
43651  24.328  -27.730  40.182 0.0000000000
42637  23.567  -28.915  37.228 0.0000000000
59699  38.257  -10.645  23.521 0.0000000000
113968  41.851  -12.246  27.377 0.0000000000
59686  41.425  -9.986  26.104 0.0000000000
60642  40.671  -8.987  23.912 0.0000000000
111798  23.366  -32.796  48.482 0.0000000000
39486  21.925  -31.880  45.993 0.0000000000
39449  21.044  -31.317  48.808 0.0000000000
39445  14.352  -31.550  50.596 0.0000000000
39466  15.407  -31.455  48.571 0.0000000000
38530  13.535  -32.883  47.972 0.0000000000
35731  12.077  -35.661  47.467 0.0000000000
114842  11.389  -35.549  48.921 0.0000000000
53291  36.963  -17.364  40.655 0.0000000000
50284  36.506  -20.262  39.795 0.0000000000
49387  35.748  -21.728  36.583 0.0000000000
48497  36.751  -22.804  37.734 0.0000000000
108096  29.555  -23.436  41.593 0.0000000000
47504  33.304  -23.464  42.586 0.0000000000
47549  30.705  -22.894  39.713 0.0000000000
47591  31.027  -23.664  36.800 0.0000000000
56009  33.961  -14.185  33.524 0.0000000000
56913  32.783  -13.834  30.579 0.0000000000
54338  30.968  -16.201  31.507 0.0000000000
65960  49.928  -3.022  12.354 0.0000000000
65127  48.236  -3.997  13.686 0.0000000000
56968  40.162  -14.107  26.481 0.0000000000
55241  37.649  -16.093  25.491 0.0000000000
56957  42.381  -14.581  27.582 0.0000000000
44503  32.603  -26.617  47.502 0.0000000000
46404  33.570  -24.206  47.019 0.0000000000
45425  30.803  -26.196  45.034 0.0000000000
45447  28.528  -26.061  41.512 0.0000000000
44559  27.201  -27.578  37.773 0.0000000000
62472  46.584  -7.756  22.240 0.0000000000
63370  46.279  -6.209  20.693 0.0000000000
64240  45.399  -4.969  18.555 0.0000000000
65108  45.388  -4.294  16.488 0.0000000000
43576  25.369  -27.375  45.611 0.0000000000
42523  23.585  -28.848  44.517 0.0000000000
42486  24.656  -28.702  47.829 0.0000000000
42494  28.456  -29.312  45.882 0.0000000000
61575  43.901  -8.507  22.347 0.0000000000
39524  22.764  -32.460  43.452 0.0000000000
40483  20.118  -30.869  43.869 0.0000000000
39528  17.515  -31.828  43.415 0.0000000000
107963  17.824  -30.627  48.909 0.0000000000
39502  16.625  -31.785  45.560 0.0000000000
33127  10.536  -38.277  49.458 0.0000000000
59619  38.783  -10.406  31.531 0.0000000000
55143  35.058  -15.146  35.951 0.0000000000
54261  36.098  -16.085  37.980 0.0000000000
53356  33.182  -17.891  36.446 0.0000000000
50317  33.503  -20.565  35.701 0.0000000000
116481  35.323  -23.166  33.818 0.0000000000
46589  33.958  -24.678  32.105 0.0000000000
46423  36.170  -23.610  44.839 0.0000000000
115221  36.431  -24.221  42.060 0.0000000000
46484  37.552  -24.314  39.829 0.0000000000
46518  34.729  -24.764  37.180 0.0000000000
47618  32.042  -24.255  34.292 0.0000000000
114629  35.905  -11.561  29.534 0.0000000000
56965  32.754  -13.905  27.869 0.0000000000
57798  41.285  -12.147  30.118 0.0000000000
57809  39.858  -12.600  29.361 0.0000000000
58683  40.337  -11.767  29.894 0.0000000000
56910  42.595  -13.821  30.528 0.0000000000
42585  22.755  -28.668  40.394 0.0000000000
41528  22.707  -29.604  40.808 0.0000000000
42553  23.091  -28.806  42.027 0.0000000000
43626  25.085  -27.428  42.392 0.0000000000
109374  25.787  -27.984  41.827 0.0000000000
43640  23.785  -27.653  41.143 0.0000000000
42605  23.055  -28.085  39.964 0.0000000000
58734  38.264  -11.013  24.996 0.0000000000
58724  40.328  -11.882  26.671 0.0000000000
59668  41.111  -10.624  26.556 0.0000000000
59688  39.527  -10.735  25.739 0.0000000000
60615  39.892  -10.038  25.172 0.0000000000
124054  13.661  -31.843  50.564 0.0000000000
39468  14.136  -31.987  48.978 0.0000000000
38522  12.867  -33.117  48.564 0.0000000000
36691  12.861  -34.181  47.106 0.0000000000
36670  12.159  -34.290  48.137 0.0000000000
36679  11.757  -35.115  48.168 0.0000000000
51221  37.568  -19.307  41.450 0.0000000000
50283  37.279  -20.853  40.010 0.0000000000
49375  36.746  -21.537  38.454 0.0000000000
48470  37.977  -22.269  39.306 0.0000000000
121819  37.492  -24.833  48.803 0.0000000000
47551  28.253  -23.336  39.614 0.0000000000
48463  29.962  -22.789  40.179 0.0000000000
48472  28.913  -22.768  39.149 0.0000000000
48499  29.503  -22.903  37.707 0.0000000000
55155  32.630  -15.838  34.073 0.0000000000
55170  31.930  -15.278  32.432 0.0000000000
65923  48.636  -3.513  16.695 0.0000000000
65921  50.537  -3.044  16.792 0.0000000000
65935  49.748  -3.580  15.155 0.0000000000
65945  49.629  -3.610  14.411 0.0000000000
65116  48.045  -3.884  14.726 0.0000000000
56083  40.383  -16.086  27.013 0.0000000000
56085  38.889  -15.496  25.998 0.0000000000
107937  39.023  -16.382  26.643 0.0000000000
56961  36.484  -13.685  27.546 0.0000000000
56086  36.421  -15.484  26.627 0.0000000000
114396  35.646  -14.711  26.687 0.0000000000
55213  41.518  -16.659  28.705 0.0000000000
56074  41.748  -15.678  27.553 0.0000000000
56967  40.853  -14.125  26.907 0.0000000000
127106  21.652  -31.996  40.369 0.0000000000
38596  20.261  -32.646  40.878 0.0000000000
44506  31.581  -27.645  46.025 0.0000000000
45422  31.711  -25.968  46.573 0.0000000000
43596  30.357  -28.085  44.109 0.0000000000
43648  27.904  -28.776  40.213 0.0000000000
110371  28.624  -27.894  41.463 0.0000000000
44543  28.262  -27.845  39.823 0.0000000000
116309  27.826  -26.618  39.041 0.0000000000
43678  27.481  -28.345  38.523 0.0000000000
112990  26.525  -28.885  37.778 0.0000000000
49416  32.818  -21.363  33.151 0.0000000000
62477  45.504  -7.607  21.461 0.0000000000
63367  46.591  -6.618  21.300 0.0000000000
62481  45.205  -7.258  20.772 0.0000000000
111295  44.398  -5.787  18.776 0.0000000000
64243  44.286  -5.313  17.316 0.0000000000
65105  45.424  -4.367  17.220 0.0000000000
43566  26.592  -27.680  46.760 0.0000000000
43568  25.160  -27.621  47.065 0.0000000000
42474  25.854  -28.054  48.428 0.0000000000
42483  28.673  -29.106  47.441 0.0000000000
43574  27.201  -28.074  46.082 0.0000000000
61558  45.825  -8.718  23.187 0.0000000000
60639  43.782  -8.824  23.883 0.0000000000
61578  40.589  -8.673  22.355 0.0000000000
40459  24.340  -31.119  45.131 0.0000000000
40482  23.762  -31.123  43.509 0.0000000000
39497  24.080  -31.868  44.892 0.0000000000
40449  20.560  -30.696  46.547 0.0000000000
39514  21.055  -31.295  45.078 0.0000000000
40473  19.426  -30.618  44.567 0.0000000000
40494  18.999  -31.198  43.063 0.0000000000
40474  18.582  -30.799  44.782 0.0000000000
124236  17.686  -30.880  49.644 0.0000000000
125964  15.315  -31.954  47.027 0.0000000000
39475  16.311  -31.196  47.331 0.0000000000
38551  15.384  -32.704  45.553 0.0000000000
38560  16.235  -32.459  44.120 0.0000000000
55989  35.912  -14.189  35.781 0.0000000000
53305  35.574  -18.003  39.374 0.0000000000
54233  36.599  -16.571  39.373 0.0000000000
53338  34.952  -17.223  37.988 0.0000000000
54263  34.576  -16.822  37.292 0.0000000000
52305  33.837  -18.136  37.347 0.0000000000
51300  33.109  -19.826  36.079 0.0000000000
51287  33.949  -19.848  37.127 0.0000000000
48507  35.899  -22.936  35.976 0.0000000000
48517  35.317  -22.243  35.076 0.0000000000
48524  35.472  -23.597  34.397 0.0000000000
46588  34.793  -24.401  32.435 0.0000000000
46556  34.922  -24.537  34.419 0.0000000000
46413  33.251  -23.923  46.150 0.0000000000
47448  35.079  -23.608  46.264 0.0000000000
47472  33.625  -23.497  44.543 0.0000000000
46463  33.868  -23.893  41.071 0.0000000000
46446  34.844  -23.865  42.195 0.0000000000
46472  35.288  -24.391  40.878 0.0000000000
46460  36.848  -24.408  41.269 0.0000000000
112888  35.885  -24.679  40.133 0.0000000000
46501  35.632  -24.811  38.404 0.0000000000
127759  34.399  -24.686  38.901 0.0000000000
47606  30.334  -23.355  35.598 0.0000000000
124188  32.224  -24.145  36.173 0.0000000000
58661  37.326  -10.859  31.931 0.0000000000
58674  37.535  -10.893  31.058 0.0000000000
58662  35.864  -11.619  31.020 0.0000000000
56051  31.689  -14.822  29.876 0.0000000000
56926  32.717  -13.737  29.658 0.0000000000
65967  49.978  -2.795  11.486 0.0000000000
56049  40.420  -15.526  29.231 0.0000000000
56064  38.558  -15.941  28.028 0.0000000000
56941  39.622  -14.786  28.826 0.0000000000
56943  37.900  -13.702  28.189 0.0000000000
57830  37.587  -12.548  28.489 0.0000000000
56909  43.464  -14.572  30.795 0.0000000000
56035  41.803  -15.195  30.102 0.0000000000
40531  22.205  -30.272  39.512 0.0000000000
40519  22.000  -31.228  39.918 0.0000000000
127220  22.385  -32.060  41.872 0.0000000000
42522  27.859  -29.284  43.277 0.0000000000
42536  28.462  -29.109  42.611 0.0000000000
43624  26.828  -28.564  42.555 0.0000000000
108760  26.186  -28.517  41.007 0.0000000000
42583  26.221  -28.846  39.534 0.0000000000
42621  24.493  -28.561  37.854 0.0000000000
43679  23.881  -28.020  38.780 0.0000000000
42623  22.697  -28.759  38.675 0.0000000000
62484  42.833  -7.906  19.968 0.0000000000
42461  27.281  -28.510  49.634 0.0000000000
59659  43.074  -10.971  27.148 0.0000000000
59685  42.331  -9.922  26.128 0.0000000000
60612  42.828  -9.554  25.463 0.0000000000
60640  42.783  -8.792  23.958 0.0000000000
60628  41.304  -9.268  24.705 0.0000000000
109169  39.708  -9.284  23.707 0.0000000000
38527  23.838  -32.484  47.100 0.0000000000
38538  23.404  -32.287  45.862 0.0000000000
39471  22.571  -32.246  47.043 0.0000000000
39473  21.156  -31.066  47.878 0.0000000000
40434  20.100  -30.612  47.941 0.0000000000
39454  16.280  -31.110  49.831 0.0000000000
39455  15.389  -31.354  49.502 0.0000000000
39467  14.724  -31.964  48.163 0.0000000000
37593  14.190  -33.363  46.247 0.0000000000
36690  13.369  -34.902  46.031 0.0000000000
52259  36.484  -18.712  40.407 0.0000000000
51263  35.217  -19.392  38.793 0.0000000000
50298  34.567  -20.292  37.502 0.0000000000
50296  35.985  -21.148  38.164 0.0000000000
126223  36.360  -22.072  36.934 0.0000000000
47589  35.895  -23.595  36.244 0.0000000000
47507  30.455  -23.519  42.631 0.0000000000
47489  32.482  -23.239  43.159 0.0000000000
47520  31.423  -23.054  41.768 0.0000000000
47532  32.225  -23.443  40.415 0.0000000000
109798  32.153  -23.660  39.515 0.0000000000
47561  32.421  -24.052  38.283 0.0000000000
47563  30.955  -23.357  38.230 0.0000000000
47593  29.743  -23.169  35.916 0.0000000000
56871  34.578  -13.516  33.188 0.0000000000
57777  34.925  -12.747  32.106 0.0000000000
56879  32.987  -14.137  32.266 0.0000000000
56025  31.783  -14.981  31.171 0.0000000000
65951  50.884  -3.062  13.747 0.0000000000
65962  48.828  -3.718  13.278 0.0000000000
57865  39.643  -12.818  26.341 0.0000000000
57869  37.441  -12.894  24.713 0.0000000000
56975  38.632  -14.300  25.586 0.0000000000
55226  37.864  -16.365  26.918 0.0000000000
55234  36.634  -16.202  25.769 0.0000000000
56046  44.632  -15.377  29.478 0.0000000000
56940  43.952  -14.336  28.203 0.0000000000
56956  43.536  -13.469  27.862 0.0000000000
57852  42.078  -13.334  27.442 0.0000000000
57864  40.574  -12.956  26.794 0.0000000000
44495  35.066  -26.501  49.096 0.0000000000
46377  35.456  -25.021  48.758 0.0000000000
46392  33.128  -24.974  47.557 0.0000000000
46406  31.874  -24.965  46.538 0.0000000000
46425  30.624  -24.631  44.622 0.0000000000
126750  29.605  -27.453  42.758 0.0000000000
45433  29.708  -25.709  43.597 0.0000000000
46437  29.668  -24.856  43.531 0.0000000000
122206  28.554  -24.473  41.398 0.0000000000
46476  27.839  -24.892  40.332 0.0000000000
46506  26.907  -25.135  38.298 0.0000000000
64233  48.008  -4.921  20.673 0.0000000000
63376  44.398  -6.251  19.292 0.0000000000
64236  46.371  -5.135  19.719 0.0000000000
65097  48.046  -4.283  19.858 0.0000000000
65102  46.993  -4.078  18.651 0.0000000000
65925  46.695  -3.738  16.984 0.0000000000
65936  46.948  -3.666  16.154 0.0000000000
65129  46.618  -4.233  14.419 0.0000000000
43602  24.019  -27.580  43.961 0.0000000000
42538  23.537  -28.170  43.726 0.0000000000
123815  24.154  -27.798  45.303 0.0000000000
41462  23.968  -29.001  46.069 0.0000000000
115430  24.433  -30.621  46.800 0.0000000000
42448  25.450  -29.184  49.966 0.0000000000
39459  24.804  -31.928  47.944 0.0000000000
38516  24.625  -32.718  48.442 0.0000000000
45400  35.796  -26.742  49.696 0.0000000000
44496  34.691  -27.480  49.054 0.0000000000
43558  32.996  -28.154  48.195 0.0000000000
42491  31.056  -28.575  46.027 0.0000000000
41459  30.296  -29.578  46.994 0.0000000000
126580  29.423  -29.367  44.979 0.0000000000
43598  27.308  -28.393  44.672 0.0000000000
43600  25.636  -27.346  44.077 0.0000000000
61571  46.957  -8.186  22.807 0.0000000000
61573  45.438  -8.406  22.577 0.0000000000
61584  43.605  -8.290  21.598 0.0000000000
61562  42.161  -8.567  23.190 0.0000000000
61576  42.486  -8.470  22.323 0.0000000000
61585  42.699  -8.363  21.452 0.0000000000
41495  23.515  -29.934  43.145 0.0000000000
126677  23.067  -31.844  42.355 0.0000000000
114078  22.335  -32.379  42.681 0.0000000000
39498  22.390  -32.191  45.112 0.0000000000
39525  21.739  -32.373  43.483 0.0000000000
108152  21.359  -32.243  42.575 0.0000000000
39541  19.374  -31.523  42.301 0.0000000000
38584  18.301  -32.151  41.981 0.0000000000
39462  19.899  -30.871  48.810 0.0000000000
40440  18.669  -30.325  47.662 0.0000000000
39474  17.119  -30.772  46.876 0.0000000000
40452  18.017  -30.578  46.292 0.0000000000
39501  17.267  -31.462  45.084 0.0000000000
33923  11.275  -37.442  49.147 0.0000000000
59627  39.921  -10.603  30.878 0.0000000000
57759  36.423  -12.233  33.694 0.0000000000
56859  35.348  -13.485  34.377 0.0000000000
55991  34.506  -14.690  35.007 0.0000000000
55145  33.658  -15.743  35.227 0.0000000000
55136  35.473  -15.331  36.546 0.0000000000
130081  33.744  -16.664  36.250 0.0000000000
54300  32.680  -17.055  35.501 0.0000000000
52333  32.404  -18.594  35.440 0.0000000000
50329  32.628  -19.996  34.897 0.0000000000
49415  33.822  -21.776  33.424 0.0000000000
50316  34.168  -21.022  36.020 0.0000000000
49402  34.800  -21.863  34.653 0.0000000000
48535  34.608  -22.684  32.767 0.0000000000
47652  34.904  -23.955  31.999 0.0000000000
126776  33.689  -24.621  31.305 0.0000000000
48453  39.699  -22.589  41.344 0.0000000000
46388  36.468  -24.186  47.589 0.0000000000
46400  37.294  -23.934  46.076 0.0000000000
46411  37.879  -24.256  45.196 0.0000000000
47487  34.339  -23.532  43.767 0.0000000000
46435  36.028  -23.740  43.768 0.0000000000
120426  38.469  -24.161  43.921 0.0000000000
46444  38.862  -24.065  42.478 0.0000000000
46469  38.813  -24.192  40.610 0.0000000000
47544  38.975  -23.239  40.086 0.0000000000
47559  37.324  -23.400  38.719 0.0000000000
47574  36.128  -23.894  37.064 0.0000000000
46530  34.823  -24.657  36.295 0.0000000000
122627  32.475  -24.246  36.931 0.0000000000
46532  32.975  -24.584  35.657 0.0000000000
46542  33.993  -24.794  35.067 0.0000000000
46558  33.063  -24.767  33.666 0.0000000000
58673  38.769  -10.995  30.274 0.0000000000
58686  37.494  -11.421  29.646 0.0000000000
57832  35.962  -12.073  28.343 0.0000000000
57800  34.571  -12.492  30.367 0.0000000000
57813  33.978  -12.764  28.860 0.0000000000
56964  34.044  -13.473  27.517 0.0000000000
65139  46.730  -4.473  13.570 0.0000000000
58671  40.879  -11.374  30.331 0.0000000000
58669  42.035  -11.916  30.606 0.0000000000
42563  23.264  -28.108  41.639 0.0000000000
42564  22.924  -28.762  41.228 0.0000000000
43627  24.223  -27.493  42.619 0.0000000000
43639  24.414  -27.517  41.803 0.0000000000
42584  23.150  -28.084  40.790 0.0000000000
58741  37.572  -11.354  24.453 0.0000000000
58735  37.865  -11.892  25.163 0.0000000000
58725  39.517  -11.601  26.210 0.0000000000
59669  40.255  -10.979  26.425 0.0000000000
129263  38.894  -10.861  25.334 0.0000000000
38512  13.090  -32.216  50.094 0.0000000000
108224  12.932  -32.632  49.293 0.0000000000
38513  12.195  -33.218  49.294 0.0000000000
37584  12.104  -33.788  48.692 0.0000000000
50265  38.572  -20.611  41.573 0.0000000000
50266  37.873  -20.176  41.265 0.0000000000
49357  38.003  -21.285  40.243 0.0000000000
49366  37.717  -21.571  39.553 0.0000000000
49365  38.366  -21.955  39.852 0.0000000000
46366  37.176  -25.479  49.504 0.0000000000
47552  27.563  -23.746  38.855 0.0000000000
47564  28.144  -23.019  38.724 0.0000000000
47565  27.594  -23.307  38.061 0.0000000000
48487  28.075  -22.831  38.043 0.0000000000
54312  32.298  -16.457  34.327 0.0000000000
54322  31.976  -16.252  33.636 0.0000000000
128738  48.323  -3.611  16.186 0.0000000000
65922  49.519  -3.377  16.685 0.0000000000
110440  49.014  -3.618  15.852 0.0000000000
65946  48.818  -3.805  14.878 0.0000000000
55231  39.745  -16.521  27.003 0.0000000000
55224  39.428  -16.664  27.372 0.0000000000
56970  36.007  -14.267  27.126 0.0000000000
56971  35.290  -13.971  27.058 0.0000000000
56087  35.035  -14.542  26.505 0.0000000000
56972  34.557  -13.942  27.014 0.0000000000
108158  40.932  -16.831  28.092 0.0000000000
55222  41.676  -16.492  28.137 0.0000000000
56075  40.979  -16.516  27.616 0.0000000000
38595  21.054  -32.504  40.688 0.0000000000
43581  31.218  -28.093  45.539 0.0000000000
43582  30.839  -28.054  44.780 0.0000000000
43662  27.739  -28.527  39.392 0.0000000000
44549  28.014  -27.620  39.069 0.0000000000
42619  26.836  -28.930  38.343 0.0000000000
62478  44.793  -7.830  21.244 0.0000000000
62482  44.459  -7.484  20.530 0.0000000000
128785  26.884  -27.821  47.429 0.0000000000
43567  25.990  -27.639  47.517 0.0000000000
43559  26.763  -27.916  48.147 0.0000000000
42484  27.700  -28.328  47.703 0.0000000000
43565  27.405  -28.141  46.844 0.0000000000
60611  43.908  -9.609  25.437 0.0000000000
60624  45.205  -9.227  24.425 0.0000000000
60638  44.686  -8.892  23.833 0.0000000000
40458  24.490  -30.952  45.853 0.0000000000
39496  24.256  -31.659  45.553 0.0000000000
40450  19.673  -30.400  46.329 0.0000000000
40460  20.426  -30.698  45.705 0.0000000000
40461  19.481  -30.449  45.473 0.0000000000
128579  18.988  -30.530  45.077 0.0000000000
40462  18.587  -30.593  45.516 0.0000000000
39442  17.446  -31.347  51.080 0.0000000000
108995  14.823  -32.862  46.136 0.0000000000
38539  15.228  -32.311  46.518 0.0000000000
38562  15.161  -33.189  44.901 0.0000000000
52287  35.118  -18.465  38.838 0.0000000000
53321  35.298  -17.592  38.695 0.0000000000
53322  34.669  -18.045  38.279 0.0000000000
53339  34.305  -17.663  37.620 0.0000000000
52304  34.193  -18.495  37.815 0.0000000000
51276  33.775  -18.925  37.323 0.0000000000
51275  34.250  -19.404  37.765 0.0000000000
47603  35.648  -23.571  35.345 0.0000000000
47617  35.324  -24.164  34.048 0.0000000000
47462  32.016  -23.812  45.288 0.0000000000
47461  32.965  -23.708  45.346 0.0000000000
47473  32.672  -23.498  44.561 0.0000000000
46474  33.702  -24.004  40.205 0.0000000000
46462  34.614  -24.062  41.368 0.0000000000
46473  34.460  -24.225  40.507 0.0000000000
111635  35.078  -24.591  39.915 0.0000000000
113622  34.975  -24.809  39.038 0.0000000000
58652  36.711  -11.357  32.381 0.0000000000
123446  36.661  -11.207  31.272 0.0000000000
58653  36.030  -11.697  31.969 0.0000000000
56924  40.200  -13.858  29.244 0.0000000000
57828  39.338  -13.457  28.919 0.0000000000
57829  38.460  -13.025  28.678 0.0000000000
56891  44.292  -14.126  31.282 0.0000000000
56911  41.830  -13.920  30.160 0.0000000000
128739  42.207  -14.524  30.340 0.0000000000
56048  41.150  -15.649  29.701 0.0000000000
40518  22.460  -30.507  40.409 0.0000000000
39569  22.306  -31.526  41.006 0.0000000000
129330  22.803  -31.467  41.683 0.0000000000
43612  27.068  -28.536  43.310 0.0000000000
43638  25.221  -27.757  41.414 0.0000000000
43650  25.469  -28.200  40.397 0.0000000000
43663  25.230  -28.286  39.508 0.0000000000
43664  24.325  -27.905  39.353 0.0000000000
42606  22.671  -28.644  39.541 0.0000000000
42622  23.172  -28.186  39.122 0.0000000000
58710  42.577  -11.686  27.420 0.0000000000
58722  42.389  -10.899  27.022 0.0000000000
59667  41.946  -10.461  26.614 0.0000000000
60613  41.850  -9.573  25.456 0.0000000000
60614  40.850  -9.711  25.383 0.0000000000
128637  38.729  -10.245  24.254 0.0000000000
60630  39.280  -9.834  24.282 0.0000000000
60631  38.655  -10.173  23.762 0.0000000000
38517  23.828  -32.921  47.914 0.0000000000
112578  23.225  -32.555  47.414 0.0000000000
38518  23.162  -32.738  47.977 0.0000000000
39461  21.890  -31.805  48.215 0.0000000000
40438  20.651  -30.720  47.284 0.0000000000
129900  20.560  -30.911  48.396 0.0000000000
39444  15.120  -31.248  51.049 0.0000000000
124349  15.717  -31.230  50.452 0.0000000000
38520  14.026  -32.338  48.264 0.0000000000
38529  14.263  -32.500  47.589 0.0000000000
38541  13.869  -33.104  47.161 0.0000000000
37602  13.664  -34.132  46.022 0.0000000000
37594  13.445  -33.735  46.758 0.0000000000
36678  12.328  -34.685  47.530 0.0000000000
35746  12.732  -35.012  46.744 0.0000000000
35732  11.529  -36.023  48.380 0.0000000000
124320  11.483  -36.771  48.683 0.0000000000
35718  11.285  -36.428  49.101 0.0000000000
50278  37.015  -20.206  40.397 0.0000000000
52258  37.023  -18.967  40.956 0.0000000000
51238  36.682  -19.546  40.415 0.0000000000
51251  36.115  -19.291  39.873 0.0000000000
51262  35.814  -19.835  39.244 0.0000000000
50290  35.530  -20.305  38.557 0.0000000000
50289  36.260  -20.730  38.906 0.0000000000
48483  36.946  -22.271  38.185 0.0000000000
49382  36.501  -21.831  37.681 0.0000000000
122102  36.583  -22.354  37.433 0.0000000000
47588  36.413  -22.901  36.837 0.0000000000
110404  31.155  -23.221  42.409 0.0000000000
47521  30.520  -23.183  41.871 0.0000000000
111649  31.285  -22.986  41.007 0.0000000000
47533  31.417  -23.145  40.028 0.0000000000
47548  31.393  -23.354  39.059 0.0000000000
128342  32.107  -23.816  38.823 0.0000000000
47578  29.722  -23.133  36.781 0.0000000000
56878  33.885  -13.746  32.583 0.0000000000
56017  33.367  -14.302  32.939 0.0000000000
55171  31.399  -15.756  32.028 0.0000000000
56018  31.706  -15.215  31.773 0.0000000000
55177  31.357  -15.566  31.311 0.0000000000
65954  48.923  -3.845  14.075 0.0000000000
65953  49.567  -3.524  13.643 0.0000000000
65137  48.123  -4.011  12.837 0.0000000000
56969  39.400  -14.264  26.105 0.0000000000
57866  38.961  -13.275  25.874 0.0000000000
56092  38.190  -15.366  25.458 0.0000000000
55242  37.049  -16.014  25.058 0.0000000000
55225  38.595  -16.460  27.373 0.0000000000
56076  37.839  -15.832  27.652 0.0000000000
55243  36.104  -16.094  25.076 0.0000000000
56047  43.741  -15.826  29.643 0.0000000000
56073  42.611  -15.737  28.087 0.0000000000
56061  43.516  -15.332  28.423 0.0000000000
56072  43.178  -14.556  27.907 0.0000000000
57851  42.817  -13.503  27.643 0.0000000000
45417  34.246  -26.359  48.557 0.0000000000
122845  33.679  -25.525  48.112 0.0000000000
45418  32.992  -25.821  47.737 0.0000000000
119325  31.296  -26.114  45.718 0.0000000000
126099  31.419  -25.260  46.062 0.0000000000
46415  31.577  -24.512  45.784 0.0000000000
45427  30.523  -25.424  44.784 0.0000000000
43611  29.366  -28.497  42.916 0.0000000000
43623  29.046  -27.991  42.169 0.0000000000
44534  28.566  -27.042  41.092 0.0000000000
44528  28.869  -26.895  41.804 0.0000000000
45441  28.810  -25.841  42.226 0.0000000000
45440  29.236  -25.573  42.974 0.0000000000
46450  28.835  -25.022  42.471 0.0000000000
46449  29.340  -24.522  42.824 0.0000000000
120799  28.575  -25.131  41.821 0.0000000000
45458  27.604  -25.584  39.583 0.0000000000
45464  27.334  -25.839  38.705 0.0000000000
46505  27.238  -24.788  38.908 0.0000000000
45465  26.864  -26.105  37.864 0.0000000000
62470  48.036  -7.127  22.826 0.0000000000
63366  47.309  -6.339  21.530 0.0000000000
64230  46.956  -5.940  20.951 0.0000000000
64228  48.418  -5.365  21.462 0.0000000000
128875  47.277  -5.361  20.641 0.0000000000
62487  43.235  -7.345  19.455 0.0000000000
62486  44.052  -7.060  19.775 0.0000000000
64238  44.888  -5.591  19.024 0.0000000000
65100  46.055  -4.833  19.117 0.0000000000
65095  47.184  -4.802  20.007 0.0000000000
65099  46.700  -4.530  19.242 0.0000000000
65098  47.447  -4.167  19.258 0.0000000000
111765  46.247  -4.372  18.426 0.0000000000
122113  45.915  -4.022  16.894 0.0000000000
65107  46.128  -3.896  16.246 0.0000000000
43586  24.363  -27.533  44.661 0.0000000000
43587  23.780  -27.951  44.615 0.0000000000
130690  24.660  -27.446  45.243 0.0000000000
123689  24.741  -28.058  47.316 0.0000000000
108334  24.343  -28.637  46.916 0.0000000000
114505  24.293  -29.531  46.753 0.0000000000
41453  24.443  -29.623  47.463 0.0000000000
42462  26.317  -28.579  49.863 0.0000000000
41440  25.019  -29.992  49.835 0.0000000000
40433  24.917  -31.025  48.493 0.0000000000
39448  25.186  -32.109  48.715 0.0000000000
44487  35.358  -27.598  49.792 0.0000000000
43572  31.928  -28.054  46.739 0.0000000000
41452  29.369  -29.651  47.137 0.0000000000
41460  29.652  -29.567  46.670 0.0000000000
120448  29.967  -29.440  46.212 0.0000000000
42493  29.302  -29.523  45.783 0.0000000000
42505  28.682  -29.429  45.014 0.0000000000
42506  27.842  -28.893  45.304 0.0000000000
43575  26.377  -27.594  45.948 0.0000000000
43584  26.355  -27.578  45.167 0.0000000000
129107  25.775  -27.383  44.796 0.0000000000
43601  24.806  -27.317  44.014 0.0000000000
61559  45.040  -8.715  23.167 0.0000000000
61574  44.675  -8.467  22.474 0.0000000000
61583  44.367  -8.236  21.765 0.0000000000
60641  41.735  -8.837  23.999 0.0000000000
61563  41.101  -8.656  23.194 0.0000000000
113357  41.043  -8.581  21.535 0.0000000000
61577  41.550  -8.525  22.400 0.0000000000
127097  41.930  -8.459  21.742 0.0000000000
61586  41.800  -8.448  21.017 0.0000000000
122027  23.383  -29.005  43.689 0.0000000000
39511  23.596  -32.037  44.046 0.0000000000
39523  23.364  -31.926  43.111 0.0000000000
130210  22.969  -32.277  42.886 0.0000000000
39485  22.623  -32.217  46.309 0.0000000000
122624  22.745  -32.279  45.635 0.0000000000
39499  21.632  -31.735  45.335 0.0000000000
39526  20.928  -31.599  44.126 0.0000000000
109255  20.688  -31.666  43.178 0.0000000000
39540  20.273  -31.709  42.286 0.0000000000
40493  19.819  -31.133  43.017 0.0000000000
39527  18.200  -31.496  43.205 0.0000000000
39542  18.589  -31.639  42.433 0.0000000000
39543  17.825  -31.968  42.622 0.0000000000
39452  18.452  -30.948  49.594 0.0000000000
39463  18.812  -30.688  48.905 0.0000000000
40435  19.161  -30.483  48.224 0.0000000000
40436  18.215  -30.425  48.178 0.0000000000
39465  15.987  -31.119  49.047 0.0000000000
111500  16.158  -31.103  48.276 0.0000000000
39489  16.471  -31.500  46.414 0.0000000000
39488  17.232  -31.211  45.945 0.0000000000
119556  11.024  -36.230  49.627 0.0000000000
34788  10.771  -36.700  49.722 0.0000000000
33924  10.729  -37.472  49.538 0.0000000000
59594  38.449  -10.389  33.126 0.0000000000
57746  36.602  -12.584  34.582 0.0000000000
57747  35.879  -12.831  34.036 0.0000000000
56858  35.978  -13.246  34.681 0.0000000000
55990  35.118  -14.580  35.461 0.0000000000
55144  34.434  -15.274  35.519 0.0000000000
55153  33.945  -15.056  34.805 0.0000000000
54244  36.360  -16.379  38.752 0.0000000000
55125  35.754  -15.740  37.271 0.0000000000
53340  33.789  -17.355  36.864 0.0000000000
54282  34.323  -16.427  36.570 0.0000000000
54283  33.231  -17.196  36.139 0.0000000000
125688  33.366  -16.472  35.671 0.0000000000
53375  32.718  -17.863  35.883 0.0000000000
50318  32.992  -20.144  35.455 0.0000000000
50328  33.287  -20.691  34.827 0.0000000000
49404  33.152  -21.052  33.968 0.0000000000
50307  35.142  -21.055  37.044 0.0000000000
50308  34.397  -20.660  36.745 0.0000000000
49388  34.987  -21.355  36.267 0.0000000000
48525  35.305  -22.669  34.447 0.0000000000
49414  34.768  -22.364  33.762 0.0000000000
48534  35.242  -23.385  33.023 0.0000000000
48543  35.025  -23.477  32.305 0.0000000000
46590  32.763  -24.782  31.631 0.0000000000
46390  34.904  -24.471  47.986 0.0000000000
46389  35.720  -24.442  48.060 0.0000000000
46403  34.497  -23.988  47.149 0.0000000000
47458  35.501  -23.519  45.409 0.0000000000
47447  36.180  -23.647  45.953 0.0000000000
46412  37.003  -23.896  45.120 0.0000000000
47488  33.302  -23.401  43.627 0.0000000000
47503  34.197  -23.573  42.852 0.0000000000
46445  35.716  -24.033  42.363 0.0000000000
128015  35.887  -23.919  43.020 0.0000000000
127662  36.527  -24.086  42.862 0.0000000000
46434  36.973  -24.008  43.700 0.0000000000
109539  37.400  -24.195  42.993 0.0000000000
46432  38.232  -24.125  43.162 0.0000000000
116648  37.213  -24.339  42.137 0.0000000000
120388  37.511  -24.441  40.599 0.0000000000
46459  38.109  -24.427  41.237 0.0000000000
46470  38.204  -24.357  40.364 0.0000000000
47530  38.897  -23.870  40.086 0.0000000000
46483  38.412  -24.114  39.919 0.0000000000
47558  37.881  -23.250  39.140 0.0000000000
46499  37.046  -24.104  39.080 0.0000000000
46516  36.243  -24.314  37.876 0.0000000000
46517  35.534  -24.607  37.513 0.0000000000
46529  35.494  -24.333  36.639 0.0000000000
47575  32.062  -24.032  37.573 0.0000000000
46520  32.814  -24.300  37.622 0.0000000000
47590  31.713  -23.930  36.818 0.0000000000
47604  32.116  -24.179  35.283 0.0000000000
129842  32.915  -24.486  36.389 0.0000000000
46543  33.043  -24.704  34.696 0.0000000000
59618  39.505  -10.276  31.465 0.0000000000
59628  39.131  -10.617  30.884 0.0000000000
58675  36.277  -11.373  30.290 0.0000000000
116107  37.061  -11.196  30.332 0.0000000000
58687  36.651  -11.448  29.580 0.0000000000
58697  36.271  -11.699  28.886 0.0000000000
57811  35.442  -11.930  28.873 0.0000000000
56893  33.530  -13.383  31.030 0.0000000000
57790  34.220  -12.921  30.983 0.0000000000
56945  32.662  -13.732  28.727 0.0000000000
56925  33.277  -13.191  29.155 0.0000000000
56944  33.437  -13.312  28.224 0.0000000000
57834  34.361  -12.918  28.133 0.0000000000
121891  33.367  -13.724  27.532 0.0000000000
111040  50.906  -2.561  11.354 0.0000000000
66816  50.341  -2.596  10.604 0.0000000000
66815  51.169  -2.406  10.449 0.0000000000
65140  45.818  -4.677  13.924 0.0000000000
57807  41.394  -13.178  29.943 0.0000000000
57808  40.712  -12.931  29.684 0.0000000000
58684  39.330  -11.601  29.721 0.0000000000
113172  41.988  -12.862  30.273 0.0000000000
41549  22.474  -29.471  39.988 0.0000000000
41509  22.995  -29.726  41.570 0.0000000000
43614  25.396  -27.361  43.279 0.0000000000
43625  25.963  -27.836  42.548 0.0000000000
109178  24.607  -27.652  40.999 0.0000000000
43652  23.518  -27.801  40.348 0.0000000000
125538  38.186  -10.661  24.247 0.0000000000
58711  41.077  -12.029  27.120 0.0000000000
58723  41.674  -11.242  27.077 0.0000000000
120569  40.889  -11.280  26.820 0.0000000000
59687  40.489  -10.275  25.963 0.0000000000
59695  38.959  -10.451  24.883 0.0000000000
38509  23.385  -32.785  49.292 0.0000000000
38519  22.631  -32.384  48.398 0.0000000000
121735  22.703  -32.463  49.066 0.0000000000
123781  13.531  -32.253  49.385 0.0000000000
38521  13.505  -32.513  48.729 0.0000000000
37586  13.152  -33.520  47.541 0.0000000000
124770  13.097  -33.290  48.045 0.0000000000
37587  12.684  -33.647  48.097 0.0000000000
36671  11.633  -34.648  48.806 0.0000000000
51220  38.163  -19.762  41.879 0.0000000000
50277  37.608  -20.551  40.644 0.0000000000
49367  36.985  -21.160  39.258 0.0000000000
49374  37.418  -21.878  38.844 0.0000000000
48482  37.565  -22.670  38.801 0.0000000000
47536  28.641  -23.469  40.463 0.0000000000
47535  29.351  -23.125  40.779 0.0000000000
47550  29.099  -22.888  39.985 0.0000000000
48471  29.675  -22.754  39.459 0.0000000000
48484  30.407  -22.905  38.995 0.0000000000
48486  28.778  -22.750  38.330 0.0000000000
48500  28.543  -22.807  37.566 0.0000000000
55163  32.975  -15.167  33.703 0.0000000000
56010  33.317  -14.643  33.434 0.0000000000
55164  32.279  -15.525  33.234 0.0000000000
55165  31.595  -15.982  32.806 0.0000000000
65915  48.214  -3.545  17.452 0.0000000000
127954  49.356  -3.310  17.995 0.0000000000
65913  49.813  -3.199  17.468 0.0000000000
65944  50.434  -3.363  14.617 0.0000000000
126474  48.349  -3.911  14.317 0.0000000000
56084  39.759  -15.508  26.511 0.0000000000
55232  38.230  -16.291  26.101 0.0000000000
56960  37.273  -14.538  27.718 0.0000000000
56077  37.182  -15.720  27.157 0.0000000000
56078  36.641  -14.775  27.270 0.0000000000
56094  35.649  -15.453  26.052 0.0000000000
55198  42.398  -16.454  29.282 0.0000000000
55197  43.090  -16.280  29.177 0.0000000000
56958  41.573  -14.346  27.268 0.0000000000
122055  41.007  -15.339  27.125 0.0000000000
122472  40.464  -15.051  26.728 0.0000000000
39557  19.708  -32.058  41.571 0.0000000000
44505  32.014  -27.090  46.736 0.0000000000
128647  32.067  -26.309  47.105 0.0000000000
125926  31.633  -26.915  45.985 0.0000000000
44509  31.244  -27.237  45.267 0.0000000000
44515  30.646  -27.158  44.372 0.0000000000
43636  27.839  -28.887  41.144 0.0000000000
128250  28.291  -28.426  41.272 0.0000000000
43635  28.385  -28.042  40.709 0.0000000000
44542  28.416  -27.003  40.353 0.0000000000
45450  28.013  -25.942  40.346 0.0000000000
116624  28.112  -26.784  39.665 0.0000000000
44558  27.584  -27.075  38.407 0.0000000000
43690  27.014  -28.551  37.791 0.0000000000
50343  32.335  -20.674  33.671 0.0000000000
62476  46.239  -7.364  21.645 0.0000000000
62475  46.989  -7.102  21.826 0.0000000000
63368  45.881  -6.907  21.078 0.0000000000
63371  45.577  -6.510  20.409 0.0000000000
63380  43.915  -6.009  18.533 0.0000000000
65106  44.941  -4.841  17.673 0.0000000000
110856  45.613  -4.488  17.882 0.0000000000
65109  44.777  -4.743  16.872 0.0000000000
65119  44.800  -4.730  16.067 0.0000000000
113030  25.691  -27.495  46.571 0.0000000000
124729  25.027  -27.446  46.355 0.0000000000
42485  25.174  -27.994  47.855 0.0000000000
116733  28.174  -28.868  46.761 0.0000000000
42495  27.795  -28.675  46.175 0.0000000000
60637  45.499  -8.977  23.789 0.0000000000
61560  44.227  -8.705  23.099 0.0000000000
113454  24.012  -30.156  44.791 0.0000000000
121042  23.784  -30.095  43.984 0.0000000000
40471  24.066  -31.198  44.369 0.0000000000
39500  21.178  -31.226  45.931 0.0000000000
40472  20.293  -30.733  44.774 0.0000000000
116052  19.348  -30.864  43.784 0.0000000000
40484  18.533  -31.101  43.944 0.0000000000
40485  17.881  -31.463  43.892 0.0000000000
125849  18.127  -31.241  50.389 0.0000000000
39476  15.492  -31.647  47.631 0.0000000000
112909  15.766  -31.794  46.794 0.0000000000
39490  15.968  -32.142  46.017 0.0000000000
39503  16.090  -32.303  45.099 0.0000000000
56848  36.412  -13.361  35.370 0.0000000000
56840  36.621  -13.818  36.211 0.0000000000
55983  35.521  -14.770  36.059 0.0000000000
53304  36.092  -17.682  39.765 0.0000000000
54221  36.594  -17.081  39.942 0.0000000000
53320  36.032  -17.138  39.187 0.0000000000
54245  35.655  -16.778  38.376 0.0000000000
54262  35.341  -16.446  37.622 0.0000000000
52320  33.445  -18.391  36.852 0.0000000000
117505  32.926  -18.783  36.199 0.0000000000
51288  33.439  -19.362  36.704 0.0000000000
50309  33.699  -20.268  36.440 0.0000000000
49394  35.574  -22.168  35.817 0.0000000000
48516  35.629  -22.881  35.141 0.0000000000
47634  35.281  -23.986  32.674 0.0000000000
47633  35.412  -23.889  33.471 0.0000000000
46569  35.026  -24.447  33.372 0.0000000000
46570  34.129  -24.806  33.027 0.0000000000
47449  34.146  -23.694  46.264 0.0000000000
47459  34.725  -23.504  45.423 0.0000000000
47471  34.503  -23.502  44.603 0.0000000000
46447  34.034  -23.741  41.930 0.0000000000
122949  35.245  -24.130  41.678 0.0000000000
46461  35.905  -24.298  41.543 0.0000000000
129170  36.104  -24.484  40.856 0.0000000000
46485  36.538  -24.532  39.542 0.0000000000
46500  36.356  -24.522  38.712 0.0000000000
46486  35.751  -24.798  39.269 0.0000000000
46502  34.670  -24.810  38.211 0.0000000000
47605  31.225  -23.704  35.855 0.0000000000
116488  31.376  -23.804  34.854 0.0000000000
47619  30.960  -23.773  33.916 0.0000000000
59620  38.056  -10.594  31.677 0.0000000000
59629  38.342  -10.737  30.951 0.0000000000
125115  35.672  -11.625  30.227 0.0000000000
56036  32.222  -14.299  30.162 0.0000000000
56050  32.095  -14.286  29.307 0.0000000000
66801  50.636  -2.771  12.261 0.0000000000
108291  40.512  -16.777  28.414 0.0000000000
55214  39.450  -16.708  27.992 0.0000000000
56062  39.810  -16.133  28.614 0.0000000000
56063  39.204  -15.692  28.425 0.0000000000
56942  38.746  -14.450  28.449 0.0000000000
57854  37.054  -13.134  27.978 0.0000000000
57855  36.196  -12.699  27.875 0.0000000000
116564  44.163  -15.077  30.853 0.0000000000
56033  43.627  -15.520  30.356 0.0000000000
56034  42.696  -15.216  30.375 0.0000000000
124784  42.324  -16.079  29.930 0.0000000000
123380  41.691  -16.285  29.568 0.0000000000
55199  41.056  -16.444  29.179 0.0000000000
39556  21.719  -32.201  41.318 0.0000000000
42520  29.072  -29.349  44.266 0.0000000000
43597  29.657  -28.726  43.717 0.0000000000
42535  28.705  -29.300  43.437 0.0000000000
42537  27.601  -29.111  42.550 0.0000000000
128302  27.436  -28.995  41.934 0.0000000000
43637  26.754  -28.743  41.674 0.0000000000
43649  27.192  -28.992  40.773 0.0000000000
42582  26.934  -28.946  39.994 0.0000000000
42603  26.172  -28.916  38.862 0.0000000000
42604  24.989  -28.443  38.725 0.0000000000
113072  23.360  -28.469  38.220 0.0000000000
43665  23.636  -27.839  39.613 0.0000000000
61591  43.228  -8.100  20.821 0.0000000000
62483  43.659  -7.665  20.278 0.0000000000
42445  28.047  -29.000  50.295 0.0000000000
59658  43.758  -10.975  27.180 0.0000000000
59665  43.521  -10.505  26.691 0.0000000000
59666  42.740  -10.428  26.626 0.0000000000
59684  43.225  -9.964  26.144 0.0000000000
60626  43.334  -9.171  24.691 0.0000000000
60627  42.325  -9.183  24.733 0.0000000000
60629  40.265  -9.461  24.567 0.0000000000
60643  39.265  -9.441  22.772 0.0000000000
38536  24.167  -32.116  46.734 0.0000000000
38537  23.861  -32.200  46.293 0.0000000000
38528  23.298  -32.379  46.655 0.0000000000
123893  22.025  -31.908  46.725 0.0000000000
39460  22.568  -32.290  47.754 0.0000000000
39472  21.909  -31.778  47.423 0.0000000000
39487  21.361  -31.256  46.841 0.0000000000
40439  19.863  -30.417  47.111 0.0000000000
112932  14.848  -31.658  48.958 0.0000000000
39477  14.901  -32.155  47.272 0.0000000000
38540  14.547  -32.700  46.830 0.0000000000
126636  13.176  -34.368  46.528 0.0000000000
111894  36.894  -18.146  40.922 0.0000000000
117232  36.433  -17.897  40.315 0.0000000000
52273  35.992  -18.406  39.876 0.0000000000
51252  35.565  -18.886  39.379 0.0000000000
51274  34.823  -19.867  38.207 0.0000000000
50297  35.251  -20.733  37.859 0.0000000000
49383  35.884  -21.437  37.342 0.0000000000
129188  36.052  -22.360  36.392 0.0000000000
47491  30.914  -23.588  43.237 0.0000000000
124284  32.363  -23.328  43.913 0.0000000000
47506  31.761  -23.164  42.821 0.0000000000
47505  32.478  -23.237  42.308 0.0000000000
47534  30.209  -22.944  41.015 0.0000000000
47519  32.237  -23.258  41.442 0.0000000000
47518  33.189  -23.556  41.683 0.0000000000
47531  33.048  -23.667  40.787 0.0000000000
47547  32.919  -23.851  39.895 0.0000000000
46488  33.496  -24.174  39.495 0.0000000000
46489  32.832  -24.057  39.006 0.0000000000
47562  31.731  -23.742  38.257 0.0000000000
47576  31.338  -23.699  37.505 0.0000000000
48498  30.215  -23.048  38.187 0.0000000000
47577  30.472  -23.347  37.367 0.0000000000
47592  30.423  -23.404  36.393 0.0000000000
57760  35.740  -12.563  33.265 0.0000000000
57776  35.562  -12.333  32.472 0.0000000000
109899  34.562  -13.239  32.507 0.0000000000
111386  33.464  -13.656  31.837 0.0000000000
56894  32.815  -13.977  31.448 0.0000000000
56011  32.668  -14.775  32.846 0.0000000000
126241  32.225  -14.621  31.870 0.0000000000
56024  32.266  -14.410  30.970 0.0000000000
56037  31.857  -14.762  30.543 0.0000000000
66788  50.287  -3.137  13.141 0.0000000000
65952  50.256  -3.350  13.974 0.0000000000
65961  49.438  -3.358  12.822 0.0000000000
65145  48.039  -3.975  11.934 0.0000000000
58726  38.804  -12.253  25.838 0.0000000000
57868  38.247  -13.042  25.383 0.0000000000
56976  37.921  -14.139  25.014 0.0000000000
127202  38.450  -16.475  26.675 0.0000000000
55233  37.270  -16.370  26.236 0.0000000000
119894  37.201  -16.309  25.624 0.0000000000
55196  43.760  -15.791  29.017 0.0000000000
56060  44.362  -15.097  28.700 0.0000000000
116919  43.129  -12.562  27.662 0.0000000000
129014  42.488  -12.613  27.531 0.0000000000
57853  41.329  -13.099  27.195 0.0000000000
45409  35.411  -25.789  49.117 0.0000000000
45410  34.612  -25.364  48.549 0.0000000000
46391  33.973  -24.645  47.851 0.0000000000
45421  32.350  -25.582  47.206 0.0000000000
46405  32.683  -24.589  46.819 0.0000000000
46414  32.345  -24.200  46.042 0.0000000000
46424  31.251  -24.138  45.023 0.0000000000
43610  30.062  -27.557  43.461 0.0000000000
44521  30.115  -26.407  43.877 0.0000000000
44522  29.699  -26.543  43.178 0.0000000000
45432  30.084  -25.311  44.194 0.0000000000
113033  30.344  -24.350  43.848 0.0000000000
47475  31.053  -23.865  44.166 0.0000000000
124450  30.007  -24.030  43.145 0.0000000000
46448  29.735  -23.743  42.405 0.0000000000
47522  28.835  -23.729  41.228 0.0000000000
124020  28.254  -25.307  41.041 0.0000000000
46490  28.057  -24.003  40.209 0.0000000000
46491  27.624  -24.354  39.636 0.0000000000
46522  26.599  -24.975  37.606 0.0000000000
42620  25.950  -28.914  38.135 0.0000000000
42635  25.749  -28.973  37.270 0.0000000000
53392  31.716  -17.680  34.506 0.0000000000
65899  48.768  -4.275  20.384 0.0000000000
63372  44.839  -6.794  20.090 0.0000000000
63375  45.246  -6.076  19.707 0.0000000000
64235  45.963  -5.787  20.071 0.0000000000
65905  48.123  -3.880  19.173 0.0000000000
65910  47.777  -3.748  18.356 0.0000000000
65104  46.105  -4.095  17.554 0.0000000000
65917  46.861  -3.883  17.917 0.0000000000
65916  47.444  -3.660  17.482 0.0000000000
65924  47.726  -3.592  16.649 0.0000000000
65117  47.366  -3.943  14.822 0.0000000000
118469  46.547  -3.937  15.367 0.0000000000
130616  23.821  -27.678  42.749 0.0000000000
119153  23.538  -27.957  42.880 0.0000000000
42496  24.153  -28.108  46.025 0.0000000000
41472  23.817  -29.158  45.276 0.0000000000
41471  24.228  -30.110  45.556 0.0000000000
42473  26.567  -28.264  49.006 0.0000000000
108097  25.652  -28.604  49.210 0.0000000000
42463  25.007  -29.308  49.232 0.0000000000
41447  24.685  -29.689  48.401 0.0000000000
40437  24.614  -30.775  47.725 0.0000000000
39470  24.478  -31.688  47.162 0.0000000000
38526  24.291  -32.444  47.563 0.0000000000
38507  24.783  -33.047  49.333 0.0000000000
38508  24.058  -32.993  48.907 0.0000000000
44484  37.053  -26.367  50.220 0.0000000000
44497  33.934  -27.332  48.484 0.0000000000
43557  33.633  -27.882  48.465 0.0000000000
43563  33.166  -27.387  48.019 0.0000000000
43573  31.438  -28.221  46.196 0.0000000000
42503  30.631  -28.666  45.416 0.0000000000
42492  30.587  -29.079  46.323 0.0000000000
42504  30.021  -29.230  45.491 0.0000000000
42521  28.119  -29.323  44.187 0.0000000000
128841  27.431  -28.782  43.894 0.0000000000
43583  27.040  -27.972  45.358 0.0000000000
128111  26.851  -27.870  44.894 0.0000000000
43599  26.625  -27.797  44.277 0.0000000000
43615  24.554  -27.387  43.262 0.0000000000
58736  37.093  -12.072  24.372 0.0000000000
62464  47.667  -7.875  23.165 0.0000000000
62471  47.324  -7.491  22.455 0.0000000000
61557  46.561  -8.682  23.275 0.0000000000
61572  46.204  -8.325  22.665 0.0000000000
62473  45.832  -7.956  22.088 0.0000000000
61582  45.105  -8.129  21.920 0.0000000000
61561  43.247  -8.596  23.003 0.0000000000
112618  43.226  -8.450  22.153 0.0000000000
61592  42.379  -8.267  20.523 0.0000000000
121720  23.301  -28.736  42.897 0.0000000000
41508  23.256  -29.806  42.340 0.0000000000
40492  23.211  -30.851  41.893 0.0000000000
40491  23.510  -30.999  42.644 0.0000000000
39539  21.727  -32.271  42.088 0.0000000000
38550  23.485  -32.324  44.961 0.0000000000
39512  22.780  -32.463  44.272 0.0000000000
39513  21.794  -32.167  44.480 0.0000000000
128872  22.272  -32.515  43.890 0.0000000000
39558  18.948  -31.835  41.873 0.0000000000
38598  18.894  -32.372  41.550 0.0000000000
127351  19.319  -30.368  47.598 0.0000000000
116050  18.867  -30.275  46.917 0.0000000000
39453  17.156  -31.011  50.151 0.0000000000
109596  16.858  -30.795  49.126 0.0000000000
39464  17.126  -30.573  47.990 0.0000000000
40441  17.931  -30.380  47.304 0.0000000000
40463  17.899  -30.979  45.387 0.0000000000
40475  17.891  -31.241  44.591 0.0000000000
39515  17.347  -31.673  44.237 0.0000000000
39516  16.731  -31.959  44.667 0.0000000000
39529  16.875  -32.137  43.744 0.0000000000
35712  11.167  -35.828  49.440 0.0000000000
34787  11.183  -36.912  49.274 0.0000000000
59626  40.794  -10.745  30.860 0.0000000000
58651  37.313  -11.067  32.870 0.0000000000
58638  36.856  -11.610  33.311 0.0000000000
56870  35.212  -13.188  33.624 0.0000000000
56860  34.670  -13.786  34.009 0.0000000000
56849  35.577  -13.816  35.098 0.0000000000
55999  34.893  -14.137  34.743 0.0000000000
56000  34.258  -14.451  34.376 0.0000000000
55154  33.294  -15.475  34.476 0.0000000000
54311  32.848  -16.260  34.911 0.0000000000
54281  35.047  -16.090  36.891 0.0000000000
55137  34.729  -15.707  36.227 0.0000000000
54299  34.062  -16.044  35.899 0.0000000000
53376  32.196  -17.760  35.210 0.0000000000
52345  31.871  -18.451  34.784 0.0000000000
51301  32.689  -19.453  35.528 0.0000000000
126817  32.694  -20.456  34.328 0.0000000000
49395  34.874  -21.612  35.470 0.0000000000
49396  34.107  -21.189  35.155 0.0000000000
49403  33.996  -21.444  34.289 0.0000000000
46601  34.411  -24.324  31.597 0.0000000000
49355  39.208  -22.105  40.913 0.0000000000
46376  36.521  -24.768  48.687 0.0000000000
108880  37.136  -23.942  47.028 0.0000000000
46402  35.596  -23.923  47.152 0.0000000000
46401  36.520  -23.844  46.765 0.0000000000
108669  37.916  -24.115  46.779 0.0000000000
46410  38.677  -24.544  45.160 0.0000000000
47486  35.100  -23.584  43.952 0.0000000000
46436  35.184  -23.712  43.116 0.0000000000
46422  36.758  -23.844  44.342 0.0000000000
46420  38.220  -24.308  44.571 0.0000000000
46419  39.083  -24.397  44.433 0.0000000000
46431  39.122  -24.028  43.377 0.0000000000
46458  38.977  -24.206  41.238 0.0000000000
47517  39.738  -23.636  41.635 0.0000000000
119047  39.662  -23.222  41.239 0.0000000000
48461  39.325  -22.882  40.740 0.0000000000
48462  38.890  -22.412  40.239 0.0000000000
48469  38.528  -22.693  39.654 0.0000000000
47572  36.882  -23.240  38.157 0.0000000000
47560  36.742  -23.868  38.350 0.0000000000
47573  36.586  -23.503  37.616 0.0000000000
46540  35.491  -24.162  35.730 0.0000000000
46504  33.090  -24.289  38.294 0.0000000000
46519  33.733  -24.616  37.689 0.0000000000
122236  33.272  -24.534  36.943 0.0000000000
116511  34.053  -24.752  36.846 0.0000000000
46531  33.831  -24.741  36.103 0.0000000000
46541  34.870  -24.563  35.384 0.0000000000
46557  34.134  -24.869  34.029 0.0000000000
46571  32.994  -24.764  32.642 0.0000000000
46559  31.869  -24.371  33.242 0.0000000000
122527  40.350  -11.067  30.401 0.0000000000
58672  39.636  -11.026  30.292 0.0000000000
58685  38.393  -11.474  29.686 0.0000000000
108167  37.908  -11.080  30.321 0.0000000000
58695  38.018  -11.997  29.074 0.0000000000
58696  37.097  -11.737  28.964 0.0000000000
57831  36.704  -12.166  28.343 0.0000000000
57856  35.301  -12.557  28.066 0.0000000000
57788  35.385  -12.151  31.625 0.0000000000
57799  35.218  -12.042  30.717 0.0000000000
58676  35.151  -11.944  29.746 0.0000000000
56912  33.368  -13.329  30.072 0.0000000000
119956  33.888  -12.891  29.626 0.0000000000
129310  34.939  -12.123  29.177 0.0000000000
57833  34.718  -12.378  28.736 0.0000000000
56963  34.883  -13.286  27.477 0.0000000000
65128  47.604  -4.129  14.120 0.0000000000
38548  24.104  -31.960  46.037 0.0000000000
38549  23.968  -32.098  45.508 0.0000000000
41461  28.963  -29.563  46.536 0.0000000000
42475  25.073  -28.625  48.571 0.0000000000
42507  23.853  -28.375  45.311 0.0000000000
42552  23.335  -28.199  42.344 0.0000000000
43564  32.505  -27.670  47.446 0.0000000000
43577  24.616  -27.799  46.600 0.0000000000
43585  25.049  -27.290  44.754 0.0000000000
43616  23.881  -27.660  43.227 0.0000000000
44502  33.426  -26.538  48.085 0.0000000000
44527  29.271  -26.674  42.478 0.0000000000
46416  30.922  -25.104  45.408 0.0000000000
46421  37.438  -24.071  44.482 0.0000000000
46433  37.760  -24.125  43.833 0.0000000000
46457  39.256  -24.046  41.218 0.0000000000
46464  28.966  -24.212  42.024 0.0000000000
46471  36.726  -24.508  40.362 0.0000000000
46475  28.331  -24.260  40.808 0.0000000000
46503  33.753  -24.498  38.753 0.0000000000
46521  27.074  -24.193  38.050 0.0000000000
47460  33.871  -23.570  45.385 0.0000000000
47470  35.350  -23.525  44.629 0.0000000000
47490  31.701  -23.376  43.641 0.0000000000
47529  39.238  -23.704  40.800 0.0000000000
47545  38.454  -23.456  39.583 0.0000000000
47546  37.848  -23.836  39.326 0.0000000000
48481  38.114  -22.868  39.273 0.0000000000
48485  29.579  -22.782  38.661 0.0000000000
48496  37.093  -22.851  38.331 0.0000000000
48501  27.828  -22.989  37.412 0.0000000000
50276  38.268  -20.972  40.929 0.0000000000
51237  37.300  -19.767  40.864 0.0000000000
56001  33.617  -14.818  34.072 0.0000000000
56877  34.225  -13.204  31.768 0.0000000000
57761  35.097  -12.946  32.863 0.0000000000
57789  34.754  -12.591  31.283 0.0000000000
57801  33.991  -12.983  30.348 0.0000000000
57812  34.482  -12.421  29.470 0.0000000000
59595  37.824  -10.847  33.255 0.0000000000
64229  47.640  -5.644  21.192 0.0000000000
64234  46.660  -5.515  20.368 0.0000000000
64237  45.652  -5.384  19.392 0.0000000000
65907  49.952  -3.114  18.261 0.0000000000
65914  49.044  -3.417  17.402 0.0000000000
108104  24.585  -27.576  45.865 0.0000000000
111623  38.041  -24.281  42.289 0.0000000000
112307  31.829  -23.071  42.147 0.0000000000
116844  30.418  -26.109  44.474 0.0000000000
116869  24.343  -30.047  46.218 0.0000000000
121199  38.706  -24.254  41.778 0.0000000000
124490  18.974  -30.771  44.266 0.0000000000
124843  30.708  -22.882  40.418 0.0000000000
125087  12.617  -34.036  47.674 0.0000000000
128766  34.244  -12.694  29.955 0.0000000000
128993  30.200  -22.780  39.592 0.0000000000
130348  28.328  -26.274  40.898 0.0000000000
