#!ascii label  , from subject sub-v2s8x29183_ses-1 vox2ras=TkReg
893
92886  -23.688  -49.855  -57.477 0.5000000000
19047  -24.280  -51.080  -56.434 0.4000000060
19770  -24.222  -49.526  -56.204 0.6000000238
21057  -22.922  -47.022  -57.994 0.6000000238
20420  -23.364  -48.245  -57.443 0.5000000000
21050  -22.811  -45.895  -58.340 0.6000000238
20414  -24.383  -48.761  -55.411 0.6999999881
21049  -24.102  -47.508  -55.744 0.6999999881
21058  -22.668  -46.046  -59.628 0.5000000000
21728  -23.455  -44.859  -58.804 0.6999999881
18336  -19.637  -52.070  -51.038 0.5000000000
85171  -23.916  -46.323  -56.143 0.6999999881
22392  -23.872  -45.251  -56.473 0.6999999881
22393  -24.268  -43.891  -58.941 0.6000000238
90554  -24.587  -49.047  -52.174 0.6999999881
21033  -24.706  -48.084  -52.564 0.6999999881
86595  -24.743  -48.575  -54.178 0.6999999881
85421  -24.738  -47.743  -54.044 0.6999999881
19003  -19.018  -51.518  -51.428 0.6000000238
17626  -17.515  -53.065  -51.125 0.4000000060
23760  -25.541  -41.947  -57.628 0.6999999881
23769  -27.090  -41.929  -58.978 0.6000000238
21706  -24.414  -47.669  -51.691 0.6999999881
21021  -24.327  -48.461  -51.612 0.6999999881
86313  -24.833  -48.828  -53.092 0.6999999881
21715  -24.638  -47.300  -52.404 0.6999999881
22371  -24.460  -46.904  -51.802 0.6999999881
19727  -20.212  -50.676  -51.537 0.6000000238
22379  -24.727  -46.378  -52.901 0.6999999881
21721  -24.751  -47.137  -53.362 0.6999999881
19002  -18.197  -51.781  -51.534 0.5000000000
98409  -18.106  -52.466  -51.203 0.5000000000
22385  -24.163  -44.017  -56.831 0.6999999881
96676  -24.553  -46.656  -54.640 0.6999999881
23069  -24.819  -45.383  -52.790 0.6999999881
18334  -17.461  -52.217  -51.617 0.4000000060
22384  -24.624  -45.943  -54.469 0.6999999881
18333  -16.727  -52.732  -51.772 0.4000000060
23752  -25.153  -44.242  -53.872 0.6999999881
22386  -25.439  -43.101  -58.411 0.6999999881
23759  -25.430  -43.112  -54.226 0.6999999881
23761  -26.642  -41.787  -57.475 0.6000000238
24463  -25.906  -41.316  -56.459 0.6999999881
25817  -28.809  -41.615  -55.934 0.5000000000
89723  -28.257  -41.735  -57.219 0.5000000000
23083  -28.119  -42.291  -57.518 0.4000000060
24465  -28.446  -42.151  -56.434 0.5000000000
96467  -24.505  -45.134  -51.569 0.6999999881
20378  -20.595  -49.797  -51.593 0.6000000238
96597  -24.941  -44.693  -52.544 0.6999999881
102113  -25.182  -42.894  -55.616 0.6999999881
86635  -24.813  -45.059  -54.266 0.6999999881
98482  -25.688  -41.645  -56.401 0.6999999881
25816  -26.839  -41.212  -56.287 0.6999999881
25145  -26.745  -41.843  -56.938 0.6999999881
24464  -26.812  -42.189  -56.642 0.6999999881
21685  -22.293  -47.216  -50.691 0.6999999881
22353  -22.761  -46.453  -50.588 0.6999999881
99979  -23.281  -46.103  -50.640 0.8000000119
88906  -23.761  -44.880  -50.770 0.8000000119
87089  -21.908  -47.787  -50.840 0.6000000238
23045  -22.900  -45.416  -50.511 0.6000000238
23046  -23.839  -45.847  -50.892 0.8000000119
22352  -21.753  -46.460  -50.741 0.6000000238
100317  -24.308  -44.430  -51.130 0.6999999881
21018  -21.140  -49.140  -51.362 0.6000000238
86461  -21.175  -48.207  -51.264 0.6000000238
20377  -19.662  -49.983  -51.951 0.6000000238
98000  -20.474  -48.902  -51.712 0.6000000238
23742  -24.847  -44.293  -51.826 0.6999999881
19726  -19.290  -50.729  -51.757 0.5000000000
23753  -25.273  -43.914  -52.826 0.6999999881
24453  -25.599  -43.026  -53.134 0.6999999881
87170  -27.690  -40.509  -55.397 0.8000000119
24462  -25.819  -42.067  -54.885 0.6999999881
25146  -28.378  -41.962  -56.748 0.5000000000
23762  -28.485  -42.682  -55.740 0.4000000060
96579  -22.133  -45.857  -50.577 0.6000000238
23732  -23.098  -44.330  -50.504 0.8000000119
23733  -23.843  -44.022  -50.753 0.8000000119
21705  -21.364  -47.200  -51.031 0.6000000238
90578  -24.538  -43.770  -51.215 0.8000000119
19018  -18.305  -50.837  -52.084 0.6000000238
20397  -19.961  -49.372  -52.008 0.6000000238
21032  -20.132  -48.073  -51.962 0.6000000238
24442  -24.815  -43.000  -51.268 0.6999999881
24443  -25.265  -43.524  -52.001 0.6999999881
25127  -24.958  -42.215  -51.284 0.6999999881
19017  -17.455  -51.353  -52.161 0.5000000000
84907  -26.961  -40.246  -55.397 0.8000000119
25814  -26.190  -41.448  -54.282 0.6999999881
25134  -25.864  -42.059  -53.697 0.6999999881
25144  -26.195  -41.374  -55.779 0.6999999881
23731  -22.201  -44.483  -50.504 0.6999999881
24426  -22.399  -43.635  -50.498 0.6999999881
24427  -23.273  -43.475  -50.546 0.8000000119
25121  -23.429  -42.713  -50.575 0.8000000119
23044  -21.865  -45.180  -50.593 0.6999999881
25120  -22.584  -42.836  -50.527 0.8000000119
22370  -21.345  -45.668  -50.846 0.6000000238
24428  -24.029  -43.247  -50.763 0.8000000119
25122  -24.183  -42.480  -50.791 0.6999999881
20396  -19.304  -49.279  -52.567 0.6000000238
101148  -19.757  -48.721  -52.346 0.6000000238
25800  -25.057  -41.409  -51.310 0.6999999881
19744  -18.731  -49.918  -52.547 0.6000000238
25128  -25.574  -42.613  -52.217 0.6999999881
25801  -25.595  -41.908  -51.891 0.6999999881
18350  -15.995  -52.414  -52.481 0.4000000060
85785  -25.993  -41.803  -52.870 0.6999999881
25815  -26.369  -41.137  -55.836 0.8000000119
26523  -26.679  -40.847  -54.778 0.8000000119
97908  -26.382  -41.193  -53.724 0.6999999881
26525  -27.838  -41.065  -55.847 0.5000000000
97005  -29.266  -41.413  -54.969 0.5000000000
25147  -29.163  -41.554  -54.940 0.4000000060
25793  -23.464  -41.916  -50.587 0.8000000119
26506  -24.370  -40.930  -50.888 0.8000000119
22369  -20.650  -46.205  -51.392 0.6000000238
27238  -23.789  -40.011  -50.872 0.8000000119
25794  -24.281  -41.687  -50.826 0.8000000119
26511  -25.089  -40.450  -51.294 0.8000000119
26515  -25.957  -40.409  -51.933 0.8000000119
101069  -18.059  -50.141  -52.721 0.5000000000
27989  -26.714  -38.814  -52.294 0.8000000119
85628  -25.947  -41.168  -52.167 0.6999999881
93776  -17.343  -50.308  -52.981 0.4000000060
88954  -27.359  -39.414  -54.983 0.8000000119
26516  -26.566  -40.592  -52.956 0.6999999881
27259  -26.910  -40.276  -53.898 0.8000000119
26538  -26.899  -40.382  -55.596 0.8000000119
27260  -27.211  -39.751  -54.124 0.8000000119
26539  -27.870  -41.250  -55.966 0.6000000238
26526  -29.076  -41.348  -55.662 0.5000000000
86561  -21.862  -42.030  -50.837 0.6000000238
86334  -22.763  -42.171  -50.551 0.6999999881
23730  -21.384  -44.487  -50.751 0.6000000238
27243  -23.692  -38.895  -51.253 0.6999999881
99814  -21.194  -45.020  -50.893 0.6000000238
25119  -21.617  -42.872  -50.776 0.6000000238
23729  -20.818  -44.514  -51.176 0.6000000238
94360  -24.586  -38.743  -51.296 0.8000000119
95459  -19.448  -48.000  -52.701 0.6000000238
21031  -19.023  -48.425  -53.134 0.5000000000
27244  -24.702  -39.456  -51.206 0.8000000119
21030  -18.526  -48.944  -53.405 0.3000000119
27245  -25.575  -39.720  -51.599 0.8000000119
27246  -26.150  -39.235  -51.917 0.8000000119
27983  -26.131  -38.430  -51.778 0.8000000119
26524  -26.900  -40.420  -54.876 0.8000000119
27251  -26.844  -39.714  -52.816 0.8000000119
26512  -26.261  -39.948  -52.143 0.6999999881
27999  -27.609  -38.974  -54.030 0.8000000119
27261  -26.836  -40.423  -55.693 0.6999999881
25818  -29.598  -41.070  -54.712 0.3000000119
26504  -22.527  -40.258  -51.142 0.6999999881
23068  -19.016  -44.131  -53.684 0.5000000000
24425  -21.488  -43.731  -50.719 0.6000000238
88928  -24.154  -38.281  -51.325 0.6999999881
21714  -19.495  -47.216  -52.526 0.5000000000
23057  -20.503  -45.074  -51.487 0.5000000000
24424  -20.801  -43.849  -51.217 0.6000000238
21042  -18.617  -47.244  -53.598 0.3000000119
85809  -25.062  -37.252  -51.300 0.8000000119
97174  -26.320  -37.683  -51.735 0.8999999762
89181  -25.368  -38.810  -51.486 0.8000000119
27982  -25.608  -37.885  -51.507 0.8000000119
100914  -26.675  -38.153  -52.028 0.8999999762
89993  -27.256  -39.768  -54.849 0.8000000119
27252  -27.216  -39.119  -53.128 0.8000000119
28001  -27.304  -39.141  -55.283 0.8000000119
84885  -27.499  -41.731  -56.877 0.6000000238
26510  -21.557  -40.359  -51.847 0.6000000238
27237  -22.516  -39.298  -51.550 0.6000000238
27980  -23.341  -38.009  -51.502 0.6999999881
25791  -21.160  -41.041  -51.934 0.6000000238
23056  -19.670  -45.274  -52.290 0.6000000238
23741  -20.198  -43.999  -52.114 0.5000000000
24441  -20.807  -42.986  -51.422 0.6000000238
85196  -24.048  -37.490  -51.307 0.6999999881
28747  -24.408  -36.637  -51.129 0.8000000119
27981  -24.839  -38.086  -51.348 0.8000000119
28756  -25.896  -37.058  -51.468 0.8000000119
99342  -27.517  -37.537  -52.666 0.8999999762
91539  -26.631  -36.960  -51.754 0.8000000119
28765  -26.953  -37.583  -52.087 0.8000000119
28777  -27.887  -37.985  -53.700 0.8000000119
28000  -27.691  -38.619  -54.588 0.8000000119
28011  -26.454  -40.667  -56.333 0.6999999881
28012  -26.708  -40.621  -57.734 0.6999999881
28788  -27.579  -40.558  -59.111 0.6000000238
28013  -28.171  -41.741  -58.714 0.6000000238
28755  -22.897  -37.401  -51.467 0.8000000119
24452  -19.719  -42.595  -53.404 0.5000000000
25126  -20.880  -41.993  -51.773 0.5000000000
24440  -20.268  -43.179  -52.383 0.5000000000
29454  -23.809  -36.039  -50.788 0.8000000119
30099  -24.379  -35.292  -50.613 0.8000000119
23751  -19.797  -43.156  -53.089 0.5000000000
30100  -25.184  -35.366  -50.859 0.8000000119
29464  -25.372  -36.287  -51.187 0.8000000119
29465  -26.276  -36.246  -51.449 0.8000000119
29466  -27.013  -36.231  -51.845 0.8000000119
90942  -28.119  -37.421  -54.204 0.8000000119
29486  -28.125  -36.995  -53.143 0.8999999762
91100  -27.792  -38.162  -54.819 0.8000000119
28786  -26.303  -39.359  -57.001 0.6999999881
28787  -26.420  -38.612  -58.258 0.6999999881
29452  -22.436  -36.494  -50.728 0.8000000119
27973  -22.046  -37.790  -51.777 0.6000000238
89112  -22.782  -36.847  -51.230 0.8000000119
97523  -20.924  -37.796  -50.740 0.6000000238
26509  -20.296  -40.013  -53.753 0.5000000000
27242  -21.281  -38.959  -52.604 0.6000000238
27972  -21.265  -38.399  -52.281 0.6000000238
28746  -23.486  -36.794  -51.195 0.8000000119
100410  -20.267  -38.178  -49.757 0.6000000238
27967  -20.609  -38.563  -51.013 0.6000000238
28736  -21.077  -37.241  -49.911 0.6000000238
26502  -20.570  -39.395  -53.395 0.5000000000
85538  -20.685  -39.955  -53.272 0.5000000000
30782  -19.141  -34.572  -49.668 0.5000000000
91115  -19.517  -35.669  -49.316 0.5000000000
29440  -20.317  -36.562  -49.366 0.6000000238
25125  -20.027  -42.089  -53.331 0.5000000000
27236  -20.816  -38.947  -52.994 0.5000000000
30797  -24.837  -34.529  -50.591 0.6999999881
30107  -25.933  -35.436  -51.171 0.8000000119
30802  -25.603  -34.606  -50.877 0.8000000119
28757  -27.293  -36.918  -52.227 0.8000000119
30108  -26.673  -35.436  -51.542 0.8000000119
92391  -27.611  -37.719  -55.403 0.8999999762
28778  -27.145  -38.814  -55.701 0.8000000119
30096  -22.452  -35.678  -50.113 0.8000000119
94206  -22.886  -35.049  -50.055 0.8000000119
30085  -20.551  -35.609  -49.413 0.6000000238
89958  -21.463  -37.783  -51.661 0.6000000238
28745  -22.178  -37.207  -51.349 0.6000000238
29453  -23.084  -36.406  -50.935 0.8000000119
30097  -23.016  -35.842  -50.534 0.8000000119
86879  -20.026  -34.794  -49.448 0.5000000000
29441  -21.221  -36.415  -49.696 0.6000000238
30795  -23.319  -34.372  -50.147 0.8000000119
30098  -23.581  -35.219  -50.402 0.8000000119
92040  -23.570  -33.716  -50.277 0.6999999881
100459  -21.237  -37.589  -51.232 0.6000000238
32321  -20.148  -32.885  -48.716 0.4000000060
30783  -20.180  -34.014  -49.699 0.4000000060
84472  -19.999  -33.578  -48.341 0.4000000060
31498  -24.256  -33.488  -50.461 0.6999999881
97859  -20.297  -32.494  -49.314 0.4000000060
84061  -21.010  -32.897  -48.725 0.4000000060
31448  -18.877  -34.318  -47.700 0.4000000060
96044  -19.913  -35.452  -47.819 0.5000000000
32303  -19.058  -32.936  -48.491 0.3000000119
84306  -19.065  -36.020  -47.488 0.5000000000
30803  -26.296  -34.618  -51.247 0.8000000119
31508  -25.841  -33.770  -50.943 0.8000000119
29488  -27.799  -36.553  -55.382 0.8000000119
29487  -28.294  -36.686  -54.109 1.0000000000
29478  -28.305  -36.063  -53.041 0.8000000119
101564  -27.613  -36.319  -52.406 0.8000000119
30109  -27.479  -35.475  -52.159 0.8000000119
30804  -26.999  -34.623  -51.667 0.8000000119
30806  -27.629  -34.550  -52.286 0.8000000119
30116  -28.444  -35.724  -54.045 0.8000000119
30115  -28.326  -35.147  -52.940 0.8000000119
29492  -26.375  -37.715  -57.238 0.8999999762
29493  -25.307  -36.790  -58.429 0.6999999881
29499  -27.571  -38.519  -59.321 0.6999999881
94888  -25.714  -36.804  -59.459 0.6999999881
28792  -28.656  -40.893  -59.811 0.6000000238
30794  -22.593  -34.017  -49.850 0.8000000119
98328  -21.942  -35.395  -49.737 0.8000000119
94557  -21.402  -33.012  -50.160 0.8000000119
30793  -22.250  -34.836  -49.745 0.8000000119
30086  -21.363  -35.525  -49.587 0.5000000000
97499  -22.962  -33.522  -50.191 0.6999999881
31483  -20.058  -33.625  -48.705 0.4000000060
32331  -20.750  -32.646  -48.916 0.5000000000
30785  -21.588  -34.701  -49.617 0.6999999881
31496  -22.235  -32.798  -50.395 0.6999999881
31497  -22.948  -32.610  -50.530 0.6999999881
31458  -18.925  -33.727  -47.933 0.3000000119
32342  -23.767  -32.303  -50.722 0.6999999881
84313  -18.975  -37.225  -47.007 0.5000000000
32349  -23.821  -31.663  -51.193 0.6999999881
97140  -17.250  -35.620  -46.361 0.4000000060
102045  -18.108  -36.801  -46.659 0.4000000060
31509  -26.569  -33.829  -51.363 0.8000000119
31507  -24.904  -32.798  -50.712 0.6999999881
31510  -27.206  -33.864  -51.863 0.8000000119
100476  -26.811  -33.210  -51.569 0.6999999881
30810  -28.570  -34.665  -53.918 0.8000000119
98825  -26.557  -36.389  -56.902 0.8999999762
30118  -27.812  -35.393  -55.466 0.8000000119
29500  -29.582  -38.385  -60.013 0.5000000000
32333  -22.347  -33.163  -48.828 0.6999999881
31486  -21.941  -33.232  -50.146 0.8000000119
84392  -22.650  -34.566  -48.654 0.6999999881
33177  -22.416  -32.426  -49.068 0.6999999881
30743  -18.739  -35.057  -47.517 0.4000000060
96046  -21.430  -37.175  -48.056 0.6000000238
32323  -22.634  -33.021  -48.851 0.6999999881
32341  -22.322  -31.903  -50.637 0.6999999881
98196  -22.908  -31.455  -50.329 0.6999999881
96149  -19.557  -38.964  -46.997 0.5000000000
97456  -23.435  -31.528  -50.739 0.6999999881
84327  -17.883  -37.757  -45.935 0.4000000060
30034  -15.681  -36.941  -43.349 0.3000000119
86737  -17.068  -37.500  -44.681 0.3000000119
96031  -19.166  -41.502  -46.221 0.5000000000
27950  -17.559  -39.927  -44.750 0.4000000060
92625  -24.765  -31.868  -51.189 0.6999999881
32350  -25.942  -32.769  -51.177 0.6999999881
30807  -28.236  -34.384  -52.856 0.8000000119
30121  -25.411  -35.627  -57.732 0.8000000119
30813  -27.035  -34.478  -56.506 0.8000000119
30122  -24.666  -35.652  -59.490 0.8000000119
30126  -27.937  -36.554  -60.248 0.6999999881
95253  -26.016  -35.337  -60.866 0.6999999881
30815  -25.178  -34.425  -60.480 0.6999999881
101940  -22.752  -38.959  -48.183 0.6000000238
96075  -23.575  -36.721  -48.703 0.6000000238
84442  -24.303  -35.707  -48.714 0.6999999881
101139  -23.665  -33.317  -48.950 0.6999999881
89429  -23.534  -32.761  -49.234 0.6999999881
85186  -22.841  -31.986  -49.417 0.6999999881
84314  -20.327  -37.768  -47.689 0.5000000000
96134  -21.926  -36.206  -48.437 0.6000000238
33195  -22.607  -31.540  -49.772 0.6999999881
96027  -22.505  -37.620  -48.466 0.6000000238
30033  -16.464  -35.784  -45.034 0.3000000119
96076  -20.587  -40.307  -47.647 0.5000000000
96144  -21.588  -38.578  -48.001 0.5000000000
96048  -23.583  -39.795  -47.706 0.6000000238
33196  -23.272  -30.900  -50.138 0.6999999881
28685  -19.016  -41.809  -43.920 0.4000000060
96043  -20.152  -42.873  -44.857 0.5000000000
96103  -22.680  -42.644  -44.431 0.6000000238
33201  -24.231  -31.206  -51.074 0.6999999881
33197  -24.348  -30.836  -50.302 0.6999999881
89940  -17.575  -38.699  -41.117 0.3000000119
32360  -25.303  -31.434  -51.612 0.6999999881
31516  -27.779  -33.805  -52.509 0.8000000119
91834  -27.345  -33.079  -52.091 0.6999999881
32351  -26.648  -32.320  -51.644 0.6999999881
32363  -28.018  -32.999  -52.855 0.8000000119
30811  -28.388  -34.378  -54.990 0.8000000119
31517  -28.425  -33.778  -53.304 0.8000000119
101291  -28.328  -32.539  -55.491 0.8000000119
32372  -28.501  -33.119  -54.932 0.8000000119
96318  -28.455  -32.483  -54.606 0.8000000119
33224  -28.249  -31.872  -55.646 0.8000000119
31527  -26.270  -33.415  -60.713 0.6999999881
30822  -27.224  -34.493  -61.578 0.6000000238
84333  -24.553  -37.412  -48.325 0.6000000238
96142  -23.426  -41.464  -46.899 0.6000000238
32324  -24.865  -33.491  -49.053 0.6999999881
96077  -24.440  -38.685  -47.634 0.6000000238
33178  -24.967  -32.680  -49.441 0.6999999881
33188  -23.426  -31.277  -49.829 0.6999999881
28686  -20.449  -42.439  -42.472 0.4000000060
28706  -24.415  -39.010  -46.003 0.5000000000
84312  -23.770  -40.638  -45.551 0.5000000000
28689  -23.726  -39.171  -44.772 0.5000000000
33972  -23.796  -30.829  -50.153 0.6999999881
29379  -18.479  -40.506  -41.848 0.3000000119
88620  -20.830  -40.079  -41.296 0.3000000119
28687  -22.274  -41.281  -42.314 0.4000000060
89646  -19.380  -38.180  -40.415 0.3000000119
30023  -20.515  -36.375  -40.607 0.3000000119
86060  -23.610  -30.919  -52.001 0.6999999881
33984  -23.177  -30.115  -51.518 0.6999999881
100680  -23.912  -30.667  -52.268 0.6999999881
32361  -26.213  -31.360  -51.951 0.6999999881
34730  -23.903  -29.752  -51.176 0.6999999881
33203  -24.393  -30.434  -52.488 0.6999999881
33202  -23.445  -30.231  -52.401 0.6999999881
32371  -28.542  -33.079  -53.858 0.8000000119
32362  -27.347  -31.972  -52.374 0.6999999881
33985  -23.941  -29.822  -52.745 0.6999999881
31521  -28.579  -33.791  -54.334 0.8000000119
33211  -26.333  -30.706  -52.522 0.8000000119
34748  -24.562  -29.970  -52.941 0.6999999881
32370  -28.122  -32.216  -53.457 0.8000000119
33992  -26.458  -30.015  -53.353 0.8000000119
31525  -26.095  -33.400  -57.811 0.8000000119
33223  -28.190  -31.595  -54.432 0.8000000119
30814  -24.865  -34.450  -58.799 0.8000000119
97602  -27.865  -32.804  -56.347 0.8000000119
91885  -27.935  -30.845  -55.713 0.8000000119
94509  -28.501  -34.896  -61.997 0.5000000000
88421  -26.073  -32.360  -59.214 0.8000000119
31526  -24.944  -33.091  -59.843 0.8000000119
84361  -24.847  -36.259  -48.439 0.6999999881
30751  -25.297  -35.171  -48.389 0.6999999881
96030  -24.171  -39.946  -46.891 0.6000000238
31460  -25.837  -34.278  -48.087 0.6999999881
32325  -25.700  -33.234  -48.953 0.6999999881
29395  -24.546  -37.496  -45.953 0.5000000000
31478  -25.769  -33.668  -48.460 0.6999999881
29380  -22.315  -39.123  -42.349 0.4000000060
94359  -22.543  -37.132  -42.862 0.4000000060
29381  -23.289  -38.232  -43.785 0.5000000000
33189  -24.995  -31.746  -49.747 0.6999999881
33973  -25.263  -31.309  -49.996 0.6999999881
30024  -21.887  -35.952  -42.318 0.3000000119
30025  -22.925  -35.616  -43.705 0.3000000119
94556  -23.683  -35.449  -44.714 0.5000000000
33190  -26.135  -31.776  -49.359 0.6999999881
31438  -22.749  -33.050  -44.578 0.3000000119
33974  -26.154  -31.282  -50.008 0.6999999881
91331  -21.988  -33.532  -43.498 0.3000000119
33979  -26.003  -30.687  -50.515 0.6999999881
34738  -23.607  -29.584  -51.925 0.6999999881
34739  -24.438  -29.287  -52.160 0.6999999881
33991  -24.550  -29.962  -52.988 0.8000000119
31522  -28.164  -33.657  -55.576 0.8000000119
34749  -24.838  -29.569  -53.400 0.8000000119
34003  -27.689  -30.709  -54.208 0.8000000119
34004  -27.364  -29.848  -54.696 0.8000000119
34759  -25.676  -29.341  -53.842 0.8000000119
32375  -27.558  -31.939  -57.062 0.8000000119
32377  -26.181  -32.001  -60.552 0.8000000119
29396  -24.993  -37.362  -46.785 0.6000000238
93257  -25.281  -36.531  -47.264 0.6000000238
92777  -21.289  -37.855  -41.232 0.3000000119
28688  -23.136  -40.457  -43.672 0.5000000000
30745  -25.608  -34.942  -47.628 0.6000000238
30041  -24.421  -35.444  -45.829 0.5000000000
32293  -25.557  -33.410  -47.501 0.6999999881
33179  -26.051  -32.698  -48.782 0.6999999881
30744  -24.879  -34.690  -46.500 0.6000000238
32305  -25.744  -32.710  -47.849 0.6999999881
86363  -26.261  -32.041  -48.845 0.6999999881
31428  -22.998  -33.925  -44.390 0.3000000119
32262  -20.950  -32.598  -42.987 0.3000000119
100043  -23.413  -30.500  -46.126 0.3000000119
34689  -22.313  -29.426  -44.935 0.3000000119
33939  -22.795  -30.524  -45.524 0.3000000119
34690  -23.230  -29.777  -45.946 0.3000000119
35476  -22.380  -27.528  -44.628 0.3000000119
34731  -25.179  -29.709  -51.278 0.6999999881
96424  -24.292  -28.952  -53.817 0.8000000119
33227  -27.482  -30.963  -57.699 0.8000000119
97257  -27.643  -29.923  -56.180 0.8000000119
31450  -25.308  -34.036  -47.117 0.6000000238
32280  -23.527  -32.769  -45.486 0.4000000060
33153  -24.752  -31.514  -47.131 0.6000000238
33163  -25.736  -31.668  -48.074 0.6999999881
33957  -24.729  -30.523  -47.335 0.4000000060
33164  -26.093  -31.282  -48.514 0.6999999881
33180  -26.414  -31.416  -49.024 0.6999999881
100395  -23.436  -28.990  -46.111 0.3000000119
33965  -26.617  -30.707  -49.310 0.6999999881
33975  -26.942  -30.925  -49.906 0.6999999881
33980  -26.832  -30.566  -50.369 0.6999999881
34726  -27.043  -30.209  -49.687 0.6999999881
34732  -26.991  -30.062  -50.792 0.6999999881
34760  -26.376  -28.934  -54.680 0.8000000119
33228  -27.203  -30.104  -60.127 0.8000000119
34761  -27.496  -29.268  -55.781 0.8000000119
34008  -27.531  -30.045  -57.676 0.8000000119
101009  -28.526  -32.748  -60.528 0.6000000238
32376  -26.538  -31.144  -60.034 0.8000000119
32380  -27.367  -31.022  -60.290 0.6000000238
33231  -27.570  -29.979  -60.436 0.6999999881
32292  -24.587  -33.121  -46.470 0.6000000238
87088  -24.599  -32.329  -46.704 0.6000000238
33949  -23.969  -30.523  -46.592 0.3000000119
34699  -23.961  -29.635  -46.707 0.3000000119
98892  -25.462  -30.324  -48.021 0.5000000000
34707  -24.610  -29.450  -47.416 0.3000000119
33964  -26.199  -30.551  -48.665 0.6999999881
94045  -23.516  -26.739  -45.761 0.3000000119
35478  -23.994  -28.561  -46.690 0.3000000119
35504  -25.911  -28.762  -48.762 0.4000000060
92685  -27.379  -29.484  -50.677 0.6000000238
35519  -27.381  -28.947  -50.290 0.6000000238
34740  -26.851  -29.393  -51.491 0.8000000119
35529  -25.236  -29.855  -53.026 0.8000000119
35523  -27.615  -28.903  -51.015 0.6999999881
35530  -26.520  -28.865  -51.927 0.6999999881
35537  -24.643  -28.974  -53.756 0.8000000119
86429  -25.658  -28.036  -52.719 0.6999999881
35546  -24.444  -28.451  -54.127 0.8000000119
34766  -27.444  -28.857  -57.796 0.8000000119
35548  -27.218  -28.374  -56.349 0.8000000119
32381  -29.399  -31.837  -60.346 0.6000000238
34708  -25.092  -29.240  -47.923 0.4000000060
34716  -25.681  -29.506  -48.396 0.5000000000
34717  -26.398  -29.803  -49.008 0.6000000238
36231  -24.365  -27.640  -47.074 0.3000000119
36232  -24.900  -27.718  -47.877 0.3000000119
35505  -26.799  -29.083  -49.486 0.6000000238
101136  -23.702  -25.294  -46.013 0.3000000119
94675  -24.483  -26.086  -47.084 0.3000000119
36978  -25.204  -26.971  -48.206 0.3000000119
90051  -24.099  -25.673  -46.419 0.3000000119
37737  -23.900  -24.895  -46.349 0.3000000119
91669  -27.638  -28.051  -51.456 0.6999999881
35547  -24.951  -27.963  -55.169 0.8000000119
96872  -24.399  -28.049  -53.696 0.6999999881
32394  -32.186  -30.865  -60.667 0.6000000238
34009  -27.471  -29.127  -60.161 0.6999999881
33246  -30.486  -30.606  -60.278 0.6999999881
34012  -27.764  -29.148  -60.791 0.6999999881
88268  -30.113  -26.925  -59.999 0.5000000000
89894  -26.148  -27.996  -49.083 0.6000000238
36262  -26.860  -28.034  -49.716 0.6000000238
36263  -27.465  -27.910  -50.585 0.6000000238
36273  -27.727  -27.106  -51.061 0.6999999881
38575  -23.066  -23.624  -46.707 0.3000000119
36280  -27.735  -27.237  -52.308 0.6999999881
36297  -24.993  -27.175  -54.974 0.6999999881
36286  -25.097  -27.282  -53.674 0.6000000238
35554  -27.646  -27.505  -59.305 0.6999999881
34767  -27.540  -27.959  -60.182 0.6999999881
34771  -28.709  -28.017  -60.485 0.6999999881
92574  -30.433  -28.698  -60.245 0.6999999881
97464  -26.369  -27.330  -49.306 0.4000000060
89895  -26.900  -27.132  -49.800 0.6000000238
39391  -23.357  -23.251  -47.162 0.3000000119
39382  -23.665  -23.773  -46.850 0.3000000119
99793  -26.756  -27.059  -57.222 0.6000000238
37041  -24.778  -26.076  -55.042 0.6000000238
34013  -30.315  -29.862  -60.267 0.6999999881
33247  -32.624  -30.341  -60.030 0.5000000000
34786  -31.886  -29.101  -59.283 0.6000000238
34027  -32.331  -29.864  -59.583 0.6000000238
34772  -31.199  -28.193  -59.319 0.5000000000
35562  -30.996  -27.940  -57.548 0.5000000000
36993  -26.287  -26.478  -49.254 0.4000000060
37769  -25.355  -25.601  -48.465 0.4000000060
94889  -27.322  -26.900  -50.316 0.6000000238
40299  -23.781  -22.673  -47.604 0.3000000119
39392  -24.214  -23.522  -47.335 0.3000000119
39393  -24.842  -23.621  -47.880 0.3000000119
37021  -28.062  -26.348  -51.423 0.6000000238
40311  -25.050  -22.286  -48.451 0.3000000119
37022  -28.117  -26.343  -52.391 0.6000000238
37030  -27.269  -26.479  -53.378 0.6000000238
36302  -25.475  -25.772  -56.772 0.6000000238
100755  -24.689  -25.921  -55.698 0.6000000238
36303  -27.157  -25.330  -59.271 0.6000000238
35555  -28.509  -27.011  -60.457 0.6999999881
99448  -30.437  -26.761  -59.061 0.5000000000
37770  -25.867  -25.632  -48.994 0.4000000060
37001  -27.053  -26.283  -49.855 0.4000000060
38609  -26.126  -24.850  -49.254 0.4000000060
37013  -27.593  -26.230  -50.557 0.4000000060
39405  -24.627  -22.865  -47.901 0.3000000119
39406  -25.348  -23.277  -48.492 0.3000000119
40325  -25.710  -22.552  -49.064 0.3000000119
37042  -26.898  -25.407  -54.257 0.5000000000
37046  -25.885  -24.438  -58.196 0.6000000238
35560  -28.517  -26.460  -59.478 0.6000000238
35561  -29.520  -26.399  -60.030 0.5000000000
36310  -30.143  -26.117  -58.789 0.5000000000
37784  -26.611  -25.557  -49.524 0.4000000060
37785  -27.365  -25.463  -50.152 0.4000000060
38610  -26.980  -24.589  -49.833 0.4000000060
37797  -27.961  -25.520  -50.917 0.4000000060
37810  -28.152  -25.712  -53.025 0.4000000060
37809  -28.288  -25.645  -51.938 0.5000000000
41123  -25.422  -21.659  -48.891 0.3000000119
37830  -24.427  -24.809  -55.861 0.5000000000
37045  -24.414  -25.001  -56.262 0.6000000238
36309  -28.963  -25.386  -60.041 0.6000000238
36304  -30.936  -27.490  -56.309 0.5000000000
42523  -25.940  -20.022  -49.475 0.3000000119
41858  -26.409  -20.654  -49.942 0.4000000060
41859  -26.880  -20.447  -50.673 0.4000000060
37053  -28.094  -24.264  -60.241 0.5000000000
87140  -26.580  -19.088  -50.198 0.4000000060
38657  -25.997  -22.400  -58.072 0.5000000000
89857  -25.140  -22.801  -56.974 0.5000000000
37835  -26.763  -23.246  -59.100 0.5000000000
90532  -29.529  -25.236  -59.337 0.5000000000
89313  -30.809  -26.654  -55.675 0.5000000000
37054  -30.302  -25.897  -56.801 0.5000000000
42536  -26.869  -19.662  -50.861 0.4000000060
98517  -27.339  -20.916  -51.097 0.4000000060
98235  -28.476  -23.315  -59.578 0.5000000000
37047  -29.654  -24.724  -57.747 0.5000000000
37841  -29.206  -23.343  -57.909 0.5000000000
99036  -30.804  -25.480  -54.899 0.4000000060
37048  -30.668  -26.025  -55.436 0.5000000000
41874  -27.382  -20.244  -51.311 0.4000000060
43261  -26.880  -18.788  -50.904 0.4000000060
89569  -30.261  -24.577  -55.433 0.4000000060
38665  -27.808  -22.150  -59.633 0.4000000060
38659  -31.111  -24.658  -54.548 0.4000000060
91221  -32.689  -24.019  -54.540 0.4000000060
39478  -29.536  -22.548  -55.842 0.4000000060
93169  -31.777  -24.128  -54.356 0.4000000060
39481  -32.936  -23.262  -54.684 0.4000000060
38658  -30.061  -23.695  -55.418 0.4000000060
39479  -30.921  -23.473  -54.530 0.3000000119
101105  -30.415  -22.784  -54.771 0.4000000060
40396  -30.881  -22.619  -54.527 0.3000000119
101346  -31.594  -22.926  -54.415 0.4000000060
39480  -32.065  -23.469  -54.386 0.4000000060
40397  -32.367  -22.703  -54.529 0.5000000000
25792  -22.372  -41.254  -50.808 0.6000000238
84817  -18.722  -46.133  -53.398 0.4000000060
29455  -24.642  -35.940  -50.916 0.8000000119
29451  -21.930  -36.146  -49.978 0.6000000238
88588  -21.196  -33.227  -49.494 0.6000000238
32334  -22.487  -32.999  -49.866 0.6999999881
30051  -25.465  -35.850  -47.828 0.6999999881
33976  -27.146  -30.469  -50.131 0.6999999881
36250  -25.831  -27.133  -48.794 0.4000000060
19771  -22.928  -48.290  -58.874 0.5000000000
20421  -22.529  -47.237  -59.426 0.5000000000
19041  -24.707  -50.860  -55.128 0.6999999881
21729  -24.914  -44.261  -60.077 0.5000000000
23058  -24.503  -46.073  -51.799 0.6999999881
21704  -20.404  -47.223  -51.672 0.6000000238
95543  -28.769  -41.454  -55.829 0.5000000000
26505  -23.487  -41.028  -50.685 0.6999999881
27270  -27.835  -41.323  -56.075 0.6000000238
27990  -27.280  -38.301  -52.725 0.8999999762
89256  -29.024  -41.378  -56.145 0.4000000060
22378  -18.841  -45.102  -53.456 0.3000000119
22368  -19.592  -46.246  -52.310 0.5000000000
27979  -22.363  -38.380  -51.778 0.6000000238
84604  -21.360  -39.568  -52.454 0.6000000238
98096  -22.639  -37.855  -51.646 0.6000000238
23740  -19.714  -44.440  -52.503 0.5000000000
102091  -28.358  -41.405  -59.760 0.4000000060
84667  -19.754  -41.616  -53.790 0.5000000000
30796  -24.038  -34.472  -50.382 0.6999999881
27235  -20.487  -38.958  -52.667 0.5000000000
27971  -20.932  -38.228  -52.115 0.6000000238
26503  -20.733  -39.412  -53.199 0.5000000000
28735  -20.218  -37.445  -49.489 0.6000000238
25799  -20.222  -41.030  -53.598 0.5000000000
31477  -20.105  -33.237  -50.128 0.4000000060
31499  -25.168  -33.852  -50.658 0.6999999881
30784  -20.811  -34.470  -49.580 0.5000000000
28744  -21.676  -36.989  -50.741 0.6000000238
31485  -21.211  -33.782  -49.786 0.6000000238
96054  -19.536  -34.440  -47.851 0.4000000060
84059  -20.588  -34.813  -48.043 0.5000000000
95653  -18.159  -35.997  -46.994 0.4000000060
96150  -19.742  -36.492  -47.646 0.5000000000
96036  -20.717  -36.317  -47.928 0.5000000000
84062  -21.759  -32.993  -48.731 0.6999999881
33176  -21.936  -32.669  -48.876 0.6999999881
32322  -21.489  -32.763  -48.795 0.6000000238
96045  -18.684  -38.985  -46.164 0.5000000000
30040  -17.245  -36.587  -45.895 0.4000000060
84060  -23.005  -35.492  -48.682 0.6000000238
32304  -23.688  -33.925  -48.828 0.6999999881
84483  -21.649  -35.111  -48.459 0.6000000238
96151  -21.001  -35.501  -48.147 0.5000000000
29393  -17.143  -39.024  -43.907 0.3000000119
28705  -17.142  -39.835  -43.847 0.3000000119
96133  -22.245  -40.454  -47.864 0.6000000238
96081  -24.163  -34.880  -48.767 0.6999999881
31459  -25.175  -34.287  -48.676 0.6999999881
84307  -21.297  -42.474  -47.002 0.5000000000
29382  -23.876  -37.737  -44.958 0.5000000000
33978  -23.958  -30.359  -50.611 0.6999999881
30724  -21.234  -34.721  -42.129 0.3000000119
33222  -27.553  -31.179  -53.243 0.8000000119
102257  -25.865  -32.375  -49.244 0.6999999881
30725  -22.523  -34.617  -43.452 0.3000000119
30733  -23.788  -34.450  -45.288 0.5000000000
32263  -21.969  -32.641  -44.058 0.3000000119
33152  -23.762  -31.188  -46.310 0.3000000119
33181  -26.505  -31.230  -49.481 0.6999999881
35466  -22.776  -28.747  -45.319 0.3000000119
34727  -27.338  -29.799  -50.118 0.6000000238
36209  -23.716  -27.519  -46.206 0.3000000119
35492  -24.667  -28.508  -47.559 0.3000000119
36959  -24.125  -26.648  -46.517 0.3000000119
35563  -31.373  -28.890  -56.733 0.4000000060
38591  -25.196  -24.212  -48.258 0.4000000060
40310  -24.230  -22.060  -48.102 0.3000000119
42535  -26.488  -19.799  -50.037 0.3000000119
40395  -29.858  -22.087  -55.208 0.4000000060
40398  -33.137  -22.501  -54.803 0.3000000119
16966  -23.750  -54.206  -52.456 0.5000000000
16974  -23.923  -54.468  -53.149 0.5000000000
16942  -21.938  -54.488  -50.672 0.4000000060
17627  -23.027  -53.610  -51.433 0.5000000000
16958  -23.309  -54.321  -51.799 0.5000000000
17640  -23.677  -53.592  -52.101 0.5000000000
88263  -24.492  -52.717  -53.253 0.6000000238
17606  -22.278  -53.681  -50.923 0.5000000000
18339  -22.593  -52.843  -51.207 0.5000000000
93026  -23.433  -52.895  -51.736 0.5000000000
18314  -21.876  -53.119  -50.818 0.5000000000
18341  -23.892  -52.204  -51.955 0.6000000238
18352  -24.356  -52.071  -52.673 0.6000000238
19019  -24.574  -51.232  -52.891 0.6000000238
19757  -24.760  -50.341  -53.190 0.6000000238
19031  -24.708  -51.798  -53.748 0.6000000238
19765  -24.753  -50.061  -54.389 0.6000000238
97692  -24.767  -50.934  -53.756 0.6000000238
19008  -23.678  -51.611  -51.706 0.5000000000
18338  -21.797  -52.453  -50.968 0.5000000000
94953  -22.431  -51.982  -51.266 0.5000000000
19009  -24.194  -51.434  -52.119 0.6000000238
18983  -21.008  -52.143  -50.956 0.5000000000
19006  -21.639  -51.721  -51.177 0.5000000000
20398  -24.682  -49.692  -52.651 0.6000000238
18340  -23.213  -52.176  -51.509 0.5000000000
19007  -22.255  -51.156  -51.314 0.5000000000
19730  -22.942  -50.373  -51.310 0.5000000000
99210  -23.081  -51.368  -51.428 0.5000000000
19731  -23.843  -50.760  -51.673 0.5000000000
20382  -24.334  -49.869  -51.917 0.6000000238
101165  -21.548  -51.059  -51.314 0.5000000000
19745  -24.441  -50.578  -52.338 0.6000000238
18312  -20.327  -52.498  -50.780 0.5000000000
19005  -20.808  -51.371  -51.255 0.5000000000
20407  -24.810  -49.432  -53.662 0.6000000238
21020  -23.658  -48.675  -51.072 0.5000000000
97966  -23.738  -49.936  -51.486 0.6000000238
91851  -24.111  -49.244  -51.520 0.6000000238
20380  -22.402  -49.606  -51.149 0.5000000000
19004  -19.877  -51.390  -51.341 0.5000000000
21019  -22.776  -48.736  -50.882 0.5000000000
20381  -23.300  -49.429  -51.179 0.5000000000
21001  -23.899  -47.936  -51.026 0.6000000238
20379  -21.530  -49.745  -51.314 0.5000000000
19728  -21.108  -50.530  -51.387 0.5000000000
21686  -23.258  -47.370  -50.729 0.6000000238
21000  -23.294  -48.140  -50.811 0.5000000000
21687  -24.029  -47.192  -51.067 0.6000000238
87905  -21.865  -48.955  -51.086 0.6000000238
100748  -22.084  -48.332  -50.880 0.6000000238
20999  -22.629  -47.938  -50.736 0.6000000238
22354  -23.571  -46.604  -50.787 0.6000000238
22355  -24.122  -46.549  -51.194 0.6000000238
30042  -25.320  -35.619  -46.944 0.5000000000
41197  -32.468  -21.856  -54.595 0.3000000119
41198  -33.376  -21.794  -54.964 0.3000000119
94405  -33.598  -21.097  -55.198 0.3000000119
16252  -21.658  -55.319  -50.469 0.4000000060
91795  -22.903  -55.060  -51.601 0.5000000000
17651  -24.540  -53.183  -53.938 0.5000000000
18363  -24.664  -52.483  -54.110 0.5000000000
16941  -21.227  -54.651  -50.204 0.4000000060
100970  -20.910  -53.446  -50.450 0.5000000000
91681  -20.389  -53.204  -50.498 0.5000000000
18313  -21.129  -52.925  -50.667 0.5000000000
18335  -18.818  -52.272  -51.068 0.4000000060
26540  -29.311  -41.035  -55.869 0.4000000060
31449  -24.201  -33.742  -46.033 0.5000000000
100033  -23.904  -32.496  -46.134 0.4000000060
31534  -29.264  -33.424  -60.968 0.5000000000
32382  -31.093  -32.161  -60.812 0.5000000000
93895  -32.867  -21.123  -54.802 0.3000000119
41913  -33.077  -20.430  -55.009 0.3000000119
18337  -20.326  -51.899  -51.074 0.4000000060
16967  -24.270  -53.637  -52.974 0.6000000238
16957  -22.646  -54.379  -51.198 0.4000000060
17628  -24.067  -52.876  -52.412 0.6000000238
17605  -21.447  -53.746  -50.523 0.5000000000
19729  -21.964  -50.408  -51.282 0.5000000000
87388  -24.728  -51.863  -55.050 0.4000000060
24451  -19.289  -42.575  -54.005 0.4000000060
23750  -19.282  -43.252  -53.700 0.4000000060
25798  -19.740  -40.986  -53.689 0.4000000060
27234  -19.359  -40.151  -50.488 0.4000000060
27229  -20.039  -39.462  -50.685 0.4000000060
84514  -19.821  -39.548  -52.865 0.4000000060
27233  -18.173  -40.047  -49.912 0.3000000119
84677  -18.779  -40.877  -50.494 0.3000000119
27228  -18.838  -39.373  -49.762 0.4000000060
27966  -19.635  -38.738  -49.690 0.5000000000
28734  -19.281  -37.853  -49.402 0.4000000060
29439  -19.051  -36.770  -49.276 0.4000000060
31439  -23.483  -33.518  -45.114 0.3000000119
35493  -25.250  -28.562  -48.174 0.3000000119
36249  -25.514  -27.831  -48.474 0.3000000119
36992  -25.560  -26.308  -48.606 0.3000000119
37834  -24.832  -23.697  -57.152 0.4000000060
38592  -25.517  -24.928  -48.686 0.3000000119
37831  -25.108  -23.932  -55.889 0.4000000060
38608  -25.715  -24.155  -48.946 0.3000000119
90829  -26.291  -24.145  -49.430 0.3000000119
39431  -27.566  -23.828  -50.446 0.3000000119
38623  -27.750  -24.739  -50.565 0.3000000119
39417  -26.006  -23.432  -49.275 0.3000000119
41124  -26.082  -21.904  -49.477 0.3000000119
41135  -26.401  -21.399  -49.863 0.3000000119
37817  -27.848  -24.716  -53.954 0.3000000119
96839  -26.920  -23.147  -55.441 0.3000000119
39485  -28.742  -22.213  -58.179 0.3000000119
39418  -26.774  -23.617  -49.811 0.3000000119
38634  -28.143  -24.241  -50.997 0.3000000119
95102  -28.240  -24.859  -51.417 0.3000000119
40326  -26.418  -22.759  -49.660 0.3000000119
39430  -27.180  -22.933  -50.226 0.3000000119
89819  -28.358  -24.903  -52.557 0.3000000119
39445  -27.841  -23.047  -50.817 0.3000000119
41851  -25.813  -20.968  -49.307 0.3000000119
40341  -26.766  -22.107  -50.092 0.3000000119
41136  -27.003  -21.345  -50.496 0.3000000119
41875  -28.154  -20.058  -51.918 0.3000000119
42551  -27.431  -19.407  -51.505 0.3000000119
38656  -25.743  -21.787  -57.411 0.3000000119
38664  -27.194  -21.833  -58.313 0.3000000119
98340  -28.151  -23.677  -51.066 0.3000000119
38635  -28.427  -24.062  -51.912 0.3000000119
40342  -27.464  -22.246  -50.660 0.3000000119
38644  -28.281  -23.989  -53.340 0.3000000119
39473  -28.014  -22.929  -54.126 0.3000000119
86462  -28.069  -20.926  -51.634 0.3000000119
39477  -28.231  -21.375  -58.110 0.3000000119
40358  -28.085  -22.415  -51.290 0.3000000119
40359  -28.474  -22.587  -52.120 0.3000000119
39461  -28.451  -23.284  -52.656 0.3000000119
41155  -27.703  -21.614  -51.167 0.3000000119
41156  -28.360  -21.766  -51.849 0.3000000119
87648  -28.430  -20.699  -52.357 0.3000000119
84834  -28.440  -20.685  -53.340 0.3000000119
39476  -26.686  -21.899  -56.203 0.3000000119
41897  -28.500  -19.862  -52.828 0.3000000119
39484  -26.839  -21.144  -57.637 0.3000000119
40383  -28.411  -22.530  -53.216 0.3000000119
101785  -28.409  -21.216  -52.061 0.3000000119
90853  -28.482  -22.082  -52.619 0.3000000119
41182  -28.494  -21.411  -52.740 0.3000000119
40391  -27.699  -21.985  -54.810 0.3000000119
42586  -28.437  -19.305  -53.548 0.3000000119
41906  -28.228  -20.019  -54.037 0.3000000119
40393  -26.739  -21.102  -56.610 0.3000000119
91614  -27.806  -20.871  -58.102 0.3000000119
40394  -28.601  -21.281  -57.326 0.3000000119
87038  -28.317  -21.851  -53.607 0.3000000119
41191  -28.259  -21.259  -53.830 0.3000000119
41909  -27.579  -19.956  -55.393 0.3000000119
89839  -27.709  -20.608  -54.963 0.3000000119
40400  -26.855  -20.573  -57.747 0.3000000119
41195  -30.584  -21.712  -54.689 0.3000000119
87141  -27.625  -21.313  -55.017 0.3000000119
42589  -28.104  -19.474  -54.454 0.3000000119
41193  -26.933  -20.593  -56.589 0.3000000119
40401  -28.106  -20.609  -57.854 0.3000000119
41194  -29.194  -21.149  -56.013 0.3000000119
87055  -29.833  -20.832  -55.234 0.3000000119
42588  -27.585  -19.510  -55.527 0.3000000119
98491  -27.175  -20.167  -56.441 0.3000000119
41200  -27.189  -20.074  -57.565 0.3000000119
95115  -27.384  -19.782  -57.442 0.3000000119
41201  -28.550  -20.193  -57.017 0.3000000119
93035  -31.621  -22.248  -54.437 0.3000000119
42596  -27.377  -19.405  -56.385 0.3000000119
97945  -27.293  -19.880  -56.389 0.3000000119
97327  -27.512  -19.729  -57.610 0.3000000119
41915  -28.643  -19.851  -56.773 0.3000000119
98395  -30.901  -20.816  -54.581 0.3000000119
41196  -31.551  -21.570  -54.467 0.3000000119
25117  -18.767  -42.007  -51.825 0.4000000060
26501  -19.499  -40.254  -52.793 0.4000000060
42552  -28.141  -19.185  -52.192 0.3000000119
39446  -28.341  -23.201  -51.570 0.3000000119
42576  -28.502  -19.016  -52.898 0.3000000119
18351  -16.709  -51.877  -52.273 0.3000000119
27965  -18.266  -38.462  -49.667 0.3000000119
30084  -18.317  -35.731  -49.627 0.3000000119
25118  -19.713  -42.113  -53.298 0.3000000119
25790  -19.205  -41.255  -52.234 0.3000000119
25124  -19.344  -41.997  -54.047 0.3000000119
25123  -18.742  -41.836  -53.571 0.3000000119
16975  -24.325  -53.949  -53.896 0.5000000000
23074  -24.741  -43.357  -56.270 0.6999999881
28707  -24.780  -38.209  -46.575 0.6000000238
28718  -18.046  -38.987  -45.481 0.4000000060
28719  -24.909  -38.172  -47.138 0.6000000238
29394  -16.651  -39.534  -42.239 0.3000000119
29409  -24.947  -37.488  -47.600 0.6000000238
30035  -24.079  -36.433  -45.282 0.5000000000
30036  -24.811  -36.421  -46.327 0.5000000000
30726  -23.241  -34.714  -44.291 0.3000000119
30786  -21.889  -33.947  -49.686 0.8000000119
31484  -20.610  -33.127  -50.006 0.5000000000
32332  -21.400  -32.757  -48.799 0.6000000238
33187  -22.524  -32.489  -49.105 0.6999999881
84057  -22.346  -34.048  -48.626 0.6999999881
84058  -21.326  -34.020  -48.471 0.6000000238
94962  -23.485  -36.644  -44.156 0.5000000000
96143  -23.688  -38.285  -48.335 0.6000000238
96145  -18.075  -40.975  -44.934 0.4000000060
100322  -25.104  -36.687  -47.971 0.6999999881
101683  -24.693  -38.922  -46.926 0.6000000238
