#!ascii label  , from subject sub-v2s8x29201_ses-1 vox2ras=TkReg
1989
30632  18.485  -54.479  38.450 0.0000000000
58318  47.503  -27.531  14.511 0.0000000000
38906  33.029  -46.104  29.339 0.0000000000
41070  45.634  -44.864  33.166 0.0000000000
34641  28.458  -49.920  28.657 0.0000000000
26546  28.713  -58.083  36.753 0.0000000000
66848  54.895  -19.140  11.036 0.0000000000
63008  58.369  -23.049  16.124 0.0000000000
50074  39.781  -35.340  25.114 0.0000000000
136541  54.004  -11.869  1.652 0.0000000000
126012  32.844  -48.584  36.309 0.0000000000
30653  23.938  -53.976  37.427 0.0000000000
65814  55.121  -19.265  17.273 0.0000000000
64918  49.519  -20.454  15.341 0.0000000000
120132  48.870  -29.905  18.902 0.0000000000
58247  53.986  -27.543  20.081 0.0000000000
54207  44.429  -31.673  18.656 0.0000000000
42190  38.912  -43.163  25.914 0.0000000000
39994  39.634  -46.095  31.602 0.0000000000
32551  33.397  -52.738  34.959 0.0000000000
140002  34.511  -59.263  36.649 0.0000000000
30681  30.199  -54.870  33.031 0.0000000000
32594  23.049  -52.316  32.711 0.0000000000
40015  29.412  -45.992  30.269 0.0000000000
68727  58.558  -16.465  11.690 0.0000000000
67731  59.877  -16.732  17.533 0.0000000000
60416  54.005  -26.241  14.569 0.0000000000
53070  45.008  -33.216  24.974 0.0000000000
45051  44.404  -40.249  28.624 0.0000000000
69755  54.015  -15.360  6.315 0.0000000000
71850  58.364  -13.348  6.046 0.0000000000
72925  60.840  -12.773  1.988 0.0000000000
32528  33.213  -52.009  39.360 0.0000000000
30642  20.708  -54.509  37.836 0.0000000000
30585  24.743  -54.878  40.698 0.0000000000
29643  22.414  -55.349  41.024 0.0000000000
63062  49.648  -22.466  12.695 0.0000000000
56146  48.787  -29.582  22.482 0.0000000000
58218  51.063  -28.039  22.256 0.0000000000
29633  13.829  -55.116  41.624 0.0000000000
54266  43.313  -31.728  15.722 0.0000000000
40091  33.668  -45.654  26.674 0.0000000000
40066  36.247  -45.462  27.534 0.0000000000
38887  36.417  -46.510  30.622 0.0000000000
34593  30.744  -50.434  31.612 0.0000000000
29722  32.296  -54.544  33.715 0.0000000000
32615  28.923  -52.078  30.641 0.0000000000
37792  28.380  -47.288  29.453 0.0000000000
36643  29.879  -48.703  32.821 0.0000000000
25540  31.996  -59.399  35.962 0.0000000000
67783  56.792  -17.777  11.236 0.0000000000
67763  59.161  -16.667  14.464 0.0000000000
66823  57.984  -18.357  14.361 0.0000000000
63924  56.063  -21.432  18.063 0.0000000000
64854  58.407  -19.700  19.108 0.0000000000
130737  45.840  -25.273  15.733 0.0000000000
119597  48.054  -24.262  15.953 0.0000000000
59353  50.471  -26.633  14.374 0.0000000000
119140  38.331  -33.068  22.411 0.0000000000
53113  41.866  -32.879  21.942 0.0000000000
52040  42.039  -34.282  25.091 0.0000000000
42127  42.693  -43.952  30.012 0.0000000000
44086  41.680  -41.534  27.236 0.0000000000
43102  45.614  -42.671  31.278 0.0000000000
68747  51.826  -17.385  9.290 0.0000000000
69758  51.674  -15.221  6.627 0.0000000000
68744  54.202  -16.104  8.949 0.0000000000
69708  56.689  -15.532  9.314 0.0000000000
71931  58.326  -13.571  -0.109 0.0000000000
71908  57.349  -13.566  2.004 0.0000000000
128119  60.048  -12.301  4.446 0.0000000000
71894  56.150  -13.876  3.231 0.0000000000
38838  32.544  -46.904  33.324 0.0000000000
37746  35.616  -47.881  33.344 0.0000000000
134893  35.102  -48.594  36.566 0.0000000000
138342  26.728  -55.627  37.159 0.0000000000
133592  29.180  -59.138  39.236 0.0000000000
28628  26.950  -56.043  39.839 0.0000000000
64959  52.354  -20.277  10.886 0.0000000000
64930  55.743  -20.996  13.672 0.0000000000
63046  52.851  -22.156  13.189 0.0000000000
64899  52.423  -20.297  15.916 0.0000000000
62990  54.358  -22.618  17.283 0.0000000000
56215  48.557  -29.599  16.118 0.0000000000
57237  51.690  -28.490  16.339 0.0000000000
57198  51.511  -28.364  19.659 0.0000000000
49103  38.794  -36.792  23.234 0.0000000000
43078  48.289  -43.138  34.582 0.0000000000
31548  15.510  -53.795  38.293 0.0000000000
134695  19.123  -55.498  41.171 0.0000000000
29630  16.665  -55.228  41.595 0.0000000000
57257  43.931  -28.038  15.123 0.0000000000
55225  46.139  -30.308  15.453 0.0000000000
55180  46.439  -30.951  19.021 0.0000000000
55142  46.757  -30.900  21.831 0.0000000000
41205  36.136  -44.438  24.494 0.0000000000
41139  39.439  -44.670  28.418 0.0000000000
39984  42.596  -45.931  32.354 0.0000000000
37732  38.864  -47.083  34.231 0.0000000000
38803  42.682  -47.095  34.986 0.0000000000
31553  34.044  -54.125  37.633 0.0000000000
27628  36.388  -57.921  38.267 0.0000000000
29697  34.341  -55.623  35.850 0.0000000000
27667  32.230  -57.331  34.630 0.0000000000
27670  30.221  -57.364  34.687 0.0000000000
32618  25.944  -52.032  30.763 0.0000000000
31614  26.367  -53.682  33.156 0.0000000000
130392  26.113  -54.557  35.410 0.0000000000
31602  23.016  -53.336  34.674 0.0000000000
32553  20.220  -52.956  35.135 0.0000000000
32556  17.735  -52.406  35.730 0.0000000000
40072  30.851  -45.038  27.399 0.0000000000
42154  29.027  -43.725  28.440 0.0000000000
122364  30.576  -45.363  30.407 0.0000000000
38841  31.134  -47.185  33.162 0.0000000000
34522  31.803  -50.176  36.124 0.0000000000
126932  61.200  -16.186  17.209 0.0000000000
66802  57.707  -18.498  17.613 0.0000000000
63956  47.132  -20.696  15.174 0.0000000000
62119  51.378  -23.455  16.584 0.0000000000
61282  57.251  -24.830  15.459 0.0000000000
137679  54.735  -27.710  16.535 0.0000000000
58273  57.020  -27.058  16.866 0.0000000000
53184  41.455  -32.450  18.280 0.0000000000
54144  44.880  -31.954  22.309 0.0000000000
54101  47.587  -31.479  25.501 0.0000000000
46075  41.125  -39.780  25.134 0.0000000000
47050  43.120  -37.629  25.919 0.0000000000
45000  47.927  -40.743  32.093 0.0000000000
120324  46.478  -37.245  30.117 0.0000000000
50048  43.720  -35.355  28.080 0.0000000000
51983  46.523  -34.325  29.517 0.0000000000
53036  48.501  -32.161  28.505 0.0000000000
71875  54.069  -14.182  4.038 0.0000000000
125791  56.672  -14.266  6.670 0.0000000000
139289  58.747  -14.603  9.335 0.0000000000
32521  34.186  -53.002  41.208 0.0000000000
30644  19.022  -54.221  37.799 0.0000000000
30610  21.352  -54.970  39.287 0.0000000000
134531  20.111  -55.136  39.690 0.0000000000
56132  48.821  -29.670  23.961 0.0000000000
57143  50.217  -28.283  24.433 0.0000000000
30598  11.528  -54.503  40.622 0.0000000000
40047  33.053  -45.886  28.307 0.0000000000
40046  34.535  -45.892  28.245 0.0000000000
38904  34.782  -46.325  29.528 0.0000000000
34609  29.712  -50.448  30.375 0.0000000000
120954  30.660  -51.842  31.545 0.0000000000
34610  28.978  -50.881  29.888 0.0000000000
37811  28.018  -47.447  27.506 0.0000000000
35680  28.810  -49.120  28.942 0.0000000000
36671  29.333  -48.737  30.680 0.0000000000
127433  30.154  -58.922  36.496 0.0000000000
25532  29.930  -59.326  37.255 0.0000000000
66846  56.516  -18.486  11.578 0.0000000000
66835  57.578  -18.226  12.637 0.0000000000
65861  56.625  -19.564  12.793 0.0000000000
126140  57.321  -22.373  16.518 0.0000000000
63938  58.385  -21.839  16.981 0.0000000000
60401  46.146  -26.046  15.914 0.0000000000
59336  47.856  -26.101  15.561 0.0000000000
121622  48.770  -27.040  14.358 0.0000000000
50097  37.422  -34.424  23.554 0.0000000000
52065  38.656  -33.809  23.679 0.0000000000
52063  40.117  -33.902  23.976 0.0000000000
135174  40.853  -34.526  25.328 0.0000000000
41100  44.790  -44.272  31.763 0.0000000000
42125  44.275  -43.440  30.688 0.0000000000
41099  45.636  -43.833  32.128 0.0000000000
66859  53.731  -18.423  10.357 0.0000000000
68745  53.601  -16.568  9.192 0.0000000000
140811  54.958  -17.847  10.401 0.0000000000
142190  55.735  -16.901  10.131 0.0000000000
71934  56.063  -13.343  0.920 0.0000000000
71922  55.802  -13.447  1.649 0.0000000000
71909  56.515  -13.640  2.397 0.0000000000
71910  54.665  -13.347  2.614 0.0000000000
37736  32.446  -47.465  34.601 0.0000000000
37722  33.546  -48.012  34.939 0.0000000000
36607  34.196  -48.720  36.848 0.0000000000
29678  25.560  -54.649  37.958 0.0000000000
28637  27.009  -56.119  38.824 0.0000000000
29667  25.829  -54.940  38.829 0.0000000000
29622  25.389  -54.954  42.347 0.0000000000
29620  26.729  -55.547  42.458 0.0000000000
64960  51.528  -20.327  10.721 0.0000000000
127636  53.099  -21.669  12.050 0.0000000000
127635  51.540  -21.831  11.543 0.0000000000
63999  49.223  -20.963  14.308 0.0000000000
63997  51.455  -21.695  13.846 0.0000000000
64901  50.729  -20.596  15.530 0.0000000000
63928  52.501  -21.171  17.164 0.0000000000
63940  51.798  -21.420  16.798 0.0000000000
56202  48.768  -29.826  16.997 0.0000000000
56201  50.442  -29.242  18.057 0.0000000000
56190  50.150  -29.175  19.168 0.0000000000
66862  51.007  -18.798  9.940 0.0000000000
30593  16.417  -54.860  40.055 0.0000000000
124176  14.720  -54.532  39.515 0.0000000000
57258  43.043  -28.233  14.991 0.0000000000
56246  45.305  -29.366  14.623 0.0000000000
56248  43.577  -29.692  14.628 0.0000000000
54226  44.012  -31.884  16.890 0.0000000000
127558  45.081  -31.526  16.928 0.0000000000
54206  45.217  -31.428  18.410 0.0000000000
123875  46.445  -30.898  20.407 0.0000000000
54175  45.324  -31.392  20.294 0.0000000000
125220  34.893  -45.081  24.462 0.0000000000
120430  38.385  -45.634  29.791 0.0000000000
40064  38.072  -45.145  27.944 0.0000000000
124869  39.202  -45.494  29.891 0.0000000000
40006  40.976  -44.925  30.148 0.0000000000
123243  41.129  -45.825  31.694 0.0000000000
121871  37.012  -47.967  34.872 0.0000000000
37744  37.453  -47.308  33.234 0.0000000000
37719  38.771  -47.487  35.414 0.0000000000
37705  41.700  -47.505  36.463 0.0000000000
38802  43.656  -46.914  35.046 0.0000000000
31569  33.743  -53.321  36.281 0.0000000000
29687  34.727  -55.622  36.849 0.0000000000
30661  34.132  -54.691  35.690 0.0000000000
29723  31.643  -55.232  33.654 0.0000000000
29710  32.681  -55.576  34.317 0.0000000000
28690  31.310  -56.061  33.879 0.0000000000
27668  31.384  -57.361  34.510 0.0000000000
28692  29.949  -55.954  33.656 0.0000000000
33622  25.640  -51.134  29.483 0.0000000000
132794  22.862  -51.489  31.826 0.0000000000
32607  24.734  -52.267  31.901 0.0000000000
127886  24.399  -52.667  32.637 0.0000000000
30686  25.762  -53.689  33.732 0.0000000000
129930  25.171  -53.675  34.492 0.0000000000
140090  25.054  -53.836  35.256 0.0000000000
32563  23.222  -53.009  33.928 0.0000000000
31589  19.215  -53.069  35.884 0.0000000000
40115  30.673  -45.044  25.346 0.0000000000
41170  30.166  -44.567  25.936 0.0000000000
40051  28.500  -44.803  28.795 0.0000000000
41132  29.195  -44.896  29.203 0.0000000000
41141  29.934  -44.548  28.936 0.0000000000
41117  30.313  -45.404  30.132 0.0000000000
39986  30.981  -45.878  32.039 0.0000000000
38876  30.025  -46.393  31.590 0.0000000000
138049  31.467  -50.279  34.839 0.0000000000
35580  31.138  -49.400  34.581 0.0000000000
123873  32.464  -51.364  36.256 0.0000000000
32545  33.319  -52.585  37.183 0.0000000000
27641  35.677  -58.307  37.465 0.0000000000
29610  19.705  -55.974  42.936 0.0000000000
119956  20.745  -55.995  43.325 0.0000000000
69680  60.191  -15.340  13.827 0.0000000000
67745  59.705  -16.621  16.530 0.0000000000
68694  60.530  -15.814  16.141 0.0000000000
68680  60.825  -16.026  17.185 0.0000000000
67700  61.366  -16.740  19.166 0.0000000000
64896  55.706  -20.226  15.415 0.0000000000
65827  56.985  -19.566  16.039 0.0000000000
65813  55.878  -19.035  17.509 0.0000000000
65788  59.040  -19.142  19.470 0.0000000000
61313  51.212  -25.068  14.747 0.0000000000
61272  50.020  -24.192  16.156 0.0000000000
61287  52.234  -24.236  15.349 0.0000000000
62155  54.887  -23.934  14.976 0.0000000000
60415  55.423  -25.364  14.728 0.0000000000
57209  53.382  -28.323  17.990 0.0000000000
57235  53.363  -28.214  16.697 0.0000000000
58262  54.722  -27.916  18.161 0.0000000000
53186  39.757  -32.629  18.636 0.0000000000
53082  44.027  -33.192  23.795 0.0000000000
123669  43.142  -32.383  21.665 0.0000000000
53094  44.594  -32.563  23.365 0.0000000000
54127  45.853  -31.817  23.325 0.0000000000
54103  46.245  -32.183  24.793 0.0000000000
43187  37.653  -42.881  24.090 0.0000000000
43185  39.029  -42.060  24.828 0.0000000000
44084  43.046  -40.937  27.951 0.0000000000
45096  41.212  -40.418  25.759 0.0000000000
46046  43.116  -39.779  26.969 0.0000000000
47052  41.814  -38.423  24.900 0.0000000000
46044  44.603  -38.947  27.626 0.0000000000
44018  48.250  -41.896  33.218 0.0000000000
47961  46.580  -36.190  30.830 0.0000000000
49024  45.054  -36.139  29.553 0.0000000000
50019  45.514  -35.456  30.074 0.0000000000
51038  44.309  -34.839  28.614 0.0000000000
51017  46.315  -34.967  30.540 0.0000000000
69756  53.175  -15.530  6.552 0.0000000000
132440  54.103  -14.761  4.756 0.0000000000
70803  55.607  -14.536  5.190 0.0000000000
136094  55.358  -14.858  6.660 0.0000000000
69699  57.850  -15.838  10.244 0.0000000000
70753  57.255  -14.858  8.791 0.0000000000
69698  58.691  -15.514  10.502 0.0000000000
70743  59.420  -14.903  10.352 0.0000000000
71906  59.161  -13.463  1.235 0.0000000000
72845  59.009  -12.993  5.662 0.0000000000
72828  60.153  -12.657  6.611 0.0000000000
71819  59.612  -13.262  7.554 0.0000000000
35540  32.979  -50.128  37.970 0.0000000000
35539  33.566  -49.938  38.569 0.0000000000
34469  33.758  -50.854  40.087 0.0000000000
140195  22.364  -54.477  37.983 0.0000000000
30606  24.996  -54.630  39.437 0.0000000000
30608  23.272  -54.809  39.750 0.0000000000
128404  23.114  -55.034  40.612 0.0000000000
118573  24.806  -54.984  42.568 0.0000000000
136683  48.007  -22.142  12.472 0.0000000000
63051  47.933  -21.723  13.279 0.0000000000
56170  48.625  -29.654  20.816 0.0000000000
124524  49.959  -28.956  20.646 0.0000000000
57163  50.240  -28.507  22.608 0.0000000000
58191  50.848  -27.866  23.972 0.0000000000
30617  13.766  -54.400  39.599 0.0000000000
30597  12.406  -54.607  40.331 0.0000000000
29634  12.004  -55.195  42.116 0.0000000000
55247  42.390  -30.463  14.702 0.0000000000
53228  42.601  -32.352  16.426 0.0000000000
40111  35.154  -45.316  25.835 0.0000000000
122869  35.078  -45.560  27.046 0.0000000000
40028  36.803  -45.837  29.238 0.0000000000
38885  38.103  -46.255  31.024 0.0000000000
33553  32.626  -51.968  33.787 0.0000000000
31598  33.491  -53.642  34.671 0.0000000000
32576  32.260  -52.703  33.189 0.0000000000
31623  31.133  -53.292  32.457 0.0000000000
31625  29.632  -53.765  32.084 0.0000000000
33556  21.516  -51.800  32.743 0.0000000000
34580  20.286  -50.978  32.365 0.0000000000
122116  27.805  -45.835  27.740 0.0000000000
119656  28.654  -46.555  29.965 0.0000000000
37773  29.538  -47.551  31.857 0.0000000000
36657  29.313  -48.239  31.478 0.0000000000
34578  30.672  -49.708  32.348 0.0000000000
26543  33.810  -59.292  36.297 0.0000000000
67781  58.127  -17.101  11.946 0.0000000000
68710  59.335  -16.267  13.619 0.0000000000
67764  58.676  -17.073  13.466 0.0000000000
67757  58.657  -17.572  14.932 0.0000000000
67746  58.798  -17.548  15.923 0.0000000000
64859  54.847  -20.024  18.397 0.0000000000
65791  56.816  -19.464  18.884 0.0000000000
64869  57.172  -20.418  18.567 0.0000000000
130521  58.710  -21.158  17.559 0.0000000000
62142  46.811  -23.371  15.444 0.0000000000
61292  47.286  -24.695  15.903 0.0000000000
60397  49.627  -25.125  15.413 0.0000000000
59351  52.398  -26.423  14.446 0.0000000000
128871  54.964  -27.580  19.811 0.0000000000
52109  38.175  -32.770  20.607 0.0000000000
53145  39.976  -32.561  20.225 0.0000000000
118661  39.748  -32.969  21.922 0.0000000000
52061  42.136  -33.686  23.468 0.0000000000
52037  44.360  -33.916  25.725 0.0000000000
42164  40.966  -43.108  27.931 0.0000000000
43153  40.351  -42.341  26.525 0.0000000000
43131  42.372  -42.338  28.554 0.0000000000
44059  43.727  -41.735  29.188 0.0000000000
44057  45.101  -41.066  29.861 0.0000000000
68756  51.253  -16.370  8.372 0.0000000000
132110  51.369  -15.537  7.352 0.0000000000
69721  51.912  -16.048  8.044 0.0000000000
69720  52.944  -15.976  8.058 0.0000000000
133275  54.334  -15.512  7.692 0.0000000000
69732  55.187  -15.237  7.803 0.0000000000
69710  55.045  -15.867  8.991 0.0000000000
127500  56.668  -16.695  10.333 0.0000000000
73854  55.769  -12.073  -0.263 0.0000000000
71920  57.418  -13.614  1.091 0.0000000000
138604  58.811  -13.322  2.164 0.0000000000
121182  59.968  -12.471  3.546 0.0000000000
72907  59.078  -12.950  3.133 0.0000000000
119990  57.753  -13.337  4.162 0.0000000000
71872  57.188  -13.670  4.832 0.0000000000
126306  33.304  -46.805  31.531 0.0000000000
37771  35.104  -47.286  31.862 0.0000000000
37747  34.401  -47.820  33.283 0.0000000000
36625  35.428  -48.427  34.908 0.0000000000
36604  36.884  -48.182  36.690 0.0000000000
27644  28.157  -57.436  36.886 0.0000000000
26534  29.440  -59.223  37.715 0.0000000000
27630  28.039  -57.441  37.921 0.0000000000
141160  28.484  -58.086  39.814 0.0000000000
128080  26.599  -55.659  40.481 0.0000000000
28622  28.146  -57.305  42.269 0.0000000000
65870  54.098  -19.668  11.075 0.0000000000
65862  55.954  -20.054  12.399 0.0000000000
64946  54.648  -20.855  12.143 0.0000000000
63994  54.450  -21.531  13.406 0.0000000000
133442  53.691  -20.764  14.826 0.0000000000
63060  51.638  -22.427  12.495 0.0000000000
133678  52.472  -20.853  14.758 0.0000000000
65816  53.650  -19.879  16.870 0.0000000000
128836  53.771  -21.000  17.951 0.0000000000
62976  55.631  -22.073  17.579 0.0000000000
63010  56.678  -22.722  16.121 0.0000000000
56243  48.016  -28.757  14.807 0.0000000000
57255  49.592  -28.380  14.922 0.0000000000
57239  49.982  -28.716  15.588 0.0000000000
57223  51.958  -28.633  17.686 0.0000000000
58248  53.037  -27.719  19.938 0.0000000000
57173  51.237  -28.134  21.449 0.0000000000
58216  52.523  -27.269  21.644 0.0000000000
58215  53.306  -27.025  21.376 0.0000000000
49077  38.654  -35.820  24.136 0.0000000000
122239  47.606  -43.761  34.388 0.0000000000
69723  49.628  -16.288  8.470 0.0000000000
67801  50.754  -17.592  9.199 0.0000000000
66860  52.859  -18.645  10.258 0.0000000000
75692  54.558  -9.874  1.540 0.0000000000
75681  53.645  -10.042  2.632 0.0000000000
121298  16.962  -54.365  38.660 0.0000000000
30591  18.673  -55.128  40.056 0.0000000000
122641  17.114  -54.773  39.515 0.0000000000
29629  17.551  -55.393  41.656 0.0000000000
29596  18.098  -55.738  43.493 0.0000000000
29632  14.728  -55.129  41.622 0.0000000000
125080  44.570  -26.538  15.542 0.0000000000
59340  43.839  -26.917  15.380 0.0000000000
122873  46.067  -27.991  14.608 0.0000000000
56245  46.151  -29.225  14.655 0.0000000000
55224  47.001  -30.047  15.605 0.0000000000
55195  47.500  -30.525  17.434 0.0000000000
55227  44.445  -30.943  15.385 0.0000000000
55196  46.745  -30.871  17.251 0.0000000000
55164  48.044  -30.282  19.267 0.0000000000
56171  47.890  -30.192  20.441 0.0000000000
56147  48.130  -30.127  22.649 0.0000000000
56133  48.170  -30.220  23.490 0.0000000000
42192  37.536  -43.780  25.264 0.0000000000
41169  36.710  -44.828  26.156 0.0000000000
41167  38.181  -44.394  26.698 0.0000000000
42166  39.552  -43.818  27.319 0.0000000000
42140  40.828  -44.117  28.995 0.0000000000
41114  43.307  -44.675  31.074 0.0000000000
39982  44.464  -45.578  32.944 0.0000000000
38854  36.410  -47.058  32.038 0.0000000000
38853  37.747  -46.868  32.416 0.0000000000
119531  39.423  -46.706  33.136 0.0000000000
37717  40.131  -47.368  35.645 0.0000000000
38821  40.560  -46.884  34.358 0.0000000000
38834  40.869  -46.629  33.458 0.0000000000
38820  42.386  -46.662  33.680 0.0000000000
38817  44.784  -46.204  34.115 0.0000000000
121590  45.523  -45.777  34.452 0.0000000000
30623  35.040  -55.131  39.759 0.0000000000
29675  34.944  -55.570  37.975 0.0000000000
28652  35.488  -57.239  37.387 0.0000000000
27642  34.712  -57.590  36.409 0.0000000000
29698  33.786  -55.150  35.068 0.0000000000
28662  33.491  -56.706  35.196 0.0000000000
26556  33.301  -58.377  35.553 0.0000000000
26557  32.477  -58.215  35.143 0.0000000000
26558  31.336  -58.578  35.395 0.0000000000
27656  29.678  -57.769  35.399 0.0000000000
33620  27.528  -51.232  29.302 0.0000000000
141895  27.513  -52.061  30.251 0.0000000000
119306  27.807  -53.564  31.958 0.0000000000
33609  24.471  -51.391  30.799 0.0000000000
32591  26.168  -52.887  32.000 0.0000000000
30683  28.517  -54.733  33.062 0.0000000000
29727  28.001  -55.109  33.737 0.0000000000
29699  28.027  -56.089  34.893 0.0000000000
28666  27.735  -56.390  35.728 0.0000000000
29688  27.087  -55.831  36.385 0.0000000000
127632  25.236  -54.203  36.561 0.0000000000
31570  23.897  -53.774  36.400 0.0000000000
32565  21.417  -52.873  34.278 0.0000000000
31587  22.413  -53.649  35.520 0.0000000000
31572  21.920  -53.910  36.261 0.0000000000
132746  20.355  -53.820  36.582 0.0000000000
31574  18.987  -53.453  36.530 0.0000000000
31561  17.838  -53.534  37.232 0.0000000000
32538  16.666  -52.894  36.866 0.0000000000
32539  15.489  -52.737  37.203 0.0000000000
121322  32.219  -45.611  25.821 0.0000000000
40093  31.686  -45.509  26.705 0.0000000000
40048  32.230  -45.745  28.356 0.0000000000
133754  30.077  -44.369  28.159 0.0000000000
125359  30.721  -44.959  28.452 0.0000000000
40011  31.974  -45.849  30.102 0.0000000000
39995  31.931  -45.912  31.169 0.0000000000
125739  31.586  -46.387  32.891 0.0000000000
131833  32.214  -47.516  34.564 0.0000000000
37752  30.484  -47.639  33.026 0.0000000000
36627  31.360  -48.706  34.760 0.0000000000
36610  31.974  -49.119  36.120 0.0000000000
33511  32.499  -51.076  37.470 0.0000000000
31545  33.569  -53.056  39.027 0.0000000000
29626  20.822  -55.704  41.505 0.0000000000
29608  22.209  -55.763  42.658 0.0000000000
123578  59.820  -15.788  14.420 0.0000000000
65843  56.888  -19.933  14.196 0.0000000000
66812  57.560  -19.131  15.760 0.0000000000
67722  59.068  -17.530  18.016 0.0000000000
66785  57.347  -18.954  19.228 0.0000000000
66776  58.776  -18.371  19.328 0.0000000000
67702  60.129  -17.570  19.290 0.0000000000
136577  46.951  -20.983  13.835 0.0000000000
63955  48.076  -20.557  15.204 0.0000000000
62141  47.603  -23.035  15.572 0.0000000000
63012  48.732  -22.222  15.822 0.0000000000
63942  50.201  -21.660  16.273 0.0000000000
128783  53.026  -23.177  16.837 0.0000000000
62135  55.308  -23.410  15.575 0.0000000000
61281  57.967  -24.636  15.757 0.0000000000
57268  51.120  -27.800  14.865 0.0000000000
58298  53.306  -27.701  15.578 0.0000000000
142262  54.510  -27.152  15.324 0.0000000000
135686  56.124  -27.559  18.792 0.0000000000
119329  56.316  -27.440  17.391 0.0000000000
58296  55.958  -26.929  15.807 0.0000000000
59333  57.212  -26.082  15.817 0.0000000000
60387  58.366  -25.385  16.295 0.0000000000
53230  41.015  -32.892  16.732 0.0000000000
54209  42.957  -32.123  18.842 0.0000000000
134195  41.564  -32.504  20.653 0.0000000000
53143  42.526  -32.315  20.476 0.0000000000
124736  43.988  -31.941  20.172 0.0000000000
126453  45.374  -31.594  21.896 0.0000000000
55111  47.066  -31.062  23.358 0.0000000000
55083  48.581  -30.463  25.640 0.0000000000
44115  40.271  -41.283  25.514 0.0000000000
47079  39.790  -38.325  23.341 0.0000000000
48054  40.824  -37.527  24.250 0.0000000000
49065  41.350  -36.375  25.607 0.0000000000
42102  47.242  -43.073  32.960 0.0000000000
44033  46.589  -41.555  31.347 0.0000000000
45025  46.481  -40.405  30.539 0.0000000000
46011  47.371  -39.094  30.675 0.0000000000
46023  45.929  -39.193  29.247 0.0000000000
47013  45.356  -37.742  28.307 0.0000000000
49046  43.237  -35.967  27.644 0.0000000000
50066  41.774  -35.356  26.296 0.0000000000
51053  42.714  -35.075  27.016 0.0000000000
52009  44.303  -34.276  27.686 0.0000000000
52022  45.401  -33.660  26.587 0.0000000000
51974  47.629  -34.257  30.590 0.0000000000
51993  47.269  -33.772  28.809 0.0000000000
53047  46.821  -33.140  27.100 0.0000000000
54082  48.012  -31.942  26.990 0.0000000000
73813  53.102  -11.585  2.939 0.0000000000
72888  53.929  -13.018  2.927 0.0000000000
70839  54.929  -14.204  3.785 0.0000000000
70802  56.380  -14.124  5.039 0.0000000000
71835  57.786  -13.691  6.529 0.0000000000
70760  56.804  -14.617  8.042 0.0000000000
70767  57.290  -14.233  7.531 0.0000000000
71820  58.783  -13.528  7.393 0.0000000000
70757  59.506  -13.873  8.757 0.0000000000
30604  35.642  -55.089  40.629 0.0000000000
30583  35.323  -54.340  41.142 0.0000000000
30631  19.349  -54.650  38.486 0.0000000000
56115  49.240  -29.302  24.622 0.0000000000
57144  49.651  -28.726  24.915 0.0000000000
38917  33.870  -46.036  28.723 0.0000000000
38905  34.097  -46.292  29.463 0.0000000000
34625  29.286  -50.060  29.742 0.0000000000
34626  28.617  -50.450  29.285 0.0000000000
35693  28.393  -49.228  28.143 0.0000000000
134543  28.908  -49.775  29.254 0.0000000000
26560  29.703  -58.327  36.010 0.0000000000
26545  29.367  -58.630  36.736 0.0000000000
66847  55.762  -18.835  11.313 0.0000000000
66836  56.899  -18.762  12.268 0.0000000000
65868  56.262  -19.275  11.949 0.0000000000
62987  58.049  -22.415  16.452 0.0000000000
62115  58.918  -23.651  16.253 0.0000000000
59338  46.334  -26.655  15.588 0.0000000000
59356  47.217  -26.798  14.953 0.0000000000
58317  48.356  -27.619  14.446 0.0000000000
51080  38.530  -34.921  24.430 0.0000000000
51092  38.109  -34.350  23.917 0.0000000000
51079  39.410  -34.579  24.823 0.0000000000
127697  39.891  -34.124  24.654 0.0000000000
51074  40.180  -34.863  25.304 0.0000000000
41086  45.280  -44.556  32.486 0.0000000000
41085  46.067  -44.191  32.823 0.0000000000
65877  54.146  -18.966  10.678 0.0000000000
67792  54.247  -17.551  10.064 0.0000000000
66858  54.547  -18.380  10.534 0.0000000000
66857  55.320  -18.351  10.756 0.0000000000
72927  54.522  -12.381  1.361 0.0000000000
72908  54.954  -13.108  1.836 0.0000000000
72909  54.134  -12.574  2.142 0.0000000000
36618  32.980  -48.181  35.809 0.0000000000
37723  32.871  -47.781  35.145 0.0000000000
36608  33.380  -48.655  36.528 0.0000000000
30639  24.659  -54.206  37.967 0.0000000000
30625  25.159  -54.550  38.765 0.0000000000
64961  50.694  -20.421  10.589 0.0000000000
64950  51.118  -21.159  11.028 0.0000000000
64027  50.246  -21.253  10.938 0.0000000000
63972  49.770  -20.560  14.777 0.0000000000
64917  50.253  -20.449  15.162 0.0000000000
64885  51.248  -20.790  16.127 0.0000000000
63941  50.443  -20.856  16.010 0.0000000000
56192  48.938  -29.900  17.903 0.0000000000
56191  49.588  -29.560  18.452 0.0000000000
129596  49.424  -29.489  19.462 0.0000000000
31537  14.907  -54.125  38.805 0.0000000000
57259  42.139  -28.102  14.883 0.0000000000
129360  43.059  -29.008  14.725 0.0000000000
57276  42.392  -28.815  14.739 0.0000000000
54208  43.768  -31.929  17.907 0.0000000000
54225  44.644  -31.649  17.594 0.0000000000
54191  45.072  -31.474  19.451 0.0000000000
40008  38.668  -45.855  30.499 0.0000000000
40007  39.607  -45.719  30.715 0.0000000000
121820  40.369  -45.775  31.263 0.0000000000
37692  37.962  -47.846  36.845 0.0000000000
37720  37.786  -47.816  35.601 0.0000000000
118905  38.846  -47.723  36.803 0.0000000000
31568  34.121  -54.207  36.516 0.0000000000
31584  33.709  -53.375  35.391 0.0000000000
123386  30.953  -54.949  33.260 0.0000000000
125154  30.986  -55.597  33.545 0.0000000000
28691  30.567  -56.109  33.770 0.0000000000
29725  29.664  -55.429  33.357 0.0000000000
33572  22.713  -51.844  32.295 0.0000000000
33571  23.308  -51.986  32.194 0.0000000000
142551  24.010  -52.747  33.007 0.0000000000
32578  24.307  -53.025  33.441 0.0000000000
32579  23.570  -52.772  33.294 0.0000000000
31616  23.868  -53.095  34.054 0.0000000000
32580  22.714  -52.610  33.317 0.0000000000
40034  28.766  -45.653  29.459 0.0000000000
41131  29.810  -45.089  29.464 0.0000000000
40033  29.710  -45.442  29.837 0.0000000000
39998  30.563  -45.875  31.212 0.0000000000
38892  29.901  -46.167  30.973 0.0000000000
33540  32.501  -51.462  34.689 0.0000000000
140215  31.887  -50.763  35.070 0.0000000000
32552  32.862  -51.830  35.307 0.0000000000
125825  33.281  -52.366  36.017 0.0000000000
26542  35.008  -58.800  36.857 0.0000000000
140435  19.463  -55.877  44.544 0.0000000000
29595  19.972  -56.030  43.916 0.0000000000
68720  59.297  -15.953  12.203 0.0000000000
69686  60.133  -15.339  12.804 0.0000000000
127798  59.523  -15.948  13.005 0.0000000000
68670  60.679  -16.380  18.071 0.0000000000
68662  60.838  -16.496  18.820 0.0000000000
65829  54.888  -19.657  16.361 0.0000000000
65828  55.927  -19.444  16.417 0.0000000000
60417  53.229  -25.721  14.428 0.0000000000
61312  52.766  -24.850  14.583 0.0000000000
136781  54.024  -25.492  14.475 0.0000000000
61310  54.573  -24.818  14.577 0.0000000000
130074  54.729  -25.853  14.618 0.0000000000
138829  53.711  -27.852  19.347 0.0000000000
58263  53.949  -28.089  18.528 0.0000000000
139850  54.472  -27.834  19.121 0.0000000000
52161  38.869  -32.775  18.733 0.0000000000
53095  43.819  -32.825  23.045 0.0000000000
53081  44.796  -32.878  24.132 0.0000000000
53069  45.730  -32.759  25.278 0.0000000000
43169  38.598  -42.804  25.216 0.0000000000
43186  38.335  -42.488  24.474 0.0000000000
43168  39.304  -42.419  25.538 0.0000000000
45052  43.727  -40.612  28.287 0.0000000000
45065  43.428  -40.211  27.629 0.0000000000
46034  44.143  -39.846  27.950 0.0000000000
46045  43.874  -39.388  27.264 0.0000000000
46033  44.827  -39.437  28.267 0.0000000000
47945  47.967  -36.253  31.867 0.0000000000
48998  46.085  -35.736  30.552 0.0000000000
50008  46.500  -35.340  30.769 0.0000000000
50018  45.969  -35.309  30.404 0.0000000000
51009  46.841  -35.053  31.003 0.0000000000
69778  52.726  -15.311  5.934 0.0000000000
69777  53.337  -15.277  5.744 0.0000000000
70805  53.404  -14.912  5.031 0.0000000000
69776  54.073  -15.127  5.508 0.0000000000
70780  54.771  -15.057  6.150 0.0000000000
68734  58.232  -16.190  10.921 0.0000000000
68726  59.003  -15.831  11.337 0.0000000000
69697  59.408  -15.310  10.995 0.0000000000
137525  60.228  -13.247  1.423 0.0000000000
72904  62.825  -12.429  2.470 0.0000000000
135098  58.967  -13.165  6.305 0.0000000000
72844  59.568  -12.790  6.149 0.0000000000
71833  59.360  -13.109  6.844 0.0000000000
142219  60.043  -12.898  7.155 0.0000000000
33504  33.069  -51.122  38.957 0.0000000000
127833  33.375  -50.840  39.312 0.0000000000
33498  33.441  -51.375  39.837 0.0000000000
30641  21.568  -54.511  37.859 0.0000000000
135975  22.962  -54.571  38.680 0.0000000000
30628  21.921  -54.721  38.616 0.0000000000
139865  21.942  -55.295  40.473 0.0000000000
30587  22.423  -55.102  40.192 0.0000000000
29623  23.653  -55.186  41.556 0.0000000000
63072  47.541  -22.023  12.159 0.0000000000
63064  47.441  -21.862  12.704 0.0000000000
56159  49.212  -29.306  21.964 0.0000000000
56169  49.362  -29.236  21.232 0.0000000000
57164  49.479  -29.068  22.559 0.0000000000
128797  12.690  -53.765  39.242 0.0000000000
30576  11.815  -54.947  41.168 0.0000000000
119494  33.158  -45.631  25.931 0.0000000000
121150  33.976  -45.556  26.059 0.0000000000
40068  34.345  -45.706  27.381 0.0000000000
38903  35.326  -46.170  29.260 0.0000000000
40045  35.264  -45.919  28.565 0.0000000000
38902  36.045  -46.249  29.757 0.0000000000
40010  37.000  -46.130  30.044 0.0000000000
38886  37.289  -46.381  30.809 0.0000000000
34565  31.608  -50.802  32.803 0.0000000000
119208  32.052  -51.541  33.124 0.0000000000
33569  31.395  -51.586  32.203 0.0000000000
33587  29.847  -51.839  30.994 0.0000000000
32590  30.822  -52.686  31.994 0.0000000000
32601  30.031  -52.602  31.486 0.0000000000
31624  30.438  -53.563  32.266 0.0000000000
31635  30.081  -53.192  31.864 0.0000000000
37801  28.163  -47.301  28.510 0.0000000000
38918  27.934  -46.567  28.184 0.0000000000
38907  28.155  -46.461  29.167 0.0000000000
37782  28.728  -47.378  30.298 0.0000000000
36672  28.943  -48.105  30.601 0.0000000000
35648  30.026  -49.778  30.831 0.0000000000
35633  30.258  -49.573  31.585 0.0000000000
34577  31.191  -50.585  32.237 0.0000000000
142035  32.844  -59.264  35.886 0.0000000000
25529  32.744  -60.473  36.966 0.0000000000
67782  57.477  -17.452  11.526 0.0000000000
67774  57.748  -17.661  12.100 0.0000000000
66830  57.572  -18.696  13.498 0.0000000000
66829  58.071  -17.882  13.442 0.0000000000
66811  58.135  -18.416  15.392 0.0000000000
63913  55.688  -20.742  18.473 0.0000000000
64870  56.423  -20.554  18.521 0.0000000000
63923  56.914  -21.260  17.874 0.0000000000
61294  45.470  -24.387  15.360 0.0000000000
61293  46.324  -24.471  15.627 0.0000000000
139048  46.717  -25.431  15.959 0.0000000000
59355  48.663  -26.394  14.638 0.0000000000
60422  48.525  -25.762  15.346 0.0000000000
60420  50.014  -25.821  14.566 0.0000000000
60419  50.882  -25.802  14.418 0.0000000000
59352  51.375  -26.594  14.395 0.0000000000
119043  38.683  -32.822  21.366 0.0000000000
52094  39.161  -32.918  21.875 0.0000000000
125316  41.592  -34.079  24.452 0.0000000000
52062  41.085  -33.894  23.791 0.0000000000
52050  42.564  -33.918  24.276 0.0000000000
122404  43.000  -34.111  24.932 0.0000000000
42151  41.252  -43.460  28.612 0.0000000000
43132  41.677  -42.690  28.244 0.0000000000
42137  43.071  -43.283  29.786 0.0000000000
43103  44.972  -43.051  30.941 0.0000000000
43112  44.549  -42.642  30.386 0.0000000000
43111  45.239  -42.278  30.702 0.0000000000
44058  44.401  -41.403  29.523 0.0000000000
44046  45.504  -41.499  30.463 0.0000000000
129176  51.875  -16.636  8.724 0.0000000000
68754  53.343  -16.241  8.715 0.0000000000
69719  53.847  -15.833  8.254 0.0000000000
69718  54.692  -15.637  8.389 0.0000000000
139448  54.736  -16.333  9.342 0.0000000000
67790  56.354  -17.417  10.663 0.0000000000
67789  57.128  -17.146  10.879 0.0000000000
68728  57.829  -16.816  11.243 0.0000000000
71921  56.627  -13.560  1.428 0.0000000000
120047  56.737  -13.454  0.569 0.0000000000
120294  58.154  -13.519  1.628 0.0000000000
71907  58.138  -13.378  2.579 0.0000000000
71893  56.891  -13.630  3.166 0.0000000000
142434  57.432  -13.472  3.507 0.0000000000
124276  56.983  -13.710  3.832 0.0000000000
38856  32.952  -46.888  32.339 0.0000000000
37772  34.079  -47.182  31.783 0.0000000000
37762  33.602  -47.398  32.778 0.0000000000
36626  34.468  -48.431  35.284 0.0000000000
37735  34.766  -48.241  34.269 0.0000000000
36616  35.295  -48.523  35.700 0.0000000000
36605  36.041  -48.426  36.154 0.0000000000
119225  35.775  -48.499  37.114 0.0000000000
29676  27.208  -56.245  37.262 0.0000000000
28645  27.423  -56.658  38.214 0.0000000000
28636  27.489  -56.762  39.422 0.0000000000
27615  28.005  -57.410  39.008 0.0000000000
27602  28.154  -57.532  40.229 0.0000000000
135086  28.676  -58.458  40.947 0.0000000000
30607  24.398  -54.662  39.804 0.0000000000
29658  25.557  -54.897  39.552 0.0000000000
30584  25.324  -54.916  40.364 0.0000000000
65871  53.273  -20.177  11.076 0.0000000000
64947  54.055  -20.546  11.584 0.0000000000
64010  53.371  -21.964  12.754 0.0000000000
121867  54.041  -21.763  12.918 0.0000000000
63995  53.581  -21.784  13.482 0.0000000000
63968  54.145  -21.359  14.141 0.0000000000
63069  50.246  -22.498  12.011 0.0000000000
138904  50.276  -22.552  12.534 0.0000000000
63970  51.680  -20.857  14.675 0.0000000000
64914  52.916  -20.420  15.304 0.0000000000
64898  53.213  -20.072  16.139 0.0000000000
64872  53.594  -20.296  17.484 0.0000000000
64873  52.909  -20.303  16.771 0.0000000000
62979  52.980  -21.972  17.554 0.0000000000
62978  53.677  -21.784  17.802 0.0000000000
129092  55.191  -22.558  17.095 0.0000000000
140146  55.957  -22.460  16.867 0.0000000000
62989  55.698  -22.866  16.199 0.0000000000
56230  48.316  -29.208  15.347 0.0000000000
56229  49.207  -29.048  15.610 0.0000000000
56214  49.887  -29.125  16.327 0.0000000000
57212  50.945  -28.841  18.951 0.0000000000
124632  51.238  -28.926  17.980 0.0000000000
57211  51.755  -28.529  18.645 0.0000000000
57197  52.349  -28.137  19.329 0.0000000000
58249  52.133  -27.893  20.277 0.0000000000
57174  50.502  -28.502  21.747 0.0000000000
57185  50.610  -28.560  20.970 0.0000000000
58198  52.348  -27.179  22.440 0.0000000000
58233  52.684  -27.447  20.847 0.0000000000
59267  53.758  -26.600  22.034 0.0000000000
49113  38.047  -36.677  22.605 0.0000000000
49104  37.978  -35.942  23.417 0.0000000000
67809  50.096  -16.981  8.788 0.0000000000
130239  51.898  -19.666  10.524 0.0000000000
66861  51.876  -18.887  10.170 0.0000000000
65879  52.625  -19.466  10.570 0.0000000000
65878  53.458  -19.220  10.628 0.0000000000
74753  53.973  -10.359  1.920 0.0000000000
31547  16.377  -53.816  38.070 0.0000000000
30633  16.136  -54.239  38.663 0.0000000000
29649  16.500  -55.059  40.829 0.0000000000
134357  17.215  -55.242  41.016 0.0000000000
29612  17.848  -55.587  42.506 0.0000000000
29613  16.944  -55.390  42.382 0.0000000000
29652  13.589  -54.972  40.854 0.0000000000
29651  14.399  -55.024  40.881 0.0000000000
60403  44.403  -25.466  15.301 0.0000000000
124468  43.729  -26.187  15.271 0.0000000000
58303  43.477  -27.488  15.225 0.0000000000
123572  43.159  -26.818  15.170 0.0000000000
132416  44.225  -27.339  15.351 0.0000000000
58302  44.556  -27.762  15.113 0.0000000000
133150  46.385  -28.624  14.550 0.0000000000
57273  45.637  -28.634  14.569 0.0000000000
56233  45.738  -29.872  14.892 0.0000000000
55210  47.329  -30.245  16.213 0.0000000000
55211  46.607  -30.653  16.264 0.0000000000
55229  42.865  -31.232  15.138 0.0000000000
122803  43.284  -30.502  14.793 0.0000000000
54265  44.148  -31.424  15.764 0.0000000000
54205  46.071  -31.175  18.075 0.0000000000
54223  45.886  -31.241  16.867 0.0000000000
121491  46.951  -30.787  18.206 0.0000000000
121356  47.198  -30.616  19.083 0.0000000000
55165  47.363  -30.488  19.862 0.0000000000
55154  46.569  -30.823  21.037 0.0000000000
55153  47.380  -30.417  21.314 0.0000000000
55141  47.439  -30.524  22.246 0.0000000000
55125  47.511  -30.560  23.059 0.0000000000
42208  36.577  -43.894  24.044 0.0000000000
42207  37.251  -43.520  24.480 0.0000000000
41204  36.853  -44.079  24.900 0.0000000000
40089  35.450  -45.393  26.519 0.0000000000
40110  35.948  -45.098  25.914 0.0000000000
40088  36.170  -45.272  26.684 0.0000000000
41140  38.786  -44.896  28.133 0.0000000000
41153  37.757  -44.899  27.176 0.0000000000
41152  38.485  -44.660  27.430 0.0000000000
42167  38.876  -44.137  26.993 0.0000000000
41151  39.178  -44.413  27.707 0.0000000000
42153  39.870  -44.153  28.006 0.0000000000
41138  40.132  -44.436  28.727 0.0000000000
41103  41.886  -45.471  31.351 0.0000000000
41116  41.858  -44.954  30.672 0.0000000000
127760  43.131  -45.195  31.543 0.0000000000
41101  43.868  -44.968  31.745 0.0000000000
39983  43.873  -45.578  32.461 0.0000000000
37760  35.305  -47.600  32.577 0.0000000000
38855  35.771  -47.293  32.097 0.0000000000
37759  36.125  -47.505  32.645 0.0000000000
37743  38.073  -47.307  33.923 0.0000000000
38837  38.134  -46.991  33.147 0.0000000000
38852  38.713  -46.708  32.585 0.0000000000
38835  39.321  -46.865  33.824 0.0000000000
37715  42.260  -47.366  35.754 0.0000000000
37716  41.489  -47.386  35.623 0.0000000000
38804  41.746  -47.150  34.913 0.0000000000
142203  41.514  -46.796  34.080 0.0000000000
38833  41.762  -46.507  33.214 0.0000000000
122420  42.268  -46.900  34.356 0.0000000000
38818  44.513  -46.573  34.834 0.0000000000
30624  34.544  -54.827  38.487 0.0000000000
29665  35.167  -55.573  39.083 0.0000000000
28653  34.807  -56.473  36.545 0.0000000000
28661  34.201  -56.622  35.736 0.0000000000
31599  32.915  -53.903  34.075 0.0000000000
30670  33.411  -54.479  34.574 0.0000000000
119711  32.810  -54.819  34.194 0.0000000000
28676  32.462  -56.373  34.438 0.0000000000
28675  33.225  -55.968  34.770 0.0000000000
28663  32.875  -56.772  34.806 0.0000000000
27654  33.807  -57.518  35.590 0.0000000000
27655  32.998  -57.473  35.122 0.0000000000
27669  30.879  -57.857  34.889 0.0000000000
141678  30.282  -57.826  35.123 0.0000000000
28664  29.299  -57.104  34.875 0.0000000000
33607  26.268  -51.652  30.018 0.0000000000
126577  27.142  -51.724  29.813 0.0000000000
32617  26.827  -52.100  30.457 0.0000000000
31638  27.881  -53.087  31.267 0.0000000000
32605  26.532  -52.515  31.172 0.0000000000
34612  23.717  -50.840  30.548 0.0000000000
33610  23.800  -51.366  31.183 0.0000000000
32592  25.236  -52.747  32.364 0.0000000000
32606  25.616  -52.385  31.554 0.0000000000
31627  26.739  -53.390  32.417 0.0000000000
31613  27.201  -53.933  32.845 0.0000000000
30684  27.592  -54.486  33.339 0.0000000000
30672  26.331  -54.399  34.595 0.0000000000
29714  27.598  -55.388  34.544 0.0000000000
29715  26.824  -54.974  34.997 0.0000000000
29700  27.285  -55.643  35.397 0.0000000000
29701  26.583  -55.144  35.851 0.0000000000
31601  23.921  -53.301  34.840 0.0000000000
30665  24.667  -53.823  35.946 0.0000000000
31585  24.120  -53.563  35.568 0.0000000000
30652  24.578  -53.988  36.965 0.0000000000
31586  23.450  -53.609  35.523 0.0000000000
129354  21.062  -52.095  33.275 0.0000000000
32581  21.771  -52.418  33.433 0.0000000000
31604  20.998  -53.178  35.027 0.0000000000
31588  21.445  -53.575  35.639 0.0000000000
138718  21.095  -53.884  36.403 0.0000000000
130161  20.530  -53.433  35.815 0.0000000000
32555  18.686  -52.575  35.453 0.0000000000
31590  18.412  -53.000  36.148 0.0000000000
31575  18.287  -53.344  36.750 0.0000000000
32546  15.989  -52.364  36.643 0.0000000000
142532  16.084  -52.939  37.127 0.0000000000
40094  30.794  -45.098  26.303 0.0000000000
40070  32.428  -45.703  27.524 0.0000000000
40071  31.586  -45.456  27.825 0.0000000000
41155  29.384  -43.642  27.896 0.0000000000
40032  30.340  -45.190  29.923 0.0000000000
40050  30.513  -45.007  29.305 0.0000000000
40049  31.417  -45.431  28.782 0.0000000000
40031  31.088  -45.361  29.832 0.0000000000
40012  31.075  -45.514  30.774 0.0000000000
38858  31.175  -46.123  32.391 0.0000000000
38840  31.756  -46.901  33.456 0.0000000000
38823  32.148  -47.149  34.062 0.0000000000
141527  31.984  -47.274  34.092 0.0000000000
36644  29.633  -48.246  32.337 0.0000000000
37763  29.983  -47.553  32.511 0.0000000000
36634  30.070  -48.239  32.933 0.0000000000
133327  31.532  -49.917  35.596 0.0000000000
36628  30.918  -48.962  34.109 0.0000000000
35568  31.424  -49.451  35.242 0.0000000000
36620  31.709  -48.875  35.543 0.0000000000
35558  31.701  -49.608  35.870 0.0000000000
34506  32.525  -50.359  37.362 0.0000000000
34521  32.194  -50.551  36.742 0.0000000000
31554  33.639  -53.239  37.967 0.0000000000
31544  33.961  -53.968  38.686 0.0000000000
138670  34.415  -54.485  39.386 0.0000000000
28644  36.075  -57.010  38.544 0.0000000000
26525  28.974  -58.852  38.174 0.0000000000
25520  30.292  -60.103  38.339 0.0000000000
26524  29.749  -59.822  39.063 0.0000000000
29647  19.021  -55.314  40.510 0.0000000000
29646  19.683  -55.438  40.638 0.0000000000
29627  19.958  -55.660  41.359 0.0000000000
119957  21.824  -55.866  43.392 0.0000000000
29609  21.237  -55.862  42.420 0.0000000000
120255  22.686  -55.724  43.511 0.0000000000
29607  23.277  -55.605  43.180 0.0000000000
29592  23.720  -55.452  44.368 0.0000000000
68702  60.086  -15.776  15.238 0.0000000000
68679  61.285  -15.712  16.254 0.0000000000
64937  55.610  -20.779  12.861 0.0000000000
65854  56.655  -20.009  13.524 0.0000000000
64929  56.380  -20.557  13.981 0.0000000000
123212  57.308  -18.940  16.702 0.0000000000
137975  58.422  -18.031  17.458 0.0000000000
66794  58.268  -18.192  18.487 0.0000000000
64855  57.530  -19.625  19.132 0.0000000000
65790  57.415  -19.193  19.265 0.0000000000
65789  58.024  -19.067  19.486 0.0000000000
65779  58.679  -18.589  19.421 0.0000000000
66775  59.391  -18.092  19.377 0.0000000000
67703  59.469  -17.919  19.278 0.0000000000
66774  60.333  -17.830  19.471 0.0000000000
67701  60.964  -17.183  19.432 0.0000000000
121481  45.837  -20.823  14.807 0.0000000000
64001  46.054  -20.731  13.993 0.0000000000
63975  46.550  -20.687  14.826 0.0000000000
63974  47.366  -20.550  14.835 0.0000000000
141802  47.467  -23.895  15.721 0.0000000000
62120  50.525  -23.580  16.407 0.0000000000
62121  49.761  -23.605  16.260 0.0000000000
62995  50.009  -22.680  16.354 0.0000000000
63011  49.288  -21.511  16.003 0.0000000000
62994  50.842  -22.686  16.583 0.0000000000
62993  51.792  -22.599  16.960 0.0000000000
62118  52.206  -23.320  16.782 0.0000000000
61284  55.745  -24.065  15.055 0.0000000000
62136  54.378  -23.420  15.764 0.0000000000
61283  56.551  -24.350  15.232 0.0000000000
62133  57.246  -23.752  15.559 0.0000000000
57254  50.498  -28.292  15.191 0.0000000000
57269  50.233  -27.779  14.682 0.0000000000
137830  52.071  -28.225  15.859 0.0000000000
57234  54.099  -28.063  16.932 0.0000000000
57251  53.177  -28.060  16.120 0.0000000000
58288  53.924  -27.866  16.152 0.0000000000
58313  53.974  -27.430  15.453 0.0000000000
126904  54.643  -27.490  15.841 0.0000000000
119021  57.174  -27.230  17.703 0.0000000000
58260  56.613  -27.469  18.264 0.0000000000
58286  56.194  -27.238  16.515 0.0000000000
59326  56.759  -26.737  16.141 0.0000000000
59325  57.502  -26.463  16.478 0.0000000000
53206  40.893  -32.747  17.620 0.0000000000
53183  42.265  -32.312  18.097 0.0000000000
53163  42.064  -32.275  18.979 0.0000000000
53127  40.622  -32.644  20.874 0.0000000000
53126  41.314  -32.780  21.458 0.0000000000
54161  43.832  -32.109  21.599 0.0000000000
53125  43.238  -32.219  21.057 0.0000000000
53142  43.371  -32.126  20.346 0.0000000000
54177  44.098  -31.889  20.913 0.0000000000
54159  45.088  -31.511  21.040 0.0000000000
54113  46.760  -31.663  24.374 0.0000000000
54126  46.571  -31.493  23.670 0.0000000000
55095  47.243  -31.175  24.039 0.0000000000
55094  47.882  -30.812  24.475 0.0000000000
55084  48.095  -30.971  25.166 0.0000000000
43152  41.021  -41.916  26.856 0.0000000000
44099  40.630  -41.589  26.174 0.0000000000
44098  41.305  -41.086  26.449 0.0000000000
45097  40.560  -40.511  25.186 0.0000000000
46095  40.539  -39.774  24.554 0.0000000000
46109  40.312  -39.088  23.956 0.0000000000
46094  41.079  -38.988  24.538 0.0000000000
47051  42.599  -38.082  25.378 0.0000000000
48053  41.481  -37.704  24.614 0.0000000000
48041  41.963  -37.285  25.199 0.0000000000
49075  41.192  -36.968  24.847 0.0000000000
49064  42.000  -36.516  26.069 0.0000000000
126104  47.631  -43.304  33.739 0.0000000000
43085  47.966  -42.696  33.533 0.0000000000
44023  48.376  -41.032  32.875 0.0000000000
44024  47.734  -41.522  32.378 0.0000000000
44032  47.262  -41.168  31.699 0.0000000000
45013  46.844  -40.802  31.119 0.0000000000
45012  47.492  -40.411  31.462 0.0000000000
46984  47.659  -37.512  31.144 0.0000000000
129989  47.840  -38.583  31.134 0.0000000000
140650  46.967  -38.309  30.171 0.0000000000
46022  46.541  -39.072  29.775 0.0000000000
47002  46.411  -38.037  29.540 0.0000000000
47003  45.852  -37.849  28.957 0.0000000000
49025  44.661  -35.720  29.092 0.0000000000
49036  44.224  -35.965  28.584 0.0000000000
49037  43.695  -35.729  28.064 0.0000000000
49047  42.786  -35.791  27.179 0.0000000000
50058  42.792  -35.389  27.127 0.0000000000
51054  42.337  -35.251  26.650 0.0000000000
51040  43.265  -35.221  27.597 0.0000000000
51984  45.623  -34.478  29.323 0.0000000000
51996  44.586  -34.440  28.334 0.0000000000
51995  45.438  -34.242  28.499 0.0000000000
52008  45.221  -34.046  27.490 0.0000000000
51994  46.362  -34.082  28.637 0.0000000000
51964  47.855  -34.414  31.278 0.0000000000
51963  48.603  -33.942  31.710 0.0000000000
51981  48.296  -33.568  29.986 0.0000000000
53026  48.084  -33.247  29.080 0.0000000000
52006  47.093  -33.541  27.907 0.0000000000
53046  47.535  -32.687  27.417 0.0000000000
53056  47.303  -32.347  26.629 0.0000000000
53045  48.123  -32.215  27.715 0.0000000000
74743  53.114  -10.580  3.109 0.0000000000
70770  50.878  -14.864  6.901 0.0000000000
71896  53.618  -13.433  3.573 0.0000000000
72889  53.199  -12.598  3.295 0.0000000000
71895  54.394  -13.689  3.334 0.0000000000
70778  56.353  -14.293  5.958 0.0000000000
71852  56.942  -13.902  5.608 0.0000000000
71836  57.110  -13.959  6.285 0.0000000000
69717  55.516  -15.416  8.482 0.0000000000
70761  56.013  -14.943  7.909 0.0000000000
69716  56.343  -15.175  8.605 0.0000000000
70752  58.160  -14.839  9.238 0.0000000000
70759  57.527  -14.326  8.077 0.0000000000
118305  57.972  -14.429  8.534 0.0000000000
141859  57.731  -14.076  7.686 0.0000000000
71811  58.230  -13.970  7.958 0.0000000000
71810  59.126  -13.697  8.098 0.0000000000
70758  58.721  -14.234  8.751 0.0000000000
118352  60.260  -14.352  10.235 0.0000000000
136743  57.008  -12.910  -0.986 0.0000000000
71941  57.637  -13.257  -0.915 0.0000000000
71940  58.399  -13.492  -0.783 0.0000000000
31535  34.420  -53.794  40.799 0.0000000000
30643  19.876  -54.406  37.805 0.0000000000
30629  21.039  -54.781  38.538 0.0000000000
30630  20.201  -54.739  38.501 0.0000000000
30611  20.528  -54.974  39.195 0.0000000000
30589  20.782  -55.244  39.969 0.0000000000
57156  49.162  -29.310  23.226 0.0000000000
137220  49.709  -28.784  23.179 0.0000000000
128716  49.572  -28.913  23.993 0.0000000000
40069  33.316  -45.770  27.434 0.0000000000
136710  33.822  -45.865  28.030 0.0000000000
38916  34.643  -46.121  28.966 0.0000000000
125985  35.257  -46.394  29.823 0.0000000000
34608  30.317  -50.398  30.987 0.0000000000
33585  30.976  -51.144  31.695 0.0000000000
33603  30.032  -51.050  30.729 0.0000000000
33604  29.376  -51.332  30.429 0.0000000000
33605  28.587  -51.577  30.115 0.0000000000
36704  28.529  -48.276  28.566 0.0000000000
36687  28.752  -48.200  29.617 0.0000000000
35665  29.172  -49.081  29.838 0.0000000000
35649  29.606  -49.517  30.385 0.0000000000
26544  31.038  -59.226  36.248 0.0000000000
25530  31.803  -60.315  37.127 0.0000000000
25531  30.852  -59.957  37.502 0.0000000000
25519  31.730  -61.349  38.375 0.0000000000
66845  57.224  -18.105  11.841 0.0000000000
65860  57.164  -18.929  12.916 0.0000000000
63939  57.514  -21.862  17.114 0.0000000000
62986  58.940  -22.694  16.483 0.0000000000
59337  47.064  -26.055  15.973 0.0000000000
59354  49.503  -26.678  14.387 0.0000000000
51105  37.810  -33.631  23.308 0.0000000000
127423  38.650  -33.343  23.085 0.0000000000
52064  39.511  -33.528  23.263 0.0000000000
51091  39.338  -33.965  24.167 0.0000000000
52051  40.642  -34.173  24.723 0.0000000000
51078  41.208  -34.364  25.169 0.0000000000
42126  43.439  -43.911  30.440 0.0000000000
42113  44.700  -43.702  31.192 0.0000000000
42112  45.293  -43.439  31.513 0.0000000000
43093  45.997  -43.071  31.846 0.0000000000
67800  52.706  -17.493  9.562 0.0000000000
68746  52.752  -16.814  9.135 0.0000000000
67799  53.443  -17.190  9.573 0.0000000000
67798  54.184  -16.728  9.498 0.0000000000
68737  54.890  -16.842  9.788 0.0000000000
67791  55.079  -17.345  10.187 0.0000000000
66856  56.078  -18.118  10.968 0.0000000000
72926  55.300  -12.905  0.932 0.0000000000
122195  57.401  -13.493  2.875 0.0000000000
120831  55.521  -13.607  2.455 0.0000000000
37749  32.325  -47.168  34.110 0.0000000000
37748  33.152  -47.441  33.780 0.0000000000
138520  32.853  -47.489  34.612 0.0000000000
36617  33.495  -48.249  35.620 0.0000000000
36606  34.954  -48.757  37.281 0.0000000000
29677  26.244  -55.129  37.514 0.0000000000
28646  26.728  -55.785  37.986 0.0000000000
120866  26.179  -55.151  38.225 0.0000000000
29666  26.460  -55.538  38.863 0.0000000000
29642  25.413  -54.959  41.477 0.0000000000
29641  26.066  -55.164  41.484 0.0000000000
64948  52.773  -21.029  11.405 0.0000000000
64949  51.958  -21.073  11.195 0.0000000000
64018  52.324  -21.768  11.757 0.0000000000
63059  52.492  -22.196  12.504 0.0000000000
63049  49.675  -22.123  13.375 0.0000000000
133772  50.330  -22.512  13.017 0.0000000000
63998  50.333  -21.583  13.828 0.0000000000
63971  50.734  -20.770  14.619 0.0000000000
64900  51.599  -20.529  15.642 0.0000000000
64884  52.076  -20.607  16.363 0.0000000000
62980  52.361  -22.037  17.249 0.0000000000
139689  49.219  -29.437  16.461 0.0000000000
127498  49.624  -29.479  17.311 0.0000000000
58199  51.608  -27.538  22.733 0.0000000000
65880  51.077  -19.531  10.292 0.0000000000
30615  16.294  -54.600  39.286 0.0000000000
30616  15.527  -54.399  39.042 0.0000000000
30594  15.610  -54.736  39.790 0.0000000000
29650  15.731  -54.932  40.565 0.0000000000
58304  42.672  -27.476  15.056 0.0000000000
57274  44.700  -28.615  14.681 0.0000000000
57275  43.774  -28.871  14.745 0.0000000000
56247  44.460  -29.541  14.648 0.0000000000
55226  45.170  -30.524  15.277 0.0000000000
54242  43.880  -31.784  16.188 0.0000000000
54241  44.566  -31.568  16.394 0.0000000000
141953  44.597  -31.688  16.936 0.0000000000
54224  45.390  -31.424  17.548 0.0000000000
55181  45.751  -31.241  18.990 0.0000000000
55166  46.732  -30.770  19.818 0.0000000000
55167  45.961  -31.151  19.845 0.0000000000
55155  45.896  -31.174  20.696 0.0000000000
40043  37.572  -45.486  28.679 0.0000000000
40065  37.225  -45.311  27.765 0.0000000000
134284  38.166  -45.482  29.195 0.0000000000
40026  38.814  -45.339  29.241 0.0000000000
40025  39.601  -45.011  29.197 0.0000000000
41129  40.452  -44.700  29.430 0.0000000000
40024  40.051  -45.234  29.979 0.0000000000
40005  41.109  -45.419  30.926 0.0000000000
118189  41.899  -45.868  32.050 0.0000000000
37745  36.610  -47.638  33.325 0.0000000000
37733  37.709  -47.661  34.612 0.0000000000
126169  38.387  -47.478  34.745 0.0000000000
37731  39.030  -47.253  34.818 0.0000000000
37704  42.773  -47.447  36.970 0.0000000000
30638  34.469  -54.884  37.235 0.0000000000
30651  34.412  -54.992  36.351 0.0000000000
30680  31.626  -54.328  33.283 0.0000000000
135570  32.293  -55.213  33.975 0.0000000000
29711  32.024  -55.863  34.061 0.0000000000
28677  31.723  -56.647  34.249 0.0000000000
28678  30.844  -56.814  34.197 0.0000000000
28679  29.851  -56.586  34.151 0.0000000000
33608  25.347  -51.523  30.368 0.0000000000
34594  23.170  -51.133  31.258 0.0000000000
33590  23.544  -51.655  31.681 0.0000000000
33570  23.970  -52.172  32.079 0.0000000000
31628  25.723  -53.267  32.931 0.0000000000
30685  26.564  -54.145  33.734 0.0000000000
135191  25.864  -53.992  34.304 0.0000000000
30673  25.628  -54.104  34.961 0.0000000000
118607  24.458  -53.308  34.303 0.0000000000
31600  24.528  -53.547  35.100 0.0000000000
139754  23.588  -53.184  34.361 0.0000000000
135724  19.857  -53.132  35.676 0.0000000000
41154  30.170  -44.423  27.084 0.0000000000
41143  28.846  -44.179  28.625 0.0000000000
133423  29.477  -44.127  28.539 0.0000000000
41142  29.444  -44.530  28.935 0.0000000000
41130  29.953  -44.924  29.522 0.0000000000
40013  30.688  -45.618  30.964 0.0000000000
38859  30.748  -46.161  32.059 0.0000000000
35596  30.286  -49.088  33.153 0.0000000000
35581  30.761  -49.242  33.907 0.0000000000
137060  31.138  -49.724  34.406 0.0000000000
33541  31.652  -50.315  35.593 0.0000000000
34535  32.018  -50.655  36.270 0.0000000000
33519  32.281  -51.000  36.815 0.0000000000
32536  32.638  -51.682  36.981 0.0000000000
135251  19.395  -55.727  42.005 0.0000000000
119812  20.296  -55.868  42.221 0.0000000000
67756  59.430  -16.630  15.527 0.0000000000
68669  61.150  -16.261  18.086 0.0000000000
68661  61.534  -16.539  18.632 0.0000000000
64912  55.852  -20.823  14.432 0.0000000000
64911  56.480  -20.303  14.780 0.0000000000
64895  56.548  -19.918  15.507 0.0000000000
141115  56.470  -19.056  16.941 0.0000000000
65801  56.682  -18.832  17.807 0.0000000000
132348  59.054  -20.490  18.215 0.0000000000
63028  46.330  -20.954  15.151 0.0000000000
61290  49.388  -24.650  15.871 0.0000000000
61273  49.289  -24.250  16.028 0.0000000000
133538  50.797  -24.612  15.542 0.0000000000
61271  50.850  -24.132  16.166 0.0000000000
62139  51.741  -23.870  16.239 0.0000000000
62138  52.571  -23.652  16.182 0.0000000000
61286  53.083  -24.058  15.165 0.0000000000
61309  55.347  -24.603  14.751 0.0000000000
118940  56.676  -25.173  15.244 0.0000000000
57222  52.782  -28.434  17.309 0.0000000000
57236  52.557  -28.311  16.435 0.0000000000
57221  53.558  -28.273  17.308 0.0000000000
57208  54.107  -28.146  17.683 0.0000000000
58275  54.785  -27.847  17.303 0.0000000000
59314  57.856  -26.689  17.319 0.0000000000
134903  40.178  -32.769  17.936 0.0000000000
53185  40.619  -32.548  18.498 0.0000000000
53096  42.931  -33.091  22.798 0.0000000000
53112  42.653  -32.734  22.088 0.0000000000
53111  43.576  -32.463  22.274 0.0000000000
53110  44.380  -32.310  22.661 0.0000000000
54128  45.111  -32.098  22.987 0.0000000000
54114  46.088  -32.009  24.017 0.0000000000
54102  46.921  -31.854  25.138 0.0000000000
44085  42.361  -41.230  27.612 0.0000000000
45066  42.728  -40.533  27.304 0.0000000000
45080  42.449  -40.119  26.643 0.0000000000
46074  41.714  -39.759  25.656 0.0000000000
136116  41.613  -39.218  25.148 0.0000000000
46073  42.303  -39.032  25.577 0.0000000000
47036  43.086  -38.536  25.951 0.0000000000
47035  43.721  -37.950  26.304 0.0000000000
43084  48.624  -42.262  34.231 0.0000000000
44017  48.922  -41.314  33.906 0.0000000000
44999  48.496  -40.257  32.544 0.0000000000
47977  46.940  -37.085  30.653 0.0000000000
47979  45.780  -36.844  29.733 0.0000000000
47978  46.149  -36.432  30.427 0.0000000000
49010  45.475  -35.987  30.129 0.0000000000
50032  44.707  -35.341  29.092 0.0000000000
50033  44.248  -35.177  28.593 0.0000000000
50031  45.144  -35.209  29.589 0.0000000000
51025  45.259  -34.863  29.586 0.0000000000
51024  45.908  -34.733  29.979 0.0000000000
69757  52.400  -15.405  6.412 0.0000000000
70781  52.069  -14.949  5.855 0.0000000000
70829  53.509  -14.444  4.509 0.0000000000
70828  54.844  -14.569  4.511 0.0000000000
70804  54.823  -14.872  5.320 0.0000000000
70779  55.505  -14.703  6.018 0.0000000000
121705  56.036  -14.556  6.679 0.0000000000
69700  57.074  -16.044  9.955 0.0000000000
69707  57.529  -15.418  9.571 0.0000000000
69706  58.186  -15.325  9.880 0.0000000000
70744  58.758  -14.943  9.805 0.0000000000
121631  59.170  -13.607  0.129 0.0000000000
130981  60.225  -13.489  0.487 0.0000000000
72872  59.128  -12.739  4.812 0.0000000000
72859  59.750  -12.524  5.394 0.0000000000
72827  60.816  -12.539  7.111 0.0000000000
35547  32.716  -49.666  37.188 0.0000000000
35546  33.324  -49.549  37.679 0.0000000000
34479  33.640  -50.408  39.283 0.0000000000
33493  33.964  -51.519  40.864 0.0000000000
30640  23.129  -54.266  37.731 0.0000000000
120081  23.881  -54.203  38.318 0.0000000000
30627  23.834  -54.437  39.084 0.0000000000
30609  22.257  -54.900  39.409 0.0000000000
30586  23.952  -54.884  40.622 0.0000000000
30575  24.645  -54.952  41.489 0.0000000000
29605  25.865  -55.033  43.598 0.0000000000
63070  49.244  -22.433  11.993 0.0000000000
63063  48.682  -22.295  12.593 0.0000000000
63050  48.868  -21.937  13.384 0.0000000000
63973  48.893  -20.449  15.053 0.0000000000
120816  48.691  -29.802  19.890 0.0000000000
135623  49.322  -29.370  20.340 0.0000000000
57186  50.040  -28.832  21.296 0.0000000000
57155  50.245  -28.369  23.542 0.0000000000
58200  50.901  -27.947  23.100 0.0000000000
31539  13.371  -53.892  39.098 0.0000000000
30596  13.273  -54.693  40.236 0.0000000000
29653  12.726  -54.939  40.965 0.0000000000
120481  13.066  -55.054  41.549 0.0000000000
120144  12.958  -55.175  42.497 0.0000000000
53254  42.750  -32.172  15.952 0.0000000000
53203  43.215  -32.222  17.058 0.0000000000
40090  34.616  -45.528  26.495 0.0000000000
134861  35.644  -45.479  27.099 0.0000000000
40067  35.280  -45.667  27.722 0.0000000000
119380  35.867  -45.701  28.216 0.0000000000
40044  36.622  -45.615  28.398 0.0000000000
40027  37.622  -45.734  29.557 0.0000000000
40009  37.834  -45.959  30.305 0.0000000000
38868  38.897  -46.147  31.245 0.0000000000
32562  32.984  -52.350  34.408 0.0000000000
32575  32.803  -52.943  33.804 0.0000000000
31612  32.298  -53.661  33.447 0.0000000000
32589  31.633  -52.557  32.574 0.0000000000
30693  31.658  -53.461  32.929 0.0000000000
30694  30.867  -54.123  32.796 0.0000000000
30695  29.947  -54.294  32.544 0.0000000000
34595  22.392  -50.943  31.424 0.0000000000
33555  22.299  -52.070  32.738 0.0000000000
38908  28.015  -45.626  28.752 0.0000000000
38893  29.194  -46.722  30.689 0.0000000000
37774  29.138  -47.509  31.086 0.0000000000
35614  29.695  -48.715  32.107 0.0000000000
35613  29.992  -49.013  32.532 0.0000000000
34551  31.014  -49.856  33.283 0.0000000000
33554  32.128  -51.029  34.162 0.0000000000
68711  58.823  -16.637  12.638 0.0000000000
134267  58.483  -17.518  14.116 0.0000000000
67732  58.989  -17.529  16.932 0.0000000000
65803  54.714  -19.569  17.880 0.0000000000
65802  55.569  -19.214  18.047 0.0000000000
64857  56.206  -20.022  18.727 0.0000000000
64856  56.892  -19.769  18.926 0.0000000000
64868  58.065  -20.424  18.434 0.0000000000
63922  57.790  -21.149  17.711 0.0000000000
62143  45.843  -23.412  15.260 0.0000000000
60400  47.411  -25.486  15.992 0.0000000000
126728  47.905  -25.156  16.024 0.0000000000
61291  48.611  -24.798  15.938 0.0000000000
61314  50.451  -25.141  14.928 0.0000000000
60418  51.734  -25.746  14.386 0.0000000000
58231  54.554  -27.253  20.656 0.0000000000
52130  38.553  -32.705  19.662 0.0000000000
53166  39.405  -32.582  19.498 0.0000000000
52108  39.095  -32.673  20.418 0.0000000000
52093  39.688  -32.755  21.192 0.0000000000
52079  41.122  -33.230  22.276 0.0000000000
119530  40.582  -33.621  23.076 0.0000000000
129791  41.408  -33.601  22.992 0.0000000000
52078  42.021  -33.244  22.559 0.0000000000
52060  43.176  -33.463  23.557 0.0000000000
52049  43.386  -33.706  24.225 0.0000000000
42176  39.960  -43.132  26.911 0.0000000000
43154  39.620  -42.761  26.230 0.0000000000
43142  40.667  -42.695  27.234 0.0000000000
43141  41.352  -42.295  27.571 0.0000000000
43140  42.034  -41.938  27.910 0.0000000000
43113  43.833  -43.018  30.071 0.0000000000
43130  43.044  -42.029  28.877 0.0000000000
44072  42.704  -41.625  28.251 0.0000000000
44071  43.374  -41.326  28.581 0.0000000000
44070  44.012  -40.974  28.950 0.0000000000
45040  44.739  -40.649  29.238 0.0000000000
69722  50.944  -15.900  7.923 0.0000000000
68755  52.557  -16.346  8.549 0.0000000000
69734  52.422  -15.684  7.211 0.0000000000
69733  53.457  -15.703  7.486 0.0000000000
140490  53.949  -15.498  7.022 0.0000000000
70769  54.767  -15.184  7.019 0.0000000000
69709  55.835  -15.684  9.141 0.0000000000
68743  55.402  -16.282  9.516 0.0000000000
68736  56.237  -16.199  9.724 0.0000000000
68735  57.466  -16.471  10.585 0.0000000000
72939  56.460  -12.552  -0.579 0.0000000000
71942  56.969  -13.242  -0.316 0.0000000000
71933  56.008  -12.984  0.148 0.0000000000
71932  57.546  -13.533  0.259 0.0000000000
71919  58.257  -13.590  0.702 0.0000000000
125264  59.715  -13.122  2.167 0.0000000000
139771  60.606  -12.391  3.172 0.0000000000
72906  60.237  -12.648  2.790 0.0000000000
137475  59.303  -12.612  4.016 0.0000000000
71892  58.082  -13.246  3.437 0.0000000000
72887  58.560  -12.929  4.128 0.0000000000
71871  58.241  -13.231  5.085 0.0000000000
38891  32.725  -46.233  30.312 0.0000000000
38873  33.945  -46.792  30.912 0.0000000000
37761  34.539  -47.507  32.418 0.0000000000
139935  33.655  -47.848  34.199 0.0000000000
36624  36.176  -48.093  34.232 0.0000000000
37721  36.822  -48.160  35.685 0.0000000000
36597  33.727  -49.080  37.278 0.0000000000
36596  34.486  -49.064  37.648 0.0000000000
118906  35.370  -48.847  37.984 0.0000000000
36585  35.371  -49.116  38.793 0.0000000000
36584  36.053  -48.724  38.720 0.0000000000
35681  27.817  -49.825  28.005 0.0000000000
138443  28.930  -58.574  37.327 0.0000000000
27629  28.511  -58.115  37.579 0.0000000000
27614  28.556  -58.281  38.771 0.0000000000
26515  29.103  -59.003  40.301 0.0000000000
29657  26.205  -55.332  39.639 0.0000000000
29640  26.703  -55.612  41.458 0.0000000000
28623  27.279  -56.301  41.244 0.0000000000
28627  27.738  -56.925  40.731 0.0000000000
65869  55.510  -19.656  11.702 0.0000000000
125497  54.779  -20.078  11.564 0.0000000000
64945  55.286  -20.430  12.176 0.0000000000
64938  55.082  -21.025  12.630 0.0000000000
133443  53.460  -21.012  11.637 0.0000000000
64009  54.587  -21.421  12.784 0.0000000000
63993  55.118  -21.296  13.263 0.0000000000
131354  55.189  -20.717  14.808 0.0000000000
64897  54.611  -20.190  15.555 0.0000000000
64019  50.689  -21.952  11.443 0.0000000000
63068  51.170  -22.361  11.919 0.0000000000
63047  52.085  -22.311  13.211 0.0000000000
63048  51.155  -22.420  13.152 0.0000000000
63996  52.543  -21.650  13.924 0.0000000000
63969  53.293  -21.254  14.372 0.0000000000
123034  53.735  -20.246  15.511 0.0000000000
65815  54.329  -19.546  17.064 0.0000000000
65804  54.078  -19.823  17.476 0.0000000000
64871  54.244  -20.342  18.120 0.0000000000
63925  55.242  -21.489  18.146 0.0000000000
63927  53.190  -21.070  17.559 0.0000000000
63926  54.376  -21.440  18.106 0.0000000000
62988  56.586  -22.059  17.205 0.0000000000
63009  57.668  -22.918  15.967 0.0000000000
57271  47.777  -28.244  14.536 0.0000000000
142667  49.069  -28.248  14.669 0.0000000000
57238  50.745  -28.719  16.106 0.0000000000
56213  50.482  -29.096  17.034 0.0000000000
57224  51.296  -28.793  17.060 0.0000000000
132942  52.061  -28.541  16.961 0.0000000000
57210  52.572  -28.401  18.313 0.0000000000
57196  53.162  -28.078  18.908 0.0000000000
56181  49.885  -29.121  19.938 0.0000000000
57199  50.592  -28.694  20.000 0.0000000000
57184  51.351  -28.246  20.607 0.0000000000
58217  51.781  -27.598  21.922 0.0000000000
58234  51.945  -27.718  21.123 0.0000000000
58232  53.356  -27.363  20.633 0.0000000000
133171  53.845  -27.185  20.845 0.0000000000
58214  54.124  -26.884  21.369 0.0000000000
50111  37.425  -35.213  23.470 0.0000000000
50096  37.891  -35.113  23.946 0.0000000000
50082  39.091  -35.347  24.727 0.0000000000
41057  46.717  -44.709  34.552 0.0000000000
41069  46.409  -44.516  33.609 0.0000000000
68757  50.504  -16.360  8.381 0.0000000000
67808  51.043  -16.907  8.774 0.0000000000
66869  51.374  -18.178  9.668 0.0000000000
66868  52.311  -18.093  9.813 0.0000000000
74765  53.857  -11.152  1.692 0.0000000000
131020  17.741  -54.284  38.352 0.0000000000
30613  18.785  -54.873  39.265 0.0000000000
30614  17.840  -54.650  39.006 0.0000000000
30592  17.968  -54.933  39.833 0.0000000000
29648  18.156  -55.275  40.782 0.0000000000
134793  17.230  -55.018  40.334 0.0000000000
29628  18.480  -55.547  41.784 0.0000000000
29611  18.773  -55.772  42.698 0.0000000000
119291  19.044  -55.908  43.694 0.0000000000
30595  14.119  -54.800  40.196 0.0000000000
135600  15.120  -55.027  40.947 0.0000000000
29631  15.724  -55.082  41.457 0.0000000000
29614  16.059  -55.209  42.330 0.0000000000
118915  17.199  -55.559  43.216 0.0000000000
118956  17.901  -55.661  44.641 0.0000000000
132011  45.128  -25.115  15.455 0.0000000000
60402  45.268  -25.882  15.690 0.0000000000
59339  45.513  -26.621  15.679 0.0000000000
58301  45.746  -27.262  15.228 0.0000000000
119445  44.973  -27.241  15.439 0.0000000000
57272  46.900  -28.155  14.488 0.0000000000
56244  47.078  -28.895  14.656 0.0000000000
56231  47.472  -29.388  15.125 0.0000000000
56232  46.599  -29.647  14.999 0.0000000000
56216  47.790  -29.778  15.821 0.0000000000
55209  47.944  -30.134  16.670 0.0000000000
55194  48.241  -30.216  17.572 0.0000000000
55178  48.391  -30.193  18.347 0.0000000000
56249  42.748  -29.678  14.613 0.0000000000
55246  44.257  -30.380  14.878 0.0000000000
55212  45.685  -30.929  15.955 0.0000000000
54240  45.237  -31.302  16.369 0.0000000000
55179  47.745  -30.457  18.281 0.0000000000
56160  48.631  -29.668  21.665 0.0000000000
118638  47.043  -30.576  20.506 0.0000000000
56161  48.041  -30.168  21.869 0.0000000000
139941  48.402  -29.901  22.162 0.0000000000
122426  48.581  -29.758  23.163 0.0000000000
56116  48.817  -29.799  24.795 0.0000000000
42224  36.983  -43.253  23.636 0.0000000000
42206  37.914  -43.178  24.866 0.0000000000
42191  38.218  -43.494  25.595 0.0000000000
41188  35.546  -44.935  25.031 0.0000000000
41187  36.418  -44.603  25.361 0.0000000000
40087  36.960  -45.108  26.932 0.0000000000
41168  37.456  -44.603  26.427 0.0000000000
41186  37.163  -44.338  25.674 0.0000000000
42179  37.857  -44.083  25.988 0.0000000000
42178  38.538  -43.811  26.303 0.0000000000
42177  39.237  -43.497  26.611 0.0000000000
42165  40.263  -43.489  27.620 0.0000000000
42152  40.548  -43.824  28.321 0.0000000000
42139  41.556  -43.841  29.246 0.0000000000
124103  41.128  -44.400  29.545 0.0000000000
41128  41.880  -44.332  29.927 0.0000000000
41115  42.644  -44.509  30.528 0.0000000000
41087  44.549  -45.021  32.358 0.0000000000
39981  45.008  -45.122  32.863 0.0000000000
38872  34.873  -46.923  31.074 0.0000000000
38888  35.514  -46.605  30.452 0.0000000000
38870  36.772  -46.713  31.391 0.0000000000
37758  36.906  -47.215  32.615 0.0000000000
120993  37.064  -46.854  32.028 0.0000000000
38869  37.565  -46.610  31.556 0.0000000000
125798  38.350  -46.521  31.771 0.0000000000
38851  39.567  -46.457  32.356 0.0000000000
119529  39.345  -47.504  36.064 0.0000000000
37718  39.503  -47.288  35.228 0.0000000000
139591  40.113  -47.103  34.981 0.0000000000
38822  39.617  -46.970  34.477 0.0000000000
119811  39.989  -46.733  33.707 0.0000000000
38850  40.231  -46.513  32.876 0.0000000000
39985  40.347  -46.139  32.064 0.0000000000
38849  41.186  -46.265  32.560 0.0000000000
38848  42.012  -46.194  32.626 0.0000000000
38832  42.540  -46.329  32.978 0.0000000000
38819  43.020  -46.804  34.195 0.0000000000
38830  43.931  -46.530  33.960 0.0000000000
39970  43.852  -46.090  33.121 0.0000000000
39969  44.424  -46.044  33.489 0.0000000000
39968  45.120  -45.574  33.516 0.0000000000
39967  45.980  -45.184  33.977 0.0000000000
29674  35.624  -56.238  38.908 0.0000000000
29686  35.271  -56.332  37.628 0.0000000000
30662  33.828  -54.219  35.110 0.0000000000
29709  33.224  -55.194  34.555 0.0000000000
124201  33.833  -55.991  35.300 0.0000000000
26555  34.141  -58.419  36.107 0.0000000000
127121  32.076  -58.686  35.315 0.0000000000
26566  31.757  -58.060  34.835 0.0000000000
26559  30.396  -58.360  35.592 0.0000000000
27643  29.125  -57.972  36.091 0.0000000000
34627  27.918  -50.580  28.769 0.0000000000
33619  28.263  -51.125  29.506 0.0000000000
32616  28.140  -52.167  30.384 0.0000000000
31637  28.576  -53.231  31.424 0.0000000000
31626  28.790  -53.801  31.934 0.0000000000
30696  29.084  -54.333  32.459 0.0000000000
33623  24.671  -50.994  30.022 0.0000000000
33589  24.244  -51.786  31.489 0.0000000000
33588  25.067  -51.876  31.155 0.0000000000
31639  27.122  -53.011  31.582 0.0000000000
30697  28.182  -54.183  32.559 0.0000000000
30682  29.372  -54.851  32.966 0.0000000000
29726  28.856  -55.342  33.461 0.0000000000
29712  29.264  -55.966  33.804 0.0000000000
28680  28.868  -56.422  34.471 0.0000000000
30671  27.143  -54.740  34.166 0.0000000000
28665  28.473  -56.778  35.244 0.0000000000
27657  28.853  -57.428  35.603 0.0000000000
137486  28.583  -57.618  36.238 0.0000000000
28655  27.653  -56.671  36.583 0.0000000000
29689  26.389  -55.157  36.698 0.0000000000
30664  25.433  -54.173  35.744 0.0000000000
30663  25.915  -54.626  36.228 0.0000000000
29690  25.732  -54.660  37.049 0.0000000000
136868  25.127  -54.271  37.320 0.0000000000
32564  22.345  -52.971  34.024 0.0000000000
31603  21.904  -53.306  34.848 0.0000000000
31571  22.868  -53.926  36.273 0.0000000000
31555  23.245  -54.043  36.980 0.0000000000
31556  22.229  -54.219  37.096 0.0000000000
31557  21.183  -54.254  37.112 0.0000000000
31558  20.406  -54.181  37.195 0.0000000000
31573  19.766  -53.470  36.254 0.0000000000
31559  19.586  -53.902  37.052 0.0000000000
31560  18.648  -53.756  37.193 0.0000000000
32537  17.558  -52.986  36.605 0.0000000000
124227  17.162  -53.300  37.198 0.0000000000
31546  17.250  -53.802  37.827 0.0000000000
31562  16.536  -53.325  37.436 0.0000000000
31563  15.848  -53.289  37.617 0.0000000000
31564  15.090  -53.156  37.739 0.0000000000
31549  14.634  -53.569  38.349 0.0000000000
40114  31.365  -45.390  25.625 0.0000000000
40092  32.712  -45.685  26.671 0.0000000000
139251  32.637  -45.887  28.765 0.0000000000
40030  32.082  -45.807  29.153 0.0000000000
38874  32.438  -46.333  31.881 0.0000000000
39996  31.181  -45.739  31.539 0.0000000000
38875  31.476  -45.975  32.229 0.0000000000
38857  32.021  -46.306  32.880 0.0000000000
38839  31.949  -46.710  33.558 0.0000000000
36619  32.356  -48.451  35.791 0.0000000000
38877  29.645  -46.796  31.414 0.0000000000
122965  30.055  -46.806  32.066 0.0000000000
38860  30.609  -46.922  32.599 0.0000000000
37738  31.005  -48.266  33.953 0.0000000000
37750  31.473  -47.508  33.780 0.0000000000
37737  31.681  -47.816  34.447 0.0000000000
37725  31.942  -48.084  35.117 0.0000000000
36609  32.468  -49.065  36.507 0.0000000000
33505  32.787  -50.768  38.159 0.0000000000
33510  32.876  -51.435  38.357 0.0000000000
138493  32.824  -51.754  37.703 0.0000000000
32535  33.189  -52.312  38.297 0.0000000000
131540  34.016  -53.879  39.757 0.0000000000
30590  19.444  -55.179  39.927 0.0000000000
134198  20.089  -55.324  40.184 0.0000000000
29644  21.379  -55.456  40.751 0.0000000000
29625  21.770  -55.641  41.709 0.0000000000
29624  22.835  -55.540  42.107 0.0000000000
29606  24.014  -55.345  42.827 0.0000000000
65853  57.088  -19.420  13.505 0.0000000000
123396  57.445  -19.294  14.282 0.0000000000
65842  57.163  -19.760  15.104 0.0000000000
139267  57.681  -19.090  14.990 0.0000000000
66801  58.138  -18.379  16.491 0.0000000000
66786  56.542  -19.136  18.503 0.0000000000
66795  57.347  -18.679  18.717 0.0000000000
65780  58.014  -18.797  19.388 0.0000000000
66784  58.117  -18.547  19.276 0.0000000000
67714  59.100  -17.862  19.077 0.0000000000
67721  59.957  -16.983  18.491 0.0000000000
67712  60.705  -16.932  19.238 0.0000000000
64011  46.659  -21.534  12.574 0.0000000000
64000  48.163  -20.669  14.531 0.0000000000
63954  48.939  -20.625  15.461 0.0000000000
63014  46.945  -21.737  15.337 0.0000000000
62140  48.355  -23.141  15.806 0.0000000000
63013  47.871  -21.458  15.492 0.0000000000
122463  48.506  -20.955  15.632 0.0000000000
63953  49.665  -20.765  15.816 0.0000000000
124768  51.035  -21.650  16.512 0.0000000000
62117  53.902  -23.091  16.727 0.0000000000
62137  53.460  -23.505  15.990 0.0000000000
62116  54.788  -22.983  16.473 0.0000000000
62132  58.190  -23.743  15.861 0.0000000000
57270  49.279  -27.676  14.489 0.0000000000
58316  50.086  -27.257  14.449 0.0000000000
122455  50.859  -27.265  14.515 0.0000000000
57252  52.649  -27.985  15.728 0.0000000000
58299  52.663  -27.516  15.067 0.0000000000
58300  51.862  -27.251  14.640 0.0000000000
58315  52.724  -27.034  14.662 0.0000000000
122408  53.990  -26.927  14.913 0.0000000000
59349  54.679  -26.650  14.959 0.0000000000
121487  55.389  -27.710  18.761 0.0000000000
124583  55.465  -27.681  17.744 0.0000000000
58261  55.986  -27.579  18.158 0.0000000000
58274  55.506  -27.573  16.906 0.0000000000
58287  55.393  -27.387  16.166 0.0000000000
58297  55.157  -27.072  15.511 0.0000000000
59335  55.545  -26.330  15.139 0.0000000000
59334  56.438  -26.311  15.565 0.0000000000
123304  56.758  -25.779  15.442 0.0000000000
60395  57.141  -25.489  15.539 0.0000000000
122718  57.816  -25.924  16.195 0.0000000000
60394  57.661  -25.434  15.811 0.0000000000
61270  58.716  -24.509  16.199 0.0000000000
53229  41.817  -32.622  16.492 0.0000000000
53182  43.009  -32.181  17.907 0.0000000000
141007  43.363  -32.032  18.438 0.0000000000
53165  40.266  -32.463  19.340 0.0000000000
53164  41.166  -32.386  19.147 0.0000000000
121569  42.321  -32.533  21.328 0.0000000000
133324  42.725  -32.205  19.688 0.0000000000
54193  43.506  -32.031  19.600 0.0000000000
54192  44.228  -31.792  19.526 0.0000000000
54176  44.631  -31.662  20.271 0.0000000000
55143  45.989  -31.253  21.447 0.0000000000
55127  46.181  -31.333  22.261 0.0000000000
54143  45.616  -31.690  22.646 0.0000000000
54142  46.356  -31.367  23.009 0.0000000000
55126  46.892  -30.963  22.659 0.0000000000
55110  47.675  -30.680  23.778 0.0000000000
56117  48.315  -30.298  24.257 0.0000000000
43167  39.993  -41.991  25.857 0.0000000000
44116  39.647  -41.646  25.199 0.0000000000
44114  40.785  -40.979  25.830 0.0000000000
44132  39.927  -40.958  24.878 0.0000000000
48083  39.187  -37.629  22.943 0.0000000000
47067  41.209  -38.215  24.404 0.0000000000
48071  40.287  -37.729  23.730 0.0000000000
48072  39.653  -37.330  23.447 0.0000000000
49094  39.363  -36.609  23.884 0.0000000000
49067  39.569  -36.106  24.642 0.0000000000
49066  40.228  -35.892  25.290 0.0000000000
42094  46.956  -43.801  33.400 0.0000000000
42103  46.434  -43.451  32.511 0.0000000000
43092  46.750  -42.707  32.207 0.0000000000
43091  47.519  -42.330  32.671 0.0000000000
44025  47.049  -41.954  31.923 0.0000000000
44034  45.899  -41.908  31.041 0.0000000000
44045  46.178  -41.155  30.797 0.0000000000
45026  45.797  -40.728  30.211 0.0000000000
45039  45.467  -40.281  29.565 0.0000000000
46974  48.767  -38.438  32.312 0.0000000000
45999  48.291  -39.052  31.694 0.0000000000
45011  48.162  -39.969  31.826 0.0000000000
45024  47.131  -40.027  30.869 0.0000000000
45038  46.165  -39.927  29.942 0.0000000000
45050  45.137  -39.840  28.906 0.0000000000
46032  45.473  -38.830  28.535 0.0000000000
47014  44.905  -37.860  27.619 0.0000000000
48016  44.322  -37.043  27.416 0.0000000000
47993  45.223  -36.854  29.035 0.0000000000
48003  44.674  -36.753  28.297 0.0000000000
48017  43.537  -36.520  27.332 0.0000000000
49055  42.263  -36.074  26.693 0.0000000000
49056  41.615  -35.837  26.200 0.0000000000
50073  40.507  -35.350  25.576 0.0000000000
51067  41.402  -35.064  26.093 0.0000000000
51072  41.560  -34.759  25.798 0.0000000000
51066  42.396  -34.880  26.480 0.0000000000
51052  43.298  -34.888  27.629 0.0000000000
51065  42.992  -34.734  27.050 0.0000000000
52025  42.917  -34.589  26.417 0.0000000000
52038  43.435  -34.262  25.678 0.0000000000
52036  45.196  -33.471  25.881 0.0000000000
51008  47.476  -34.921  31.464 0.0000000000
51975  46.760  -34.569  30.294 0.0000000000
51973  48.379  -33.719  30.918 0.0000000000
51982  47.501  -34.075  29.687 0.0000000000
52007  46.223  -33.864  27.695 0.0000000000
52021  46.037  -33.463  26.844 0.0000000000
53058  45.890  -33.062  26.074 0.0000000000
53068  46.400  -32.417  25.576 0.0000000000
54093  47.081  -32.069  25.888 0.0000000000
54092  47.764  -31.656  26.241 0.0000000000
54091  48.381  -31.221  26.665 0.0000000000
55075  48.221  -31.069  25.899 0.0000000000
74754  53.458  -10.888  2.340 0.0000000000
73821  53.609  -11.724  2.181 0.0000000000
72910  53.548  -12.323  2.655 0.0000000000
127409  55.186  -13.867  3.139 0.0000000000
71874  55.635  -14.128  3.690 0.0000000000
70827  55.625  -14.335  4.357 0.0000000000
71873  56.359  -14.039  4.153 0.0000000000
71851  57.608  -13.610  5.760 0.0000000000
125231  55.670  -14.854  7.257 0.0000000000
70768  56.537  -14.487  7.300 0.0000000000
71822  57.224  -14.078  6.945 0.0000000000
71821  57.923  -13.826  7.259 0.0000000000
71834  58.528  -13.436  6.736 0.0000000000
122874  59.387  -14.386  9.504 0.0000000000
28654  28.189  -57.103  36.011 0.0000000000
29645  20.441  -55.505  40.723 0.0000000000
29713  28.425  -55.740  34.127 0.0000000000
29724  30.390  -55.495  33.418 0.0000000000
30588  21.668  -55.184  40.001 0.0000000000
30612  19.735  -54.934  39.175 0.0000000000
30618  12.928  -54.265  39.668 0.0000000000
30626  24.502  -54.373  38.891 0.0000000000
30645  18.162  -54.028  37.807 0.0000000000
31583  33.978  -53.970  35.712 0.0000000000
31615  25.042  -53.355  33.672 0.0000000000
31636  29.387  -53.251  31.618 0.0000000000
32577  24.913  -53.048  33.013 0.0000000000
32593  23.720  -52.460  32.646 0.0000000000
32602  29.195  -52.665  31.135 0.0000000000
32603  28.365  -52.695  30.897 0.0000000000
32604  27.492  -52.562  30.814 0.0000000000
33528  32.137  -51.011  35.612 0.0000000000
33586  30.508  -51.147  31.191 0.0000000000
33606  27.893  -51.713  29.835 0.0000000000
34493  33.205  -50.542  38.691 0.0000000000
34550  31.336  -49.851  35.090 0.0000000000
35545  33.998  -49.431  38.077 0.0000000000
35557  32.130  -49.825  36.567 0.0000000000
35634  29.693  -49.097  31.142 0.0000000000
36598  33.062  -49.060  36.915 0.0000000000
36615  36.180  -48.335  35.229 0.0000000000
36633  30.434  -48.741  33.442 0.0000000000
37724  32.520  -47.832  35.122 0.0000000000
37734  37.196  -47.664  34.018 0.0000000000
37751  30.910  -47.774  33.460 0.0000000000
37810  28.290  -48.032  27.830 0.0000000000
38805  40.862  -47.231  35.155 0.0000000000
38831  43.172  -46.464  33.401 0.0000000000
38836  38.739  -46.918  33.489 0.0000000000
38867  39.031  -46.406  31.899 0.0000000000
38871  35.842  -46.908  31.370 0.0000000000
38889  34.597  -46.553  30.179 0.0000000000
38890  33.600  -46.451  30.167 0.0000000000
39971  43.220  -46.025  32.707 0.0000000000
39993  42.577  -45.539  31.741 0.0000000000
39997  30.812  -45.822  31.617 0.0000000000
40014  30.192  -45.718  30.519 0.0000000000
40029  35.982  -45.904  28.919 0.0000000000
40041  39.027  -45.055  28.724 0.0000000000
40042  38.421  -45.249  28.650 0.0000000000
41102  42.589  -45.078  31.143 0.0000000000
42114  44.087  -44.207  31.120 0.0000000000
42138  42.328  -43.551  29.501 0.0000000000
42150  41.985  -43.082  28.902 0.0000000000
43101  46.316  -42.318  31.583 0.0000000000
43120  44.123  -42.188  29.787 0.0000000000
43121  43.423  -42.502  29.470 0.0000000000
43122  42.715  -42.785  29.174 0.0000000000
44047  44.817  -41.845  30.118 0.0000000000
44097  42.040  -40.813  26.938 0.0000000000
45081  41.817  -40.336  26.261 0.0000000000
46000  47.717  -39.580  31.251 0.0000000000
46012  46.811  -39.549  30.294 0.0000000000
46056  43.534  -38.916  26.577 0.0000000000
46057  42.793  -39.380  26.290 0.0000000000
46058  42.225  -39.734  26.071 0.0000000000
46096  39.917  -39.881  24.064 0.0000000000
46110  39.653  -39.319  23.479 0.0000000000
47024  44.318  -38.225  26.937 0.0000000000
47034  43.990  -37.305  26.795 0.0000000000
47068  40.635  -38.325  23.994 0.0000000000
47960  47.295  -36.419  31.267 0.0000000000
47994  44.703  -36.207  29.013 0.0000000000
48004  43.847  -36.201  27.953 0.0000000000
48018  42.900  -36.265  27.056 0.0000000000
48029  43.369  -37.040  26.580 0.0000000000
48030  42.648  -36.735  26.378 0.0000000000
48040  42.529  -37.290  25.720 0.0000000000
49011  45.075  -35.587  29.595 0.0000000000
49026  44.231  -35.508  28.555 0.0000000000
49038  43.248  -35.587  27.622 0.0000000000
49048  42.279  -35.599  26.655 0.0000000000
49057  40.860  -35.808  25.741 0.0000000000
49076  40.418  -36.578  24.735 0.0000000000
49093  40.074  -36.990  24.048 0.0000000000
50067  41.153  -35.357  25.969 0.0000000000
51016  47.075  -34.748  30.915 0.0000000000
51018  45.611  -35.067  30.082 0.0000000000
51026  44.743  -35.013  29.135 0.0000000000
51037  44.914  -34.661  29.024 0.0000000000
51039  43.710  -35.031  28.163 0.0000000000
51051  43.886  -34.646  28.059 0.0000000000
51073  40.808  -34.856  25.686 0.0000000000
52010  43.661  -34.479  27.412 0.0000000000
52023  44.540  -34.071  26.769 0.0000000000
52024  43.617  -34.340  26.562 0.0000000000
52039  42.505  -34.524  25.782 0.0000000000
52048  44.065  -33.653  24.718 0.0000000000
52080  40.120  -33.242  22.421 0.0000000000
52081  39.244  -33.130  22.506 0.0000000000
52092  40.437  -32.918  21.685 0.0000000000
53037  47.806  -32.936  28.221 0.0000000000
53057  46.567  -32.731  26.341 0.0000000000
53080  45.547  -32.521  24.460 0.0000000000
53093  45.356  -32.326  23.686 0.0000000000
53144  40.867  -32.448  20.011 0.0000000000
53204  42.462  -32.460  17.165 0.0000000000
53205  41.680  -32.638  17.343 0.0000000000
53227  43.301  -32.076  16.332 0.0000000000
54112  47.430  -31.332  24.756 0.0000000000
54145  44.251  -32.098  22.086 0.0000000000
54160  44.574  -31.841  21.636 0.0000000000
54264  44.895  -31.165  15.820 0.0000000000
55093  48.440  -30.361  24.964 0.0000000000
55228  43.732  -31.086  15.250 0.0000000000
55245  45.012  -29.983  14.770 0.0000000000
57175  49.810  -28.923  21.900 0.0000000000
57253  51.976  -27.863  15.246 0.0000000000
57256  48.573  -28.212  14.591 0.0000000000
58314  53.349  -27.239  14.964 0.0000000000
58319  46.589  -27.372  14.788 0.0000000000
58320  45.259  -27.918  14.836 0.0000000000
59350  53.296  -26.616  14.598 0.0000000000
60396  56.169  -25.660  15.131 0.0000000000
60398  48.844  -25.192  15.712 0.0000000000
60399  48.164  -25.406  15.890 0.0000000000
60414  56.026  -24.868  14.883 0.0000000000
60421  49.185  -25.784  14.813 0.0000000000
61274  48.714  -24.129  16.002 0.0000000000
61285  53.977  -23.934  15.007 0.0000000000
61288  51.445  -24.439  15.473 0.0000000000
61289  50.147  -24.568  15.826 0.0000000000
61311  53.608  -24.783  14.556 0.0000000000
62122  49.056  -23.426  16.054 0.0000000000
62134  56.216  -23.461  15.518 0.0000000000
62977  54.811  -22.129  17.739 0.0000000000
62991  53.530  -22.568  17.392 0.0000000000
62992  52.667  -22.692  17.204 0.0000000000
62996  49.362  -22.728  16.133 0.0000000000
63061  50.823  -22.529  12.488 0.0000000000
63067  51.853  -22.234  11.988 0.0000000000
63914  54.934  -20.711  18.418 0.0000000000
63967  55.075  -21.269  14.054 0.0000000000
64017  53.928  -21.394  12.270 0.0000000000
64858  55.426  -20.136  18.553 0.0000000000
64913  54.405  -20.770  14.798 0.0000000000
64915  51.988  -20.475  15.276 0.0000000000
64916  51.113  -20.498  15.138 0.0000000000
64936  56.222  -20.417  13.189 0.0000000000
65778  59.637  -18.457  19.477 0.0000000000
65792  55.959  -19.622  18.511 0.0000000000
65793  55.226  -19.665  18.312 0.0000000000
65830  54.003  -19.872  16.297 0.0000000000
67713  60.062  -17.297  19.071 0.0000000000
67773  58.183  -17.424  12.680 0.0000000000
67793  53.209  -17.903  9.952 0.0000000000
75680  54.283  -9.555  2.265 0.0000000000
118260  31.226  -46.534  32.742 0.0000000000
120053  57.741  -13.438  -0.384 0.0000000000
120233  31.609  -50.479  33.768 0.0000000000
120248  33.000  -46.525  30.951 0.0000000000
120427  48.047  -26.876  14.554 0.0000000000
120484  34.339  -48.519  36.090 0.0000000000
120901  26.039  -55.210  40.462 0.0000000000
121131  51.347  -28.267  15.551 0.0000000000
121307  38.541  -47.655  36.125 0.0000000000
121537  41.826  -32.343  19.812 0.0000000000
121807  45.118  -38.582  28.013 0.0000000000
122165  27.663  -56.906  37.341 0.0000000000
122286  40.762  -36.276  25.284 0.0000000000
123108  43.704  -31.914  18.870 0.0000000000
124038  14.952  -54.885  40.293 0.0000000000
124463  55.598  -17.675  10.522 0.0000000000
125752  47.245  -30.514  16.750 0.0000000000
128020  33.778  -53.496  37.097 0.0000000000
128103  48.099  -29.998  21.218 0.0000000000
128829  30.521  -48.181  33.368 0.0000000000
131920  42.011  -35.092  26.389 0.0000000000
132401  47.665  -25.607  15.957 0.0000000000
132733  51.977  -24.944  14.655 0.0000000000
132836  40.304  -34.483  25.104 0.0000000000
133278  54.137  -22.175  17.735 0.0000000000
134129  20.752  -55.951  44.409 0.0000000000
134141  40.425  -45.433  30.583 0.0000000000
135806  50.863  -29.025  17.504 0.0000000000
136795  43.224  -45.563  32.078 0.0000000000
137260  52.438  -25.555  14.425 0.0000000000
137619  48.805  -28.644  14.917 0.0000000000
138991  38.748  -34.307  24.271 0.0000000000
138995  33.586  -48.480  36.195 0.0000000000
139003  33.174  -53.130  34.328 0.0000000000
139569  21.592  -54.075  36.709 0.0000000000
139604  41.145  -46.985  34.614 0.0000000000
140049  56.075  -18.959  18.030 0.0000000000
140343  47.524  -20.736  14.294 0.0000000000
140819  20.752  -54.043  36.814 0.0000000000
141581  47.434  -38.120  30.688 0.0000000000
141744  30.826  -57.360  34.543 0.0000000000
141846  30.651  -45.650  30.680 0.0000000000
142420  50.022  -20.589  15.561 0.0000000000
