#!ascii label  , from subject sub-v2s8x29234_ses-1 vox2ras=TkReg
1214
28058  -23.948  -63.859  -28.154 0.5000000000
28044  -23.925  -63.888  -27.975 0.4000000060
27007  -24.894  -64.114  -27.578 0.6000000238
29057  -24.250  -62.783  -27.930 0.6000000238
29072  -24.401  -62.607  -28.155 0.6000000238
107994  -23.943  -63.266  -27.924 0.5000000000
108108  -25.455  -62.206  -28.910 0.6000000238
28029  -25.023  -63.202  -27.507 0.6999999881
107811  -25.690  -63.764  -27.098 0.6999999881
29058  -24.618  -61.968  -27.836 0.6999999881
30005  -24.881  -61.495  -28.244 0.6999999881
30849  -26.389  -60.548  -28.822 0.5000000000
30848  -25.336  -60.548  -28.454 0.6999999881
30006  -26.089  -61.343  -28.972 0.5000000000
24922  -23.321  -66.586  -17.477 0.5000000000
29044  -25.164  -62.339  -27.324 0.6999999881
29986  -25.030  -61.486  -27.173 0.6999999881
30839  -24.674  -60.714  -27.840 0.6999999881
29996  -24.730  -61.258  -27.671 0.6999999881
30838  -24.610  -60.140  -27.322 0.6999999881
105233  -26.123  -59.951  -28.694 0.6000000238
26987  -28.420  -64.237  -24.441 0.6999999881
29031  -28.215  -62.955  -25.104 0.6999999881
28030  -25.889  -63.090  -26.886 0.6999999881
28017  -26.665  -63.088  -26.246 0.6999999881
25896  -23.173  -65.759  -17.624 0.6000000238
24939  -21.348  -66.954  -17.912 0.4000000060
115781  -25.556  -61.925  -26.856 0.6999999881
30847  -24.772  -60.042  -28.015 0.6999999881
101089  -25.342  -59.858  -28.411 0.6999999881
109633  -24.692  -58.820  -27.763 0.6999999881
32558  -26.641  -58.732  -28.431 0.6000000238
26979  -29.111  -63.879  -23.098 0.6999999881
27997  -28.928  -63.591  -23.936 0.6999999881
26996  -27.916  -63.883  -25.270 0.6999999881
111754  -28.736  -63.067  -24.446 0.6999999881
28007  -29.169  -62.729  -23.990 0.6999999881
26900  -23.897  -65.126  -17.837 0.6000000238
106280  -27.693  -62.446  -25.456 0.6999999881
29975  -26.078  -61.549  -26.437 0.6999999881
28018  -27.427  -63.075  -25.666 0.6999999881
29016  -28.165  -62.232  -25.118 0.6999999881
29017  -28.650  -62.409  -24.601 0.6999999881
24938  -21.021  -66.231  -18.491 0.5000000000
24940  -21.736  -66.211  -17.901 0.5000000000
30826  -24.785  -60.746  -27.209 0.6999999881
29963  -28.389  -61.567  -24.779 0.6999999881
24059  -20.644  -67.066  -18.542 0.4000000060
31685  -24.552  -59.533  -27.484 0.6999999881
102271  -27.659  -61.761  -25.398 0.6999999881
24073  -20.029  -67.313  -19.194 0.4000000060
101025  -25.450  -60.805  -26.612 0.6999999881
30817  -26.858  -60.450  -25.634 0.6999999881
29977  -27.649  -60.859  -25.199 0.6999999881
31672  -24.465  -59.619  -26.939 0.6999999881
31658  -25.604  -59.270  -25.885 0.6999999881
31695  -24.994  -59.384  -28.195 0.6999999881
33409  -26.133  -57.950  -28.276 0.6000000238
32546  -25.094  -58.026  -28.069 0.6999999881
107073  -24.326  -58.206  -27.331 0.6999999881
105333  -26.516  -55.982  -27.504 0.5000000000
34386  -26.867  -56.605  -27.539 0.5000000000
34373  -28.321  -56.528  -26.233 0.4000000060
34372  -27.531  -56.616  -26.965 0.5000000000
29006  -29.513  -62.209  -23.325 0.6999999881
108913  -24.235  -64.301  -18.352 0.6000000238
29030  -26.968  -62.209  -25.956 0.6999999881
25913  -22.368  -65.512  -17.957 0.5000000000
110409  -28.295  -60.775  -24.656 0.6999999881
30816  -24.967  -59.999  -26.669 0.6999999881
96873  -26.024  -60.140  -26.076 0.6999999881
116048  -24.982  -58.726  -26.032 0.6999999881
35324  -24.588  -55.769  -27.380 0.6999999881
32557  -25.543  -58.683  -28.344 0.6999999881
34384  -25.146  -56.525  -27.730 0.6999999881
33398  -25.644  -57.264  -27.996 0.6999999881
35325  -25.704  -55.668  -27.612 0.6999999881
104261  -27.886  -63.925  -19.653 0.6999999881
27970  -29.118  -63.319  -20.327 0.6999999881
111380  -29.529  -62.809  -20.545 0.8000000119
28988  -29.767  -62.731  -21.191 0.8000000119
27955  -27.702  -63.373  -19.510 0.6000000238
27956  -28.466  -63.169  -19.760 0.6000000238
28998  -29.600  -62.614  -22.326 0.8000000119
113330  -27.079  -63.800  -19.296 0.6000000238
103719  -26.375  -63.279  -19.182 0.6000000238
27939  -25.950  -63.886  -18.902 0.6000000238
26920  -23.444  -64.515  -18.277 0.6000000238
29964  -28.944  -61.034  -24.196 0.6999999881
110198  -21.571  -65.628  -18.450 0.5000000000
26919  -22.690  -64.712  -18.409 0.6000000238
106835  -29.516  -61.277  -23.491 0.6999999881
32535  -24.272  -58.966  -26.923 0.6999999881
31657  -24.693  -59.199  -26.539 0.6999999881
117264  -27.312  -60.100  -25.166 0.6999999881
34383  -24.163  -56.763  -27.208 0.8000000119
33397  -24.676  -57.389  -27.628 0.6999999881
31659  -26.673  -59.589  -25.364 0.6999999881
103520  -24.378  -58.494  -26.384 0.6999999881
35326  -27.141  -55.929  -27.176 0.5000000000
97206  -27.837  -55.870  -26.573 0.5000000000
36183  -28.106  -55.046  -26.235 0.5000000000
35313  -28.541  -55.776  -25.810 0.4000000060
29917  -29.711  -61.978  -20.464 0.8000000119
29931  -29.905  -61.845  -21.529 0.8000000119
104816  -29.831  -60.532  -22.787 0.8000000119
27954  -25.634  -63.351  -19.046 0.6000000238
105864  -29.826  -61.585  -22.576 0.8000000119
26918  -21.977  -64.984  -18.722 0.6000000238
113299  -23.694  -63.923  -18.725 0.6000000238
27937  -24.295  -63.516  -18.952 0.6000000238
30802  -29.225  -60.401  -23.636 0.6999999881
114961  -21.124  -65.699  -18.811 0.5000000000
31650  -28.041  -59.526  -24.323 0.6999999881
31639  -28.713  -59.602  -23.759 0.6999999881
25928  -20.765  -65.806  -19.279 0.5000000000
25929  -21.290  -65.220  -19.241 0.5000000000
31649  -27.387  -59.537  -24.775 0.6999999881
35323  -23.470  -56.230  -26.758 0.8000000119
33396  -23.901  -57.588  -26.943 0.8000000119
33386  -23.978  -58.140  -26.594 0.6999999881
32523  -24.753  -58.161  -25.778 0.6999999881
32524  -25.550  -58.451  -25.490 0.6999999881
28970  -27.885  -62.822  -19.472 0.6999999881
98016  -28.407  -62.205  -19.491 0.6999999881
27957  -29.168  -62.528  -19.982 0.6999999881
30787  -29.955  -61.119  -20.911 0.8000000119
28969  -27.177  -63.030  -19.348 0.6999999881
29902  -29.159  -61.540  -19.636 0.8000000119
30788  -29.993  -60.362  -21.238 0.8000000119
30796  -30.025  -60.929  -21.841 0.8000000119
31634  -29.853  -59.735  -22.522 0.6999999881
26936  -22.321  -64.341  -19.215 0.6000000238
27936  -23.003  -64.016  -18.906 0.6000000238
31640  -29.443  -59.702  -23.145 0.8000000119
32495  -29.638  -59.065  -22.669 0.6999999881
115584  -21.736  -64.641  -19.446 0.6000000238
32501  -28.983  -58.944  -23.261 0.8000000119
24969  -20.292  -66.043  -20.117 0.4000000060
31648  -26.976  -58.994  -24.801 0.6999999881
98901  -28.228  -58.870  -23.834 0.6999999881
103298  -19.223  -67.475  -20.834 0.4000000060
32514  -27.532  -58.885  -24.339 0.6999999881
34382  -23.362  -56.992  -26.469 0.8000000119
33385  -23.521  -57.460  -26.240 0.8000000119
32513  -26.332  -58.746  -25.139 0.6999999881
36190  -24.724  -54.871  -27.303 0.8000000119
115915  -25.180  -55.214  -27.519 0.6999999881
36191  -25.684  -54.683  -27.451 0.5000000000
112115  -28.061  -54.067  -26.128 0.5000000000
35312  -27.446  -55.325  -26.863 0.5000000000
35296  -28.741  -55.123  -25.529 0.4000000060
29901  -28.460  -61.407  -19.273 0.6000000238
30776  -29.731  -61.019  -20.043 0.8000000119
30777  -29.894  -60.427  -20.544 0.8000000119
98982  -27.458  -62.306  -19.351 0.6999999881
28968  -25.711  -62.660  -19.373 0.6999999881
115623  -29.953  -60.025  -20.865 0.8000000119
27952  -24.146  -62.722  -19.877 0.6000000238
31635  -30.077  -59.246  -22.063 0.8000000119
27951  -22.604  -63.581  -19.903 0.6000000238
32499  -27.698  -58.216  -23.827 0.8000000119
104213  -20.726  -65.266  -20.072 0.5000000000
34350  -26.259  -56.664  -24.238 0.8000000119
33368  -26.917  -58.255  -24.433 0.6999999881
25940  -20.214  -65.447  -20.911 0.4000000060
35309  -22.460  -55.779  -26.401 0.8000000119
109517  -23.198  -57.254  -26.001 0.8000000119
33364  -23.512  -57.154  -25.716 0.8000000119
32512  -26.079  -57.996  -24.867 0.6999999881
35310  -23.699  -55.320  -26.852 0.8000000119
33374  -23.860  -57.796  -26.029 0.8000000119
32511  -25.373  -57.831  -25.266 0.6999999881
36180  -24.025  -54.419  -26.801 0.8000000119
34359  -22.720  -56.803  -25.929 0.8000000119
35311  -26.670  -54.220  -27.267 0.6000000238
36182  -27.426  -54.598  -26.825 0.5000000000
29900  -27.748  -61.569  -19.193 0.6000000238
101457  -26.546  -62.453  -19.328 0.6000000238
30764  -29.797  -60.181  -19.871 0.6999999881
31615  -29.987  -59.747  -20.458 0.6999999881
29899  -26.841  -61.688  -19.300 0.6000000238
30743  -28.042  -60.771  -18.868 0.6000000238
29898  -25.795  -61.680  -19.570 0.6000000238
31627  -30.061  -59.559  -21.244 0.8000000119
28967  -24.995  -62.214  -19.777 0.6000000238
32479  -30.209  -58.850  -20.534 0.6999999881
33350  -29.891  -58.445  -22.208 0.8000000119
26949  -21.377  -64.016  -20.786 0.3000000119
33348  -28.760  -57.580  -22.795 0.8000000119
32494  -29.225  -58.317  -22.746 0.8000000119
33353  -27.256  -57.530  -23.850 0.8000000119
33354  -27.996  -57.532  -23.367 0.8000000119
34349  -25.616  -56.467  -24.500 0.8000000119
34371  -22.830  -56.916  -26.035 0.8000000119
33365  -24.627  -57.380  -25.392 0.8000000119
33366  -25.663  -57.222  -24.750 0.8000000119
33367  -26.536  -57.422  -24.328 0.6999999881
34347  -23.114  -56.526  -25.438 0.8000000119
36181  -25.015  -54.050  -27.230 0.6999999881
37084  -26.777  -53.389  -27.222 0.6000000238
37071  -29.402  -53.116  -25.281 0.3000000119
29883  -28.767  -60.926  -19.161 0.6000000238
31603  -29.587  -59.747  -19.284 0.6999999881
31604  -29.982  -59.396  -19.807 0.6999999881
29929  -22.741  -61.121  -21.698 0.5000000000
27969  -23.178  -62.857  -20.309 0.5000000000
33336  -30.405  -57.931  -21.028 0.6999999881
27978  -22.079  -62.854  -21.380 0.3000000119
32487  -30.196  -58.620  -21.503 0.8000000119
113522  -29.932  -57.148  -21.948 0.8000000119
34336  -27.567  -56.854  -23.420 0.8999999762
34328  -28.299  -56.842  -22.926 0.8999999762
33349  -29.571  -57.680  -22.313 0.8000000119
26935  -21.250  -64.601  -20.091 0.4000000060
114954  -26.630  -56.232  -23.839 0.8999999762
34334  -26.912  -56.828  -23.851 0.8999999762
36179  -22.512  -54.831  -26.478 0.8000000119
108481  -21.408  -55.303  -26.197 0.8000000119
34348  -24.209  -56.604  -25.164 0.8000000119
37082  -24.398  -53.509  -26.709 0.6999999881
37083  -25.931  -53.753  -27.364 0.6000000238
37976  -27.568  -53.001  -26.559 0.6000000238
37070  -28.202  -53.307  -25.897 0.6000000238
30744  -28.700  -60.295  -18.812 0.6000000238
30745  -29.181  -59.914  -18.885 0.6999999881
30763  -27.129  -60.900  -19.060 0.6000000238
31587  -29.846  -59.102  -19.222 0.6999999881
99282  -26.317  -60.995  -19.357 0.6000000238
32468  -30.187  -58.612  -19.632 0.8000000119
28977  -23.596  -62.008  -20.804 0.6000000238
28978  -24.378  -61.879  -20.365 0.5000000000
115689  -30.532  -57.394  -20.617 0.8000000119
28976  -22.763  -62.458  -21.027 0.4000000060
27967  -21.960  -63.473  -20.692 0.4000000060
33342  -30.127  -57.797  -21.758 0.8000000119
34327  -27.872  -56.126  -23.081 0.8000000119
34329  -29.214  -56.826  -22.349 0.8000000119
34333  -26.000  -55.825  -24.089 0.8999999762
34335  -27.199  -56.184  -23.511 0.8000000119
35283  -21.718  -55.704  -25.530 0.8000000119
35271  -23.391  -55.141  -24.658 0.8000000119
109270  -25.047  -56.709  -24.877 0.6999999881
36178  -20.866  -54.658  -26.182 0.8000000119
35284  -23.819  -55.886  -24.894 0.8000000119
37081  -23.198  -53.885  -26.340 0.8000000119
36168  -20.699  -54.955  -26.013 0.8000000119
115706  -26.116  -53.072  -27.308 0.6999999881
38826  -27.369  -51.176  -26.910 0.6000000238
38827  -28.169  -51.100  -26.266 0.6000000238
39623  -29.151  -50.973  -25.828 0.6000000238
30742  -27.307  -60.194  -18.717 0.6000000238
31586  -29.404  -59.215  -18.681 0.8000000119
30775  -24.123  -58.740  -20.560 0.5000000000
30761  -25.653  -60.408  -19.654 0.5000000000
97920  -30.431  -57.973  -20.194 0.6999999881
29916  -24.159  -61.073  -20.892 0.5000000000
29897  -24.931  -61.088  -20.227 0.5000000000
97400  -30.424  -57.844  -19.377 0.8000000119
33331  -30.635  -57.291  -19.947 0.8000000119
29930  -23.434  -61.073  -21.387 0.5000000000
98946  -30.325  -57.077  -21.281 0.8000000119
106044  -30.405  -56.176  -21.066 0.8000000119
34321  -29.885  -56.450  -21.732 0.8000000119
103439  -28.595  -56.087  -22.522 0.8000000119
35274  -26.719  -55.574  -23.558 0.8000000119
35267  -29.297  -56.021  -22.086 0.8000000119
36158  -20.875  -54.952  -25.561 0.8000000119
35273  -25.375  -55.029  -24.114 0.8000000119
35272  -24.442  -55.087  -24.473 0.8999999762
37080  -21.844  -54.169  -26.193 0.8000000119
36177  -20.156  -54.330  -26.031 0.8000000119
109968  -25.318  -53.222  -27.113 0.6999999881
37975  -26.754  -52.515  -27.227 0.6999999881
37973  -24.708  -52.503  -26.685 0.6999999881
37974  -25.733  -52.486  -27.245 0.6999999881
99984  -26.218  -51.820  -27.341 0.6999999881
38825  -26.637  -51.197  -27.304 0.6999999881
32449  -28.316  -59.038  -18.037 0.8000000119
31584  -27.959  -59.788  -18.435 0.6000000238
99996  -28.953  -58.980  -18.184 0.6000000238
32433  -29.427  -58.478  -18.208 0.8000000119
106242  -24.233  -57.080  -18.727 0.6000000238
32466  -24.055  -57.209  -19.244 0.5000000000
31583  -26.940  -59.324  -18.474 0.6000000238
32450  -29.976  -58.422  -18.809 0.8000000119
31580  -23.748  -58.162  -18.265 0.6000000238
31581  -24.105  -57.404  -18.251 0.6000000238
32446  -24.619  -57.187  -18.327 0.6000000238
31582  -25.946  -58.511  -18.694 0.5000000000
30762  -26.365  -59.905  -19.016 0.5000000000
31532  -23.891  -58.928  -16.087 0.5000000000
31565  -24.119  -58.890  -17.463 0.5000000000
31566  -24.462  -57.712  -17.487 0.6000000238
30760  -24.906  -59.566  -20.129 0.5000000000
31602  -25.255  -58.632  -19.387 0.5000000000
100265  -30.698  -57.057  -19.127 0.8000000119
110238  -30.800  -56.675  -19.830 0.8000000119
31545  -24.395  -58.190  -16.480 0.5000000000
104654  -23.519  -59.544  -16.561 0.4000000060
34309  -30.813  -56.047  -20.260 0.6999999881
35266  -28.851  -55.310  -22.091 0.8000000119
106099  -29.726  -55.484  -21.496 0.8000000119
97686  -26.137  -54.935  -23.592 0.8000000119
35275  -27.398  -55.438  -23.142 0.8000000119
35265  -28.091  -55.332  -22.616 0.8000000119
37961  -20.948  -53.308  -25.339 0.8999999762
36167  -20.108  -54.253  -25.776 0.8999999762
36149  -22.946  -54.402  -24.383 0.8000000119
35270  -22.134  -55.151  -24.909 1.0000000000
113382  -23.962  -54.485  -24.340 0.8000000119
104242  -23.633  -52.944  -26.033 0.8000000119
32431  -27.881  -58.301  -17.624 0.8000000119
32432  -28.775  -58.299  -17.769 0.8000000119
115486  -29.406  -57.890  -17.854 0.8000000119
32430  -25.039  -56.996  -17.978 0.6000000238
32448  -27.464  -58.858  -18.058 0.6000000238
33320  -29.912  -57.796  -18.224 0.8000000119
97729  -25.477  -57.586  -18.349 0.6000000238
116847  -30.317  -57.642  -18.711 0.8000000119
117265  -30.785  -56.598  -18.697 0.6999999881
33302  -24.679  -57.123  -17.135 0.5000000000
102820  -26.972  -57.982  -17.754 0.6000000238
33280  -24.649  -57.379  -16.233 0.4000000060
33281  -25.125  -56.666  -16.861 0.4000000060
33271  -24.521  -57.426  -15.405 0.4000000060
33272  -25.069  -56.788  -15.971 0.4000000060
33282  -25.919  -56.575  -17.072 0.4000000060
35260  -30.447  -55.326  -20.727 0.6999999881
34248  -25.463  -56.187  -14.636 0.4000000060
116708  -26.139  -56.348  -15.886 0.5000000000
34264  -24.947  -56.743  -15.091 0.3000000119
34249  -26.156  -56.089  -15.234 0.5000000000
36153  -26.845  -54.738  -23.121 0.8000000119
36143  -27.512  -54.607  -22.625 0.8000000119
36144  -28.232  -54.421  -22.066 0.8000000119
36137  -29.044  -54.562  -21.508 0.8000000119
37069  -20.200  -53.911  -25.651 0.8000000119
36148  -21.542  -54.345  -24.569 1.0000000000
99523  -23.813  -53.717  -23.852 0.8000000119
36150  -24.746  -54.334  -23.987 0.8000000119
36152  -26.197  -54.127  -23.084 0.8000000119
105678  -26.846  -53.831  -22.505 0.8000000119
37061  -20.422  -53.573  -25.063 1.0000000000
113002  -25.634  -53.658  -23.075 0.8000000119
103098  -22.098  -53.430  -25.806 0.8000000119
97530  -22.350  -53.669  -23.887 0.8000000119
97201  -24.933  -53.623  -23.398 0.8000000119
37972  -22.497  -52.279  -25.399 0.8999999762
38823  -24.281  -51.380  -26.498 0.6999999881
38824  -25.286  -51.725  -27.139 0.6999999881
38835  -25.800  -51.148  -27.365 0.6999999881
38836  -26.280  -50.605  -27.423 0.6999999881
39636  -27.046  -50.568  -27.270 0.6999999881
39638  -28.704  -50.280  -26.300 0.6000000238
39655  -27.385  -49.761  -27.269 0.6999999881
40489  -25.996  -50.012  -27.539 0.6999999881
40478  -29.165  -49.537  -26.444 0.6000000238
40477  -28.277  -49.646  -26.704 0.6000000238
33307  -29.076  -57.456  -17.440 0.8000000119
33305  -27.392  -57.487  -17.287 0.8000000119
33306  -28.286  -57.619  -17.262 0.8000000119
111158  -29.791  -57.242  -17.722 0.8000000119
111162  -25.989  -57.440  -17.955 0.6000000238
33304  -26.417  -57.141  -17.473 0.5000000000
33308  -30.439  -57.018  -18.275 0.6999999881
34289  -30.276  -56.514  -17.591 0.6999999881
103687  -30.948  -56.150  -19.277 0.6999999881
35255  -30.955  -55.283  -19.884 0.6999999881
36128  -29.876  -53.968  -20.447 0.6999999881
35193  -26.104  -55.711  -14.448 0.4000000060
36138  -29.812  -54.586  -20.941 0.6999999881
116690  -27.547  -53.901  -22.163 0.8000000119
37040  -27.655  -52.655  -21.458 0.6999999881
98157  -23.008  -52.981  -23.473 0.8000000119
37055  -26.077  -53.363  -22.624 0.8000000119
37962  -21.500  -52.143  -24.640 0.8999999762
37952  -20.725  -53.146  -24.853 0.8999999762
37942  -21.334  -52.290  -23.880 0.8000000119
37052  -21.728  -53.006  -23.702 0.8000000119
37943  -23.666  -52.269  -23.273 0.8000000119
38812  -22.141  -50.924  -25.182 0.8000000119
101266  -23.852  -52.117  -25.918 0.8999999762
39635  -24.959  -50.938  -27.234 0.8000000119
39653  -25.504  -50.494  -27.420 0.6999999881
39654  -26.666  -50.112  -27.441 0.6999999881
41389  -29.492  -47.989  -27.201 0.5000000000
33285  -28.678  -57.003  -16.898 0.6999999881
34273  -28.301  -56.682  -16.264 0.6999999881
34275  -29.994  -56.134  -16.897 0.6999999881
34265  -25.580  -56.443  -15.554 0.4000000060
116798  -27.853  -56.354  -15.813 0.6000000238
34274  -29.182  -56.490  -16.466 0.6999999881
105509  -30.906  -56.112  -18.257 0.6999999881
35248  -31.115  -55.283  -18.909 0.6999999881
35203  -26.892  -55.659  -14.852 0.5000000000
36120  -30.968  -54.510  -19.478 0.6999999881
115118  -26.586  -55.291  -14.139 0.4000000060
36129  -30.470  -54.540  -20.287 0.6999999881
35184  -26.111  -55.170  -13.645 0.3000000119
97612  -27.124  -55.108  -14.256 0.5000000000
110550  -28.503  -53.851  -21.413 0.6999999881
110219  -27.889  -53.503  -21.650 0.6999999881
37042  -29.114  -53.747  -20.834 0.6999999881
37049  -27.188  -53.179  -21.888 0.6999999881
37046  -22.259  -52.258  -23.463 0.8000000119
37053  -24.281  -52.994  -23.267 0.8000000119
37054  -25.294  -53.007  -22.801 0.8000000119
37047  -25.920  -52.716  -22.443 0.8000000119
37944  -24.725  -52.467  -23.034 0.8000000119
37953  -21.307  -51.958  -24.220 0.8000000119
39622  -21.636  -50.093  -24.915 0.8000000119
39634  -23.129  -50.534  -26.074 0.8999999762
39652  -24.155  -50.372  -26.757 0.8000000119
40488  -25.189  -49.838  -27.463 0.8000000119
40491  -27.988  -49.049  -27.224 0.6999999881
116641  -28.707  -49.054  -26.749 0.6000000238
109343  -25.730  -49.347  -27.636 0.6999999881
40490  -26.594  -49.554  -27.592 0.6999999881
41385  -25.421  -48.589  -27.708 0.6999999881
34288  -29.479  -56.766  -17.193 0.6999999881
36079  -28.679  -55.431  -15.182 0.6000000238
34266  -28.749  -56.119  -15.739 0.6000000238
101835  -26.923  -56.231  -15.674 0.5000000000
35213  -30.461  -55.399  -16.592 0.6999999881
35228  -30.702  -55.717  -17.415 0.6999999881
35194  -27.896  -55.173  -14.653 0.5000000000
102597  -27.804  -55.856  -15.298 0.5000000000
111447  -29.413  -55.498  -15.578 0.6000000238
36076  -27.629  -54.497  -14.009 0.4000000060
115204  -28.784  -54.862  -14.783 0.6000000238
97718  -31.004  -53.880  -19.166 0.6999999881
37031  -29.624  -53.281  -20.261 0.6999999881
111781  -30.446  -53.731  -19.844 0.6999999881
37030  -28.939  -52.982  -20.489 0.6999999881
36988  -27.358  -53.724  -13.560 0.3000000119
37041  -28.345  -53.041  -20.997 0.6999999881
38783  -25.548  -52.107  -22.676 0.8000000119
37935  -26.229  -52.280  -22.238 0.6999999881
37936  -26.908  -52.242  -21.845 0.6999999881
37932  -28.175  -52.191  -21.105 0.6999999881
38795  -22.702  -51.585  -23.387 0.8000000119
38811  -21.593  -50.916  -24.414 0.8000000119
38794  -21.529  -51.322  -23.840 0.8000000119
38782  -21.814  -51.625  -23.583 0.8000000119
38796  -23.754  -51.531  -23.372 0.8000000119
39633  -22.066  -49.771  -25.542 0.8000000119
40440  -21.968  -49.591  -24.304 0.8000000119
101690  -23.510  -50.185  -23.844 0.8000000119
40442  -23.794  -49.469  -24.412 0.8000000119
41374  -28.654  -48.451  -27.112 0.6000000238
41388  -27.849  -48.417  -27.665 0.6999999881
108859  -24.768  -49.091  -27.456 0.8000000119
41386  -26.403  -48.857  -27.805 0.6000000238
42307  -25.116  -47.759  -27.744 0.6999999881
42324  -25.861  -47.298  -28.126 0.6000000238
96891  -27.039  -48.338  -27.996 0.6000000238
36100  -30.990  -54.816  -17.257 0.6999999881
36080  -29.475  -54.868  -15.207 0.6000000238
116157  -31.155  -54.609  -17.897 0.6999999881
36109  -31.152  -54.438  -18.540 0.6999999881
36077  -28.466  -54.372  -14.384 0.4000000060
102332  -30.139  -54.089  -15.325 0.5000000000
98481  -31.002  -54.106  -16.837 0.6999999881
36078  -29.323  -54.204  -14.744 0.5000000000
37857  -27.907  -52.925  -13.698 0.3000000119
36989  -28.189  -53.672  -13.912 0.4000000060
37926  -30.158  -52.857  -19.782 0.6999999881
113698  -27.667  -52.217  -13.719 0.3000000119
37925  -29.488  -52.454  -20.226 0.6999999881
37924  -28.740  -52.372  -20.663 0.6999999881
108106  -24.627  -51.840  -23.180 0.8000000119
38785  -27.176  -51.519  -22.154 0.6999999881
38773  -27.650  -51.864  -21.580 0.6999999881
38768  -29.251  -51.778  -20.575 0.6999999881
38775  -29.121  -51.366  -21.189 0.6999999881
39592  -21.982  -50.975  -23.541 0.8000000119
39582  -28.857  -51.044  -21.885 0.6999999881
39601  -21.630  -50.537  -23.936 0.8000000119
104509  -23.068  -50.888  -23.473 0.8000000119
39603  -24.423  -51.011  -23.545 0.8000000119
38797  -25.287  -51.487  -23.236 0.8000000119
38798  -26.045  -51.368  -23.071 0.8000000119
39594  -27.638  -50.949  -22.708 0.8000000119
40430  -28.941  -49.907  -22.946 0.6999999881
39612  -21.605  -50.116  -24.455 0.8000000119
39614  -26.009  -50.262  -24.214 0.8000000119
40443  -27.102  -50.155  -24.023 0.8000000119
112340  -21.895  -48.886  -25.324 0.8000000119
40441  -22.698  -49.520  -24.179 0.8000000119
39613  -24.856  -50.132  -24.219 0.8000000119
40475  -22.985  -49.427  -26.400 0.8000000119
41346  -22.887  -48.408  -24.967 0.8000000119
40456  -24.696  -49.227  -24.842 0.8000000119
40457  -25.685  -49.549  -24.731 0.8000000119
99108  -27.098  -49.002  -24.865 0.8000000119
103125  -22.450  -48.279  -26.224 0.8000000119
108719  -24.440  -48.508  -25.250 0.8000000119
41373  -23.648  -48.731  -26.868 0.8000000119
42310  -28.604  -47.700  -27.580 0.5000000000
42309  -27.638  -47.713  -28.058 0.6000000238
41383  -23.111  -48.045  -26.702 0.8000000119
42325  -26.770  -47.567  -28.228 0.6000000238
36081  -30.190  -55.019  -15.765 0.6999999881
36995  -30.808  -53.794  -15.976 0.6999999881
37004  -31.074  -53.261  -16.885 0.6999999881
98005  -31.150  -54.000  -17.705 0.6999999881
115119  -28.570  -53.012  -14.073 0.4000000060
37859  -29.196  -52.741  -14.377 0.4000000060
37014  -31.130  -53.556  -18.523 0.6999999881
37022  -30.796  -53.159  -19.233 0.6999999881
38726  -27.863  -51.568  -13.961 0.3000000119
38727  -28.596  -51.587  -14.260 0.3000000119
37867  -29.943  -52.433  -14.740 0.5000000000
37908  -31.094  -52.616  -18.479 0.6999999881
37917  -30.644  -52.358  -19.312 0.6999999881
38725  -27.040  -51.750  -13.782 0.3000000119
39541  -28.177  -50.916  -14.327 0.3000000119
38764  -30.523  -51.629  -19.553 0.6999999881
39574  -30.504  -50.947  -19.975 0.6999999881
39593  -26.842  -51.181  -22.886 0.8000000119
38786  -28.002  -51.297  -22.058 0.6999999881
39595  -28.477  -50.666  -22.545 0.6999999881
39596  -29.337  -50.336  -22.252 0.6999999881
39602  -22.227  -50.178  -23.800 0.8000000119
39604  -25.562  -50.863  -23.652 0.8000000119
39606  -27.335  -50.578  -23.387 0.6999999881
39607  -28.123  -50.305  -23.222 0.8000000119
104835  -21.709  -49.926  -24.209 0.8000000119
40445  -28.544  -49.455  -23.730 0.8000000119
40455  -21.763  -49.350  -24.753 0.8000000119
40458  -26.655  -49.670  -24.504 0.8000000119
40459  -27.668  -49.357  -24.347 0.8000000119
41361  -22.080  -48.643  -25.253 0.8000000119
41371  -22.245  -48.348  -25.686 0.8000000119
41335  -23.003  -48.979  -24.571 0.8000000119
41348  -25.384  -48.798  -25.290 0.8000000119
42273  -26.083  -48.247  -25.648 0.8000000119
41372  -22.635  -47.629  -26.106 0.8000000119
41347  -23.688  -48.706  -24.890 0.8000000119
42272  -24.869  -47.893  -25.721 0.8000000119
97149  -27.005  -48.385  -25.391 0.8000000119
42306  -23.997  -47.264  -27.244 0.8000000119
115591  -30.513  -54.396  -15.818 0.6000000238
36990  -28.945  -53.536  -14.375 0.5000000000
98523  -30.919  -52.909  -15.904 0.6999999881
37894  -31.209  -52.487  -17.454 0.6999999881
37868  -30.612  -52.079  -15.428 0.6000000238
37878  -31.110  -52.298  -16.402 0.6999999881
108566  -31.290  -51.779  -17.963 0.6999999881
38740  -29.131  -51.136  -14.471 0.3000000119
38757  -31.253  -51.661  -17.031 0.6999999881
39540  -27.063  -50.932  -14.368 0.3000000119
40388  -29.350  -49.746  -15.128 0.3000000119
38761  -31.013  -51.719  -18.818 0.6999999881
41269  -26.693  -48.987  -15.850 0.3000000119
41270  -27.528  -48.999  -15.582 0.3000000119
41271  -28.211  -48.737  -15.600 0.3000000119
42201  -25.608  -48.004  -17.002 0.3000000119
39578  -29.944  -51.062  -20.802 0.6999999881
39584  -30.250  -50.341  -21.232 0.6999999881
41350  -27.761  -48.468  -24.936 0.8000000119
41362  -22.432  -47.984  -25.702 0.8000000119
42271  -23.392  -47.909  -25.491 0.8000000119
42285  -22.936  -47.364  -26.029 0.8000000119
42287  -25.893  -47.468  -26.131 0.8000000119
42288  -26.823  -47.620  -25.859 0.8000000119
42305  -23.141  -47.031  -26.742 0.8000000119
107662  -24.962  -47.121  -26.333 0.8000000119
43250  -24.140  -46.576  -27.406 0.6999999881
42323  -24.949  -46.919  -27.749 0.6000000238
38748  -31.049  -51.396  -16.090 0.6000000238
101841  -29.754  -50.592  -14.838 0.4000000060
39563  -30.945  -50.511  -15.984 0.6000000238
38758  -31.364  -51.130  -17.553 0.6999999881
105495  -30.813  -49.806  -16.013 0.4000000060
38762  -31.331  -51.016  -18.311 0.6999999881
41287  -28.673  -48.161  -15.991 0.3000000119
40406  -30.937  -49.290  -16.452 0.4000000060
110494  -31.441  -50.302  -17.624 0.6000000238
39575  -31.175  -50.058  -19.689 0.6999999881
40416  -30.661  -50.288  -20.577 0.6999999881
40417  -31.169  -49.574  -20.463 0.6999999881
40432  -30.615  -49.099  -22.045 0.6999999881
40444  -27.749  -49.981  -23.746 0.8000000119
100397  -28.888  -47.700  -24.489 0.8000000119
43229  -27.360  -46.915  -25.819 0.8000000119
42296  -23.305  -47.223  -26.482 0.8000000119
42286  -24.138  -47.328  -25.912 0.8000000119
113694  -25.807  -46.734  -26.391 0.8000000119
43226  -24.179  -46.739  -26.497 0.8000000119
43265  -26.505  -46.746  -28.354 0.6000000238
106304  -23.382  -46.532  -27.073 0.8000000119
44290  -25.536  -45.678  -28.226 0.6000000238
43249  -23.631  -46.065  -27.291 0.6999999881
44288  -23.952  -45.435  -27.459 0.6999999881
39559  -30.488  -51.008  -15.346 0.6000000238
40400  -29.785  -49.275  -15.512 0.3000000119
40399  -29.019  -48.925  -15.471 0.3000000119
40401  -30.399  -49.243  -15.850 0.3000000119
39568  -31.197  -50.034  -16.659 0.5000000000
41289  -30.507  -48.726  -16.296 0.3000000119
39572  -31.401  -50.183  -18.671 0.6999999881
42204  -27.982  -47.684  -16.392 0.3000000119
111289  -28.632  -47.450  -16.446 0.3000000119
41304  -31.591  -48.694  -18.597 0.4000000060
102028  -27.037  -46.880  -17.322 0.3000000119
97897  -31.571  -49.128  -19.992 0.6000000238
114812  -31.064  -49.022  -21.477 0.6000000238
40422  -31.419  -48.869  -20.897 0.6000000238
41323  -30.193  -48.737  -22.875 0.8000000119
104420  -31.225  -48.459  -21.682 0.6000000238
40446  -29.433  -49.148  -23.300 0.8000000119
41324  -30.839  -48.208  -22.462 0.6999999881
41351  -28.576  -48.529  -24.392 0.8000000119
41336  -29.167  -48.725  -23.860 0.8000000119
41337  -29.778  -48.363  -23.538 0.6999999881
41338  -30.436  -47.893  -23.148 0.6999999881
42253  -30.866  -47.480  -22.683 0.6999999881
41352  -29.335  -48.035  -24.099 0.8000000119
42262  -29.916  -47.516  -23.690 0.6999999881
42274  -27.714  -47.589  -25.440 0.8000000119
98857  -28.366  -47.754  -24.913 0.8000000119
42276  -29.375  -47.202  -24.236 0.6999999881
43203  -29.903  -46.619  -23.802 0.6999999881
43225  -23.528  -46.779  -26.645 0.8000000119
43228  -26.633  -46.801  -26.214 0.8000000119
43213  -28.085  -46.553  -25.371 0.8000000119
44256  -23.989  -45.951  -26.624 0.8000000119
44255  -23.257  -45.664  -26.848 0.8000000119
43227  -25.086  -46.266  -26.546 0.8000000119
44258  -26.237  -45.882  -26.410 0.8000000119
43240  -23.312  -46.366  -26.888 0.8000000119
44273  -22.986  -45.451  -26.990 0.8000000119
45208  -22.523  -44.588  -26.939 0.6999999881
43264  -25.650  -46.468  -28.196 0.6000000238
97901  -26.127  -45.157  -28.365 0.6000000238
112628  -23.114  -46.021  -27.039 0.8000000119
44284  -23.039  -45.492  -27.101 0.6999999881
45212  -23.083  -44.606  -27.277 0.6999999881
40407  -31.348  -49.395  -17.236 0.5000000000
40409  -31.539  -49.443  -18.164 0.5000000000
41288  -29.773  -48.527  -15.926 0.3000000119
41300  -30.999  -48.620  -16.889 0.4000000060
40412  -31.567  -49.353  -19.101 0.6000000238
104627  -29.041  -46.875  -16.737 0.3000000119
42221  -30.003  -47.173  -16.963 0.3000000119
41307  -31.686  -48.552  -19.443 0.6000000238
41311  -31.723  -48.322  -20.297 0.6000000238
43169  -26.896  -46.197  -17.931 0.3000000119
43153  -28.550  -46.327  -17.391 0.3000000119
43155  -30.476  -46.835  -17.768 0.3000000119
44154  -27.656  -46.326  -17.576 0.3000000119
41314  -31.653  -47.994  -21.134 0.6000000238
103633  -25.596  -45.711  -18.437 0.3000000119
41325  -31.288  -47.519  -21.960 0.6999999881
44259  -27.318  -45.941  -25.936 0.8000000119
43214  -28.721  -46.005  -24.829 0.6999999881
43215  -29.314  -46.341  -24.359 0.6999999881
115727  -26.894  -45.372  -26.227 0.8000000119
45182  -27.376  -44.763  -25.846 0.6999999881
44257  -25.090  -45.206  -26.566 0.6999999881
97656  -26.430  -44.868  -26.375 0.6000000238
45216  -27.672  -44.547  -28.474 0.6000000238
45196  -22.662  -44.594  -26.853 0.6999999881
45195  -22.098  -43.892  -26.999 0.6999999881
112495  -24.248  -44.821  -27.613 0.6999999881
45213  -24.972  -44.578  -27.974 0.6999999881
45207  -22.035  -43.705  -27.124 0.6999999881
48577  -24.352  -40.773  -27.056 0.5000000000
48583  -24.723  -40.731  -27.550 0.5000000000
42237  -31.682  -47.739  -19.688 0.6000000238
42241  -31.659  -47.477  -20.512 0.6000000238
42244  -31.520  -47.203  -21.240 0.6000000238
43191  -31.035  -46.870  -22.470 0.6999999881
43184  -31.271  -46.490  -21.699 0.6999999881
42263  -30.556  -46.922  -23.167 0.6999999881
44170  -24.301  -45.216  -18.788 0.3000000119
44235  -29.766  -45.673  -23.863 0.6999999881
44236  -30.325  -46.068  -23.343 0.6999999881
45180  -25.710  -44.122  -26.464 0.6999999881
105895  -28.180  -45.334  -25.247 0.6999999881
44245  -28.798  -45.293  -24.665 0.6000000238
102304  -23.520  -44.983  -26.650 0.6999999881
45178  -22.874  -44.159  -26.662 0.6999999881
45214  -25.769  -44.460  -28.237 0.6000000238
45215  -26.687  -44.416  -28.408 0.5000000000
45211  -22.744  -43.513  -27.421 0.6999999881
46984  -22.497  -42.490  -27.573 0.6999999881
46097  -23.839  -43.042  -27.635 0.6999999881
105262  -23.725  -42.040  -27.543 0.6000000238
43175  -31.192  -46.252  -19.237 0.4000000060
43176  -31.482  -46.877  -19.881 0.5000000000
43179  -31.286  -46.008  -20.044 0.5000000000
43180  -31.448  -46.616  -20.734 0.6000000238
44210  -31.062  -45.639  -21.706 0.6000000238
45119  -24.535  -44.527  -18.781 0.3000000119
44223  -30.826  -46.005  -22.559 0.6999999881
44222  -30.224  -45.188  -23.066 0.6000000238
45165  -28.631  -44.620  -24.628 0.6000000238
45179  -24.298  -44.250  -26.531 0.6999999881
45181  -26.784  -43.879  -26.149 0.6000000238
45164  -28.052  -44.239  -25.123 0.6000000238
97192  -24.976  -43.329  -26.510 0.6999999881
46068  -25.234  -42.409  -26.304 0.6000000238
46965  -22.062  -42.890  -27.348 0.6999999881
46098  -24.890  -42.574  -27.851 0.6999999881
116730  -26.811  -43.626  -28.419 0.5000000000
112079  -25.745  -43.011  -28.133 0.6000000238
100858  -26.125  -43.729  -28.278 0.6000000238
46099  -26.522  -42.944  -28.388 0.5000000000
46974  -22.612  -42.463  -27.501 0.6000000238
47806  -23.085  -41.818  -27.293 0.5000000000
46985  -24.775  -41.697  -27.785 0.5000000000
46986  -25.938  -41.894  -28.301 0.5000000000
47808  -25.208  -40.931  -28.017 0.5000000000
48590  -25.898  -39.990  -28.440 0.5000000000
44191  -31.002  -45.464  -19.378 0.4000000060
44173  -28.652  -45.185  -18.205 0.4000000060
43183  -31.234  -45.798  -20.934 0.6000000238
114031  -24.761  -43.580  -18.589 0.3000000119
100809  -26.346  -44.271  -18.466 0.3000000119
45142  -30.695  -45.042  -22.067 0.6000000238
46870  -24.463  -42.588  -18.501 0.3000000119
45150  -28.971  -44.084  -23.995 0.5000000000
112452  -29.752  -45.031  -23.625 0.6000000238
45163  -27.454  -43.781  -25.477 0.6000000238
46054  -28.429  -43.857  -24.486 0.6000000238
46069  -26.062  -43.124  -26.275 0.6000000238
46052  -26.866  -42.928  -25.420 0.6000000238
46067  -23.539  -43.402  -26.545 0.6999999881
46051  -25.967  -42.226  -25.530 0.6000000238
46966  -22.573  -42.308  -27.293 0.6999999881
47802  -23.684  -41.278  -27.137 0.5000000000
47807  -24.107  -41.307  -27.436 0.5000000000
48584  -25.320  -40.267  -27.534 0.5000000000
44174  -29.837  -45.314  -18.358 0.4000000060
44175  -30.543  -45.162  -18.870 0.4000000060
45124  -30.177  -44.747  -18.740 0.4000000060
44203  -31.078  -45.194  -20.201 0.4000000060
98132  -30.987  -45.024  -21.134 0.4000000060
46003  -25.777  -43.498  -18.399 0.3000000119
104927  -25.341  -42.714  -18.354 0.3000000119
102073  -27.283  -44.085  -18.360 0.4000000060
105973  -26.108  -42.749  -18.260 0.3000000119
46004  -26.780  -43.259  -18.263 0.4000000060
45151  -29.614  -44.376  -23.341 0.5000000000
46039  -28.483  -43.186  -23.804 0.5000000000
46053  -27.788  -43.234  -24.697 0.6000000238
46034  -28.874  -42.919  -22.894 0.5000000000
46936  -26.355  -42.070  -24.683 0.6000000238
46954  -24.296  -41.795  -26.493 0.6000000238
46935  -25.385  -41.555  -25.615 0.6000000238
47787  -23.246  -41.712  -26.899 0.5000000000
47801  -23.061  -41.817  -27.202 0.5000000000
48569  -24.595  -40.990  -26.477 0.5000000000
48578  -25.157  -40.539  -26.542 0.5000000000
48579  -25.896  -39.825  -27.036 0.5000000000
48585  -26.345  -39.396  -28.263 0.5000000000
45123  -29.521  -44.562  -18.460 0.4000000060
45125  -30.650  -44.695  -19.405 0.4000000060
45135  -30.729  -44.467  -20.409 0.4000000060
46007  -30.099  -43.970  -18.851 0.4000000060
45138  -30.525  -44.316  -21.376 0.4000000060
99901  -25.065  -41.880  -18.356 0.3000000119
107375  -29.517  -43.568  -22.614 0.4000000060
47695  -24.315  -41.802  -18.483 0.3000000119
46937  -27.098  -42.473  -24.489 0.6000000238
46038  -27.706  -42.418  -23.887 0.5000000000
46920  -28.255  -42.288  -23.184 0.5000000000
47773  -26.914  -41.694  -23.980 0.5000000000
113386  -24.154  -41.352  -26.638 0.5000000000
47788  -25.088  -41.252  -26.044 0.6000000238
111140  -25.774  -41.610  -24.925 0.6000000238
47771  -25.414  -41.111  -25.038 0.6000000238
49380  -27.300  -38.289  -29.077 0.5000000000
48570  -25.207  -40.923  -25.628 0.5000000000
49288  -23.590  -39.664  -18.659 0.3000000119
49289  -24.508  -39.660  -18.540 0.4000000060
116263  -24.705  -39.094  -18.581 0.4000000060
47772  -26.116  -41.329  -24.493 0.5000000000
50105  -22.858  -38.342  -19.332 0.4000000060
48555  -25.939  -40.598  -24.755 0.5000000000
48535  -27.471  -40.510  -23.006 0.5000000000
47748  -27.682  -41.027  -22.753 0.5000000000
48543  -27.118  -40.272  -23.605 0.5000000000
48571  -25.781  -40.322  -25.732 0.5000000000
49353  -26.446  -39.727  -25.248 0.6000000238
50203  -27.521  -37.958  -28.384 0.5000000000
49376  -27.224  -38.795  -27.030 0.6000000238
49369  -27.119  -38.893  -25.961 0.5000000000
50191  -27.859  -37.928  -27.082 0.4000000060
50107  -24.431  -38.501  -18.834 0.4000000060
50098  -25.988  -39.168  -18.441 0.4000000060
48556  -26.730  -39.975  -24.406 0.5000000000
49354  -27.160  -39.113  -24.968 0.5000000000
49339  -27.465  -39.481  -24.061 0.5000000000
49368  -26.521  -39.485  -26.367 0.5000000000
50192  -28.484  -37.315  -26.527 0.4000000060
50176  -27.766  -38.156  -25.734 0.5000000000
99195  -25.240  -38.068  -18.952 0.4000000060
50928  -23.833  -37.098  -19.762 0.4000000060
48536  -27.966  -40.444  -22.369 0.4000000060
50163  -27.931  -38.446  -24.736 0.4000000060
50177  -28.472  -37.421  -25.517 0.5000000000
50978  -29.249  -36.739  -25.474 0.3000000119
49330  -28.314  -39.387  -22.870 0.4000000060
50965  -29.525  -36.691  -24.857 0.4000000060
50164  -28.740  -37.519  -24.563 0.4000000060
116356  -28.799  -38.009  -23.818 0.4000000060
50980  -30.660  -36.588  -25.225 0.4000000060
50152  -29.711  -37.458  -23.021 0.4000000060
50966  -30.231  -36.427  -24.709 0.4000000060
50967  -30.990  -36.371  -24.210 0.4000000060
50968  -31.523  -36.485  -23.927 0.4000000060
50165  -29.420  -37.154  -23.995 0.3000000119
50954  -30.334  -36.490  -23.810 0.4000000060
107757  -29.975  -37.691  -22.193 0.4000000060
50955  -30.917  -36.114  -23.447 0.4000000060
50153  -30.333  -36.648  -22.898 0.3000000119
51795  -31.437  -35.944  -23.125 0.5000000000
50941  -30.836  -36.177  -22.643 0.4000000060
28016  -26.078  -62.357  -26.597 0.6999999881
25914  -23.106  -65.078  -17.871 0.6000000238
116589  -29.306  -60.544  -19.359 0.6999999881
28986  -22.380  -62.224  -21.586 0.4000000060
35308  -21.592  -55.847  -26.046 0.8000000119
31585  -28.779  -59.587  -18.465 0.6000000238
31601  -24.401  -58.171  -19.887 0.5000000000
34314  -30.631  -56.769  -20.529 0.8000000119
32402  -24.217  -58.211  -15.711 0.4000000060
33283  -26.859  -56.813  -16.941 0.6000000238
37048  -26.498  -52.929  -22.164 0.6999999881
35237  -31.102  -55.176  -18.037 0.6999999881
41349  -26.341  -49.009  -25.137 0.8000000119
40420  -30.115  -49.970  -21.849 0.6999999881
40431  -29.797  -49.547  -22.557 0.6999999881
40421  -30.784  -49.601  -21.229 0.6000000238
41301  -31.387  -48.678  -17.740 0.5000000000
43172  -31.377  -47.128  -19.085 0.4000000060
45166  -29.320  -44.930  -24.153 0.6000000238
49375  -26.753  -38.990  -27.712 0.5000000000
46008  -30.413  -44.020  -19.735 0.4000000060
49340  -28.286  -38.843  -23.736 0.4000000060
29071  -24.338  -63.326  -28.416 0.5000000000
27008  -25.867  -64.579  -26.908 0.6999999881
110794  -26.702  -59.452  -28.590 0.5000000000
25897  -23.899  -66.003  -17.588 0.5000000000
31696  -25.880  -59.325  -28.555 0.6999999881
27998  -29.326  -63.084  -23.239 0.6999999881
29018  -29.150  -61.881  -24.117 0.6999999881
100148  -26.327  -60.829  -26.133 0.6999999881
29976  -26.960  -61.268  -25.805 0.6999999881
34385  -26.097  -56.539  -27.785 0.6000000238
100828  -26.687  -55.193  -27.339 0.5000000000
27938  -25.090  -63.918  -18.663 0.6000000238
30809  -28.531  -60.243  -24.257 0.6999999881
115673  -26.477  -63.848  -19.098 0.6000000238
36169  -28.583  -54.515  -25.608 0.4000000060
27953  -24.991  -63.061  -19.231 0.6000000238
107405  -23.483  -63.412  -19.456 0.6000000238
34381  -22.520  -56.476  -26.179 0.8000000119
30797  -30.084  -60.063  -21.995 0.6999999881
107509  -21.870  -64.095  -20.039 0.5000000000
32500  -28.483  -58.228  -23.298 0.8000000119
102783  -27.419  -53.784  -26.773 0.6000000238
35285  -24.974  -55.926  -24.599 0.8999999762
99763  -22.656  -55.881  -25.170 0.8000000119
37964  -29.093  -52.408  -25.408 0.4000000060
29928  -22.256  -61.618  -21.922 0.3000000119
27968  -22.507  -63.033  -20.671 0.5000000000
28987  -22.875  -61.786  -21.412 0.4000000060
39637  -27.805  -50.381  -26.719 0.6000000238
39639  -29.662  -50.216  -26.136 0.4000000060
31613  -23.228  -57.924  -20.733 0.5000000000
105911  -24.436  -60.120  -20.693 0.5000000000
32467  -24.857  -57.482  -18.776 0.6000000238
31614  -23.509  -57.390  -20.022 0.5000000000
32447  -26.494  -58.305  -18.219 0.6000000238
36151  -25.540  -54.280  -23.539 0.8000000119
33303  -25.464  -56.853  -17.550 0.5000000000
34270  -25.671  -56.492  -16.388 0.4000000060
34271  -26.432  -56.491  -16.448 0.5000000000
36147  -21.271  -53.617  -24.142 0.8000000119
33284  -27.822  -57.120  -16.735 0.6999999881
115228  -24.832  -50.293  -27.288 0.8000000119
34272  -27.360  -56.600  -16.316 0.6000000238
35185  -26.793  -54.574  -13.629 0.3000000119
40476  -24.295  -49.640  -27.087 0.8000000119
41387  -27.242  -49.027  -27.654 0.6000000238
42308  -26.131  -48.112  -27.992 0.6000000238
41384  -24.340  -48.223  -27.343 0.8000000119
35204  -29.731  -55.848  -16.107 0.6999999881
36087  -30.729  -54.622  -16.324 0.6999999881
38784  -26.422  -51.760  -22.389 0.8000000119
38774  -28.367  -51.601  -21.409 0.6999999881
40474  -21.924  -49.010  -25.814 0.8000000119
36992  -29.740  -53.336  -14.743 0.5000000000
104840  -30.122  -52.198  -19.815 0.6999999881
38769  -29.929  -51.682  -20.148 0.6999999881
39583  -29.639  -50.710  -21.569 0.6999999881
39605  -26.512  -50.696  -23.629 0.8000000119
114588  -26.588  -50.236  -24.127 0.8000000119
97458  -31.189  -53.194  -17.840 0.6999999881
37858  -28.468  -52.277  -14.040 0.3000000119
38728  -29.260  -51.944  -14.415 0.5000000000
38741  -29.952  -51.512  -14.748 0.5000000000
39557  -27.598  -50.183  -14.734 0.3000000119
39571  -31.001  -50.919  -19.167 0.6999999881
43263  -24.717  -46.074  -27.774 0.6999999881
39562  -30.303  -50.006  -15.426 0.6000000238
38749  -31.234  -50.845  -16.811 0.6000000238
44289  -24.868  -45.287  -27.923 0.6000000238
100774  -25.480  -45.047  -28.192 0.6000000238
42234  -31.587  -47.944  -18.883 0.5000000000
42275  -28.731  -46.956  -24.778 0.6999999881
103418  -24.054  -44.068  -27.597 0.6999999881
42222  -30.911  -47.799  -17.442 0.3000000119
44155  -28.131  -45.795  -17.854 0.3000000119
46088  -21.574  -43.308  -27.186 0.6999999881
110555  -22.280  -44.001  -26.838 0.6999999881
46066  -22.408  -43.454  -26.727 0.6999999881
96888  -30.660  -45.756  -18.710 0.4000000060
111571  -24.162  -42.639  -26.528 0.6000000238
113125  -26.233  -40.673  -28.618 0.4000000060
45122  -27.869  -44.740  -18.360 0.4000000060
45141  -30.124  -44.308  -22.364 0.5000000000
46040  -29.116  -43.618  -23.341 0.5000000000
46953  -22.884  -42.569  -26.735 0.5000000000
46027  -30.314  -43.761  -20.587 0.4000000060
114847  -25.410  -40.834  -25.100 0.6000000238
50106  -23.552  -38.797  -18.877 0.3000000119
49290  -25.240  -39.457  -18.490 0.4000000060
47757  -26.586  -40.789  -24.025 0.5000000000
112257  -25.255  -38.774  -18.600 0.4000000060
51802  -31.508  -36.172  -23.635 0.4000000060
116726  -31.871  -36.104  -23.357 0.3000000119
24120  -25.893  -67.231  -22.964 0.5000000000
25018  -25.249  -67.252  -24.359 0.5000000000
23269  -24.856  -68.245  -20.827 0.4000000060
24098  -26.065  -67.396  -21.491 0.5000000000
24097  -25.174  -67.919  -21.544 0.5000000000
25009  -26.369  -66.731  -23.498 0.6000000238
25984  -26.755  -66.056  -24.909 0.6000000238
24087  -25.529  -67.686  -20.802 0.5000000000
24088  -26.352  -67.312  -20.680 0.5000000000
24110  -26.961  -67.035  -21.834 0.5000000000
24996  -26.814  -66.788  -22.654 0.5000000000
24076  -26.110  -67.395  -19.947 0.5000000000
25010  -27.329  -66.346  -23.263 0.6000000238
25985  -27.539  -65.573  -24.584 0.6000000238
25020  -27.020  -66.244  -24.086 0.6000000238
25995  -27.197  -65.331  -25.357 0.6000000238
26995  -27.372  -64.594  -25.550 0.6000000238
27009  -26.650  -65.022  -26.150 0.6000000238
28031  -26.387  -63.912  -26.543 0.6000000238
24089  -27.000  -67.082  -21.062 0.5000000000
24997  -27.500  -66.674  -22.164 0.5000000000
102092  -27.611  -66.430  -22.637 0.6000000238
24954  -26.001  -67.012  -19.265 0.5000000000
24970  -26.851  -66.960  -20.300 0.5000000000
25974  -27.837  -65.776  -23.725 0.6000000238
24062  -25.497  -66.782  -18.618 0.5000000000
100354  -26.547  -66.679  -19.612 0.5000000000
26986  -27.862  -64.798  -24.965 0.6000000238
24998  -28.082  -66.304  -22.194 0.5000000000
25011  -28.092  -66.024  -22.917 0.5000000000
24955  -27.167  -66.279  -19.963 0.5000000000
24972  -28.012  -66.150  -20.971 0.5000000000
24985  -27.688  -66.591  -21.502 0.5000000000
24942  -26.103  -66.273  -19.003 0.5000000000
25986  -28.225  -65.042  -24.127 0.6000000238
24941  -25.084  -66.141  -18.089 0.5000000000
116733  -25.625  -65.965  -18.503 0.5000000000
26994  -27.113  -63.927  -25.936 0.6000000238
25941  -27.727  -65.850  -20.374 0.5000000000
25954  -28.623  -65.321  -21.544 0.5000000000
25964  -28.527  -65.521  -22.313 0.6000000238
26969  -28.829  -64.647  -22.754 0.6000000238
25931  -27.293  -65.477  -19.733 0.5000000000
25975  -28.436  -65.265  -23.250 0.6000000238
26978  -28.699  -64.446  -23.602 0.6000000238
25932  -27.912  -65.116  -20.106 0.5000000000
25942  -28.355  -65.465  -20.855 0.5000000000
100649  -28.804  -64.755  -21.142 0.5000000000
26970  -29.154  -64.025  -22.303 0.6000000238
25917  -26.083  -65.354  -18.823 0.5000000000
25916  -25.281  -65.386  -18.272 0.5000000000
101277  -28.460  -64.659  -20.477 0.6000000238
26960  -29.156  -64.073  -21.475 0.5000000000
108910  -29.336  -63.400  -22.586 0.6000000238
26937  -27.359  -64.625  -19.552 0.6000000238
26938  -28.060  -64.486  -19.929 0.6000000238
26921  -24.782  -64.812  -18.182 0.5000000000
26922  -25.612  -64.604  -18.582 0.5000000000
26923  -26.462  -64.444  -19.078 0.6000000238
26939  -28.522  -63.952  -20.128 0.6000000238
26950  -28.968  -64.043  -20.739 0.6000000238
27990  -29.429  -63.381  -21.816 0.6000000238
27979  -29.483  -63.422  -20.946 0.6999999881
38813  -27.655  -52.002  -26.461 0.5000000000
36993  -30.406  -53.090  -15.309 0.5000000000
44291  -26.305  -45.932  -28.401 0.5000000000
101712  -25.099  -43.670  -27.973 0.5000000000
50957  -32.085  -36.013  -22.823 0.3000000119
52693  -32.226  -35.594  -21.564 0.3000000119
23276  -24.826  -68.601  -21.619 0.5000000000
24108  -25.527  -67.733  -22.347 0.5000000000
96949  -25.375  -66.880  -24.809 0.5000000000
111767  -25.387  -67.904  -20.129 0.4000000060
25028  -25.952  -66.373  -25.165 0.6000000238
25994  -26.534  -65.788  -25.535 0.6000000238
25993  -25.858  -66.005  -25.877 0.5000000000
23260  -24.968  -68.318  -19.901 0.4000000060
24075  -25.437  -67.624  -19.303 0.5000000000
24061  -24.960  -67.471  -18.497 0.5000000000
106142  -24.894  -66.819  -18.127 0.3000000119
115550  -21.875  -66.687  -17.671 0.4000000060
37963  -28.213  -52.593  -25.886 0.4000000060
38814  -28.590  -51.881  -25.724 0.4000000060
44292  -27.095  -46.124  -28.440 0.5000000000
97828  -26.907  -45.314  -28.449 0.5000000000
51780  -31.931  -35.720  -22.028 0.3000000119
52668  -32.714  -34.946  -20.403 0.3000000119
25915  -24.563  -65.614  -17.872 0.5000000000
43266  -27.360  -46.924  -28.326 0.5000000000
24923  -24.476  -66.418  -17.771 0.4000000060
25019  -25.956  -66.692  -24.358 0.6000000238
24109  -26.207  -67.238  -22.266 0.5000000000
24986  -28.310  -65.971  -21.550 0.5000000000
101542  -26.680  -65.857  -19.382 0.5000000000
25930  -26.769  -65.133  -19.304 0.5000000000
24074  -24.795  -68.171  -19.056 0.4000000060
26003  -25.651  -65.489  -26.606 0.4000000060
104276  -24.458  -67.991  -18.367 0.4000000060
30786  -22.761  -58.692  -21.356 0.4000000060
30774  -23.693  -59.705  -21.182 0.4000000060
32478  -22.718  -57.047  -20.117 0.4000000060
30759  -23.110  -59.518  -19.043 0.4000000060
31600  -23.155  -57.631  -19.162 0.4000000060
32464  -22.535  -57.052  -19.951 0.4000000060
32465  -23.172  -57.133  -19.635 0.4000000060
30726  -22.932  -60.710  -17.771 0.3000000119
29882  -22.959  -60.779  -18.416 0.3000000119
115165  -23.357  -60.504  -18.064 0.4000000060
30741  -23.493  -59.737  -18.412 0.5000000000
30709  -23.803  -59.645  -17.149 0.4000000060
42223  -31.410  -48.106  -18.189 0.3000000119
43170  -30.079  -46.078  -18.094 0.3000000119
47758  -27.163  -40.979  -23.397 0.4000000060
112110  -28.737  -44.441  -18.318 0.3000000119
110042  -28.088  -41.602  -22.727 0.4000000060
49329  -27.665  -39.843  -23.045 0.4000000060
46006  -29.278  -43.613  -18.442 0.3000000119
46005  -28.248  -43.897  -18.291 0.3000000119
104527  -28.496  -42.972  -18.262 0.3000000119
46889  -29.302  -42.584  -18.535 0.3000000119
46020  -30.085  -43.228  -19.613 0.3000000119
106828  -26.778  -42.288  -18.150 0.3000000119
106125  -27.624  -42.598  -18.134 0.3000000119
46031  -29.937  -43.488  -21.588 0.3000000119
106529  -25.940  -42.008  -18.250 0.3000000119
47696  -25.639  -41.157  -18.312 0.3000000119
46912  -29.259  -42.781  -22.038 0.3000000119
46911  -28.585  -42.120  -22.362 0.3000000119
97498  -24.147  -39.130  -18.645 0.3000000119
47749  -28.327  -41.245  -22.037 0.3000000119
50909  -23.684  -37.988  -19.322 0.3000000119
46019  -29.789  -43.099  -18.769 0.3000000119
46026  -29.957  -43.096  -20.698 0.3000000119
103128  -28.453  -41.975  -18.206 0.3000000119
46890  -29.895  -42.263  -18.984 0.3000000119
46902  -29.579  -42.714  -21.249 0.3000000119
105910  -26.739  -41.323  -18.122 0.3000000119
110017  -27.508  -41.850  -18.055 0.3000000119
48481  -25.186  -40.276  -18.416 0.3000000119
46901  -29.061  -41.963  -21.420 0.3000000119
112621  -28.110  -39.865  -22.399 0.3000000119
99613  -28.785  -39.403  -22.244 0.3000000119
50151  -28.995  -38.489  -23.096 0.3000000119
114039  -29.328  -41.723  -18.648 0.3000000119
113797  -29.703  -41.513  -18.965 0.3000000119
46895  -29.710  -42.353  -20.323 0.3000000119
105182  -27.838  -41.166  -18.071 0.3000000119
47697  -28.727  -41.094  -18.413 0.3000000119
48482  -26.204  -40.451  -18.296 0.3000000119
48483  -27.210  -40.453  -18.168 0.3000000119
47736  -29.372  -41.620  -20.572 0.3000000119
47735  -28.906  -41.148  -21.113 0.3000000119
99185  -29.441  -41.001  -20.176 0.3000000119
50108  -26.036  -38.413  -18.644 0.3000000119
48521  -28.511  -40.632  -21.639 0.3000000119
111954  -25.292  -37.367  -19.427 0.3000000119
50911  -25.987  -37.622  -19.137 0.3000000119
49315  -28.480  -40.049  -21.747 0.3000000119
49331  -29.548  -38.591  -22.153 0.3000000119
48484  -28.177  -40.409  -18.268 0.3000000119
46871  -29.414  -40.998  -18.823 0.3000000119
47728  -29.718  -41.618  -19.596 0.3000000119
49277  -26.631  -39.741  -18.323 0.3000000119
48485  -29.006  -40.365  -18.646 0.3000000119
48497  -29.636  -40.955  -19.286 0.3000000119
49278  -27.614  -39.706  -18.286 0.3000000119
50099  -27.001  -38.882  -18.402 0.3000000119
50109  -26.842  -37.943  -18.740 0.3000000119
50912  -26.706  -37.131  -19.310 0.3000000119
48522  -29.130  -40.327  -20.834 0.3000000119
51747  -25.866  -36.705  -19.670 0.3000000119
49302  -29.611  -39.445  -20.399 0.3000000119
49316  -29.310  -39.430  -21.368 0.3000000119
49279  -28.520  -39.744  -18.487 0.3000000119
104584  -29.474  -40.299  -19.104 0.3000000119
50100  -28.121  -39.056  -18.406 0.3000000119
117063  -28.834  -39.228  -18.652 0.3000000119
50110  -27.839  -38.263  -18.558 0.3000000119
102859  -29.553  -40.257  -19.767 0.3000000119
51766  -26.113  -35.863  -20.073 0.3000000119
50913  -27.565  -37.413  -18.884 0.3000000119
51748  -26.660  -36.374  -19.654 0.3000000119
99807  -27.352  -36.755  -19.331 0.3000000119
50140  -29.962  -38.467  -21.200 0.3000000119
49280  -29.244  -39.689  -18.869 0.3000000119
113387  -29.337  -39.018  -19.028 0.3000000119
50111  -28.742  -38.602  -18.698 0.3000000119
49291  -29.530  -39.437  -19.510 0.3000000119
50112  -29.655  -38.700  -19.598 0.3000000119
112738  -27.242  -36.184  -19.549 0.3000000119
111477  -28.087  -37.026  -19.020 0.3000000119
50914  -28.628  -37.712  -18.851 0.3000000119
50127  -29.890  -38.651  -20.182 0.3000000119
50930  -30.691  -36.474  -21.487 0.3000000119
50141  -30.356  -37.141  -21.821 0.3000000119
52663  -26.795  -35.689  -19.837 0.3000000119
99278  -29.415  -38.263  -19.172 0.3000000119
52664  -27.555  -35.673  -19.546 0.3000000119
50113  -30.019  -37.882  -19.908 0.3000000119
50916  -30.228  -36.725  -19.910 0.3000000119
50128  -30.294  -37.703  -20.751 0.3000000119
108756  -30.411  -36.988  -20.522 0.3000000119
51767  -31.008  -35.946  -21.038 0.3000000119
52681  -27.154  -35.032  -19.839 0.3000000119
51750  -28.862  -36.908  -19.044 0.3000000119
108559  -29.103  -36.176  -19.142 0.3000000119
50915  -29.540  -37.422  -19.319 0.3000000119
110377  -29.578  -36.699  -19.324 0.3000000119
52667  -30.276  -35.230  -19.593 0.3000000119
51752  -30.654  -35.662  -20.178 0.3000000119
51779  -31.499  -35.893  -22.275 0.3000000119
53529  -27.904  -35.084  -19.521 0.3000000119
52665  -28.460  -35.578  -19.304 0.3000000119
53530  -28.766  -34.683  -19.341 0.3000000119
52666  -29.437  -35.411  -19.256 0.3000000119
51751  -29.955  -36.028  -19.447 0.3000000119
115353  -31.721  -35.517  -21.655 0.3000000119
104194  -25.264  -65.047  -27.303 0.4000000060
32445  -23.758  -57.148  -18.935 0.4000000060
31544  -24.141  -59.024  -16.812 0.4000000060
30727  -23.703  -59.973  -17.739 0.4000000060
42233  -31.183  -47.382  -18.301 0.3000000119
116511  -27.676  -43.349  -18.239 0.3000000119
46910  -27.626  -41.634  -23.302 0.4000000060
110171  -25.842  -39.814  -18.400 0.3000000119
50910  -24.549  -37.634  -19.373 0.3000000119
30758  -22.530  -60.138  -19.438 0.4000000060
31599  -22.322  -57.969  -19.708 0.4000000060
50929  -24.837  -36.681  -19.853 0.3000000119
51749  -28.069  -36.347  -19.232 0.3000000119
107498  -31.476  -35.251  -21.027 0.3000000119
53531  -29.835  -34.620  -19.362 0.3000000119
30757  -21.724  -60.732  -19.995 0.4000000060
100210  -28.713  -52.947  -25.490 0.4000000060
24952  -19.743  -66.863  -20.138 0.3000000119
24953  -20.407  -66.554  -19.269 0.3000000119
24968  -19.730  -66.182  -20.970 0.3000000119
30708  -23.225  -60.101  -17.140 0.3000000119
31531  -23.139  -59.238  -15.856 0.3000000119
32476  -20.887  -58.070  -21.246 0.3000000119
30773  -21.636  -58.723  -20.320 0.3000000119
31612  -21.831  -57.677  -20.461 0.3000000119
31626  -22.394  -57.571  -20.669 0.3000000119
32477  -22.311  -57.239  -20.237 0.3000000119
30772  -20.719  -59.393  -20.766 0.3000000119
23268  -24.661  -68.702  -20.386 0.4000000060
24921  -22.452  -66.444  -17.568 0.4000000060
24971  -27.459  -66.537  -20.690 0.5000000000
26959  -28.886  -64.738  -21.927 0.6000000238
28006  -28.475  -63.552  -24.664 0.6999999881
30808  -27.858  -60.168  -24.731 0.6999999881
34346  -22.165  -56.266  -25.760 0.8000000119
34370  -22.127  -56.341  -25.999 0.8000000119
35295  -21.423  -55.731  -25.954 0.8000000119
36157  -20.549  -53.960  -24.890 1.0000000000
37051  -20.864  -53.208  -24.310 1.0000000000
37079  -20.501  -53.991  -26.083 0.8999999762
38767  -28.653  -51.836  -20.903 0.6999999881
38805  -21.474  -50.893  -24.064 0.8000000119
38822  -23.239  -51.416  -25.747 0.8999999762
40466  -21.699  -49.431  -25.116 0.8000000119
41334  -22.195  -49.013  -24.638 0.8000000119
44246  -29.206  -45.640  -24.406 0.6000000238
45177  -21.988  -43.505  -27.080 0.6999999881
46096  -21.774  -42.701  -27.387 0.6999999881
46952  -22.276  -42.935  -26.754 0.6999999881
47798  -23.674  -41.271  -26.952 0.5000000000
97585  -28.841  -53.793  -25.355 0.3000000119
104975  -20.891  -52.906  -24.467 0.8000000119
109551  -24.082  -63.350  -27.866 0.6000000238
110040  -20.886  -67.601  -18.122 0.4000000060
113025  -21.620  -43.015  -27.373 0.6999999881
113893  -26.966  -51.763  -27.211 0.6999999881
115654  -27.825  -53.524  -26.341 0.6000000238
115870  -28.266  -47.207  -25.176 0.8000000119
116337  -23.964  -66.728  -17.550 0.4000000060
117228  -28.653  -52.466  -25.597 0.4000000060
