#!ascii label  , from subject sub-v2s8x29234_ses-1 vox2ras=TkReg
976
36657  25.142  -54.888  41.370 0.0000000000
54590  40.397  -34.764  30.926 0.0000000000
115999  30.135  -44.261  34.004 0.0000000000
117086  7.600  -58.979  43.003 0.0000000000
36627  20.195  -54.576  43.067 0.0000000000
51208  31.293  -38.447  34.976 0.0000000000
35829  13.379  -54.975  42.062 0.0000000000
31914  11.254  -59.231  42.248 0.0000000000
34881  17.309  -56.182  42.574 0.0000000000
54586  45.700  -34.881  31.158 0.0000000000
39358  24.247  -51.317  42.842 0.0000000000
113422  25.635  -49.660  38.974 0.0000000000
37516  28.210  -52.779  41.448 0.0000000000
57960  42.251  -31.328  31.996 0.0000000000
58837  43.849  -29.552  30.155 0.0000000000
54574  36.804  -33.928  32.861 0.0000000000
52055  39.155  -37.811  34.098 0.0000000000
100318  34.693  -37.783  33.246 0.0000000000
47760  34.330  -42.370  35.365 0.0000000000
31908  24.054  -59.398  42.393 0.0000000000
27799  7.070  -63.226  42.847 0.0000000000
26789  3.549  -64.417  43.017 0.0000000000
24905  0.568  -66.312  45.882 0.0000000000
105479  23.316  -55.751  41.337 0.0000000000
32920  20.648  -58.271  41.471 0.0000000000
45080  25.589  -45.908  35.495 0.0000000000
42169  30.557  -48.747  38.183 0.0000000000
62036  45.182  -25.226  29.012 0.0000000000
53731  43.172  -35.198  30.622 0.0000000000
52082  42.317  -37.050  32.608 0.0000000000
38424  24.868  -52.827  41.784 0.0000000000
38436  25.668  -52.325  41.148 0.0000000000
36654  27.138  -54.134  41.416 0.0000000000
55461  40.779  -33.418  31.847 0.0000000000
57137  42.604  -32.591  33.432 0.0000000000
55474  42.998  -33.548  31.490 0.0000000000
108741  44.125  -33.109  30.908 0.0000000000
21280  1.012  -70.113  42.822 0.0000000000
53712  35.519  -35.506  32.734 0.0000000000
53701  33.687  -35.558  33.971 0.0000000000
106696  30.265  -41.078  33.607 0.0000000000
49532  31.989  -40.868  33.615 0.0000000000
46959  32.254  -43.304  34.511 0.0000000000
44145  32.543  -45.600  36.109 0.0000000000
32908  9.815  -58.687  42.109 0.0000000000
30919  10.241  -60.011  43.512 0.0000000000
30932  8.621  -60.622  42.657 0.0000000000
28805  8.189  -62.448  43.656 0.0000000000
110397  7.239  -61.052  42.519 0.0000000000
29862  3.736  -61.943  44.938 0.0000000000
25812  2.203  -64.945  43.928 0.0000000000
35825  21.763  -55.334  41.886 0.0000000000
104811  21.494  -56.624  39.843 0.0000000000
35869  20.330  -55.080  39.735 0.0000000000
32886  16.034  -57.883  43.498 0.0000000000
32884  17.846  -57.819  44.181 0.0000000000
40325  28.929  -50.199  40.965 0.0000000000
116133  28.744  -49.402  38.587 0.0000000000
52868  32.561  -36.671  35.674 0.0000000000
50334  29.974  -39.779  35.940 0.0000000000
47770  28.190  -42.118  34.173 0.0000000000
32903  14.720  -57.975  42.490 0.0000000000
31896  13.025  -59.085  43.433 0.0000000000
34909  12.283  -56.637  41.510 0.0000000000
34887  9.959  -56.684  42.435 0.0000000000
34851  8.385  -55.921  44.442 0.0000000000
36659  18.765  -53.261  40.908 0.0000000000
37495  16.784  -52.945  43.038 0.0000000000
35827  15.302  -54.992  42.041 0.0000000000
42113  22.551  -48.644  42.288 0.0000000000
42149  23.038  -48.627  38.939 0.0000000000
40331  23.553  -50.521  40.532 0.0000000000
39370  27.362  -51.188  41.230 0.0000000000
59624  41.507  -28.031  29.419 0.0000000000
98919  42.657  -30.211  30.786 0.0000000000
57162  45.288  -31.633  30.534 0.0000000000
54573  38.223  -34.457  31.753 0.0000000000
102734  39.410  -36.668  31.863 0.0000000000
52899  37.711  -36.217  32.090 0.0000000000
51227  36.379  -37.906  33.686 0.0000000000
50351  35.857  -39.722  35.060 0.0000000000
52075  32.736  -37.913  33.727 0.0000000000
49530  34.016  -39.753  33.948 0.0000000000
33902  25.297  -57.196  41.317 0.0000000000
33884  27.100  -57.043  42.752 0.0000000000
99091  39.911  -32.985  33.822 0.0000000000
32869  5.580  -58.758  44.817 0.0000000000
29871  5.828  -61.727  43.047 0.0000000000
118277  5.131  -64.246  42.655 0.0000000000
24954  4.919  -66.113  42.774 0.0000000000
24956  3.426  -66.620  42.473 0.0000000000
24958  1.881  -67.090  42.711 0.0000000000
23979  0.395  -67.672  44.527 0.0000000000
23025  -1.289  -68.443  45.603 0.0000000000
105485  24.243  -55.766  41.090 0.0000000000
33919  23.584  -57.252  40.577 0.0000000000
31910  22.314  -59.358  42.297 0.0000000000
33907  18.881  -56.975  41.934 0.0000000000
45090  27.482  -45.229  34.174 0.0000000000
42209  25.103  -48.163  36.595 0.0000000000
42223  27.833  -47.971  35.642 0.0000000000
44147  30.122  -46.548  35.356 0.0000000000
34857  28.531  -56.359  43.575 0.0000000000
62049  47.052  -25.782  27.509 0.0000000000
60428  43.299  -27.665  28.452 0.0000000000
111265  45.902  -28.475  27.632 0.0000000000
53721  41.910  -35.430  30.760 0.0000000000
52907  42.977  -36.246  31.398 0.0000000000
52908  42.013  -36.207  31.248 0.0000000000
36656  25.317  -54.274  41.452 0.0000000000
101629  25.580  -53.626  41.388 0.0000000000
101524  25.799  -54.917  41.271 0.0000000000
55476  40.732  -33.965  31.021 0.0000000000
55475  41.906  -33.695  31.428 0.0000000000
54589  41.670  -34.149  30.833 0.0000000000
54606  42.389  -34.317  30.709 0.0000000000
21281  0.247  -70.339  42.802 0.0000000000
54542  34.745  -34.489  34.943 0.0000000000
53686  34.133  -34.874  35.408 0.0000000000
47777  30.409  -42.517  33.599 0.0000000000
47776  31.231  -42.338  33.706 0.0000000000
109311  31.569  -43.621  34.301 0.0000000000
46048  32.276  -44.537  35.248 0.0000000000
45086  31.069  -45.234  34.955 0.0000000000
32889  8.241  -58.080  42.906 0.0000000000
104440  8.956  -60.073  42.500 0.0000000000
106515  8.375  -60.208  42.506 0.0000000000
30933  7.967  -60.882  42.472 0.0000000000
31918  7.231  -59.558  42.953 0.0000000000
35812  21.009  -55.158  42.644 0.0000000000
36674  20.973  -54.600  40.761 0.0000000000
36658  20.483  -54.036  41.124 0.0000000000
32866  15.492  -58.482  43.809 0.0000000000
44099  23.444  -46.677  39.380 0.0000000000
40324  29.770  -50.307  40.957 0.0000000000
49502  28.764  -40.800  35.073 0.0000000000
48604  28.709  -40.944  35.919 0.0000000000
34907  13.869  -56.715  41.465 0.0000000000
33892  13.588  -57.434  41.562 0.0000000000
34885  12.748  -55.679  41.702 0.0000000000
35815  11.035  -55.267  42.938 0.0000000000
35816  9.855  -55.312  44.116 0.0000000000
34864  9.133  -56.711  42.971 0.0000000000
37494  17.635  -52.657  43.278 0.0000000000
36631  14.462  -54.569  43.100 0.0000000000
36645  15.794  -54.461  42.797 0.0000000000
34906  14.652  -55.536  41.712 0.0000000000
33890  15.257  -57.043  42.173 0.0000000000
40332  22.912  -50.026  40.874 0.0000000000
39388  23.794  -51.016  41.327 0.0000000000
37517  27.225  -53.187  41.306 0.0000000000
39371  26.317  -51.577  40.962 0.0000000000
38434  28.005  -51.721  41.437 0.0000000000
39356  28.847  -51.143  42.086 0.0000000000
37501  29.634  -52.727  42.888 0.0000000000
57143  42.577  -31.969  32.700 0.0000000000
58839  40.410  -29.067  30.727 0.0000000000
57974  42.297  -30.747  31.374 0.0000000000
55487  44.351  -33.743  30.629 0.0000000000
56350  44.438  -32.242  30.696 0.0000000000
55485  45.693  -33.463  30.670 0.0000000000
55463  37.698  -33.753  32.455 0.0000000000
53710  37.701  -35.317  31.853 0.0000000000
104409  37.274  -34.550  32.201 0.0000000000
112086  34.837  -36.452  32.898 0.0000000000
52900  36.322  -36.660  32.648 0.0000000000
51228  35.535  -37.921  33.449 0.0000000000
103592  36.693  -38.415  34.462 0.0000000000
50385  34.998  -38.662  33.782 0.0000000000
52046  31.725  -37.945  35.516 0.0000000000
52876  32.563  -36.673  34.769 0.0000000000
52076  32.108  -38.278  34.032 0.0000000000
48613  33.079  -41.807  34.220 0.0000000000
49531  33.193  -39.928  33.752 0.0000000000
48611  34.188  -41.158  34.619 0.0000000000
48610  34.814  -41.036  34.966 0.0000000000
32898  24.798  -58.815  42.192 0.0000000000
112838  25.482  -58.515  42.442 0.0000000000
115114  37.353  -33.401  34.470 0.0000000000
55450  38.188  -33.143  33.048 0.0000000000
100852  38.616  -33.493  32.218 0.0000000000
31897  12.253  -59.238  43.294 0.0000000000
102788  11.771  -59.374  43.883 0.0000000000
28814  7.638  -62.823  43.136 0.0000000000
27772  7.679  -63.644  45.197 0.0000000000
26774  7.289  -64.278  44.765 0.0000000000
26787  6.497  -64.764  43.500 0.0000000000
31855  5.012  -59.213  45.319 0.0000000000
104337  5.320  -60.332  44.225 0.0000000000
112734  4.774  -60.585  44.710 0.0000000000
27792  3.777  -63.675  43.403 0.0000000000
27791  4.437  -63.389  43.175 0.0000000000
27803  4.210  -64.117  42.863 0.0000000000
25836  5.128  -65.401  42.676 0.0000000000
25837  4.500  -65.750  42.511 0.0000000000
24955  4.215  -66.318  42.476 0.0000000000
25839  3.303  -65.185  42.726 0.0000000000
25802  1.066  -65.561  45.284 0.0000000000
24941  2.119  -66.178  42.956 0.0000000000
24927  0.963  -66.335  44.871 0.0000000000
23978  1.032  -67.295  43.470 0.0000000000
24917  0.384  -67.056  45.500 0.0000000000
34878  23.953  -55.965  42.223 0.0000000000
35823  24.593  -55.342  42.125 0.0000000000
34901  24.296  -56.040  40.799 0.0000000000
34902  23.596  -55.962  40.761 0.0000000000
32934  20.974  -57.833  40.694 0.0000000000
32933  21.697  -57.931  40.625 0.0000000000
32919  21.366  -58.441  41.281 0.0000000000
35850  17.453  -54.569  41.574 0.0000000000
35849  18.260  -54.869  40.855 0.0000000000
34880  18.119  -56.506  42.366 0.0000000000
32883  18.659  -58.080  43.915 0.0000000000
52068  39.557  -37.469  33.306 0.0000000000
52066  41.153  -37.456  33.345 0.0000000000
52054  40.066  -37.798  34.018 0.0000000000
46041  25.883  -44.315  35.980 0.0000000000
46962  26.773  -44.041  34.750 0.0000000000
44163  26.894  -45.780  34.576 0.0000000000
41271  24.126  -49.189  38.261 0.0000000000
42192  23.742  -48.577  37.849 0.0000000000
41288  25.803  -49.004  37.604 0.0000000000
42170  29.870  -48.936  38.096 0.0000000000
118679  27.860  -48.803  36.799 0.0000000000
42205  29.298  -48.500  36.983 0.0000000000
44148  28.744  -47.085  35.070 0.0000000000
43155  30.208  -47.707  36.413 0.0000000000
104087  31.048  -47.488  36.601 0.0000000000
34858  27.800  -56.684  43.169 0.0000000000
62050  46.131  -26.183  27.848 0.0000000000
59623  42.473  -28.430  29.214 0.0000000000
59636  42.653  -27.740  28.753 0.0000000000
59622  43.386  -28.608  29.007 0.0000000000
59632  45.971  -29.092  28.201 0.0000000000
58880  46.715  -28.955  27.695 0.0000000000
36621  13.781  -54.658  43.589 0.0000000000
35830  12.466  -55.009  42.405 0.0000000000
53730  43.964  -35.012  30.584 0.0000000000
53708  45.528  -35.950  32.224 0.0000000000
52906  43.869  -36.219  31.620 0.0000000000
39357  24.558  -51.840  42.403 0.0000000000
39373  24.367  -51.552  41.567 0.0000000000
37519  25.197  -52.936  41.487 0.0000000000
37518  26.099  -52.997  41.241 0.0000000000
36653  28.095  -53.744  41.578 0.0000000000
56325  42.468  -32.764  33.856 0.0000000000
55446  42.669  -33.018  33.214 0.0000000000
56332  43.006  -32.861  32.685 0.0000000000
56340  43.297  -32.879  31.881 0.0000000000
57152  43.322  -31.937  31.484 0.0000000000
55473  43.598  -33.275  31.244 0.0000000000
107653  43.969  -34.332  30.585 0.0000000000
22165  2.175  -69.447  43.082 0.0000000000
54550  35.907  -33.955  34.555 0.0000000000
105970  35.975  -34.355  33.042 0.0000000000
54551  35.553  -34.257  33.800 0.0000000000
53700  34.479  -35.214  33.631 0.0000000000
52886  33.551  -36.563  33.554 0.0000000000
50390  30.481  -39.641  34.004 0.0000000000
50389  31.852  -39.445  33.647 0.0000000000
49533  31.088  -40.791  33.550 0.0000000000
48622  32.341  -41.656  33.862 0.0000000000
46958  32.934  -43.076  34.792 0.0000000000
46047  33.183  -44.311  35.715 0.0000000000
45069  33.376  -45.162  36.349 0.0000000000
30915  23.443  -60.422  43.400 0.0000000000
32907  10.689  -58.645  41.888 0.0000000000
31899  10.785  -59.676  42.919 0.0000000000
30930  10.013  -59.951  42.793 0.0000000000
30920  9.536  -60.468  43.225 0.0000000000
29869  9.025  -61.038  43.662 0.0000000000
28813  8.039  -62.134  42.883 0.0000000000
28822  7.354  -62.449  42.741 0.0000000000
29861  4.146  -61.145  44.904 0.0000000000
28800  3.298  -62.466  45.428 0.0000000000
27793  3.144  -64.028  43.767 0.0000000000
101232  2.845  -64.700  43.424 0.0000000000
100449  2.193  -64.156  45.318 0.0000000000
26762  1.796  -64.143  46.231 0.0000000000
26747  0.913  -64.637  46.614 0.0000000000
35824  22.482  -55.724  41.918 0.0000000000
35867  22.785  -55.795  40.538 0.0000000000
102038  21.984  -55.506  40.219 0.0000000000
34937  20.831  -55.597  39.679 0.0000000000
34924  20.216  -55.983  39.790 0.0000000000
105088  16.703  -56.634  43.011 0.0000000000
33889  17.531  -56.842  43.095 0.0000000000
32885  16.959  -57.721  44.077 0.0000000000
51217  38.819  -38.217  34.954 0.0000000000
45071  24.669  -46.097  36.641 0.0000000000
40346  27.040  -49.884  39.962 0.0000000000
41269  27.141  -49.424  38.355 0.0000000000
41219  28.864  -49.838  40.010 0.0000000000
41239  29.839  -49.684  39.610 0.0000000000
62037  44.350  -25.495  29.158 0.0000000000
105236  -1.403  -70.326  43.417 0.0000000000
52028  32.528  -37.689  36.940 0.0000000000
51196  31.276  -38.509  35.775 0.0000000000
51209  30.808  -38.927  35.263 0.0000000000
50373  29.861  -39.928  34.470 0.0000000000
48625  29.549  -41.220  33.760 0.0000000000
46969  29.095  -43.409  33.575 0.0000000000
32887  14.649  -58.586  43.395 0.0000000000
31876  14.328  -59.114  44.145 0.0000000000
98704  13.983  -58.486  42.679 0.0000000000
32923  12.708  -58.280  41.773 0.0000000000
32906  11.875  -58.648  41.847 0.0000000000
35831  11.717  -55.710  42.036 0.0000000000
34886  11.406  -56.844  41.665 0.0000000000
33893  11.153  -57.934  41.639 0.0000000000
33895  9.439  -57.650  42.366 0.0000000000
33873  8.654  -57.499  42.892 0.0000000000
33874  7.931  -57.492  43.451 0.0000000000
36643  19.604  -53.291  42.176 0.0000000000
37493  18.477  -52.704  43.183 0.0000000000
37507  17.496  -52.802  42.427 0.0000000000
35851  16.767  -54.142  42.005 0.0000000000
36629  16.272  -53.747  43.187 0.0000000000
99745  16.264  -54.674  42.388 0.0000000000
116670  16.611  -56.032  42.623 0.0000000000
106353  15.988  -56.396  42.595 0.0000000000
32902  15.444  -57.671  42.846 0.0000000000
43064  22.764  -47.938  41.922 0.0000000000
108309  23.085  -47.289  39.879 0.0000000000
113232  22.656  -48.400  40.416 0.0000000000
41244  23.307  -49.373  39.270 0.0000000000
40348  25.083  -49.999  39.630 0.0000000000
106684  24.690  -51.613  41.137 0.0000000000
39385  25.873  -51.073  40.746 0.0000000000
108228  26.749  -50.269  40.455 0.0000000000
40306  27.734  -50.626  41.252 0.0000000000
39368  28.837  -50.861  42.113 0.0000000000
60411  40.436  -27.721  30.526 0.0000000000
58853  41.732  -28.840  29.814 0.0000000000
102077  43.030  -29.631  30.278 0.0000000000
57164  43.756  -31.544  30.846 0.0000000000
115175  43.577  -30.417  30.612 0.0000000000
54591  39.830  -34.303  31.156 0.0000000000
52910  40.105  -36.204  31.423 0.0000000000
52911  39.392  -35.866  31.419 0.0000000000
52086  38.496  -36.839  32.241 0.0000000000
52069  38.570  -37.427  33.208 0.0000000000
53711  36.211  -35.726  32.480 0.0000000000
52071  36.911  -37.315  33.100 0.0000000000
52070  37.712  -37.544  33.445 0.0000000000
51218  37.465  -38.336  34.786 0.0000000000
50368  36.963  -38.834  35.212 0.0000000000
52867  32.851  -35.962  35.267 0.0000000000
52887  32.878  -36.969  33.945 0.0000000000
51230  33.353  -38.090  33.423 0.0000000000
50388  32.661  -39.264  33.612 0.0000000000
50387  33.486  -39.003  33.582 0.0000000000
50386  34.277  -39.070  33.741 0.0000000000
110036  35.225  -39.865  34.691 0.0000000000
34899  25.741  -56.366  41.317 0.0000000000
35844  26.219  -55.691  41.388 0.0000000000
33901  26.031  -57.098  41.716 0.0000000000
33868  26.836  -57.815  43.139 0.0000000000
55448  40.310  -33.086  32.815 0.0000000000
55462  39.611  -33.302  32.049 0.0000000000
32867  7.075  -57.712  44.040 0.0000000000
32848  5.827  -58.084  45.152 0.0000000000
31900  6.912  -58.750  43.578 0.0000000000
30934  6.673  -60.294  42.925 0.0000000000
30935  6.493  -61.162  42.778 0.0000000000
115139  6.178  -62.425  42.741 0.0000000000
29872  5.062  -62.017  43.500 0.0000000000
28815  5.488  -62.535  43.015 0.0000000000
27800  6.375  -63.571  42.779 0.0000000000
26788  5.856  -65.115  42.973 0.0000000000
25811  6.014  -66.078  43.909 0.0000000000
107769  2.928  -68.023  42.696 0.0000000000
25821  2.471  -65.398  43.201 0.0000000000
24002  2.740  -67.281  42.531 0.0000000000
23052  2.101  -68.632  42.746 0.0000000000
23053  1.417  -68.471  42.727 0.0000000000
23054  0.770  -68.919  42.778 0.0000000000
22167  0.032  -69.275  43.036 0.0000000000
23967  -0.094  -67.720  45.536 0.0000000000
23980  -0.348  -68.285  45.151 0.0000000000
23036  -0.873  -68.790  44.729 0.0000000000
36640  24.938  -54.538  41.806 0.0000000000
36626  24.895  -54.750  42.779 0.0000000000
35846  24.740  -55.339  41.380 0.0000000000
34900  24.927  -56.224  40.939 0.0000000000
33903  24.423  -56.987  40.783 0.0000000000
33904  23.977  -58.046  40.957 0.0000000000
116903  22.602  -56.759  40.210 0.0000000000
32917  23.009  -58.199  40.894 0.0000000000
31909  23.061  -59.376  42.215 0.0000000000
37532  19.250  -53.798  40.440 0.0000000000
34925  19.403  -56.061  40.390 0.0000000000
33906  19.573  -57.366  41.429 0.0000000000
33888  18.433  -57.231  42.952 0.0000000000
33887  19.284  -57.661  42.351 0.0000000000
32900  19.749  -58.361  42.751 0.0000000000
111426  41.065  -36.905  32.109 0.0000000000
47771  27.493  -42.699  34.592 0.0000000000
46960  27.941  -43.041  33.882 0.0000000000
46059  28.809  -44.807  33.852 0.0000000000
43120  23.128  -47.641  38.147 0.0000000000
43137  23.983  -47.489  37.006 0.0000000000
43157  25.202  -47.434  36.041 0.0000000000
41287  26.654  -49.125  37.555 0.0000000000
100143  26.631  -48.439  36.279 0.0000000000
43179  26.519  -47.105  35.232 0.0000000000
43193  27.957  -46.887  34.722 0.0000000000
101572  28.679  -46.253  34.528 0.0000000000
45087  30.367  -45.360  34.674 0.0000000000
44146  31.559  -45.820  35.672 0.0000000000
35822  26.993  -55.839  41.726 0.0000000000
35821  27.629  -55.501  42.059 0.0000000000
35820  28.381  -55.134  42.467 0.0000000000
34856  29.272  -55.942  44.027 0.0000000000
36637  29.403  -53.712  42.766 0.0000000000
111825  47.592  -25.174  27.368 0.0000000000
61219  43.024  -26.461  28.964 0.0000000000
61230  44.339  -26.724  28.182 0.0000000000
58867  44.480  -28.720  28.689 0.0000000000
59650  45.163  -28.186  27.682 0.0000000000
61239  45.727  -27.040  27.547 0.0000000000
60434  47.003  -27.403  27.109 0.0000000000
60443  47.753  -27.173  26.732 0.0000000000
103851  41.172  -34.863  30.770 0.0000000000
111598  41.325  -35.801  30.940 0.0000000000
53733  41.891  -34.715  30.662 0.0000000000
22180  -0.139  -69.829  42.876 0.0000000000
46968  30.060  -43.449  33.700 0.0000000000
46967  30.990  -43.136  33.845 0.0000000000
46067  30.824  -43.957  34.117 0.0000000000
46057  31.458  -44.454  34.693 0.0000000000
46058  30.610  -44.715  34.436 0.0000000000
32910  8.217  -58.809  42.725 0.0000000000
105895  7.999  -59.563  42.616 0.0000000000
36642  20.306  -54.022  42.170 0.0000000000
118124  15.008  -58.906  44.122 0.0000000000
31875  15.643  -58.886  44.572 0.0000000000
44087  23.565  -46.647  40.372 0.0000000000
35852  13.767  -55.737  41.560 0.0000000000
34908  13.148  -56.589  41.418 0.0000000000
36632  13.960  -54.640  42.507 0.0000000000
35828  14.311  -54.992  41.894 0.0000000000
34884  14.582  -56.425  41.632 0.0000000000
40307  23.404  -50.690  41.859 0.0000000000
39374  23.993  -51.250  42.116 0.0000000000
117045  27.595  -52.498  41.299 0.0000000000
38423  28.761  -52.048  41.852 0.0000000000
37502  28.993  -53.074  42.021 0.0000000000
57144  41.505  -30.875  32.538 0.0000000000
57975  41.514  -30.489  31.692 0.0000000000
54604  44.578  -34.366  30.607 0.0000000000
55486  44.971  -33.622  30.549 0.0000000000
54603  45.325  -34.276  30.700 0.0000000000
54602  46.122  -34.180  30.962 0.0000000000
22157  3.384  -69.108  43.997 0.0000000000
55451  37.444  -33.453  33.123 0.0000000000
52072  35.158  -37.156  32.957 0.0000000000
52058  31.834  -37.987  34.701 0.0000000000
51220  31.513  -38.617  34.270 0.0000000000
47766  33.820  -41.961  34.744 0.0000000000
48612  33.555  -41.285  34.292 0.0000000000
32916  24.352  -58.547  41.666 0.0000000000
31907  25.013  -59.257  42.765 0.0000000000
55452  37.009  -33.516  33.720 0.0000000000
55440  37.760  -33.174  33.871 0.0000000000
31913  11.947  -59.191  42.541 0.0000000000
31898  11.533  -59.460  43.106 0.0000000000
111283  7.336  -63.510  43.409 0.0000000000
26786  7.103  -64.176  43.847 0.0000000000
27790  6.806  -63.968  43.119 0.0000000000
30906  4.898  -59.939  44.982 0.0000000000
26802  4.008  -64.861  42.563 0.0000000000
101827  4.509  -65.210  42.514 0.0000000000
25838  3.848  -65.709  42.416 0.0000000000
114804  0.841  -66.944  44.451 0.0000000000
34879  23.076  -56.124  42.439 0.0000000000
34859  23.799  -56.536  42.963 0.0000000000
31926  21.030  -58.882  42.061 0.0000000000
34905  17.776  -55.612  41.856 0.0000000000
45070  25.100  -45.553  36.107 0.0000000000
46051  25.614  -45.024  35.664 0.0000000000
46050  26.223  -44.549  35.242 0.0000000000
45079  26.173  -45.397  35.043 0.0000000000
41242  24.640  -49.642  38.845 0.0000000000
115762  25.111  -49.207  38.106 0.0000000000
41270  26.175  -49.375  38.275 0.0000000000
41284  29.302  -48.883  37.681 0.0000000000
42187  30.043  -48.557  37.523 0.0000000000
112232  29.923  -48.160  36.897 0.0000000000
117357  30.607  -48.429  37.703 0.0000000000
42186  31.156  -48.326  37.892 0.0000000000
62859  46.084  -24.987  28.881 0.0000000000
62043  46.530  -25.373  28.229 0.0000000000
62044  45.645  -25.679  28.420 0.0000000000
58852  43.223  -29.080  29.649 0.0000000000
58851  44.044  -28.981  29.440 0.0000000000
118212  13.021  -54.810  43.808 0.0000000000
35801  13.446  -55.111  44.620 0.0000000000
53718  44.367  -35.596  31.137 0.0000000000
53719  43.501  -35.673  30.945 0.0000000000
52895  42.472  -36.650  31.886 0.0000000000
52081  43.257  -36.772  32.335 0.0000000000
38425  24.754  -52.470  42.157 0.0000000000
36655  26.181  -54.277  41.312 0.0000000000
107552  26.445  -53.664  41.305 0.0000000000
103005  41.434  -33.345  32.874 0.0000000000
55460  42.177  -33.406  32.539 0.0000000000
55459  42.887  -33.200  32.295 0.0000000000
53732  42.519  -34.988  30.577 0.0000000000
54605  43.230  -34.530  30.583 0.0000000000
22166  1.686  -69.945  43.032 0.0000000000
117646  35.293  -34.279  34.529 0.0000000000
53693  34.150  -34.923  34.479 0.0000000000
52885  34.253  -36.014  33.277 0.0000000000
49534  30.444  -40.350  33.704 0.0000000000
105354  31.105  -39.919  33.653 0.0000000000
47769  31.758  -42.862  34.049 0.0000000000
112439  31.897  -42.200  33.875 0.0000000000
47768  32.513  -42.493  34.251 0.0000000000
46950  33.258  -43.535  35.302 0.0000000000
46951  32.649  -43.778  35.046 0.0000000000
45077  32.162  -45.202  35.607 0.0000000000
113369  32.734  -44.970  35.822 0.0000000000
44132  33.076  -46.051  36.689 0.0000000000
55441  36.680  -33.646  34.541 0.0000000000
31915  10.368  -59.329  42.291 0.0000000000
30931  9.282  -60.286  42.725 0.0000000000
29877  8.900  -60.937  42.976 0.0000000000
29870  8.520  -61.647  43.234 0.0000000000
29879  7.650  -61.640  42.602 0.0000000000
28809  3.152  -63.158  45.000 0.0000000000
27783  2.854  -63.769  44.635 0.0000000000
102877  2.696  -63.590  45.406 0.0000000000
26763  1.309  -64.752  45.721 0.0000000000
35811  22.052  -55.997  42.733 0.0000000000
35847  22.328  -55.457  41.103 0.0000000000
35848  21.584  -55.027  40.891 0.0000000000
36675  20.432  -54.466  40.273 0.0000000000
35868  21.146  -55.066  39.953 0.0000000000
117552  20.941  -56.180  39.660 0.0000000000
33872  16.022  -57.166  42.968 0.0000000000
33871  16.791  -57.229  43.475 0.0000000000
45062  24.532  -45.754  37.474 0.0000000000
40326  28.138  -50.123  40.880 0.0000000000
41220  27.883  -49.835  40.032 0.0000000000
103837  30.572  -50.392  40.942 0.0000000000
40345  29.591  -49.974  40.332 0.0000000000
40344  30.460  -49.969  40.212 0.0000000000
22168  -2.072  -69.743  43.876 0.0000000000
51195  31.814  -38.184  36.489 0.0000000000
50352  30.360  -39.379  35.605 0.0000000000
50372  30.340  -39.407  34.804 0.0000000000
50353  29.842  -39.803  35.243 0.0000000000
48614  28.811  -41.311  34.200 0.0000000000
48626  29.062  -41.954  33.669 0.0000000000
47779  28.661  -42.744  33.651 0.0000000000
33908  12.835  -57.460  41.479 0.0000000000
32922  13.308  -58.011  41.736 0.0000000000
33909  12.023  -57.647  41.528 0.0000000000
35814  12.370  -54.805  43.382 0.0000000000
117741  11.750  -54.985  42.850 0.0000000000
34862  10.776  -56.145  42.233 0.0000000000
101621  10.677  -57.074  41.868 0.0000000000
33894  10.277  -57.818  41.899 0.0000000000
34850  9.036  -55.934  43.753 0.0000000000
34865  8.434  -56.702  43.564 0.0000000000
37483  19.019  -53.383  43.513 0.0000000000
36660  17.371  -53.517  41.735 0.0000000000
116649  16.874  -53.313  42.349 0.0000000000
34882  16.060  -55.511  42.442 0.0000000000
33891  14.357  -57.356  41.789 0.0000000000
104353  15.267  -58.137  43.182 0.0000000000
43072  22.666  -47.787  41.064 0.0000000000
42123  22.512  -48.574  41.300 0.0000000000
41221  23.123  -49.743  40.082 0.0000000000
40350  23.689  -50.044  39.660 0.0000000000
40349  24.245  -50.021  39.391 0.0000000000
40330  24.382  -50.564  40.113 0.0000000000
38437  24.808  -52.196  41.548 0.0000000000
39372  25.321  -51.732  40.996 0.0000000000
40328  26.248  -50.546  40.507 0.0000000000
39384  26.846  -50.787  40.891 0.0000000000
40327  27.380  -50.221  40.690 0.0000000000
38422  29.489  -51.825  42.649 0.0000000000
57132  42.394  -31.887  33.959 0.0000000000
61203  40.431  -27.045  31.374 0.0000000000
60403  39.953  -27.963  31.147 0.0000000000
57986  41.802  -30.008  30.991 0.0000000000
114955  41.224  -29.305  30.442 0.0000000000
58838  42.187  -29.544  30.373 0.0000000000
56351  43.792  -32.521  31.185 0.0000000000
56349  45.170  -32.758  30.565 0.0000000000
57163  44.428  -31.074  30.530 0.0000000000
54592  39.175  -33.931  31.563 0.0000000000
53724  39.118  -34.912  31.356 0.0000000000
52898  38.525  -35.825  31.639 0.0000000000
52087  37.726  -37.032  32.704 0.0000000000
54575  35.833  -34.981  32.703 0.0000000000
107771  35.975  -37.265  32.993 0.0000000000
51226  37.220  -37.901  33.980 0.0000000000
50369  36.233  -39.011  34.844 0.0000000000
50350  36.574  -39.502  35.445 0.0000000000
116605  33.187  -35.631  35.574 0.0000000000
52057  32.353  -37.489  34.349 0.0000000000
52074  33.267  -37.368  33.552 0.0000000000
109394  31.663  -40.203  33.582 0.0000000000
110063  32.376  -40.094  33.620 0.0000000000
49515  33.742  -40.566  34.146 0.0000000000
50371  34.773  -39.501  34.180 0.0000000000
49514  34.602  -40.355  34.513 0.0000000000
32897  25.809  -58.906  43.123 0.0000000000
32896  26.181  -58.180  42.760 0.0000000000
100283  41.233  -33.201  33.778 0.0000000000
31877  13.475  -59.271  44.216 0.0000000000
28806  7.902  -62.983  44.532 0.0000000000
33855  6.949  -56.903  44.896 0.0000000000
104850  5.720  -57.921  46.007 0.0000000000
32868  6.279  -58.329  44.368 0.0000000000
31881  6.036  -59.049  43.986 0.0000000000
31901  6.554  -59.498  43.405 0.0000000000
30922  5.853  -60.767  43.396 0.0000000000
28807  4.314  -62.038  44.120 0.0000000000
27802  4.854  -63.882  42.762 0.0000000000
28816  4.720  -62.659  43.406 0.0000000000
28825  5.147  -63.225  42.907 0.0000000000
28824  5.912  -63.088  42.716 0.0000000000
27801  5.569  -63.877  42.716 0.0000000000
26799  6.119  -64.354  42.865 0.0000000000
26800  5.381  -64.677  42.681 0.0000000000
25820  5.602  -65.819  43.157 0.0000000000
24000  4.057  -67.031  42.623 0.0000000000
23044  3.816  -67.697  42.956 0.0000000000
24001  3.402  -67.335  42.595 0.0000000000
102634  2.071  -67.900  42.589 0.0000000000
109172  1.331  -67.863  42.790 0.0000000000
23993  0.649  -68.021  43.387 0.0000000000
24003  0.909  -68.379  42.848 0.0000000000
23046  0.352  -68.675  43.239 0.0000000000
23035  0.030  -68.461  44.143 0.0000000000
24906  -0.150  -66.853  46.409 0.0000000000
23953  -0.409  -67.537  46.248 0.0000000000
23968  -0.808  -68.091  46.029 0.0000000000
23037  -1.778  -68.744  45.014 0.0000000000
107534  24.966  -53.798  42.431 0.0000000000
114498  24.234  -55.711  41.583 0.0000000000
107235  24.676  -55.710  40.987 0.0000000000
33918  23.839  -56.459  40.615 0.0000000000
34922  22.273  -56.240  40.026 0.0000000000
32918  22.140  -58.448  41.108 0.0000000000
32932  22.344  -57.893  40.603 0.0000000000
31924  22.624  -58.899  41.654 0.0000000000
30928  22.694  -59.693  42.690 0.0000000000
117608  19.106  -52.944  41.740 0.0000000000
37520  19.421  -53.303  41.000 0.0000000000
34904  18.636  -56.075  41.274 0.0000000000
34926  18.965  -55.392  40.443 0.0000000000
34903  19.266  -56.713  41.109 0.0000000000
33870  17.637  -57.366  43.634 0.0000000000
33869  18.327  -57.624  43.629 0.0000000000
32882  19.290  -58.378  43.525 0.0000000000
32901  18.984  -57.879  43.204 0.0000000000
52909  41.023  -36.409  31.447 0.0000000000
52897  40.367  -36.818  31.942 0.0000000000
47755  27.840  -41.949  36.067 0.0000000000
47762  27.340  -42.585  35.551 0.0000000000
46061  27.365  -44.379  34.159 0.0000000000
46961  27.354  -43.524  34.297 0.0000000000
46070  27.879  -43.830  33.791 0.0000000000
46069  28.572  -44.042  33.663 0.0000000000
46060  27.999  -44.637  33.783 0.0000000000
43087  22.828  -48.102  39.514 0.0000000000
43104  23.049  -47.462  38.941 0.0000000000
42172  22.967  -48.043  38.678 0.0000000000
42210  24.241  -48.232  37.151 0.0000000000
43138  23.494  -47.935  37.566 0.0000000000
43158  24.586  -47.714  36.635 0.0000000000
44136  24.545  -46.999  36.501 0.0000000000
41268  28.044  -49.414  38.469 0.0000000000
41286  27.723  -49.128  37.585 0.0000000000
42206  28.467  -48.404  36.350 0.0000000000
42207  27.446  -48.459  36.208 0.0000000000
42224  26.799  -47.901  35.676 0.0000000000
43178  27.385  -47.377  35.142 0.0000000000
44149  27.107  -46.622  34.766 0.0000000000
43177  28.134  -47.480  35.163 0.0000000000
43176  29.597  -47.286  35.654 0.0000000000
116042  29.376  -46.638  35.034 0.0000000000
44161  29.718  -45.909  34.693 0.0000000000
45078  30.617  -45.888  35.174 0.0000000000
100786  30.841  -46.425  35.671 0.0000000000
43154  31.881  -47.195  36.806 0.0000000000
34877  26.619  -56.573  41.857 0.0000000000
34876  28.101  -55.918  42.820 0.0000000000
35810  28.805  -55.533  43.241 0.0000000000
35809  29.501  -55.072  43.619 0.0000000000
36624  29.723  -54.121  43.505 0.0000000000
62048  47.709  -25.701  26.908 0.0000000000
61245  48.025  -26.348  26.541 0.0000000000
61209  41.327  -26.595  30.226 0.0000000000
61232  42.928  -27.163  28.630 0.0000000000
61231  43.529  -26.932  28.412 0.0000000000
61218  43.889  -26.176  28.711 0.0000000000
60427  44.014  -27.564  28.111 0.0000000000
59633  45.189  -28.696  28.086 0.0000000000
61240  44.882  -27.441  27.745 0.0000000000
60436  45.545  -27.791  27.515 0.0000000000
60435  46.222  -27.654  27.357 0.0000000000
53720  42.675  -35.653  30.862 0.0000000000
52896  41.728  -36.774  31.960 0.0000000000
37503  25.016  -53.551  41.749 0.0000000000
54588  42.317  -33.910  30.948 0.0000000000
54530  34.874  -34.552  35.817 0.0000000000
53687  33.392  -35.351  34.976 0.0000000000
100862  29.911  -41.841  33.564 0.0000000000
48624  30.734  -41.683  33.564 0.0000000000
46056  32.052  -43.952  34.729 0.0000000000
46049  31.705  -45.058  35.217 0.0000000000
32909  8.947  -58.489  42.447 0.0000000000
116423  9.309  -59.052  42.305 0.0000000000
31917  8.810  -59.431  42.441 0.0000000000
111290  7.629  -60.305  42.561 0.0000000000
27773  2.386  -63.716  45.954 0.0000000000
36641  21.048  -54.672  41.647 0.0000000000
32865  16.295  -58.348  44.282 0.0000000000
44098  23.941  -46.043  38.877 0.0000000000
40304  29.056  -50.535  41.800 0.0000000000
40303  29.989  -50.609  41.743 0.0000000000
49488  29.330  -40.319  35.910 0.0000000000
48615  28.282  -41.470  34.808 0.0000000000
103368  13.921  -58.059  41.970 0.0000000000
98767  10.780  -55.143  44.027 0.0000000000
34863  10.251  -55.626  43.099 0.0000000000
111427  9.579  -55.978  43.212 0.0000000000
103602  16.993  -52.907  43.706 0.0000000000
98994  15.198  -54.507  43.420 0.0000000000
116143  14.846  -54.732  42.429 0.0000000000
34883  15.328  -55.942  41.919 0.0000000000
41205  22.607  -49.501  41.635 0.0000000000
40308  22.968  -50.208  41.544 0.0000000000
107482  23.289  -50.517  41.194 0.0000000000
38435  26.864  -52.186  41.152 0.0000000000
57138  42.091  -31.540  33.321 0.0000000000
57954  40.077  -30.258  33.575 0.0000000000
59609  39.868  -28.762  31.197 0.0000000000
58820  40.874  -29.750  31.177 0.0000000000
109964  44.640  -33.076  30.658 0.0000000000
56348  45.949  -32.502  30.652 0.0000000000
107009  37.022  -35.504  32.179 0.0000000000
53699  34.928  -35.698  32.972 0.0000000000
52884  35.551  -36.371  32.712 0.0000000000
51219  35.896  -38.533  34.133 0.0000000000
50370  35.506  -39.228  34.454 0.0000000000
52045  32.160  -37.316  35.187 0.0000000000
48621  32.912  -40.899  33.853 0.0000000000
32915  25.122  -58.138  41.775 0.0000000000
33886  25.807  -57.785  42.035 0.0000000000
105905  38.104  -33.250  34.858 0.0000000000
55439  38.755  -32.935  34.039 0.0000000000
55449  39.185  -32.954  32.950 0.0000000000
114388  7.735  -63.101  43.752 0.0000000000
27781  7.545  -63.642  44.232 0.0000000000
31882  5.432  -59.512  44.489 0.0000000000
30907  5.068  -61.235  44.022 0.0000000000
28817  4.028  -62.922  43.771 0.0000000000
26801  4.712  -64.561  42.609 0.0000000000
24940  4.643  -66.691  42.846 0.0000000000
25813  1.622  -65.626  44.086 0.0000000000
103209  1.366  -66.529  43.634 0.0000000000
111625  23.089  -56.429  40.421 0.0000000000
33920  22.105  -57.185  40.171 0.0000000000
31925  21.829  -58.936  41.810 0.0000000000
31911  21.614  -59.316  42.498 0.0000000000
117747  17.969  -53.746  40.964 0.0000000000
118470  18.570  -53.984  40.496 0.0000000000
32863  18.275  -58.346  44.579 0.0000000000
110902  39.938  -37.170  32.586 0.0000000000
52084  40.734  -37.175  32.674 0.0000000000
52067  40.386  -37.464  33.329 0.0000000000
46944  26.393  -43.808  36.548 0.0000000000
46953  26.457  -43.832  35.562 0.0000000000
46952  26.938  -43.255  35.057 0.0000000000
46062  26.764  -44.894  34.587 0.0000000000
41272  23.491  -48.977  38.533 0.0000000000
42171  23.240  -48.291  38.234 0.0000000000
41289  24.398  -48.780  37.691 0.0000000000
42191  25.075  -48.667  37.298 0.0000000000
41267  29.323  -49.208  38.346 0.0000000000
41285  28.631  -49.146  37.976 0.0000000000
42188  28.565  -48.852  37.210 0.0000000000
102323  28.715  -47.757  35.646 0.0000000000
43156  29.387  -48.001  36.302 0.0000000000
43175  30.538  -47.062  35.965 0.0000000000
33867  27.496  -57.442  43.519 0.0000000000
33866  28.195  -57.112  43.893 0.0000000000
60419  42.077  -27.680  29.064 0.0000000000
59635  43.090  -28.169  28.721 0.0000000000
106605  43.780  -28.260  28.463 0.0000000000
58865  46.823  -29.296  28.320 0.0000000000
102869  46.758  -28.259  27.327 0.0000000000
58879  47.524  -29.261  27.721 0.0000000000
35813  13.102  -54.598  42.886 0.0000000000
36619  15.367  -54.406  44.439 0.0000000000
54587  44.863  -34.973  30.802 0.0000000000
53717  45.220  -35.496  31.469 0.0000000000
53709  44.733  -36.088  31.884 0.0000000000
52894  44.246  -36.597  32.461 0.0000000000
57153  42.940  -32.198  32.103 0.0000000000
113435  42.735  -31.454  31.613 0.0000000000
55489  43.016  -33.879  30.876 0.0000000000
55488  43.709  -33.833  30.755 0.0000000000
22158  2.762  -69.646  43.743 0.0000000000
54560  36.259  -33.848  33.680 0.0000000000
54561  35.264  -34.880  33.221 0.0000000000
54552  34.873  -34.608  34.077 0.0000000000
52073  34.355  -36.917  33.044 0.0000000000
51221  30.910  -39.007  34.481 0.0000000000
51232  31.253  -39.232  33.877 0.0000000000
48623  31.547  -41.586  33.652 0.0000000000
47767  33.208  -42.443  34.626 0.0000000000
46949  33.694  -42.868  35.207 0.0000000000
46040  33.977  -44.437  36.306 0.0000000000
45068  34.111  -45.036  36.703 0.0000000000
30926  23.903  -60.043  43.088 0.0000000000
31890  24.575  -59.928  43.158 0.0000000000
30914  24.210  -60.636  43.580 0.0000000000
31916  9.538  -59.545  42.428 0.0000000000
29878  8.297  -61.342  42.740 0.0000000000
28808  3.642  -62.612  44.531 0.0000000000
27782  3.396  -63.319  44.124 0.0000000000
112728  2.485  -64.379  44.289 0.0000000000
26776  1.760  -64.853  44.779 0.0000000000
25792  0.664  -65.500  46.231 0.0000000000
34923  21.479  -55.815  39.772 0.0000000000
33921  20.691  -56.967  40.092 0.0000000000
33905  20.257  -57.617  40.956 0.0000000000
32864  17.263  -58.297  44.737 0.0000000000
51216  39.723  -38.141  34.793 0.0000000000
45061  24.989  -45.256  36.954 0.0000000000
41241  26.619  -49.661  39.119 0.0000000000
41240  27.530  -49.641  39.191 0.0000000000
105358  28.398  -49.614  39.206 0.0000000000
100634  29.229  -49.532  39.056 0.0000000000
41266  30.076  -49.249  38.776 0.0000000000
111542  45.109  -29.727  30.311 0.0000000000
58836  44.643  -29.449  30.011 0.0000000000
52037  32.806  -36.900  36.526 0.0000000000
52038  32.224  -37.420  36.057 0.0000000000
50391  29.953  -40.156  33.934 0.0000000000
49535  29.897  -40.642  33.772 0.0000000000
108027  29.377  -40.220  34.950 0.0000000000
49516  29.394  -40.558  34.240 0.0000000000
47778  29.526  -42.651  33.551 0.0000000000
31895  13.809  -58.886  43.448 0.0000000000
32888  13.378  -58.759  42.843 0.0000000000
32904  13.345  -58.446  42.209 0.0000000000
32905  12.675  -58.885  42.513 0.0000000000
118792  11.240  -58.646  41.821 0.0000000000
32890  7.643  -58.279  43.281 0.0000000000
36628  19.656  -53.654  42.832 0.0000000000
37492  19.087  -52.909  42.667 0.0000000000
37506  18.381  -52.697  42.549 0.0000000000
37521  18.186  -52.971  41.659 0.0000000000
35826  16.920  -55.244  42.228 0.0000000000
37496  16.471  -53.391  43.787 0.0000000000
36644  16.386  -53.818  42.591 0.0000000000
43086  23.046  -47.187  40.797 0.0000000000
41245  22.865  -48.946  39.762 0.0000000000
41222  22.672  -49.236  40.634 0.0000000000
41243  23.847  -49.626  38.925 0.0000000000
39387  24.244  -51.153  40.886 0.0000000000
39386  24.967  -51.147  40.726 0.0000000000
40329  25.460  -50.535  40.311 0.0000000000
40347  26.131  -50.024  39.891 0.0000000000
40305  28.398  -50.567  41.592 0.0000000000
39369  28.218  -50.885  41.662 0.0000000000
61210  40.766  -26.990  30.556 0.0000000000
60410  40.970  -27.471  29.906 0.0000000000
113204  40.246  -28.414  30.669 0.0000000000
59614  40.811  -28.463  30.062 0.0000000000
118895  42.521  -29.121  29.838 0.0000000000
57973  43.009  -31.053  31.062 0.0000000000
57985  44.457  -30.050  30.411 0.0000000000
53722  40.621  -35.634  31.023 0.0000000000
53723  39.878  -35.322  31.162 0.0000000000
52085  39.185  -37.162  32.585 0.0000000000
105291  36.474  -34.760  32.511 0.0000000000
104453  36.969  -36.453  32.465 0.0000000000
52056  38.144  -37.915  34.252 0.0000000000
118517  38.109  -38.349  35.090 0.0000000000
51207  37.688  -38.733  35.535 0.0000000000
52875  33.018  -36.058  34.362 0.0000000000
108568  33.863  -37.494  33.254 0.0000000000
114181  31.799  -38.861  33.832 0.0000000000
51231  32.332  -38.722  33.722 0.0000000000
115610  32.887  -38.567  33.562 0.0000000000
51229  34.116  -38.356  33.437 0.0000000000
49501  35.420  -40.528  35.157 0.0000000000
35845  25.266  -55.546  41.174 0.0000000000
33885  26.454  -57.439  42.363 0.0000000000
55477  39.968  -33.709  31.442 0.0000000000
31852  13.115  -59.609  44.994 0.0000000000
33854  7.689  -56.785  44.158 0.0000000000
33856  6.422  -57.689  44.761 0.0000000000
30921  5.932  -59.882  43.670 0.0000000000
29880  6.807  -61.905  42.609 0.0000000000
28823  6.654  -62.804  42.690 0.0000000000
30890  4.383  -60.348  45.413 0.0000000000
25819  6.126  -65.461  43.511 0.0000000000
23992  4.626  -67.295  43.331 0.0000000000
23045  3.537  -68.403  43.382 0.0000000000
22164  2.833  -68.896  43.165 0.0000000000
99001  2.982  -65.975  42.542 0.0000000000
24957  2.648  -66.644  42.562 0.0000000000
22178  1.353  -69.282  42.770 0.0000000000
22179  0.544  -69.620  42.787 0.0000000000
23047  -0.416  -69.050  43.802 0.0000000000
109911  -0.828  -69.737  43.485 0.0000000000
22159  -1.460  -69.202  44.239 0.0000000000
42105  22.629  -48.616  43.295 0.0000000000
112878  24.675  -57.796  41.243 0.0000000000
32931  22.804  -57.333  40.406 0.0000000000
31923  23.509  -58.795  41.607 0.0000000000
30927  23.291  -59.844  42.817 0.0000000000
37505  19.832  -53.447  41.452 0.0000000000
37531  19.901  -53.795  40.667 0.0000000000
36676  19.776  -54.426  40.046 0.0000000000
36677  19.056  -54.608  40.263 0.0000000000
35870  19.609  -55.242  39.922 0.0000000000
33922  19.860  -56.844  40.518 0.0000000000
32921  19.964  -58.026  41.821 0.0000000000
32899  20.380  -58.514  42.160 0.0000000000
31912  20.475  -58.889  42.768 0.0000000000
52083  41.491  -37.144  32.689 0.0000000000
51215  40.693  -38.123  34.647 0.0000000000
48595  28.502  -41.483  36.394 0.0000000000
47761  27.768  -41.947  35.106 0.0000000000
46970  28.402  -43.398  33.669 0.0000000000
46068  29.399  -44.163  33.762 0.0000000000
44110  23.322  -46.815  38.401 0.0000000000
44123  23.461  -47.089  37.599 0.0000000000
44122  24.116  -46.579  37.142 0.0000000000
44135  25.040  -46.495  35.939 0.0000000000
42190  26.005  -48.667  36.836 0.0000000000
42189  27.052  -48.846  36.830 0.0000000000
42208  25.901  -48.069  36.084 0.0000000000
114876  25.987  -47.477  35.650 0.0000000000
44151  25.727  -46.812  35.505 0.0000000000
44150  26.306  -46.292  35.041 0.0000000000
44162  27.708  -46.083  34.361 0.0000000000
45089  28.252  -45.452  34.026 0.0000000000
45088  29.033  -45.493  34.217 0.0000000000
100326  29.735  -44.975  34.195 0.0000000000
44134  31.350  -46.758  36.180 0.0000000000
44133  32.216  -46.390  36.412 0.0000000000
35843  26.857  -55.024  41.481 0.0000000000
103104  27.388  -56.266  42.388 0.0000000000
36639  27.829  -54.668  41.801 0.0000000000
36638  28.678  -54.237  42.176 0.0000000000
34844  28.845  -56.790  44.285 0.0000000000
36625  29.081  -54.686  42.943 0.0000000000
61220  42.384  -27.083  28.934 0.0000000000
62038  43.559  -25.692  29.382 0.0000000000
62045  44.745  -25.921  28.544 0.0000000000
117966  43.904  -28.645  28.862 0.0000000000
59634  44.527  -28.220  27.986 0.0000000000
61229  45.222  -26.471  28.000 0.0000000000
61238  46.566  -26.754  27.339 0.0000000000
116130  47.428  -27.907  27.049 0.0000000000
61237  47.365  -26.500  26.970 0.0000000000
43136  30.639  -48.052  37.211 0.0000000000
48605  28.274  -41.415  35.557 0.0000000000
62027  44.062  -25.198  29.757 0.0000000000
111862  42.355  -26.497  29.364 0.0000000000
115426  4.955  -64.979  42.543 0.0000000000
116019  21.362  -57.364  40.221 0.0000000000
117281  22.788  -47.744  40.329 0.0000000000
