#!ascii label  , from subject sub-v2s8x29218_ses-1 vox2ras=TkReg
1887
118937  -38.431  -47.642  22.389 0.0000000000
66671  -49.912  -24.674  9.219 0.0000000000
127947  -39.626  -29.625  14.601 0.0000000000
42383  -5.226  -48.730  22.616 0.0000000000
47467  -26.001  -44.272  26.208 0.0000000000
124211  -6.963  -40.547  22.752 0.0000000000
47383  -4.455  -44.979  30.601 0.0000000000
62922  -44.962  -28.643  11.337 0.0000000000
57243  -5.443  -33.765  17.255 0.0000000000
141406  -3.035  -51.705  31.825 0.0000000000
48571  -38.250  -43.962  16.648 0.0000000000
45548  -35.081  -45.056  21.620 0.0000000000
48462  -33.776  -43.419  25.976 0.0000000000
121912  -52.286  -21.338  7.223 0.0000000000
63788  -41.588  -26.779  13.209 0.0000000000
124334  -20.597  -45.638  23.638 0.0000000000
59165  -5.327  -31.464  22.700 0.0000000000
46488  -10.068  -45.296  23.093 0.0000000000
49531  -10.087  -42.882  18.021 0.0000000000
43512  -7.176  -48.159  18.319 0.0000000000
131010  -11.337  -50.251  33.810 0.0000000000
41173  -7.484  -50.157  35.191 0.0000000000
56364  -40.734  -34.376  16.255 0.0000000000
47414  -29.699  -43.023  28.881 0.0000000000
50412  -28.859  -40.887  23.683 0.0000000000
49454  -5.339  -42.095  26.404 0.0000000000
122425  -8.418  -47.480  27.265 0.0000000000
62946  -47.956  -28.080  10.364 0.0000000000
41224  -15.335  -50.182  30.381 0.0000000000
43400  -18.635  -48.152  26.804 0.0000000000
140785  -7.036  -37.359  19.730 0.0000000000
52442  -4.481  -39.254  15.367 0.0000000000
47344  -5.878  -44.728  35.203 0.0000000000
42278  -7.886  -49.114  32.628 0.0000000000
42329  -3.347  -50.166  27.072 0.0000000000
45571  -40.162  -45.814  20.507 0.0000000000
42425  -37.184  -47.834  19.684 0.0000000000
45589  -39.725  -46.463  18.394 0.0000000000
44526  -36.137  -47.015  21.967 0.0000000000
132101  -35.023  -46.906  19.448 0.0000000000
44495  -35.624  -46.217  24.315 0.0000000000
67649  -51.073  -22.837  7.934 0.0000000000
65698  -47.113  -25.311  7.607 0.0000000000
67652  -48.544  -23.686  6.298 0.0000000000
119148  -49.824  -22.260  4.850 0.0000000000
63785  -39.684  -27.713  13.707 0.0000000000
57325  -38.881  -33.733  13.247 0.0000000000
60251  -39.232  -31.612  11.720 0.0000000000
126678  -39.199  -29.834  11.357 0.0000000000
141103  -6.673  -46.067  22.779 0.0000000000
128243  -8.015  -46.237  20.871 0.0000000000
123360  -7.434  -49.684  20.444 0.0000000000
40180  -5.925  -51.513  18.251 0.0000000000
131395  -7.286  -52.783  20.626 0.0000000000
40026  -10.973  -50.512  32.080 0.0000000000
37785  -8.900  -51.703  33.184 0.0000000000
55338  -40.337  -36.049  17.686 0.0000000000
50470  -38.254  -41.458  19.049 0.0000000000
50481  -36.600  -41.264  17.173 0.0000000000
53386  -37.525  -38.561  18.320 0.0000000000
54339  -37.927  -36.519  16.229 0.0000000000
48392  -31.966  -41.667  29.376 0.0000000000
49494  -33.057  -41.942  23.177 0.0000000000
49481  -32.000  -41.381  24.705 0.0000000000
69549  -52.525  -20.509  2.658 0.0000000000
71305  -53.397  -19.329  0.951 0.0000000000
48422  -5.119  -43.641  28.645 0.0000000000
47444  -7.766  -44.628  27.824 0.0000000000
46431  -7.428  -45.821  29.577 0.0000000000
62053  -46.595  -29.422  10.248 0.0000000000
62058  -42.624  -30.023  9.010 0.0000000000
61154  -44.939  -31.606  7.794 0.0000000000
62068  -45.463  -30.241  7.896 0.0000000000
40003  -16.485  -50.143  33.209 0.0000000000
40032  -17.841  -50.048  31.201 0.0000000000
54242  -7.629  -37.777  23.913 0.0000000000
125952  -7.793  -35.779  22.125 0.0000000000
52400  -7.582  -39.002  21.126 0.0000000000
48546  -6.582  -43.449  17.361 0.0000000000
122171  -7.935  -40.930  16.343 0.0000000000
49564  -4.182  -42.283  16.601 0.0000000000
47328  -8.928  -44.832  36.130 0.0000000000
39997  -5.167  -51.109  33.549 0.0000000000
42264  -7.427  -49.833  34.224 0.0000000000
42268  -3.957  -49.962  32.487 0.0000000000
42308  -4.063  -49.579  30.049 0.0000000000
120312  -2.496  -51.049  30.368 0.0000000000
48539  -39.235  -43.852  18.833 0.0000000000
47418  -33.667  -42.569  27.952 0.0000000000
46446  -34.792  -44.145  26.247 0.0000000000
140576  -34.468  -44.354  24.052 0.0000000000
70419  -53.596  -20.075  5.771 0.0000000000
143417  -51.302  -21.284  3.916 0.0000000000
63811  -43.332  -27.706  11.743 0.0000000000
62941  -40.047  -28.926  9.891 0.0000000000
48491  -24.843  -43.457  23.869 0.0000000000
131734  -23.504  -43.928  24.864 0.0000000000
58177  -5.551  -33.151  19.862 0.0000000000
49486  -10.155  -41.888  23.860 0.0000000000
51390  -10.562  -40.896  21.553 0.0000000000
47513  -10.790  -44.127  20.783 0.0000000000
47539  -7.718  -45.240  18.181 0.0000000000
120833  -4.860  -46.756  17.524 0.0000000000
131162  -11.652  -48.852  36.204 0.0000000000
43311  -9.228  -47.857  35.803 0.0000000000
39985  -9.370  -50.910  35.726 0.0000000000
37772  -7.323  -52.387  34.060 0.0000000000
59247  -40.798  -32.443  15.454 0.0000000000
56376  -38.420  -35.072  14.699 0.0000000000
139397  -27.595  -43.806  27.557 0.0000000000
48434  -31.940  -42.232  27.989 0.0000000000
48458  -28.860  -42.770  26.980 0.0000000000
48471  -27.683  -43.153  25.227 0.0000000000
53323  -6.045  -39.111  25.375 0.0000000000
52362  -4.587  -39.695  26.224 0.0000000000
129514  -5.611  -41.288  24.340 0.0000000000
48467  -9.148  -43.298  25.992 0.0000000000
45499  -8.870  -46.531  25.506 0.0000000000
44485  -5.603  -46.952  24.551 0.0000000000
139422  -49.233  -26.194  9.692 0.0000000000
63848  -45.295  -26.800  8.044 0.0000000000
41181  -14.203  -49.755  35.437 0.0000000000
127002  -13.327  -49.730  32.960 0.0000000000
41221  -12.516  -50.214  30.336 0.0000000000
47463  -21.150  -43.914  26.744 0.0000000000
45486  -19.782  -46.145  27.863 0.0000000000
43359  -19.812  -48.867  29.331 0.0000000000
42324  -17.556  -49.705  28.237 0.0000000000
135832  -14.352  -49.970  27.419 0.0000000000
58154  -7.454  -32.960  23.776 0.0000000000
57214  -6.323  -34.402  20.805 0.0000000000
141968  -6.157  -35.616  18.047 0.0000000000
52408  -10.494  -39.207  18.965 0.0000000000
54325  -8.916  -37.851  16.855 0.0000000000
55357  -5.886  -36.426  15.586 0.0000000000
46405  -4.084  -45.012  33.448 0.0000000000
44403  -8.271  -47.115  34.839 0.0000000000
44412  -7.756  -47.086  34.115 0.0000000000
45470  -7.645  -46.836  31.635 0.0000000000
136434  -8.123  -48.656  29.817 0.0000000000
43382  -5.343  -48.746  27.269 0.0000000000
42366  -3.399  -49.682  24.670 0.0000000000
133820  -1.713  -54.281  29.934 0.0000000000
37816  -1.662  -53.771  27.086 0.0000000000
38992  -5.013  -52.824  23.312 0.0000000000
142072  -39.112  -46.708  21.275 0.0000000000
44499  -39.627  -46.233  23.113 0.0000000000
42402  -37.687  -48.000  21.474 0.0000000000
43496  -38.687  -47.383  20.391 0.0000000000
43468  -37.030  -48.391  22.736 0.0000000000
43494  -36.488  -47.713  20.805 0.0000000000
43437  -37.803  -47.280  23.838 0.0000000000
43435  -36.782  -47.606  23.768 0.0000000000
66683  -50.405  -23.886  8.784 0.0000000000
65699  -48.208  -24.884  7.880 0.0000000000
66693  -47.747  -24.224  6.436 0.0000000000
66690  -49.223  -24.146  7.721 0.0000000000
119242  -50.014  -23.231  7.187 0.0000000000
62026  -39.428  -29.103  13.761 0.0000000000
129628  -39.500  -27.345  15.164 0.0000000000
62019  -39.446  -28.992  15.455 0.0000000000
58263  -39.170  -33.093  12.599 0.0000000000
60236  -39.760  -30.738  13.204 0.0000000000
61132  -39.503  -29.805  13.056 0.0000000000
43456  -5.232  -47.830  22.609 0.0000000000
44529  -6.429  -47.444  21.706 0.0000000000
42393  -6.392  -49.232  21.725 0.0000000000
40162  -7.491  -51.235  20.181 0.0000000000
40128  -6.750  -51.423  21.713 0.0000000000
40025  -10.573  -50.826  31.188 0.0000000000
38908  -9.166  -51.671  31.735 0.0000000000
52409  -38.586  -39.230  19.442 0.0000000000
52414  -37.908  -39.726  19.213 0.0000000000
130015  -38.726  -38.454  19.036 0.0000000000
54317  -39.288  -36.937  17.881 0.0000000000
70462  -53.404  -20.144  2.931 0.0000000000
71298  -52.861  -19.772  1.452 0.0000000000
71300  -54.587  -19.227  2.039 0.0000000000
47420  -4.716  -44.023  29.424 0.0000000000
47422  -6.259  -44.545  28.738 0.0000000000
46429  -5.401  -45.104  30.250 0.0000000000
62935  -45.611  -29.451  10.671 0.0000000000
62924  -46.612  -28.698  11.586 0.0000000000
62050  -44.230  -29.799  9.917 0.0000000000
61141  -43.600  -31.163  8.470 0.0000000000
62060  -45.058  -31.005  9.204 0.0000000000
62061  -45.870  -30.919  9.196 0.0000000000
41196  -18.361  -49.145  32.800 0.0000000000
42279  -18.635  -49.024  31.521 0.0000000000
47431  -26.136  -43.670  27.506 0.0000000000
47449  -24.919  -43.539  26.715 0.0000000000
59215  -5.418  -32.321  17.544 0.0000000000
128666  -6.392  -39.457  23.499 0.0000000000
53353  -6.727  -38.966  22.665 0.0000000000
52389  -6.944  -39.930  22.341 0.0000000000
121465  -4.551  -44.122  17.409 0.0000000000
122366  -5.552  -43.024  17.264 0.0000000000
48543  -3.569  -43.655  16.775 0.0000000000
47339  -9.873  -44.563  35.423 0.0000000000
46375  -10.386  -45.365  35.954 0.0000000000
40006  -3.927  -51.042  32.741 0.0000000000
41198  -4.556  -50.271  32.775 0.0000000000
40005  -3.506  -50.755  32.336 0.0000000000
41208  -3.192  -50.134  31.458 0.0000000000
120492  -2.518  -51.171  31.020 0.0000000000
47538  -39.957  -44.708  19.918 0.0000000000
47551  -39.435  -44.736  18.652 0.0000000000
48529  -39.475  -43.472  19.534 0.0000000000
49529  -39.292  -42.535  19.749 0.0000000000
45533  -35.591  -45.722  23.211 0.0000000000
134591  -35.051  -45.241  24.496 0.0000000000
46495  -34.787  -44.496  22.299 0.0000000000
47503  -34.344  -44.041  22.014 0.0000000000
70418  -52.778  -20.578  6.080 0.0000000000
68647  -50.918  -21.929  5.957 0.0000000000
69532  -50.525  -21.812  4.624 0.0000000000
142684  -51.536  -21.245  5.155 0.0000000000
69520  -51.967  -20.912  4.721 0.0000000000
119190  -42.412  -26.891  13.074 0.0000000000
63789  -43.074  -26.814  13.733 0.0000000000
64675  -42.107  -26.609  13.794 0.0000000000
62909  -39.995  -27.953  12.018 0.0000000000
62929  -39.757  -28.837  10.488 0.0000000000
130413  -40.692  -27.866  11.166 0.0000000000
62919  -41.807  -27.780  10.970 0.0000000000
60125  -4.567  -30.409  21.908 0.0000000000
60149  -4.891  -30.760  20.133 0.0000000000
59175  -4.864  -31.180  21.036 0.0000000000
48479  -10.704  -43.634  24.361 0.0000000000
48490  -11.334  -42.936  22.882 0.0000000000
47500  -10.570  -44.705  22.307 0.0000000000
44554  -7.624  -47.415  19.397 0.0000000000
46523  -7.978  -46.002  19.329 0.0000000000
45581  -7.358  -46.686  18.161 0.0000000000
46554  -6.337  -45.709  17.596 0.0000000000
44590  -5.927  -47.288  17.603 0.0000000000
42446  -5.961  -48.920  17.758 0.0000000000
41178  -11.354  -49.864  34.890 0.0000000000
41171  -10.335  -49.661  35.727 0.0000000000
39986  -10.230  -50.750  34.684 0.0000000000
127080  -7.747  -52.779  32.757 0.0000000000
37774  -8.662  -51.781  33.794 0.0000000000
37778  -7.554  -52.719  33.349 0.0000000000
37776  -6.303  -53.114  33.642 0.0000000000
58216  -40.973  -33.343  15.891 0.0000000000
56350  -39.751  -35.475  16.279 0.0000000000
55360  -38.341  -36.003  15.777 0.0000000000
56362  -39.449  -35.192  15.617 0.0000000000
57300  -40.148  -33.968  14.906 0.0000000000
47380  -29.017  -43.174  29.718 0.0000000000
129362  -27.927  -43.378  29.019 0.0000000000
120157  -28.424  -43.327  28.500 0.0000000000
47457  -33.851  -43.325  26.758 0.0000000000
138410  -32.746  -42.410  27.740 0.0000000000
48448  -32.966  -42.490  27.250 0.0000000000
49492  -30.322  -40.969  24.370 0.0000000000
49469  -30.375  -41.557  25.969 0.0000000000
49480  -28.972  -41.701  25.164 0.0000000000
48472  -28.228  -42.888  25.787 0.0000000000
49479  -27.867  -42.243  24.606 0.0000000000
139326  -26.634  -42.263  23.822 0.0000000000
50388  -4.714  -41.665  26.870 0.0000000000
50392  -4.828  -41.366  25.880 0.0000000000
51364  -4.565  -40.929  25.023 0.0000000000
49464  -5.320  -41.677  25.523 0.0000000000
49466  -8.307  -42.498  25.587 0.0000000000
49456  -7.163  -42.672  26.130 0.0000000000
46442  -8.630  -46.044  27.556 0.0000000000
46450  -8.948  -45.761  26.797 0.0000000000
44467  -8.579  -46.933  26.015 0.0000000000
44466  -7.507  -47.151  25.217 0.0000000000
140032  -7.292  -47.543  25.762 0.0000000000
63826  -48.365  -27.358  10.002 0.0000000000
63818  -49.462  -27.252  10.783 0.0000000000
63817  -48.794  -27.709  10.761 0.0000000000
62954  -46.325  -29.273  9.242 0.0000000000
63836  -45.422  -27.713  8.279 0.0000000000
63837  -46.632  -27.410  8.838 0.0000000000
64714  -47.586  -26.192  8.784 0.0000000000
41182  -15.037  -49.369  36.012 0.0000000000
40029  -16.062  -50.545  32.174 0.0000000000
40011  -15.023  -50.149  33.072 0.0000000000
41203  -14.678  -49.921  32.032 0.0000000000
40028  -12.980  -49.765  31.820 0.0000000000
41223  -14.344  -49.932  30.527 0.0000000000
46471  -21.991  -44.495  23.877 0.0000000000
121698  -22.841  -43.762  25.311 0.0000000000
132717  -20.687  -44.624  24.893 0.0000000000
128559  -19.239  -47.054  26.114 0.0000000000
126895  -19.721  -46.214  26.945 0.0000000000
136250  -19.749  -47.218  27.397 0.0000000000
44435  -20.058  -47.405  28.865 0.0000000000
43386  -19.557  -48.363  27.824 0.0000000000
42325  -18.409  -49.401  28.650 0.0000000000
42349  -18.029  -48.838  27.121 0.0000000000
42346  -15.324  -49.592  26.640 0.0000000000
57198  -8.759  -33.969  24.000 0.0000000000
129991  -6.200  -36.932  20.912 0.0000000000
56253  -7.035  -35.575  21.431 0.0000000000
55308  -5.682  -36.334  20.171 0.0000000000
127857  -5.294  -35.350  20.019 0.0000000000
126295  -6.605  -36.462  19.018 0.0000000000
50452  -11.505  -41.672  19.696 0.0000000000
51394  -10.936  -40.326  20.019 0.0000000000
51410  -10.959  -40.843  17.999 0.0000000000
51441  -7.314  -40.481  16.097 0.0000000000
52428  -8.605  -39.357  16.399 0.0000000000
52444  -6.616  -38.786  15.754 0.0000000000
54323  -7.428  -37.398  16.119 0.0000000000
53410  -5.261  -38.372  15.473 0.0000000000
54332  -3.752  -37.753  14.398 0.0000000000
47343  -5.302  -44.944  34.679 0.0000000000
42243  -8.483  -48.955  35.329 0.0000000000
44394  -8.580  -47.170  35.309 0.0000000000
133429  -8.284  -49.092  35.009 0.0000000000
127062  -7.453  -49.574  33.337 0.0000000000
43331  -8.333  -48.126  33.885 0.0000000000
44415  -8.310  -47.936  33.460 0.0000000000
45460  -6.448  -46.432  33.050 0.0000000000
44417  -8.203  -47.543  32.113 0.0000000000
44419  -8.288  -47.532  31.132 0.0000000000
126823  -7.805  -49.087  31.175 0.0000000000
42306  -3.461  -49.942  29.024 0.0000000000
42321  -4.548  -49.416  28.999 0.0000000000
42330  -3.622  -49.457  27.191 0.0000000000
43393  -3.768  -48.684  25.844 0.0000000000
42355  -3.392  -49.807  25.595 0.0000000000
35617  -1.046  -55.240  28.645 0.0000000000
37805  -1.379  -53.593  28.250 0.0000000000
47523  -40.225  -44.483  20.710 0.0000000000
42435  -36.521  -47.943  18.401 0.0000000000
43539  -38.008  -47.952  17.270 0.0000000000
43523  -38.323  -47.726  18.797 0.0000000000
44565  -40.026  -46.366  19.656 0.0000000000
44525  -35.895  -46.352  21.619 0.0000000000
43492  -35.588  -46.848  20.214 0.0000000000
42412  -36.239  -47.475  19.849 0.0000000000
129680  -35.903  -46.730  23.728 0.0000000000
68635  -51.371  -22.348  7.529 0.0000000000
66708  -47.130  -23.754  5.102 0.0000000000
67656  -47.849  -23.328  4.877 0.0000000000
68663  -48.485  -22.599  3.771 0.0000000000
121484  -49.200  -23.115  5.924 0.0000000000
142156  -50.380  -22.726  6.759 0.0000000000
63786  -40.146  -27.301  13.348 0.0000000000
64658  -41.649  -26.368  14.618 0.0000000000
64656  -39.767  -26.959  14.803 0.0000000000
64642  -39.614  -26.756  15.647 0.0000000000
56392  -37.557  -34.662  13.686 0.0000000000
58261  -37.786  -33.756  12.378 0.0000000000
58275  -38.403  -33.126  11.814 0.0000000000
59273  -38.517  -32.337  11.101 0.0000000000
125895  -38.332  -31.690  10.372 0.0000000000
124479  -39.347  -30.610  11.897 0.0000000000
135461  -39.607  -28.341  12.600 0.0000000000
46476  -8.017  -45.911  22.986 0.0000000000
120527  -8.828  -45.640  21.987 0.0000000000
46486  -7.399  -46.188  21.741 0.0000000000
44542  -7.517  -47.319  20.414 0.0000000000
42416  -7.527  -49.057  19.202 0.0000000000
41365  -6.717  -50.237  18.250 0.0000000000
41357  -7.464  -50.614  19.399 0.0000000000
39059  -7.078  -52.292  19.196 0.0000000000
38902  -10.838  -50.453  33.409 0.0000000000
38895  -10.068  -50.944  33.717 0.0000000000
38901  -9.930  -51.082  33.018 0.0000000000
56333  -40.664  -35.376  17.378 0.0000000000
49538  -37.908  -42.256  18.037 0.0000000000
49574  -37.421  -42.680  16.539 0.0000000000
51433  -36.994  -40.938  18.148 0.0000000000
52422  -36.796  -39.936  18.211 0.0000000000
133075  -36.882  -38.498  17.746 0.0000000000
54315  -37.796  -37.416  17.426 0.0000000000
54329  -38.966  -36.581  17.139 0.0000000000
48403  -30.850  -42.219  29.216 0.0000000000
48485  -33.448  -42.630  24.702 0.0000000000
49471  -32.761  -41.925  25.237 0.0000000000
49493  -32.262  -41.428  23.717 0.0000000000
50414  -30.952  -40.831  23.571 0.0000000000
70477  -52.060  -19.985  1.191 0.0000000000
71304  -52.594  -19.519  0.687 0.0000000000
72194  -52.941  -18.871  -0.717 0.0000000000
72202  -53.449  -18.621  -1.255 0.0000000000
48439  -5.467  -43.265  27.849 0.0000000000
48441  -7.217  -43.890  27.398 0.0000000000
47443  -6.711  -44.261  28.047 0.0000000000
47423  -7.291  -44.969  28.469 0.0000000000
45483  -8.403  -46.605  28.771 0.0000000000
62936  -47.339  -28.685  10.555 0.0000000000
121369  -47.247  -28.586  11.741 0.0000000000
139477  -43.077  -31.746  7.285 0.0000000000
61176  -43.968  -31.182  6.430 0.0000000000
62075  -43.890  -29.852  6.630 0.0000000000
61166  -45.578  -31.277  8.112 0.0000000000
62069  -45.946  -30.624  8.745 0.0000000000
126549  -16.408  -49.330  35.061 0.0000000000
41194  -16.987  -49.775  33.764 0.0000000000
40014  -17.387  -50.169  32.164 0.0000000000
141222  -16.965  -50.459  31.024 0.0000000000
44488  -18.366  -47.127  24.465 0.0000000000
43398  -16.949  -48.596  26.143 0.0000000000
54243  -8.287  -37.212  24.485 0.0000000000
56235  -9.011  -35.335  23.535 0.0000000000
54257  -7.631  -37.489  23.015 0.0000000000
54269  -6.729  -37.324  21.576 0.0000000000
53369  -7.140  -38.392  20.791 0.0000000000
135289  -8.340  -43.318  17.535 0.0000000000
136501  -9.027  -41.864  16.956 0.0000000000
49567  -7.239  -42.140  16.756 0.0000000000
49566  -6.322  -41.957  16.688 0.0000000000
51439  -4.972  -40.775  15.889 0.0000000000
48356  -8.969  -43.948  33.884 0.0000000000
48348  -8.366  -43.897  34.569 0.0000000000
47337  -7.411  -44.668  35.877 0.0000000000
39989  -6.608  -51.074  34.221 0.0000000000
136047  -7.340  -50.194  34.616 0.0000000000
41183  -6.037  -50.551  33.505 0.0000000000
133042  -5.187  -50.077  32.859 0.0000000000
42276  -5.492  -49.840  32.503 0.0000000000
127124  -5.730  -49.739  30.971 0.0000000000
42282  -3.889  -49.578  31.651 0.0000000000
42292  -3.273  -50.225  29.950 0.0000000000
123470  -2.781  -50.860  28.765 0.0000000000
47584  -38.336  -44.791  16.384 0.0000000000
45605  -39.038  -46.560  17.055 0.0000000000
47572  -39.187  -45.209  17.690 0.0000000000
48555  -38.542  -43.659  17.449 0.0000000000
49528  -38.737  -42.256  19.039 0.0000000000
51409  -39.133  -40.413  20.126 0.0000000000
46453  -34.269  -44.025  25.897 0.0000000000
142946  -35.068  -44.814  25.463 0.0000000000
134700  -34.451  -44.468  24.967 0.0000000000
48475  -33.841  -43.432  25.137 0.0000000000
48495  -33.916  -43.333  23.362 0.0000000000
68671  -49.801  -21.766  2.514 0.0000000000
69548  -51.704  -20.961  2.741 0.0000000000
70451  -52.926  -20.435  3.444 0.0000000000
63812  -44.368  -27.970  11.906 0.0000000000
63803  -44.770  -27.823  12.790 0.0000000000
121291  -44.112  -27.444  13.145 0.0000000000
142024  -38.166  -30.965  9.528 0.0000000000
62943  -41.960  -28.897  9.723 0.0000000000
62932  -42.404  -28.402  10.381 0.0000000000
47488  -25.769  -43.923  24.851 0.0000000000
120862  -24.458  -43.767  25.686 0.0000000000
47487  -24.502  -43.806  24.480 0.0000000000
47493  -22.709  -44.347  23.613 0.0000000000
129638  -5.317  -31.832  18.817 0.0000000000
135108  -5.271  -33.237  18.534 0.0000000000
130381  -9.318  -41.480  23.654 0.0000000000
51385  -8.623  -40.609  22.331 0.0000000000
50411  -10.623  -41.722  23.009 0.0000000000
49508  -11.501  -42.624  21.350 0.0000000000
48523  -10.769  -43.562  19.458 0.0000000000
46511  -9.365  -45.272  20.730 0.0000000000
137616  -9.544  -44.494  19.419 0.0000000000
47541  -9.180  -44.327  18.755 0.0000000000
47561  -7.748  -44.471  17.850 0.0000000000
45418  -10.507  -46.594  36.216 0.0000000000
128978  -10.551  -47.782  36.155 0.0000000000
42245  -9.535  -48.881  35.955 0.0000000000
41175  -8.235  -50.173  36.142 0.0000000000
125950  -9.488  -51.294  34.215 0.0000000000
39992  -8.143  -51.290  35.532 0.0000000000
39991  -7.497  -51.244  35.108 0.0000000000
38884  -6.558  -51.715  34.276 0.0000000000
38891  -5.293  -51.906  33.618 0.0000000000
37781  -4.391  -52.843  32.326 0.0000000000
132688  -40.589  -31.700  15.042 0.0000000000
62020  -39.781  -29.637  16.068 0.0000000000
122721  -40.306  -30.408  16.236 0.0000000000
49573  -36.820  -42.253  16.177 0.0000000000
56375  -37.579  -35.223  14.391 0.0000000000
58251  -40.176  -33.098  13.874 0.0000000000
47433  -27.203  -43.558  28.136 0.0000000000
47451  -26.802  -44.256  26.860 0.0000000000
48417  -33.044  -42.196  28.564 0.0000000000
47416  -31.851  -42.226  28.312 0.0000000000
47436  -30.047  -42.799  28.471 0.0000000000
49458  -31.736  -41.870  26.573 0.0000000000
48446  -30.250  -42.395  27.998 0.0000000000
47455  -29.285  -42.887  28.185 0.0000000000
47470  -28.305  -43.469  27.013 0.0000000000
47469  -27.636  -43.947  26.307 0.0000000000
47468  -26.546  -44.278  25.701 0.0000000000
48482  -26.323  -43.550  24.557 0.0000000000
119499  -54.307  -18.399  -1.509 0.0000000000
72212  -55.178  -18.075  -2.244 0.0000000000
127216  -55.742  -17.397  -3.289 0.0000000000
53324  -6.614  -38.874  24.873 0.0000000000
52372  -5.855  -39.741  24.185 0.0000000000
52363  -5.065  -39.412  25.878 0.0000000000
51368  -5.149  -40.798  24.369 0.0000000000
119233  -6.808  -41.226  23.640 0.0000000000
143470  -8.435  -41.713  24.360 0.0000000000
49467  -9.502  -42.788  25.350 0.0000000000
47476  -10.306  -44.326  25.167 0.0000000000
47460  -8.287  -44.210  27.215 0.0000000000
47462  -9.677  -44.858  26.108 0.0000000000
143201  -9.514  -45.868  24.178 0.0000000000
120946  -7.965  -46.270  23.786 0.0000000000
45508  -5.813  -46.500  23.870 0.0000000000
44515  -4.604  -47.475  23.560 0.0000000000
65679  -49.575  -25.413  9.472 0.0000000000
63846  -43.910  -27.662  7.464 0.0000000000
64720  -43.992  -26.759  7.298 0.0000000000
64728  -44.338  -25.929  6.866 0.0000000000
64723  -46.349  -25.780  7.789 0.0000000000
141910  -48.040  -25.736  8.711 0.0000000000
122168  -12.744  -49.393  35.979 0.0000000000
41185  -12.756  -49.819  34.385 0.0000000000
41192  -15.456  -49.994  34.106 0.0000000000
40001  -14.372  -49.985  33.521 0.0000000000
40009  -12.794  -49.774  33.299 0.0000000000
40038  -11.942  -50.385  30.781 0.0000000000
47465  -23.648  -43.530  25.931 0.0000000000
47447  -22.353  -43.225  27.545 0.0000000000
47427  -21.357  -43.736  28.178 0.0000000000
46460  -20.109  -45.046  25.556 0.0000000000
46443  -20.120  -45.025  27.853 0.0000000000
46433  -20.488  -45.077  29.311 0.0000000000
45481  -20.524  -45.812  30.050 0.0000000000
44422  -20.209  -47.592  30.389 0.0000000000
141792  -19.541  -48.260  30.951 0.0000000000
42298  -18.913  -49.248  30.353 0.0000000000
41241  -17.991  -49.896  29.862 0.0000000000
41239  -16.728  -50.399  29.571 0.0000000000
141163  -16.849  -49.430  27.040 0.0000000000
41267  -15.979  -50.088  27.790 0.0000000000
119975  -14.955  -50.071  28.994 0.0000000000
139049  -13.323  -50.059  29.219 0.0000000000
59166  -6.128  -32.093  23.237 0.0000000000
57208  -8.171  -34.125  22.610 0.0000000000
58161  -7.346  -33.623  22.138 0.0000000000
120665  -6.570  -33.076  21.769 0.0000000000
58172  -5.883  -33.896  20.405 0.0000000000
58182  -5.306  -33.951  19.195 0.0000000000
56321  -5.564  -34.680  17.172 0.0000000000
52397  -9.085  -39.689  21.000 0.0000000000
53371  -8.977  -38.736  20.027 0.0000000000
53383  -8.792  -37.768  18.879 0.0000000000
51424  -9.753  -40.201  17.004 0.0000000000
53392  -9.872  -38.601  17.706 0.0000000000
54305  -8.157  -37.205  18.551 0.0000000000
55335  -7.658  -36.540  17.278 0.0000000000
56341  -6.351  -35.783  16.417 0.0000000000
56340  -5.675  -35.126  16.297 0.0000000000
126766  -4.308  -35.685  14.261 0.0000000000
46367  -9.374  -45.927  36.184 0.0000000000
46372  -8.119  -45.621  35.870 0.0000000000
46383  -6.735  -45.369  35.344 0.0000000000
43325  -8.417  -48.065  34.393 0.0000000000
44408  -7.971  -47.246  34.355 0.0000000000
46392  -6.201  -45.561  34.901 0.0000000000
45459  -5.513  -45.822  33.511 0.0000000000
45468  -5.472  -45.981  32.581 0.0000000000
46423  -4.938  -45.446  31.107 0.0000000000
45477  -7.123  -45.978  30.345 0.0000000000
45479  -8.407  -46.901  29.456 0.0000000000
43372  -8.204  -48.294  28.561 0.0000000000
42296  -6.474  -49.590  30.156 0.0000000000
43356  -7.088  -49.168  28.644 0.0000000000
43384  -7.370  -48.605  27.586 0.0000000000
44452  -5.334  -48.062  25.932 0.0000000000
44483  -4.061  -47.816  24.722 0.0000000000
42375  -3.745  -49.495  23.829 0.0000000000
37786  -3.237  -53.104  31.444 0.0000000000
36680  -2.464  -54.081  30.772 0.0000000000
37790  -2.258  -53.170  30.836 0.0000000000
38917  -1.597  -52.610  29.614 0.0000000000
38928  -2.092  -51.987  28.137 0.0000000000
38939  -2.451  -52.086  27.245 0.0000000000
123676  -2.874  -52.996  26.317 0.0000000000
40077  -3.207  -51.408  26.217 0.0000000000
40101  -3.352  -51.278  25.206 0.0000000000
125144  -3.846  -51.780  23.902 0.0000000000
40126  -4.985  -51.312  23.110 0.0000000000
39013  -6.524  -53.131  22.083 0.0000000000
121356  -6.647  -54.311  21.025 0.0000000000
124490  -39.049  -46.950  22.011 0.0000000000
138083  -39.619  -46.472  22.134 0.0000000000
43453  -38.818  -47.226  22.933 0.0000000000
42392  -38.078  -47.972  21.953 0.0000000000
43482  -38.580  -47.321  21.020 0.0000000000
134879  -37.522  -48.422  22.692 0.0000000000
42391  -37.627  -48.346  22.102 0.0000000000
43452  -38.228  -47.792  23.005 0.0000000000
122601  -37.805  -47.752  23.430 0.0000000000
141157  -39.076  -46.719  23.448 0.0000000000
66672  -50.716  -24.465  9.664 0.0000000000
66681  -48.858  -24.661  8.185 0.0000000000
66689  -48.587  -24.396  7.484 0.0000000000
66682  -49.577  -24.359  8.441 0.0000000000
67647  -49.864  -23.772  7.893 0.0000000000
140323  -39.424  -28.764  14.606 0.0000000000
61125  -40.082  -30.995  13.826 0.0000000000
141066  -40.056  -31.596  13.419 0.0000000000
61124  -39.712  -30.176  13.843 0.0000000000
43473  -5.885  -48.123  22.034 0.0000000000
41328  -5.746  -49.879  22.367 0.0000000000
41329  -6.628  -50.362  21.699 0.0000000000
125356  -9.732  -51.413  30.994 0.0000000000
47399  -4.277  -44.424  30.188 0.0000000000
47400  -4.946  -44.574  29.825 0.0000000000
62923  -45.867  -28.798  11.429 0.0000000000
62910  -45.289  -28.307  12.068 0.0000000000
62934  -44.648  -29.195  10.614 0.0000000000
62051  -45.372  -30.206  9.948 0.0000000000
43335  -19.734  -47.697  33.187 0.0000000000
42273  -19.307  -48.263  32.610 0.0000000000
42280  -19.146  -48.409  31.879 0.0000000000
47450  -26.227  -44.083  26.833 0.0000000000
118977  -25.529  -43.607  27.151 0.0000000000
119478  -25.636  -43.932  26.595 0.0000000000
58197  -5.575  -32.954  16.981 0.0000000000
52388  -6.544  -40.053  22.828 0.0000000000
138579  -6.498  -39.650  22.950 0.0000000000
48544  -4.017  -43.745  17.211 0.0000000000
38897  -3.501  -51.428  32.244 0.0000000000
40015  -3.128  -50.982  31.911 0.0000000000
41207  -2.956  -50.672  31.454 0.0000000000
40024  -2.712  -51.449  31.453 0.0000000000
47522  -39.959  -44.077  20.335 0.0000000000
48530  -39.831  -43.925  20.057 0.0000000000
48519  -40.056  -43.489  20.635 0.0000000000
49530  -39.751  -43.082  20.261 0.0000000000
140762  -35.443  -45.397  21.908 0.0000000000
46482  -35.272  -45.079  22.670 0.0000000000
69507  -52.043  -21.214  6.425 0.0000000000
142142  -51.403  -21.731  6.382 0.0000000000
69519  -51.000  -21.642  5.240 0.0000000000
129457  -51.483  -21.453  5.782 0.0000000000
132865  -52.076  -20.944  5.533 0.0000000000
63801  -41.529  -27.145  12.408 0.0000000000
63800  -40.437  -27.410  12.599 0.0000000000
63808  -40.749  -27.515  11.926 0.0000000000
63809  -41.378  -27.513  11.600 0.0000000000
60116  -4.752  -30.466  23.102 0.0000000000
136411  -5.283  -31.621  21.879 0.0000000000
47492  -10.726  -44.418  23.567 0.0000000000
44567  -7.450  -47.452  18.571 0.0000000000
44566  -6.985  -47.411  17.916 0.0000000000
43532  -6.484  -48.124  17.810 0.0000000000
43531  -5.581  -48.116  17.625 0.0000000000
39987  -11.815  -49.937  34.290 0.0000000000
121715  -10.914  -50.325  34.411 0.0000000000
36651  -7.588  -52.933  32.710 0.0000000000
57281  -40.830  -33.850  15.914 0.0000000000
118992  -41.386  -33.020  16.436 0.0000000000
140250  -41.265  -33.740  16.531 0.0000000000
47583  -37.902  -44.286  15.883 0.0000000000
57280  -40.409  -34.215  15.579 0.0000000000
47381  -29.538  -42.810  29.534 0.0000000000
47395  -29.381  -43.175  29.243 0.0000000000
47394  -28.873  -43.351  29.344 0.0000000000
47413  -29.032  -43.294  28.874 0.0000000000
48449  -33.697  -43.240  26.564 0.0000000000
48461  -33.193  -42.632  26.488 0.0000000000
49491  -29.362  -41.102  24.495 0.0000000000
124989  -29.720  -41.279  25.017 0.0000000000
48484  -28.366  -42.369  25.195 0.0000000000
119010  -28.537  -41.611  24.577 0.0000000000
49490  -27.892  -41.526  23.818 0.0000000000
49453  -5.052  -41.894  26.565 0.0000000000
49463  -5.038  -41.549  25.807 0.0000000000
49455  -5.963  -42.441  26.270 0.0000000000
45485  -8.528  -46.936  27.915 0.0000000000
45489  -8.676  -46.722  26.872 0.0000000000
44455  -8.278  -47.483  26.570 0.0000000000
132826  -8.003  -47.407  25.842 0.0000000000
44454  -7.610  -47.845  26.372 0.0000000000
63825  -47.689  -27.736  9.687 0.0000000000
63824  -46.961  -28.236  9.382 0.0000000000
63838  -47.278  -27.154  9.102 0.0000000000
41212  -15.861  -50.391  31.084 0.0000000000
41204  -15.570  -50.308  31.792 0.0000000000
41211  -14.973  -50.049  31.227 0.0000000000
133558  -21.400  -45.096  23.331 0.0000000000
46462  -21.704  -44.174  24.802 0.0000000000
46470  -21.070  -44.829  24.163 0.0000000000
44456  -18.759  -47.440  26.150 0.0000000000
44457  -19.379  -47.572  26.836 0.0000000000
136397  -19.683  -47.906  27.487 0.0000000000
43401  -19.302  -48.113  27.310 0.0000000000
135310  -18.822  -48.591  27.500 0.0000000000
57195  -8.908  -33.954  24.772 0.0000000000
54290  -6.354  -37.269  20.549 0.0000000000
55290  -5.911  -36.359  20.536 0.0000000000
54289  -5.998  -36.727  20.220 0.0000000000
55318  -5.781  -36.406  19.813 0.0000000000
54304  -7.312  -37.010  19.157 0.0000000000
49532  -10.963  -42.406  18.400 0.0000000000
50463  -11.342  -41.457  18.702 0.0000000000
50462  -10.938  -41.670  17.986 0.0000000000
51460  -5.454  -39.996  15.649 0.0000000000
52426  -6.708  -39.756  15.822 0.0000000000
52443  -5.740  -39.261  15.622 0.0000000000
53409  -3.867  -38.419  14.917 0.0000000000
47345  -6.728  -44.392  35.473 0.0000000000
42251  -7.842  -49.638  35.389 0.0000000000
42250  -7.792  -49.641  35.025 0.0000000000
42271  -8.143  -48.736  33.261 0.0000000000
43337  -8.387  -48.149  32.611 0.0000000000
43338  -8.451  -48.009  31.819 0.0000000000
42285  -7.353  -49.418  31.863 0.0000000000
42319  -3.408  -49.974  28.090 0.0000000000
42320  -3.630  -49.564  28.221 0.0000000000
42341  -3.511  -49.628  26.301 0.0000000000
41272  -3.369  -50.184  26.205 0.0000000000
130600  -0.994  -56.064  28.239 0.0000000000
35628  -1.070  -55.296  27.599 0.0000000000
46522  -40.305  -45.150  20.644 0.0000000000
42436  -37.072  -47.866  18.761 0.0000000000
142862  -37.620  -47.961  18.203 0.0000000000
42437  -37.665  -47.757  19.155 0.0000000000
43497  -39.408  -47.006  20.203 0.0000000000
44564  -39.660  -47.035  19.524 0.0000000000
45570  -40.124  -45.994  20.122 0.0000000000
139654  -40.203  -45.569  20.337 0.0000000000
123042  -35.957  -46.759  21.101 0.0000000000
43480  -36.087  -47.163  21.062 0.0000000000
128221  -36.920  -47.883  20.164 0.0000000000
42424  -36.707  -47.763  19.352 0.0000000000
42423  -36.091  -47.661  19.084 0.0000000000
43449  -36.216  -47.701  22.669 0.0000000000
43434  -36.286  -47.356  23.580 0.0000000000
44513  -36.016  -46.930  23.009 0.0000000000
134118  -35.926  -46.355  22.597 0.0000000000
68618  -51.661  -22.505  8.337 0.0000000000
65703  -46.449  -25.049  6.958 0.0000000000
65710  -46.116  -24.653  6.080 0.0000000000
135236  -48.344  -24.160  6.895 0.0000000000
135759  -47.255  -24.100  5.791 0.0000000000
66700  -47.836  -23.732  5.646 0.0000000000
67657  -48.513  -23.253  5.413 0.0000000000
67654  -49.843  -22.919  6.394 0.0000000000
67648  -50.712  -22.783  7.342 0.0000000000
128950  -50.985  -22.274  6.721 0.0000000000
63774  -39.922  -27.132  14.056 0.0000000000
63761  -39.377  -27.413  15.816 0.0000000000
64628  -39.647  -26.317  16.320 0.0000000000
57324  -38.094  -34.122  13.237 0.0000000000
58262  -38.473  -33.572  12.641 0.0000000000
59270  -39.504  -32.281  12.466 0.0000000000
59274  -39.009  -32.467  11.808 0.0000000000
58289  -37.928  -32.868  10.971 0.0000000000
143119  -38.929  -32.033  11.381 0.0000000000
60255  -38.784  -31.549  11.001 0.0000000000
62896  -39.520  -28.349  13.312 0.0000000000
62033  -39.393  -28.963  12.816 0.0000000000
63799  -39.844  -27.832  12.913 0.0000000000
45539  -7.219  -45.981  22.522 0.0000000000
46487  -8.071  -45.800  22.221 0.0000000000
45538  -6.465  -46.337  22.384 0.0000000000
43474  -6.745  -48.391  21.358 0.0000000000
44541  -7.195  -47.852  20.950 0.0000000000
43484  -7.331  -48.551  20.688 0.0000000000
43485  -7.580  -48.224  19.894 0.0000000000
42405  -7.532  -49.102  20.103 0.0000000000
42430  -7.312  -49.878  18.757 0.0000000000
128496  -7.516  -49.800  19.640 0.0000000000
40161  -7.382  -51.859  20.866 0.0000000000
39044  -7.419  -52.135  20.006 0.0000000000
37933  -6.681  -52.932  19.167 0.0000000000
125140  -7.171  -52.924  19.816 0.0000000000
40016  -11.092  -50.288  32.977 0.0000000000
137588  -10.422  -50.707  33.202 0.0000000000
38906  -10.274  -50.820  32.716 0.0000000000
133940  -38.216  -42.051  18.589 0.0000000000
50469  -37.690  -41.596  18.388 0.0000000000
130441  -37.646  -40.998  18.724 0.0000000000
52413  -37.366  -39.423  18.654 0.0000000000
142387  -36.910  -39.138  18.162 0.0000000000
52421  -36.364  -39.332  17.561 0.0000000000
141539  -37.453  -37.987  17.795 0.0000000000
53394  -38.072  -37.828  18.046 0.0000000000
54318  -40.008  -36.643  18.128 0.0000000000
49416  -30.272  -41.746  29.639 0.0000000000
48391  -30.988  -41.909  29.250 0.0000000000
48494  -33.518  -42.664  23.689 0.0000000000
49482  -32.962  -41.876  24.195 0.0000000000
70461  -51.885  -20.652  2.194 0.0000000000
70476  -51.266  -20.185  0.977 0.0000000000
70469  -52.347  -20.260  1.880 0.0000000000
71310  -52.359  -19.238  -0.133 0.0000000000
72188  -53.954  -18.928  0.415 0.0000000000
48438  -4.947  -43.020  28.140 0.0000000000
47442  -5.820  -43.907  28.322 0.0000000000
46434  -6.822  -45.192  29.143 0.0000000000
46435  -7.932  -45.736  28.862 0.0000000000
45482  -8.107  -46.283  29.331 0.0000000000
62925  -47.725  -28.477  11.387 0.0000000000
62046  -46.968  -28.833  10.993 0.0000000000
62067  -41.844  -30.316  8.371 0.0000000000
61142  -44.602  -31.559  8.444 0.0000000000
61153  -43.932  -31.716  7.627 0.0000000000
61164  -44.292  -31.475  7.127 0.0000000000
61165  -44.874  -31.057  7.158 0.0000000000
62052  -46.031  -30.002  9.993 0.0000000000
62062  -46.186  -30.042  9.577 0.0000000000
62944  -46.821  -29.150  9.870 0.0000000000
42265  -17.460  -49.207  34.319 0.0000000000
41205  -17.972  -49.820  31.868 0.0000000000
41199  -17.790  -49.728  32.414 0.0000000000
40023  -17.558  -50.242  31.733 0.0000000000
40031  -17.417  -50.378  31.505 0.0000000000
41214  -17.569  -50.256  30.864 0.0000000000
44468  -17.592  -47.511  24.792 0.0000000000
55254  -8.263  -36.946  23.501 0.0000000000
53343  -7.203  -38.178  23.381 0.0000000000
143631  -6.762  -38.764  22.131 0.0000000000
130764  -6.765  -38.262  21.885 0.0000000000
53360  -6.801  -38.446  21.685 0.0000000000
53368  -6.591  -38.042  21.025 0.0000000000
48547  -7.655  -43.727  17.532 0.0000000000
49548  -7.542  -42.901  17.210 0.0000000000
49546  -4.636  -42.860  17.087 0.0000000000
49565  -5.304  -42.230  16.835 0.0000000000
50489  -5.724  -41.413  16.352 0.0000000000
50488  -4.498  -41.533  16.292 0.0000000000
50487  -3.723  -41.706  16.031 0.0000000000
133639  -9.143  -44.521  35.973 0.0000000000
121605  -8.882  -44.151  35.374 0.0000000000
47338  -8.345  -44.498  36.014 0.0000000000
47346  -7.781  -44.161  35.548 0.0000000000
47327  -8.092  -44.914  36.122 0.0000000000
39988  -6.007  -51.100  33.959 0.0000000000
135788  -6.756  -50.654  34.060 0.0000000000
42262  -5.249  -50.298  33.067 0.0000000000
42269  -4.651  -50.046  32.768 0.0000000000
140050  -5.026  -49.985  32.857 0.0000000000
42275  -4.347  -49.758  32.413 0.0000000000
42283  -4.942  -49.633  31.792 0.0000000000
41219  -2.866  -50.570  30.980 0.0000000000
41220  -3.175  -50.181  30.846 0.0000000000
137875  -2.970  -50.532  30.450 0.0000000000
127592  -3.206  -50.360  28.953 0.0000000000
41235  -2.895  -50.682  29.693 0.0000000000
142069  -38.360  -45.502  16.127 0.0000000000
44580  -39.232  -47.272  18.014 0.0000000000
44600  -38.750  -47.296  17.264 0.0000000000
45606  -39.379  -46.801  17.747 0.0000000000
47550  -39.015  -44.215  18.019 0.0000000000
48538  -38.791  -43.371  18.240 0.0000000000
49539  -38.514  -42.650  18.421 0.0000000000
49540  -39.055  -43.013  18.944 0.0000000000
50461  -39.102  -41.115  20.146 0.0000000000
141502  -34.564  -46.785  19.239 0.0000000000
129937  -34.618  -43.700  26.913 0.0000000000
46445  -34.304  -43.691  26.581 0.0000000000
45494  -35.666  -45.690  25.096 0.0000000000
44477  -35.441  -45.770  24.918 0.0000000000
46472  -34.695  -44.699  24.413 0.0000000000
46464  -34.734  -44.886  24.820 0.0000000000
47489  -34.261  -44.113  24.583 0.0000000000
48486  -33.905  -43.408  24.196 0.0000000000
47496  -34.284  -43.962  23.626 0.0000000000
48504  -33.881  -43.519  21.863 0.0000000000
70420  -53.830  -19.950  4.895 0.0000000000
67663  -49.210  -22.450  4.258 0.0000000000
69543  -50.795  -21.559  3.767 0.0000000000
68665  -50.174  -21.746  3.159 0.0000000000
69547  -50.877  -21.364  2.828 0.0000000000
69558  -51.234  -20.966  2.132 0.0000000000
69544  -51.432  -21.187  3.424 0.0000000000
126329  -52.856  -20.482  5.029 0.0000000000
70436  -52.476  -20.629  4.118 0.0000000000
70437  -53.319  -20.261  4.165 0.0000000000
63802  -43.807  -27.543  12.502 0.0000000000
64645  -43.576  -26.621  15.129 0.0000000000
64660  -43.708  -26.868  14.371 0.0000000000
119835  -40.832  -26.296  15.123 0.0000000000
61139  -38.634  -30.790  10.383 0.0000000000
61137  -39.038  -29.942  10.579 0.0000000000
62930  -40.365  -28.453  10.465 0.0000000000
62056  -40.519  -29.235  9.219 0.0000000000
62942  -40.925  -28.754  9.769 0.0000000000
63810  -42.271  -27.504  11.658 0.0000000000
62920  -42.866  -27.956  11.016 0.0000000000
62921  -43.921  -28.299  11.175 0.0000000000
119870  -23.993  -43.765  23.786 0.0000000000
47494  -23.200  -44.141  23.406 0.0000000000
61038  -4.489  -29.398  20.959 0.0000000000
59182  -5.402  -31.992  20.392 0.0000000000
59193  -5.307  -31.867  19.572 0.0000000000
126402  -5.306  -32.761  19.036 0.0000000000
50421  -9.789  -41.345  23.145 0.0000000000
48506  -11.116  -43.924  21.718 0.0000000000
49499  -11.444  -42.707  22.147 0.0000000000
48514  -11.301  -43.344  20.841 0.0000000000
48524  -11.305  -43.105  19.901 0.0000000000
139351  -10.954  -43.714  20.164 0.0000000000
46498  -8.316  -45.850  21.479 0.0000000000
46499  -9.138  -45.527  21.412 0.0000000000
46510  -8.634  -45.733  20.767 0.0000000000
46535  -8.177  -45.408  18.859 0.0000000000
46524  -8.396  -45.558  19.523 0.0000000000
47525  -8.827  -44.974  19.308 0.0000000000
47540  -8.370  -44.717  18.486 0.0000000000
48531  -8.616  -43.956  18.016 0.0000000000
120810  -5.673  -46.318  17.542 0.0000000000
131931  -6.461  -50.961  18.277 0.0000000000
41364  -5.689  -50.445  17.886 0.0000000000
40179  -4.839  -51.140  17.949 0.0000000000
129733  -11.284  -47.820  36.494 0.0000000000
43313  -10.998  -48.446  36.032 0.0000000000
41176  -9.817  -50.250  35.924 0.0000000000
41170  -9.671  -49.521  36.058 0.0000000000
138210  -9.358  -49.862  36.229 0.0000000000
42253  -8.938  -49.534  36.198 0.0000000000
124613  -9.042  -50.314  36.108 0.0000000000
38889  -9.900  -51.025  34.216 0.0000000000
139048  -9.080  -51.542  33.925 0.0000000000
37773  -8.032  -52.157  33.882 0.0000000000
38887  -8.457  -51.603  34.579 0.0000000000
38886  -7.802  -51.716  34.567 0.0000000000
38885  -7.116  -51.800  34.541 0.0000000000
39990  -7.094  -51.090  34.656 0.0000000000
37783  -5.813  -53.434  33.209 0.0000000000
37775  -5.536  -52.782  33.503 0.0000000000
38899  -4.831  -52.378  32.982 0.0000000000
121288  -40.506  -30.995  15.584 0.0000000000
60219  -40.834  -31.873  15.903 0.0000000000
50498  -37.092  -41.997  16.878 0.0000000000
140288  -36.527  -41.715  16.547 0.0000000000
56361  -38.736  -35.447  15.365 0.0000000000
55375  -37.989  -35.647  15.138 0.0000000000
58232  -40.370  -33.372  14.608 0.0000000000
57317  -39.868  -33.663  14.220 0.0000000000
131360  -40.453  -32.892  14.354 0.0000000000
59255  -40.571  -32.397  14.622 0.0000000000
120580  -27.814  -43.429  28.459 0.0000000000
47411  -27.403  -43.316  28.738 0.0000000000
119587  -27.101  -43.915  27.489 0.0000000000
47437  -31.957  -42.303  27.982 0.0000000000
47415  -30.711  -42.543  28.520 0.0000000000
135191  -30.834  -42.815  28.278 0.0000000000
49459  -32.568  -42.092  26.149 0.0000000000
49470  -31.619  -41.598  25.784 0.0000000000
48473  -29.604  -42.020  26.486 0.0000000000
49457  -30.714  -41.731  26.603 0.0000000000
48459  -29.858  -42.155  27.191 0.0000000000
48445  -29.293  -42.638  27.646 0.0000000000
47454  -28.640  -43.178  27.546 0.0000000000
47480  -27.813  -43.587  25.877 0.0000000000
47479  -27.301  -43.961  25.681 0.0000000000
48470  -26.920  -43.786  24.986 0.0000000000
48483  -26.994  -42.779  24.431 0.0000000000
49502  -26.165  -41.948  22.623 0.0000000000
49488  -26.081  -42.280  23.329 0.0000000000
121905  -54.688  -18.411  -0.690 0.0000000000
143374  -55.408  -17.827  -2.920 0.0000000000
73116  -55.924  -17.650  -2.535 0.0000000000
54231  -6.601  -38.574  25.689 0.0000000000
142885  -6.092  -39.323  24.720 0.0000000000
51360  -4.279  -40.281  26.431 0.0000000000
50395  -5.083  -41.295  24.736 0.0000000000
50399  -4.831  -41.095  24.673 0.0000000000
50400  -5.284  -41.103  24.311 0.0000000000
50408  -6.032  -41.076  23.829 0.0000000000
50401  -6.597  -41.525  24.302 0.0000000000
50402  -7.591  -41.508  23.962 0.0000000000
48469  -10.432  -43.820  24.962 0.0000000000
48468  -9.993  -43.696  25.531 0.0000000000
48454  -7.728  -43.449  26.782 0.0000000000
45490  -9.054  -46.272  26.143 0.0000000000
46451  -9.433  -45.530  26.176 0.0000000000
45500  -9.409  -46.027  25.499 0.0000000000
45511  -9.767  -45.711  24.849 0.0000000000
45510  -8.883  -46.370  24.635 0.0000000000
44465  -6.552  -47.311  25.245 0.0000000000
44486  -6.693  -46.766  24.551 0.0000000000
45507  -4.908  -46.904  23.986 0.0000000000
45536  -4.958  -47.042  23.266 0.0000000000
65678  -48.958  -25.565  9.191 0.0000000000
65669  -49.897  -25.876  9.950 0.0000000000
62013  -39.471  -28.951  16.469 0.0000000000
62962  -44.412  -29.000  7.424 0.0000000000
63847  -44.597  -27.345  7.793 0.0000000000
64721  -44.772  -26.399  7.493 0.0000000000
64722  -45.523  -26.100  7.645 0.0000000000
137563  -45.924  -26.433  8.127 0.0000000000
64715  -48.406  -26.062  9.176 0.0000000000
65691  -48.466  -25.311  8.624 0.0000000000
42249  -13.092  -48.855  36.401 0.0000000000
133487  -13.602  -49.381  36.061 0.0000000000
41180  -13.196  -49.713  35.184 0.0000000000
41186  -13.597  -49.894  34.474 0.0000000000
41193  -16.216  -49.974  33.958 0.0000000000
41189  -16.018  -49.896  34.930 0.0000000000
128625  -15.778  -50.193  33.491 0.0000000000
40019  -14.396  -49.932  32.773 0.0000000000
143463  -14.860  -50.099  33.352 0.0000000000
40010  -14.069  -49.919  33.253 0.0000000000
40000  -13.292  -49.846  33.495 0.0000000000
123406  -12.155  -49.893  32.787 0.0000000000
40018  -12.642  -49.750  32.473 0.0000000000
41209  -12.752  -49.980  31.103 0.0000000000
40037  -11.203  -50.719  30.520 0.0000000000
40048  -11.911  -50.642  29.929 0.0000000000
47478  -23.801  -43.784  25.328 0.0000000000
47477  -21.580  -43.890  25.801 0.0000000000
47464  -22.392  -43.451  26.458 0.0000000000
47446  -21.570  -43.620  27.318 0.0000000000
46444  -20.802  -44.184  27.632 0.0000000000
45502  -19.721  -45.892  25.124 0.0000000000
141803  -19.924  -45.471  27.273 0.0000000000
46438  -20.583  -44.534  28.503 0.0000000000
46437  -20.037  -45.481  28.632 0.0000000000
46432  -20.083  -45.883  29.315 0.0000000000
43374  -20.082  -48.215  29.020 0.0000000000
44427  -20.186  -47.567  29.667 0.0000000000
43360  -20.001  -48.302  29.788 0.0000000000
43349  -19.780  -48.257  30.460 0.0000000000
42287  -19.283  -48.827  30.625 0.0000000000
42299  -19.561  -48.874  30.057 0.0000000000
42312  -18.501  -49.535  29.424 0.0000000000
41255  -17.874  -49.849  29.162 0.0000000000
41240  -17.468  -50.165  29.706 0.0000000000
41254  -17.156  -50.141  28.944 0.0000000000
42361  -16.110  -48.899  25.980 0.0000000000
42347  -16.518  -49.196  26.576 0.0000000000
137773  -15.844  -49.333  26.419 0.0000000000
42332  -14.779  -49.875  26.998 0.0000000000
42333  -15.423  -49.898  27.195 0.0000000000
41266  -14.987  -49.999  27.748 0.0000000000
41252  -15.456  -50.154  28.497 0.0000000000
123766  -14.740  -50.053  28.448 0.0000000000
41251  -14.146  -50.007  28.959 0.0000000000
41265  -14.215  -50.009  28.083 0.0000000000
58146  -7.325  -32.638  24.639 0.0000000000
59160  -6.626  -32.316  24.004 0.0000000000
136252  -6.898  -32.667  23.300 0.0000000000
142405  -8.299  -35.835  22.624 0.0000000000
56240  -8.510  -35.131  22.627 0.0000000000
135926  -6.857  -34.777  21.226 0.0000000000
57207  -7.630  -34.653  21.868 0.0000000000
57215  -6.966  -33.913  21.372 0.0000000000
58166  -6.327  -33.375  21.010 0.0000000000
56307  -5.434  -35.319  19.127 0.0000000000
132483  -5.292  -35.028  19.579 0.0000000000
57228  -5.316  -34.677  18.757 0.0000000000
56308  -5.656  -35.168  18.174 0.0000000000
51386  -9.558  -40.648  21.967 0.0000000000
51388  -8.760  -40.173  21.670 0.0000000000
51389  -9.750  -40.277  21.220 0.0000000000
51401  -10.988  -39.990  19.066 0.0000000000
51393  -10.032  -39.788  20.394 0.0000000000
52407  -9.900  -39.038  19.634 0.0000000000
53379  -10.021  -38.659  18.867 0.0000000000
123785  -9.749  -41.154  17.090 0.0000000000
50492  -8.889  -40.885  16.586 0.0000000000
53399  -8.476  -38.350  16.438 0.0000000000
53400  -9.329  -38.621  16.917 0.0000000000
133300  -8.843  -37.541  17.962 0.0000000000
54313  -8.685  -37.367  17.191 0.0000000000
55336  -8.257  -36.972  17.608 0.0000000000
55347  -8.211  -36.868  17.022 0.0000000000
54322  -6.793  -36.932  15.837 0.0000000000
55345  -6.687  -36.274  16.183 0.0000000000
56360  -5.848  -35.702  15.791 0.0000000000
56359  -4.934  -34.918  15.277 0.0000000000
55356  -4.744  -35.923  15.075 0.0000000000
46413  -3.955  -45.311  32.454 0.0000000000
44397  -10.170  -47.192  36.277 0.0000000000
45417  -9.789  -46.562  36.280 0.0000000000
44396  -9.465  -47.201  36.126 0.0000000000
45415  -8.612  -46.458  35.744 0.0000000000
45423  -8.060  -46.335  35.371 0.0000000000
46371  -7.426  -45.663  35.469 0.0000000000
45422  -7.596  -46.253  35.036 0.0000000000
42257  -7.007  -50.299  33.994 0.0000000000
42258  -7.874  -49.427  34.535 0.0000000000
45444  -6.872  -46.218  34.519 0.0000000000
45443  -5.822  -45.653  34.341 0.0000000000
45451  -6.596  -46.305  33.878 0.0000000000
45461  -7.546  -46.936  32.549 0.0000000000
45469  -6.587  -46.358  32.113 0.0000000000
46415  -5.718  -45.858  31.628 0.0000000000
46424  -6.067  -45.628  30.726 0.0000000000
45473  -6.812  -46.213  31.187 0.0000000000
43348  -8.464  -48.027  30.270 0.0000000000
44421  -8.363  -47.169  30.200 0.0000000000
44426  -8.450  -47.537  29.628 0.0000000000
43358  -8.360  -48.159  29.371 0.0000000000
138850  -5.211  -49.569  30.181 0.0000000000
43368  -4.627  -49.067  27.987 0.0000000000
137014  -5.404  -49.277  28.579 0.0000000000
43369  -5.859  -49.102  27.946 0.0000000000
43370  -6.792  -49.018  28.060 0.0000000000
43383  -6.450  -48.749  27.377 0.0000000000
43396  -5.990  -48.419  26.653 0.0000000000
43395  -4.828  -48.424  26.530 0.0000000000
42356  -3.414  -49.307  25.027 0.0000000000
43407  -3.693  -48.492  24.954 0.0000000000
43423  -3.559  -48.901  24.587 0.0000000000
43438  -3.730  -48.536  24.271 0.0000000000
133170  -3.464  -49.758  24.292 0.0000000000
36669  -3.403  -53.866  31.318 0.0000000000
36694  -2.219  -54.444  30.495 0.0000000000
120930  -2.088  -53.951  30.567 0.0000000000
37796  -1.777  -53.362  30.166 0.0000000000
38912  -1.929  -52.454  30.423 0.0000000000
38927  -1.518  -52.676  28.651 0.0000000000
38938  -1.876  -52.811  27.622 0.0000000000
37817  -2.298  -52.929  26.770 0.0000000000
38960  -3.220  -52.150  26.039 0.0000000000
38975  -3.372  -51.964  25.578 0.0000000000
40089  -3.349  -51.334  25.648 0.0000000000
38976  -3.432  -52.179  25.127 0.0000000000
38990  -3.581  -51.932  24.464 0.0000000000
39011  -4.622  -52.002  23.483 0.0000000000
40113  -4.041  -51.175  23.661 0.0000000000
39012  -5.611  -52.294  22.765 0.0000000000
142975  -39.628  -46.341  20.871 0.0000000000
45550  -40.403  -45.817  21.445 0.0000000000
44514  -40.059  -46.208  21.812 0.0000000000
45519  -40.218  -45.882  22.899 0.0000000000
42414  -37.303  -47.935  20.697 0.0000000000
42426  -37.799  -47.708  20.015 0.0000000000
42415  -38.092  -47.644  20.766 0.0000000000
43483  -39.105  -46.913  20.653 0.0000000000
43467  -36.590  -48.167  22.240 0.0000000000
43481  -36.362  -47.766  21.385 0.0000000000
42400  -36.776  -48.150  21.528 0.0000000000
42401  -37.201  -48.275  21.517 0.0000000000
43421  -37.142  -47.079  24.165 0.0000000000
43436  -37.259  -47.524  23.810 0.0000000000
43450  -36.649  -48.021  23.095 0.0000000000
44482  -38.967  -46.350  23.971 0.0000000000
123649  -50.523  -23.282  7.949 0.0000000000
67634  -51.152  -23.188  8.597 0.0000000000
135659  -47.669  -24.982  7.582 0.0000000000
65704  -47.304  -24.737  7.025 0.0000000000
66688  -47.984  -24.575  7.204 0.0000000000
66694  -48.889  -23.881  7.087 0.0000000000
67653  -49.335  -23.435  6.691 0.0000000000
121248  -49.463  -23.686  7.317 0.0000000000
62882  -39.454  -28.235  14.159 0.0000000000
63773  -39.569  -27.557  14.493 0.0000000000
129306  -39.354  -28.041  15.095 0.0000000000
58264  -39.808  -32.745  13.199 0.0000000000
60247  -39.641  -31.379  12.600 0.0000000000
138226  -39.526  -30.435  12.572 0.0000000000
45537  -5.545  -46.753  22.775 0.0000000000
45552  -6.111  -46.860  22.211 0.0000000000
44528  -5.655  -47.336  22.385 0.0000000000
42404  -7.220  -49.160  20.967 0.0000000000
41343  -7.474  -50.359  20.321 0.0000000000
41342  -7.198  -49.950  21.092 0.0000000000
134645  -7.317  -50.876  21.042 0.0000000000
38909  -9.996  -51.049  31.920 0.0000000000
129399  -38.532  -40.055  19.679 0.0000000000
51419  -38.009  -40.578  19.245 0.0000000000
53387  -38.002  -38.918  18.949 0.0000000000
133613  -38.244  -38.280  18.560 0.0000000000
54306  -38.855  -37.695  18.420 0.0000000000
54307  -39.689  -37.324  18.590 0.0000000000
49419  -32.520  -41.359  29.491 0.0000000000
49505  -32.350  -41.448  22.837 0.0000000000
70470  -53.138  -20.020  2.197 0.0000000000
71289  -53.961  -19.728  2.527 0.0000000000
71291  -55.406  -18.994  2.687 0.0000000000
47421  -5.392  -44.234  29.059 0.0000000000
47401  -5.826  -44.797  29.467 0.0000000000
46430  -6.444  -45.387  29.896 0.0000000000
62045  -46.302  -29.269  10.761 0.0000000000
62911  -46.122  -28.506  12.254 0.0000000000
62049  -43.050  -29.292  9.806 0.0000000000
62059  -43.851  -30.535  9.206 0.0000000000
61143  -45.520  -31.417  8.503 0.0000000000
122478  -18.497  -48.874  33.631 0.0000000000
42267  -19.075  -48.502  33.326 0.0000000000
42272  -18.744  -48.783  32.295 0.0000000000
41206  -18.218  -49.606  31.283 0.0000000000
47409  -26.152  -43.322  28.069 0.0000000000
124268  -5.434  -31.779  18.081 0.0000000000
60180  -5.773  -31.679  17.354 0.0000000000
138380  -5.669  -32.285  16.946 0.0000000000
53342  -6.781  -38.778  23.394 0.0000000000
52394  -6.785  -39.277  22.264 0.0000000000
52395  -7.240  -39.472  21.799 0.0000000000
47559  -5.300  -44.167  17.461 0.0000000000
48545  -4.848  -43.518  17.345 0.0000000000
141122  -4.308  -43.268  17.152 0.0000000000
49545  -4.038  -42.897  17.040 0.0000000000
47329  -9.726  -44.860  35.995 0.0000000000
40007  -4.629  -51.472  33.074 0.0000000000
39996  -4.520  -50.754  33.023 0.0000000000
41197  -3.896  -50.413  32.602 0.0000000000
41201  -3.379  -50.248  32.031 0.0000000000
42274  -3.564  -49.810  31.937 0.0000000000
45580  -39.971  -45.990  19.101 0.0000000000
46544  -39.635  -45.617  18.483 0.0000000000
46533  -39.816  -45.177  19.266 0.0000000000
47537  -39.644  -44.318  19.404 0.0000000000
126016  -34.957  -47.302  18.828 0.0000000000
45517  -35.342  -45.748  24.097 0.0000000000
131731  -35.211  -45.555  24.725 0.0000000000
46473  -35.141  -45.170  23.789 0.0000000000
46481  -34.759  -44.517  23.436 0.0000000000
132050  -34.494  -44.110  22.827 0.0000000000
68656  -50.399  -22.113  5.413 0.0000000000
69533  -51.257  -21.352  4.487 0.0000000000
69534  -51.738  -20.995  4.007 0.0000000000
125771  -42.789  -27.275  12.389 0.0000000000
130949  -43.372  -27.171  13.086 0.0000000000
64659  -42.784  -26.532  14.475 0.0000000000
62044  -39.389  -29.218  10.862 0.0000000000
62918  -39.803  -28.522  11.192 0.0000000000
62931  -41.335  -28.258  10.376 0.0000000000
48502  -24.858  -42.915  23.056 0.0000000000
60136  -4.503  -29.923  20.857 0.0000000000
49478  -10.618  -42.729  24.230 0.0000000000
49487  -10.955  -42.403  23.454 0.0000000000
48489  -11.066  -43.309  23.612 0.0000000000
48498  -11.143  -43.806  22.759 0.0000000000
47506  -10.552  -44.529  21.395 0.0000000000
45562  -7.813  -46.605  20.007 0.0000000000
121493  -8.262  -45.955  20.089 0.0000000000
45572  -7.705  -46.683  18.949 0.0000000000
123223  -7.685  -45.966  18.524 0.0000000000
46555  -7.220  -45.885  17.847 0.0000000000
45598  -6.679  -46.572  17.706 0.0000000000
44589  -4.808  -47.596  17.552 0.0000000000
43530  -4.611  -48.603  17.585 0.0000000000
42254  -11.758  -49.392  35.651 0.0000000000
42247  -11.025  -49.147  35.702 0.0000000000
41172  -10.909  -49.753  35.347 0.0000000000
41177  -10.589  -50.297  34.985 0.0000000000
131810  -10.007  -50.688  35.324 0.0000000000
120140  -8.402  -52.155  33.005 0.0000000000
135706  -8.784  -51.769  33.382 0.0000000000
37779  -8.147  -52.335  33.172 0.0000000000
38893  -6.676  -52.460  34.173 0.0000000000
37777  -7.036  -53.009  33.594 0.0000000000
36659  -6.313  -53.611  33.020 0.0000000000
59248  -41.017  -32.898  15.837 0.0000000000
137798  -41.121  -32.533  16.166 0.0000000000
51451  -36.016  -40.682  16.934 0.0000000000
55348  -38.660  -36.284  16.425 0.0000000000
55361  -39.044  -35.740  16.022 0.0000000000
56377  -39.143  -34.872  14.964 0.0000000000
56378  -39.813  -34.573  15.256 0.0000000000
58215  -40.591  -33.629  15.334 0.0000000000
47393  -28.264  -43.338  29.395 0.0000000000
47412  -28.422  -43.377  29.006 0.0000000000
47434  -27.946  -43.544  27.966 0.0000000000
47438  -33.470  -42.676  27.673 0.0000000000
47456  -33.070  -42.530  27.614 0.0000000000
122638  -30.673  -41.249  25.122 0.0000000000
49468  -29.460  -41.726  25.693 0.0000000000
124884  -28.757  -42.481  26.207 0.0000000000
142426  -28.673  -42.226  25.636 0.0000000000
49489  -27.231  -42.008  24.071 0.0000000000
119103  -26.911  -41.812  23.281 0.0000000000
71317  -51.303  -18.986  -1.128 0.0000000000
51361  -4.475  -40.568  25.682 0.0000000000
50394  -4.781  -41.257  25.137 0.0000000000
50396  -5.862  -41.642  24.919 0.0000000000
49474  -6.998  -41.997  25.266 0.0000000000
49465  -6.175  -42.082  25.632 0.0000000000
48466  -8.264  -43.100  26.268 0.0000000000
47445  -8.596  -45.114  27.424 0.0000000000
45498  -8.292  -46.894  25.273 0.0000000000
135495  -48.630  -26.699  9.676 0.0000000000
63827  -49.047  -26.951  10.236 0.0000000000
62953  -45.753  -29.049  8.517 0.0000000000
62952  -44.989  -28.491  7.962 0.0000000000
126740  -46.195  -28.103  8.787 0.0000000000
64712  -45.965  -27.098  8.471 0.0000000000
64713  -46.667  -26.516  8.504 0.0000000000
64699  -48.000  -26.868  9.390 0.0000000000
40021  -16.489  -50.511  32.430 0.0000000000
138427  -15.469  -50.263  33.258 0.0000000000
131243  -15.786  -50.403  32.806 0.0000000000
40020  -15.310  -50.210  32.493 0.0000000000
41202  -13.673  -49.746  32.302 0.0000000000
41210  -13.829  -49.819  31.391 0.0000000000
41222  -13.350  -49.938  30.518 0.0000000000
47485  -22.785  -44.123  24.445 0.0000000000
46461  -20.844  -44.305  25.440 0.0000000000
45501  -19.412  -46.557  25.641 0.0000000000
45491  -19.526  -46.826  26.537 0.0000000000
44443  -19.902  -47.103  28.179 0.0000000000
44434  -19.930  -47.939  28.128 0.0000000000
43373  -19.779  -48.647  28.554 0.0000000000
119406  -19.198  -49.131  28.989 0.0000000000
42326  -19.039  -48.866  28.217 0.0000000000
135264  -18.222  -49.163  27.816 0.0000000000
42335  -17.476  -49.349  27.383 0.0000000000
42360  -15.274  -49.169  25.875 0.0000000000
42331  -14.015  -49.800  26.830 0.0000000000
41264  -13.705  -49.970  27.549 0.0000000000
58147  -8.221  -33.348  24.329 0.0000000000
55270  -7.172  -36.449  21.741 0.0000000000
55291  -6.388  -36.442  21.111 0.0000000000
56252  -6.124  -35.540  20.762 0.0000000000
56271  -5.629  -34.997  20.340 0.0000000000
56251  -5.482  -35.826  20.239 0.0000000000
56290  -5.377  -35.807  19.816 0.0000000000
55323  -5.920  -35.812  18.911 0.0000000000
50443  -11.483  -41.519  20.612 0.0000000000
119312  -10.516  -40.444  20.778 0.0000000000
51395  -11.405  -40.980  20.118 0.0000000000
51411  -11.237  -40.621  18.700 0.0000000000
134113  -10.931  -40.154  18.396 0.0000000000
51442  -8.280  -40.252  16.307 0.0000000000
122913  -7.727  -39.792  16.074 0.0000000000
52427  -7.640  -39.052  16.030 0.0000000000
53398  -7.550  -38.158  16.042 0.0000000000
54324  -8.246  -37.399  16.621 0.0000000000
54335  -6.600  -37.868  15.726 0.0000000000
54334  -5.634  -37.319  15.459 0.0000000000
127680  -4.744  -36.752  15.153 0.0000000000
54333  -4.177  -37.577  14.976 0.0000000000
42244  -8.994  -48.792  35.930 0.0000000000
44395  -8.931  -47.207  35.816 0.0000000000
43310  -8.862  -48.038  35.408 0.0000000000
43319  -8.648  -48.102  35.060 0.0000000000
120781  -7.264  -49.863  33.860 0.0000000000
43333  -7.907  -49.263  34.200 0.0000000000
43334  -8.085  -48.929  33.855 0.0000000000
45452  -7.595  -46.980  33.424 0.0000000000
43342  -8.340  -48.334  31.150 0.0000000000
43347  -8.040  -48.812  30.474 0.0000000000
120074  -3.780  -49.650  29.064 0.0000000000
142723  -4.845  -49.483  29.641 0.0000000000
125805  -3.918  -49.343  28.361 0.0000000000
43381  -4.246  -48.733  27.080 0.0000000000
43394  -4.001  -48.505  26.238 0.0000000000
43380  -3.780  -48.895  26.703 0.0000000000
43392  -3.555  -49.140  25.619 0.0000000000
42365  -3.308  -50.065  25.134 0.0000000000
124860  -1.488  -55.125  29.494 0.0000000000
36706  -1.119  -54.379  29.000 0.0000000000
37800  -1.312  -53.495  29.301 0.0000000000
36717  -1.192  -54.467  27.946 0.0000000000
37864  -3.480  -53.258  25.295 0.0000000000
42450  -36.470  -48.508  17.526 0.0000000000
43538  -37.202  -48.334  17.388 0.0000000000
42451  -36.948  -48.100  18.002 0.0000000000
120619  -38.548  -47.706  17.978 0.0000000000
120636  -39.559  -47.108  18.651 0.0000000000
43509  -38.359  -47.630  19.550 0.0000000000
143301  -39.887  -46.618  19.039 0.0000000000
46534  -40.090  -45.571  19.859 0.0000000000
46521  -40.127  -44.870  20.301 0.0000000000
45549  -35.444  -45.817  21.231 0.0000000000
121720  -35.641  -46.422  20.827 0.0000000000
44538  -35.528  -46.563  20.532 0.0000000000
43493  -36.047  -47.237  20.618 0.0000000000
119395  -35.639  -47.015  19.936 0.0000000000
43508  -35.488  -47.273  19.316 0.0000000000
42434  -35.882  -48.155  18.062 0.0000000000
44478  -35.989  -46.366  24.625 0.0000000000
44497  -36.459  -47.071  24.217 0.0000000000
44496  -36.036  -46.806  24.101 0.0000000000
44512  -35.725  -46.280  23.535 0.0000000000
129614  -35.692  -45.770  22.204 0.0000000000
69506  -51.668  -21.763  7.033 0.0000000000
68636  -52.155  -21.795  7.904 0.0000000000
66692  -46.922  -24.502  6.293 0.0000000000
66699  -46.619  -24.231  5.551 0.0000000000
66707  -46.415  -23.918  4.910 0.0000000000
141207  -46.765  -23.641  4.643 0.0000000000
67673  -47.908  -22.936  4.215 0.0000000000
67662  -48.506  -22.860  4.623 0.0000000000
67658  -49.154  -22.726  5.133 0.0000000000
68655  -49.798  -22.597  5.646 0.0000000000
68646  -50.387  -22.438  6.146 0.0000000000
63787  -40.840  -26.919  13.129 0.0000000000
64674  -41.171  -26.629  13.786 0.0000000000
64673  -40.476  -26.879  13.723 0.0000000000
64657  -40.507  -26.619  14.435 0.0000000000
123694  -40.139  -26.528  15.166 0.0000000000
59278  -38.066  -32.336  10.484 0.0000000000
60256  -39.018  -30.716  11.142 0.0000000000
132997  -39.364  -29.147  11.522 0.0000000000
132293  -39.495  -28.717  12.037 0.0000000000
135552  -5.366  -31.319  23.528 0.0000000000
120138  -9.037  -45.718  22.781 0.0000000000
45554  -7.483  -46.723  21.059 0.0000000000
45553  -6.757  -46.720  21.731 0.0000000000
44530  -7.095  -47.191  21.244 0.0000000000
43513  -7.524  -48.235  18.920 0.0000000000
124155  -7.247  -48.928  18.596 0.0000000000
42429  -6.789  -49.423  18.187 0.0000000000
41366  -7.128  -50.818  18.704 0.0000000000
40172  -7.324  -51.472  19.301 0.0000000000
40181  -6.803  -51.595  18.655 0.0000000000
39069  -6.149  -52.343  18.612 0.0000000000
39999  -11.281  -50.265  33.555 0.0000000000
38896  -10.663  -50.575  33.631 0.0000000000
118905  -10.246  -50.840  33.421 0.0000000000
37780  -9.625  -51.266  33.354 0.0000000000
38905  -9.520  -51.362  32.517 0.0000000000
38900  -9.015  -51.662  32.877 0.0000000000
133669  -8.337  -52.238  32.790 0.0000000000
56351  -40.425  -35.085  16.621 0.0000000000
57249  -41.542  -33.875  17.259 0.0000000000
56352  -41.111  -34.543  17.092 0.0000000000
48554  -38.002  -43.147  16.964 0.0000000000
49555  -37.672  -42.439  17.303 0.0000000000
50482  -37.276  -41.759  17.692 0.0000000000
51418  -37.385  -40.283  18.756 0.0000000000
51432  -36.364  -40.368  17.513 0.0000000000
143025  -35.938  -39.133  17.099 0.0000000000
53403  -37.001  -37.756  17.308 0.0000000000
54328  -38.216  -36.778  16.947 0.0000000000
54316  -38.552  -37.200  17.629 0.0000000000
55349  -39.366  -36.047  16.669 0.0000000000
123564  -30.168  -42.334  29.281 0.0000000000
47396  -30.071  -42.749  29.021 0.0000000000
48474  -33.321  -42.655  25.662 0.0000000000
50404  -31.320  -41.111  24.141 0.0000000000
50413  -29.970  -40.718  23.682 0.0000000000
70484  -50.918  -19.850  0.157 0.0000000000
71303  -51.787  -19.700  0.435 0.0000000000
71309  -51.563  -19.335  -0.362 0.0000000000
71318  -52.112  -18.912  -0.937 0.0000000000
72195  -53.861  -18.689  -0.524 0.0000000000
72184  -54.793  -18.853  1.331 0.0000000000
49446  -5.238  -42.555  27.277 0.0000000000
48452  -5.743  -42.850  27.059 0.0000000000
48440  -6.204  -43.581  27.579 0.0000000000
46441  -8.213  -45.437  28.113 0.0000000000
46436  -8.430  -46.175  28.260 0.0000000000
62945  -47.412  -28.477  9.960 0.0000000000
62937  -48.224  -28.243  11.097 0.0000000000
61152  -42.878  -31.263  8.062 0.0000000000
119857  -42.263  -31.242  7.425 0.0000000000
62084  -43.400  -30.490  6.038 0.0000000000
143574  -45.810  -31.259  8.603 0.0000000000
41190  -16.725  -49.623  34.799 0.0000000000
41195  -17.812  -49.412  33.420 0.0000000000
40004  -17.187  -49.962  32.832 0.0000000000
40013  -16.826  -50.324  32.589 0.0000000000
40022  -17.154  -50.431  32.060 0.0000000000
40030  -16.756  -50.570  31.754 0.0000000000
41225  -16.272  -50.471  30.310 0.0000000000
46478  -20.347  -45.890  22.836 0.0000000000
45528  -19.991  -46.227  23.460 0.0000000000
45527  -19.497  -46.544  23.952 0.0000000000
45513  -19.423  -46.476  24.733 0.0000000000
45512  -19.041  -46.771  24.390 0.0000000000
44470  -18.933  -46.945  25.262 0.0000000000
44469  -18.225  -47.419  25.426 0.0000000000
43413  -18.164  -47.857  26.156 0.0000000000
43399  -17.751  -48.426  26.503 0.0000000000
43412  -17.503  -47.923  25.715 0.0000000000
43411  -16.424  -48.337  25.501 0.0000000000
56228  -9.213  -35.515  24.517 0.0000000000
127645  -8.837  -36.272  23.999 0.0000000000
123608  -8.582  -36.009  23.116 0.0000000000
55253  -7.998  -36.545  22.670 0.0000000000
54256  -7.038  -38.104  22.526 0.0000000000
54270  -7.369  -37.085  22.263 0.0000000000
54282  -6.467  -37.578  21.090 0.0000000000
54291  -6.894  -37.691  20.292 0.0000000000
48548  -9.167  -43.181  17.759 0.0000000000
125182  -9.551  -42.433  17.497 0.0000000000
49549  -8.650  -42.682  17.291 0.0000000000
49568  -8.134  -42.262  16.896 0.0000000000
50491  -8.064  -41.593  16.593 0.0000000000
49547  -6.388  -42.626  17.060 0.0000000000
50490  -6.987  -41.340  16.345 0.0000000000
51440  -6.227  -40.656  15.969 0.0000000000
51459  -4.313  -40.114  15.400 0.0000000000
142699  -8.990  -43.987  34.557 0.0000000000
47336  -6.547  -44.847  35.619 0.0000000000
41184  -7.175  -50.588  34.652 0.0000000000
41191  -5.215  -50.604  33.220 0.0000000000
42263  -6.270  -50.303  33.483 0.0000000000
42270  -6.134  -50.023  33.046 0.0000000000
42277  -6.761  -49.772  32.570 0.0000000000
42284  -6.180  -49.733  31.801 0.0000000000
42295  -4.523  -49.589  30.966 0.0000000000
42281  -3.415  -49.850  31.305 0.0000000000
42293  -3.449  -49.901  30.543 0.0000000000
42307  -3.561  -49.893  29.763 0.0000000000
41247  -3.101  -50.540  28.002 0.0000000000
46595  -38.013  -45.106  15.654 0.0000000000
46565  -39.392  -46.089  17.735 0.0000000000
46564  -39.082  -45.883  17.078 0.0000000000
126542  -38.755  -45.364  16.780 0.0000000000
47571  -38.722  -44.529  17.155 0.0000000000
49556  -38.270  -42.898  17.718 0.0000000000
50460  -38.889  -41.680  19.675 0.0000000000
51408  -38.604  -40.893  19.713 0.0000000000
47439  -34.149  -43.200  27.358 0.0000000000
47471  -34.112  -43.834  26.091 0.0000000000
128372  -35.085  -45.160  25.084 0.0000000000
46454  -34.772  -44.577  25.500 0.0000000000
46463  -34.497  -44.350  25.588 0.0000000000
47481  -34.121  -44.008  25.422 0.0000000000
48503  -33.589  -42.849  22.623 0.0000000000
134172  -34.125  -43.641  22.702 0.0000000000
68658  -49.971  -22.010  3.978 0.0000000000
68664  -49.290  -22.156  3.257 0.0000000000
68680  -49.019  -22.057  2.303 0.0000000000
69545  -52.148  -20.817  3.373 0.0000000000
70452  -53.607  -20.121  3.568 0.0000000000
63790  -44.635  -27.570  13.647 0.0000000000
128573  -43.907  -27.182  13.715 0.0000000000
64644  -42.585  -26.287  15.303 0.0000000000
62933  -43.493  -28.728  10.478 0.0000000000
136162  -25.746  -44.164  25.521 0.0000000000
47466  -25.248  -43.930  26.062 0.0000000000
135913  -24.988  -43.909  25.532 0.0000000000
122149  -24.281  -43.825  25.050 0.0000000000
47486  -23.546  -43.959  24.269 0.0000000000
46480  -22.103  -44.850  23.049 0.0000000000
46479  -21.016  -45.523  22.838 0.0000000000
128918  -4.721  -29.972  20.337 0.0000000000
59203  -5.274  -32.470  18.274 0.0000000000
127968  -5.299  -33.079  17.807 0.0000000000
50409  -7.519  -41.121  23.223 0.0000000000
50419  -7.819  -40.745  22.635 0.0000000000
50420  -8.720  -41.058  23.072 0.0000000000
127509  -10.218  -41.178  22.433 0.0000000000
50422  -10.970  -41.535  22.196 0.0000000000
49498  -11.226  -42.155  22.661 0.0000000000
50423  -11.452  -41.986  21.882 0.0000000000
50430  -11.263  -41.420  21.400 0.0000000000
49516  -11.501  -42.401  20.437 0.0000000000
49523  -11.191  -42.888  19.134 0.0000000000
48533  -10.524  -43.266  18.702 0.0000000000
47499  -9.647  -45.386  22.153 0.0000000000
47505  -9.941  -45.077  21.438 0.0000000000
47512  -10.093  -44.721  20.708 0.0000000000
138261  -8.830  -45.438  20.067 0.0000000000
47526  -9.486  -44.886  20.026 0.0000000000
47527  -10.271  -44.253  19.928 0.0000000000
48522  -10.004  -43.951  19.090 0.0000000000
48532  -9.608  -43.616  18.387 0.0000000000
119991  -7.066  -44.170  17.546 0.0000000000
119845  -6.943  -44.964  17.667 0.0000000000
47560  -6.255  -44.213  17.481 0.0000000000
119588  -4.785  -44.735  17.486 0.0000000000
42428  -6.106  -49.741  17.877 0.0000000000
129035  -9.814  -47.763  36.017 0.0000000000
42246  -10.280  -48.996  35.855 0.0000000000
43312  -10.103  -48.328  35.927 0.0000000000
129924  -9.501  -48.285  35.847 0.0000000000
42252  -8.227  -49.522  35.849 0.0000000000
41174  -7.603  -50.112  35.793 0.0000000000
38890  -10.480  -50.677  34.048 0.0000000000
38883  -9.619  -51.143  34.924 0.0000000000
38888  -9.096  -51.453  34.442 0.0000000000
38882  -8.861  -51.295  35.347 0.0000000000
39984  -8.521  -50.992  36.046 0.0000000000
39983  -7.717  -50.796  35.970 0.0000000000
39982  -7.399  -50.519  35.259 0.0000000000
39998  -5.887  -51.474  33.929 0.0000000000
38892  -5.946  -52.301  34.043 0.0000000000
38898  -4.167  -51.878  32.496 0.0000000000
38903  -3.521  -52.360  31.911 0.0000000000
61118  -40.178  -30.747  14.613 0.0000000000
61111  -39.936  -30.069  15.409 0.0000000000
60208  -40.779  -31.293  16.447 0.0000000000
49582  -37.158  -42.947  15.731 0.0000000000
50511  -36.085  -41.877  15.997 0.0000000000
57315  -38.195  -34.639  14.011 0.0000000000
143031  -38.666  -34.218  13.724 0.0000000000
131414  -39.526  -34.276  14.586 0.0000000000
57316  -39.246  -33.977  13.910 0.0000000000
58250  -39.566  -33.362  13.491 0.0000000000
59263  -40.280  -32.412  13.765 0.0000000000
60228  -40.384  -31.653  14.169 0.0000000000
47392  -27.673  -43.217  29.279 0.0000000000
47410  -26.791  -43.298  28.417 0.0000000000
47432  -26.668  -43.672  27.844 0.0000000000
119474  -26.605  -43.972  27.304 0.0000000000
119586  -26.516  -44.385  26.388 0.0000000000
48405  -32.107  -41.993  29.029 0.0000000000
47417  -32.824  -42.338  28.125 0.0000000000
47398  -32.077  -42.129  28.561 0.0000000000
48404  -31.533  -42.018  29.221 0.0000000000
47397  -31.022  -42.361  28.755 0.0000000000
49451  -32.298  -42.136  26.979 0.0000000000
48447  -31.533  -42.164  27.786 0.0000000000
48460  -30.940  -41.805  26.916 0.0000000000
48433  -30.852  -42.513  28.259 0.0000000000
48432  -29.851  -42.773  28.336 0.0000000000
47435  -29.549  -42.971  28.636 0.0000000000
143677  -28.962  -43.181  28.491 0.0000000000
119369  -28.485  -43.265  28.011 0.0000000000
47453  -28.049  -43.654  27.387 0.0000000000
48457  -28.193  -43.385  26.451 0.0000000000
119992  -27.958  -43.794  26.808 0.0000000000
47452  -27.441  -44.044  26.946 0.0000000000
119365  -26.993  -44.287  26.297 0.0000000000
125569  -26.296  -44.090  25.049 0.0000000000
48481  -25.607  -43.418  24.226 0.0000000000
48493  -26.154  -42.770  23.969 0.0000000000
48492  -25.474  -42.847  23.533 0.0000000000
72210  -53.447  -18.489  -1.965 0.0000000000
143182  -54.846  -18.050  -2.927 0.0000000000
54232  -7.451  -38.137  24.989 0.0000000000
53333  -6.996  -38.520  24.118 0.0000000000
53332  -6.439  -39.150  24.145 0.0000000000
52379  -6.107  -40.147  23.538 0.0000000000
51376  -6.371  -40.601  23.409 0.0000000000
53322  -5.514  -39.248  25.681 0.0000000000
52366  -4.653  -40.166  25.350 0.0000000000
52367  -5.025  -39.792  25.117 0.0000000000
52371  -5.233  -40.155  24.524 0.0000000000
52378  -5.577  -40.400  24.114 0.0000000000
51375  -5.714  -40.770  23.953 0.0000000000
51377  -6.678  -40.915  23.320 0.0000000000
50410  -8.473  -41.452  23.748 0.0000000000
50403  -9.244  -41.780  24.256 0.0000000000
49475  -7.838  -41.834  24.783 0.0000000000
49476  -8.912  -42.099  24.900 0.0000000000
49477  -9.858  -42.352  24.655 0.0000000000
48478  -10.278  -43.127  24.922 0.0000000000
47484  -10.488  -44.465  24.541 0.0000000000
46477  -10.142  -45.274  24.139 0.0000000000
48453  -6.587  -43.198  26.856 0.0000000000
48455  -8.748  -43.799  26.581 0.0000000000
47461  -9.135  -44.774  26.705 0.0000000000
48456  -9.567  -44.162  26.166 0.0000000000
47475  -10.006  -44.574  25.632 0.0000000000
46468  -10.217  -45.037  24.997 0.0000000000
45524  -9.568  -45.678  23.573 0.0000000000
45523  -8.878  -46.028  23.656 0.0000000000
45522  -7.094  -46.004  23.142 0.0000000000
45509  -7.768  -46.671  24.553 0.0000000000
119741  -6.888  -46.297  23.839 0.0000000000
45521  -6.143  -46.241  23.120 0.0000000000
44516  -5.029  -47.301  22.963 0.0000000000
43455  -4.673  -47.944  23.189 0.0000000000
65692  -49.181  -24.950  8.898 0.0000000000
65680  -50.266  -25.230  9.861 0.0000000000
63804  -45.578  -28.234  12.777 0.0000000000
62864  -39.305  -28.140  16.050 0.0000000000
62961  -43.382  -28.249  7.068 0.0000000000
63860  -43.300  -27.152  6.988 0.0000000000
135529  -44.381  -28.005  7.716 0.0000000000
64729  -45.123  -25.711  7.057 0.0000000000
137582  -45.802  -25.547  7.217 0.0000000000
65690  -47.070  -25.806  8.221 0.0000000000
119058  -47.728  -25.441  8.215 0.0000000000
42248  -12.282  -48.853  36.461 0.0000000000
41179  -12.269  -49.680  35.008 0.0000000000
39993  -12.447  -49.905  34.042 0.0000000000
42259  -15.720  -49.302  35.329 0.0000000000
41188  -15.063  -49.926  34.997 0.0000000000
41187  -14.273  -49.951  34.477 0.0000000000
40002  -15.123  -50.089  33.582 0.0000000000
39995  -14.701  -49.976  34.010 0.0000000000
39994  -13.931  -49.930  33.899 0.0000000000
142959  -13.211  -49.875  33.917 0.0000000000
119886  -12.109  -49.959  33.537 0.0000000000
40008  -11.694  -50.081  33.366 0.0000000000
40017  -11.745  -50.055  32.523 0.0000000000
40027  -12.011  -50.065  31.730 0.0000000000
139519  -11.323  -50.489  31.252 0.0000000000
120765  -24.452  -43.563  26.231 0.0000000000
47448  -23.695  -43.202  26.834 0.0000000000
47429  -23.274  -42.864  27.832 0.0000000000
128808  -21.074  -44.054  29.261 0.0000000000
46469  -20.290  -45.332  24.609 0.0000000000
46452  -20.596  -44.435  26.206 0.0000000000
45492  -19.635  -45.953  26.072 0.0000000000
137459  -19.950  -45.272  26.549 0.0000000000
132172  -20.380  -44.685  27.070 0.0000000000
130783  -20.813  -44.844  29.960 0.0000000000
45480  -20.156  -46.708  29.551 0.0000000000
45475  -20.420  -46.847  30.327 0.0000000000
44423  -20.586  -46.935  30.972 0.0000000000
126772  -19.127  -48.646  31.191 0.0000000000
42286  -18.735  -49.220  30.889 0.0000000000
41215  -18.323  -49.627  30.708 0.0000000000
42313  -19.113  -49.223  29.716 0.0000000000
41228  -18.443  -49.580  30.094 0.0000000000
41227  -17.953  -49.922  30.502 0.0000000000
122983  -17.662  -50.128  30.273 0.0000000000
41226  -17.117  -50.414  30.426 0.0000000000
42348  -17.284  -49.030  26.794 0.0000000000
42334  -16.799  -49.752  27.570 0.0000000000
119852  -16.087  -49.679  26.997 0.0000000000
42323  -16.763  -50.026  28.246 0.0000000000
41238  -15.721  -50.319  29.431 0.0000000000
41237  -14.721  -50.019  29.691 0.0000000000
119782  -13.800  -49.942  29.796 0.0000000000
41250  -13.319  -50.071  28.414 0.0000000000
122481  -12.458  -50.359  29.121 0.0000000000
122357  -5.775  -31.617  24.130 0.0000000000
56229  -9.164  -34.649  24.163 0.0000000000
57204  -8.756  -34.468  23.336 0.0000000000
58155  -8.237  -33.654  23.452 0.0000000000
129621  -7.484  -33.305  22.952 0.0000000000
58153  -6.788  -32.820  22.594 0.0000000000
59172  -6.008  -32.270  22.269 0.0000000000
58165  -5.723  -32.400  21.297 0.0000000000
58171  -5.859  -32.943  20.608 0.0000000000
57220  -5.395  -34.515  19.930 0.0000000000
57237  -5.423  -34.443  17.933 0.0000000000
51384  -7.653  -40.196  22.090 0.0000000000
52396  -8.111  -39.623  21.404 0.0000000000
52401  -8.513  -39.153  20.731 0.0000000000
53370  -8.071  -38.596  20.421 0.0000000000
53377  -8.491  -38.174  19.701 0.0000000000
54300  -7.822  -37.589  19.491 0.0000000000
50475  -10.413  -41.392  17.558 0.0000000000
137556  -10.320  -40.701  17.447 0.0000000000
51425  -10.496  -39.933  17.763 0.0000000000
52429  -9.377  -39.477  16.810 0.0000000000
52418  -9.911  -39.296  17.342 0.0000000000
53385  -10.236  -38.832  18.346 0.0000000000
53384  -9.588  -38.181  18.320 0.0000000000
55325  -7.507  -36.697  18.217 0.0000000000
55324  -6.710  -36.138  17.892 0.0000000000
55346  -7.547  -36.704  16.615 0.0000000000
55334  -6.968  -36.139  16.875 0.0000000000
56322  -6.180  -35.515  17.206 0.0000000000
122558  -5.401  -34.235  16.181 0.0000000000
56358  -4.587  -34.975  14.420 0.0000000000
136172  -3.923  -35.683  13.774 0.0000000000
55355  -3.857  -36.836  14.247 0.0000000000
55366  -3.896  -36.234  13.754 0.0000000000
46422  -4.100  -45.291  31.437 0.0000000000
46368  -10.092  -45.913  36.224 0.0000000000
46374  -9.566  -45.301  36.115 0.0000000000
46373  -8.806  -45.362  36.119 0.0000000000
46366  -8.805  -45.983  36.048 0.0000000000
46384  -7.298  -45.083  35.845 0.0000000000
43318  -8.421  -48.344  34.695 0.0000000000
44402  -8.014  -47.022  34.595 0.0000000000
131223  -8.205  -48.848  34.320 0.0000000000
45433  -7.146  -46.124  34.857 0.0000000000
46382  -5.926  -45.070  35.165 0.0000000000
136837  -5.555  -45.226  34.707 0.0000000000
46399  -4.945  -45.183  34.014 0.0000000000
46406  -4.577  -45.507  33.045 0.0000000000
46414  -4.590  -45.658  32.044 0.0000000000
45474  -7.783  -46.669  30.741 0.0000000000
45478  -7.951  -46.440  29.946 0.0000000000
44433  -8.428  -47.470  28.815 0.0000000000
44442  -8.352  -47.823  27.934 0.0000000000
129227  -6.837  -49.613  31.067 0.0000000000
42297  -7.385  -49.350  30.536 0.0000000000
42311  -7.505  -49.223  29.872 0.0000000000
42309  -5.687  -49.468  29.341 0.0000000000
42310  -6.837  -49.373  29.267 0.0000000000
43357  -7.794  -48.921  29.094 0.0000000000
43371  -7.593  -48.774  28.298 0.0000000000
43385  -7.999  -48.378  27.889 0.0000000000
44441  -8.023  -48.134  27.159 0.0000000000
43397  -7.100  -48.369  26.830 0.0000000000
44453  -6.541  -47.913  26.007 0.0000000000
44464  -5.502  -47.508  25.270 0.0000000000
143652  -4.432  -48.172  25.881 0.0000000000
44451  -4.506  -47.761  25.276 0.0000000000
123489  -4.661  -47.303  24.585 0.0000000000
44502  -4.285  -47.593  23.969 0.0000000000
133677  -4.308  -48.738  23.464 0.0000000000
42382  -4.725  -49.628  23.084 0.0000000000
136924  -2.768  -52.461  31.366 0.0000000000
36695  -2.571  -54.685  30.593 0.0000000000
36681  -2.933  -54.338  30.960 0.0000000000
125035  -2.788  -53.537  31.082 0.0000000000
38907  -2.294  -52.028  31.017 0.0000000000
141089  -2.166  -51.665  30.613 0.0000000000
40036  -1.958  -51.789  29.942 0.0000000000
38918  -1.810  -51.859  29.052 0.0000000000
40046  -2.359  -51.224  29.418 0.0000000000
138499  -2.311  -51.385  28.629 0.0000000000
40056  -2.662  -51.263  27.822 0.0000000000
40068  -2.919  -51.412  26.897 0.0000000000
37831  -2.313  -53.772  26.458 0.0000000000
38949  -2.885  -52.187  26.564 0.0000000000
122014  -3.216  -50.753  26.531 0.0000000000
121740  -3.343  -50.599  25.745 0.0000000000
41279  -3.339  -50.718  25.279 0.0000000000
41290  -3.314  -50.507  24.928 0.0000000000
40102  -3.384  -51.190  24.776 0.0000000000
41291  -3.394  -50.381  24.516 0.0000000000
130402  -3.562  -50.350  24.005 0.0000000000
41305  -4.356  -50.418  23.417 0.0000000000
41317  -5.302  -50.563  22.782 0.0000000000
40127  -5.924  -51.411  22.490 0.0000000000
130009  -6.426  -52.163  22.109 0.0000000000
36817  -6.425  -54.176  20.120 0.0000000000
38894  -9.446  -51.353  33.694 0.0000000000
40012  -16.143  -50.385  32.994 0.0000000000
40112  -3.528  -51.112  24.240 0.0000000000
41200  -18.216  -49.403  31.946 0.0000000000
41213  -16.582  -50.519  31.077 0.0000000000
41261  -3.053  -50.801  27.243 0.0000000000
41318  -6.129  -50.730  22.256 0.0000000000
42266  -18.211  -48.829  34.337 0.0000000000
42294  -3.711  -49.675  30.977 0.0000000000
42322  -6.301  -49.286  28.627 0.0000000000
42342  -3.669  -49.117  26.317 0.0000000000
42374  -3.539  -49.143  24.283 0.0000000000
42390  -37.138  -48.449  22.182 0.0000000000
42403  -38.175  -47.686  21.405 0.0000000000
42413  -36.564  -47.680  20.075 0.0000000000
43341  -8.199  -48.642  31.905 0.0000000000
43367  -3.872  -49.128  27.597 0.0000000000
43408  -3.940  -48.199  25.438 0.0000000000
43420  -36.846  -47.235  24.153 0.0000000000
43439  -4.064  -48.074  23.870 0.0000000000
43451  -37.280  -48.089  23.283 0.0000000000
43454  -39.383  -46.621  22.747 0.0000000000
43466  -36.238  -47.672  21.870 0.0000000000
43469  -37.967  -48.175  22.576 0.0000000000
43470  -38.496  -47.438  21.663 0.0000000000
43471  -39.273  -46.600  20.856 0.0000000000
43472  -39.495  -46.477  21.353 0.0000000000
43495  -38.420  -47.546  20.147 0.0000000000
43510  -39.036  -47.547  19.189 0.0000000000
44479  -36.611  -46.737  24.504 0.0000000000
44484  -4.347  -47.451  24.170 0.0000000000
44498  -38.494  -46.879  23.915 0.0000000000
44500  -39.927  -46.223  22.502 0.0000000000
44501  -3.950  -48.015  24.343 0.0000000000
44527  -39.962  -46.158  21.080 0.0000000000
44539  -39.614  -46.525  20.471 0.0000000000
44540  -39.900  -46.145  20.580 0.0000000000
44552  -39.788  -46.712  20.040 0.0000000000
44553  -39.945  -46.249  20.344 0.0000000000
45416  -9.131  -46.567  36.123 0.0000000000
45484  -19.884  -46.460  28.759 0.0000000000
45506  -4.687  -47.188  23.718 0.0000000000
45520  -5.245  -46.722  23.398 0.0000000000
45560  -40.249  -45.784  20.954 0.0000000000
46459  -9.814  -45.314  25.564 0.0000000000
48499  -11.336  -43.346  22.253 0.0000000000
48507  -11.384  -43.236  21.655 0.0000000000
49533  -11.411  -42.207  19.064 0.0000000000
49550  -10.380  -42.125  17.728 0.0000000000
50431  -11.552  -41.958  21.160 0.0000000000
50442  -11.129  -40.877  20.777 0.0000000000
51367  -4.805  -40.561  24.776 0.0000000000
51402  -11.376  -40.796  19.382 0.0000000000
51443  -9.025  -40.027  16.571 0.0000000000
52368  -5.575  -39.562  24.922 0.0000000000
52402  -9.318  -39.263  20.373 0.0000000000
52412  -10.632  -39.491  18.424 0.0000000000
53361  -6.959  -38.745  21.512 0.0000000000
53376  -7.716  -38.082  20.144 0.0000000000
53378  -9.366  -38.363  19.237 0.0000000000
53393  -10.349  -39.138  17.907 0.0000000000
53402  -36.225  -38.424  17.102 0.0000000000
54281  -6.118  -36.792  20.536 0.0000000000
54299  -6.393  -37.046  19.884 0.0000000000
54314  -9.287  -37.962  17.435 0.0000000000
55271  -7.588  -36.462  22.197 0.0000000000
56369  -4.253  -35.391  13.937 0.0000000000
58233  -40.707  -33.021  15.138 0.0000000000
60237  -39.907  -32.128  13.074 0.0000000000
70468  -51.602  -20.484  1.635 0.0000000000
119045  -25.095  -43.884  25.057 0.0000000000
119100  -38.450  -47.294  23.463 0.0000000000
119803  -12.940  -50.069  29.815 0.0000000000
120721  -5.698  -43.652  17.395 0.0000000000
121192  -38.885  -46.964  21.197 0.0000000000
121292  -10.533  -39.647  19.600 0.0000000000
122560  -34.746  -44.360  25.947 0.0000000000
123707  -39.010  -47.429  19.876 0.0000000000
124299  -8.148  -47.549  32.851 0.0000000000
124957  -36.867  -47.986  20.884 0.0000000000
128057  -4.611  -41.086  25.418 0.0000000000
130256  -42.650  -31.664  6.613 0.0000000000
132874  -5.314  -33.867  18.265 0.0000000000
133935  -3.717  -48.743  23.995 0.0000000000
135271  -29.257  -43.278  29.137 0.0000000000
137013  -37.813  -48.159  23.031 0.0000000000
137232  -6.817  -48.727  18.094 0.0000000000
137335  -10.330  -50.191  35.464 0.0000000000
138091  -27.502  -43.645  27.922 0.0000000000
138340  -9.405  -40.925  22.612 0.0000000000
138490  -9.843  -41.800  17.346 0.0000000000
138809  -11.427  -42.470  19.619 0.0000000000
139528  -16.938  -48.131  25.649 0.0000000000
139779  -16.192  -50.557  31.611 0.0000000000
140814  -37.072  -46.678  24.523 0.0000000000
140912  -3.732  -48.463  24.503 0.0000000000
141785  -5.766  -51.031  18.057 0.0000000000
142422  -7.157  -45.791  35.206 0.0000000000
143351  -39.022  -47.542  18.490 0.0000000000
143409  -39.583  -46.952  18.169 0.0000000000
143476  -12.436  -50.355  29.818 0.0000000000
