#!ascii label  , from subject sub-v2s8x29218_ses-1 vox2ras=TkReg
1729
59941  44.468  -20.246  6.877 0.0000000000
40653  36.048  -40.649  21.481 0.0000000000
34838  23.460  -46.616  25.229 0.0000000000
27859  24.762  -53.068  30.079 0.0000000000
33757  33.222  -47.169  27.082 0.0000000000
38874  27.329  -42.943  19.817 0.0000000000
53047  37.235  -27.328  10.926 0.0000000000
69055  47.780  -10.782  6.642 0.0000000000
52923  40.456  -27.575  20.665 0.0000000000
47183  37.323  -33.542  18.757 0.0000000000
121318  30.107  -37.387  12.215 0.0000000000
35823  25.499  -45.017  29.615 0.0000000000
124423  24.238  -50.038  27.388 0.0000000000
33700  23.357  -47.467  31.743 0.0000000000
139088  28.503  -46.828  26.274 0.0000000000
55792  44.417  -24.257  18.695 0.0000000000
40591  38.364  -39.972  26.614 0.0000000000
44261  38.978  -36.362  25.919 0.0000000000
47097  39.349  -32.833  23.366 0.0000000000
44307  35.443  -36.419  20.642 0.0000000000
139174  33.053  -35.388  16.107 0.0000000000
41624  33.549  -39.567  17.609 0.0000000000
35947  22.698  -45.881  18.186 0.0000000000
38908  24.203  -42.372  15.297 0.0000000000
64583  46.045  -15.768  5.490 0.0000000000
66401  44.685  -13.764  1.236 0.0000000000
32769  21.127  -48.608  21.000 0.0000000000
30804  23.087  -51.365  23.362 0.0000000000
36921  36.144  -44.812  23.764 0.0000000000
38864  31.993  -41.892  20.738 0.0000000000
35905  30.219  -44.954  24.029 0.0000000000
34863  25.970  -46.265  22.152 0.0000000000
56892  40.525  -23.653  8.482 0.0000000000
30684  21.139  -49.458  33.205 0.0000000000
119265  19.249  -50.543  29.700 0.0000000000
63684  48.729  -16.365  9.832 0.0000000000
58918  45.107  -20.862  11.772 0.0000000000
55858  42.703  -24.537  13.599 0.0000000000
52971  38.951  -27.510  15.791 0.0000000000
132404  39.244  -32.859  16.495 0.0000000000
129267  43.020  -30.026  23.657 0.0000000000
46156  41.566  -35.241  20.502 0.0000000000
44363  38.407  -38.382  18.032 0.0000000000
46239  35.726  -33.773  14.189 0.0000000000
40718  29.079  -40.322  15.579 0.0000000000
35787  25.353  -44.387  31.588 0.0000000000
34751  24.096  -46.108  30.559 0.0000000000
134383  23.769  -45.134  32.841 0.0000000000
35812  27.424  -44.827  30.214 0.0000000000
40639  38.255  -41.000  24.261 0.0000000000
42460  37.464  -38.626  23.636 0.0000000000
44292  36.859  -36.113  23.075 0.0000000000
42489  35.741  -38.468  21.189 0.0000000000
124414  34.398  -38.109  18.916 0.0000000000
40668  34.963  -40.242  19.624 0.0000000000
33848  20.611  -48.061  17.016 0.0000000000
34938  21.185  -46.380  15.569 0.0000000000
61793  45.266  -18.125  6.125 0.0000000000
62791  43.052  -17.073  3.912 0.0000000000
137678  42.825  -19.509  4.686 0.0000000000
33814  22.417  -47.344  23.618 0.0000000000
121439  21.987  -50.183  22.516 0.0000000000
132309  22.922  -49.306  24.564 0.0000000000
29737  26.022  -52.555  28.563 0.0000000000
28793  25.455  -52.711  26.686 0.0000000000
26967  25.365  -54.137  28.246 0.0000000000
27877  22.986  -53.478  28.460 0.0000000000
36899  36.556  -44.622  25.282 0.0000000000
134291  34.598  -46.500  25.239 0.0000000000
36924  32.920  -44.577  23.907 0.0000000000
127685  31.252  -46.076  25.275 0.0000000000
129322  25.609  -45.238  25.873 0.0000000000
117617  27.340  -46.866  24.130 0.0000000000
35909  24.842  -45.858  23.568 0.0000000000
130661  23.660  -46.398  21.952 0.0000000000
54948  39.049  -25.869  9.466 0.0000000000
55002  39.331  -25.485  5.883 0.0000000000
53082  38.146  -27.106  7.127 0.0000000000
30734  16.997  -51.097  30.518 0.0000000000
57862  44.383  -22.426  12.570 0.0000000000
56820  45.001  -22.863  14.818 0.0000000000
54795  41.934  -24.884  19.928 0.0000000000
54827  41.932  -25.627  17.267 0.0000000000
52935  39.737  -27.234  18.535 0.0000000000
137911  38.427  -30.148  16.394 0.0000000000
130753  39.661  -30.120  18.358 0.0000000000
47146  38.495  -33.171  20.649 0.0000000000
46130  41.756  -34.544  21.402 0.0000000000
46158  40.310  -35.700  20.256 0.0000000000
44312  40.618  -36.953  19.740 0.0000000000
46188  38.376  -35.735  18.514 0.0000000000
45286  36.652  -35.409  15.039 0.0000000000
47219  36.261  -33.585  16.574 0.0000000000
46240  32.573  -34.466  13.371 0.0000000000
39769  29.624  -42.053  19.934 0.0000000000
138148  30.028  -41.206  18.442 0.0000000000
39785  27.705  -41.807  18.118 0.0000000000
40747  24.836  -40.836  12.890 0.0000000000
70909  48.116  -8.873  3.996 0.0000000000
69997  47.192  -9.681  4.633 0.0000000000
35846  24.754  -45.498  28.055 0.0000000000
138026  23.521  -48.679  26.689 0.0000000000
126783  23.711  -47.481  29.038 0.0000000000
138998  24.108  -49.334  29.686 0.0000000000
30716  24.994  -50.930  30.698 0.0000000000
34746  31.419  -46.064  29.512 0.0000000000
33760  30.165  -47.056  26.622 0.0000000000
33726  28.963  -45.896  28.380 0.0000000000
35832  27.234  -45.158  27.962 0.0000000000
56795  45.969  -23.021  17.452 0.0000000000
55743  42.099  -24.523  22.139 0.0000000000
46088  38.930  -33.982  24.775 0.0000000000
46113  37.130  -34.173  22.418 0.0000000000
141872  35.607  -34.444  20.021 0.0000000000
46190  35.136  -33.871  17.824 0.0000000000
45249  34.272  -35.397  18.519 0.0000000000
43466  33.012  -37.646  16.409 0.0000000000
136257  31.987  -38.329  14.712 0.0000000000
36969  25.122  -44.079  18.909 0.0000000000
38894  25.336  -42.626  17.205 0.0000000000
134364  23.411  -43.979  16.555 0.0000000000
65424  47.525  -13.993  5.799 0.0000000000
67272  46.146  -12.421  4.428 0.0000000000
65434  44.616  -14.785  3.717 0.0000000000
30796  24.288  -51.138  25.298 0.0000000000
37891  37.828  -43.021  24.320 0.0000000000
38838  35.805  -42.336  22.295 0.0000000000
39749  34.624  -41.557  20.829 0.0000000000
38839  33.874  -42.639  22.211 0.0000000000
38842  31.126  -42.867  22.088 0.0000000000
37933  28.712  -43.339  21.622 0.0000000000
120517  28.647  -46.852  24.631 0.0000000000
35920  27.197  -45.584  22.495 0.0000000000
36948  26.583  -44.697  21.140 0.0000000000
35936  24.550  -45.874  20.349 0.0000000000
33831  21.704  -47.324  19.686 0.0000000000
58968  42.678  -21.476  7.246 0.0000000000
131720  42.760  -21.772  4.841 0.0000000000
57952  40.576  -22.946  5.992 0.0000000000
31724  23.463  -49.364  32.991 0.0000000000
29688  22.899  -50.567  32.431 0.0000000000
29705  20.196  -50.680  31.813 0.0000000000
30741  21.801  -50.572  29.517 0.0000000000
65411  48.682  -14.054  7.029 0.0000000000
63710  47.601  -16.357  7.554 0.0000000000
61759  45.926  -18.757  8.132 0.0000000000
125850  44.571  -20.175  9.572 0.0000000000
57908  42.833  -21.922  9.961 0.0000000000
56852  41.765  -24.156  11.200 0.0000000000
121797  40.554  -25.563  12.166 0.0000000000
55820  43.718  -24.578  16.576 0.0000000000
54872  40.750  -25.966  14.520 0.0000000000
53007  38.255  -27.405  13.732 0.0000000000
51035  37.409  -29.650  14.521 0.0000000000
47242  37.909  -32.760  14.359 0.0000000000
51969  41.566  -28.826  22.311 0.0000000000
48130  42.273  -32.347  23.421 0.0000000000
49107  42.137  -32.265  21.961 0.0000000000
49121  40.757  -30.784  20.141 0.0000000000
47181  40.400  -33.772  18.161 0.0000000000
135566  40.422  -37.198  17.920 0.0000000000
47232  34.845  -33.417  15.105 0.0000000000
40671  33.281  -40.859  19.040 0.0000000000
40699  31.592  -40.069  16.706 0.0000000000
134241  29.931  -39.067  14.019 0.0000000000
121150  26.093  -41.363  15.649 0.0000000000
40745  26.999  -39.931  13.111 0.0000000000
140479  24.774  -44.521  32.001 0.0000000000
36805  24.447  -44.033  32.998 0.0000000000
40648  37.149  -40.604  22.954 0.0000000000
41573  37.474  -39.673  23.472 0.0000000000
41589  36.806  -39.774  22.634 0.0000000000
42472  36.657  -38.190  22.672 0.0000000000
41598  36.021  -39.125  21.571 0.0000000000
42506  35.374  -38.854  20.461 0.0000000000
41605  35.413  -39.886  20.367 0.0000000000
60905  44.491  -19.422  5.995 0.0000000000
61795  43.762  -19.112  5.346 0.0000000000
60917  43.480  -19.905  5.271 0.0000000000
34839  23.080  -47.068  24.810 0.0000000000
126761  22.417  -48.102  24.188 0.0000000000
33807  22.896  -47.820  24.895 0.0000000000
27857  26.083  -53.036  29.811 0.0000000000
27875  26.111  -53.173  28.407 0.0000000000
27869  25.017  -53.462  29.206 0.0000000000
26965  23.700  -53.953  28.630 0.0000000000
27870  24.201  -53.345  29.158 0.0000000000
34771  32.801  -46.409  28.056 0.0000000000
34783  34.626  -46.932  27.068 0.0000000000
34797  35.144  -46.550  26.330 0.0000000000
33791  33.791  -47.239  26.007 0.0000000000
122253  32.957  -45.995  25.138 0.0000000000
33792  32.798  -47.047  26.033 0.0000000000
35872  24.850  -45.374  25.472 0.0000000000
35889  24.829  -45.573  24.487 0.0000000000
34819  24.049  -45.896  25.124 0.0000000000
34856  23.543  -46.204  23.654 0.0000000000
53967  38.807  -26.133  10.242 0.0000000000
53978  38.467  -26.258  8.719 0.0000000000
131388  37.026  -27.364  9.161 0.0000000000
58881  47.447  -21.263  15.497 0.0000000000
57842  46.205  -21.866  14.649 0.0000000000
57831  46.309  -22.120  15.526 0.0000000000
53847  40.563  -26.113  20.268 0.0000000000
121986  40.594  -26.080  18.933 0.0000000000
132315  39.823  -27.784  19.178 0.0000000000
52001  39.439  -28.658  18.177 0.0000000000
50983  40.088  -29.363  19.335 0.0000000000
47163  37.500  -33.384  19.475 0.0000000000
47161  39.472  -34.059  20.376 0.0000000000
47182  38.194  -33.879  19.209 0.0000000000
46175  38.991  -35.328  19.289 0.0000000000
46176  37.887  -34.297  18.513 0.0000000000
47218  36.823  -33.937  17.035 0.0000000000
141917  36.397  -33.591  17.220 0.0000000000
130266  28.490  -42.618  20.308 0.0000000000
39770  28.865  -41.911  19.215 0.0000000000
38883  27.935  -42.107  18.886 0.0000000000
126928  47.570  -9.149  5.726 0.0000000000
69067  46.910  -10.649  5.493 0.0000000000
35834  25.265  -45.143  28.680 0.0000000000
34774  24.232  -46.312  28.375 0.0000000000
125500  24.365  -46.165  29.019 0.0000000000
34740  23.538  -46.817  31.003 0.0000000000
32707  23.481  -47.917  30.183 0.0000000000
124722  23.616  -48.492  30.738 0.0000000000
30726  24.725  -50.363  30.173 0.0000000000
31737  24.034  -49.279  31.291 0.0000000000
35809  30.729  -45.050  30.162 0.0000000000
34759  30.009  -46.098  29.103 0.0000000000
34748  29.659  -45.551  29.679 0.0000000000
35813  26.418  -44.836  30.129 0.0000000000
35821  27.392  -45.036  29.494 0.0000000000
130811  26.045  -44.870  29.016 0.0000000000
35845  25.494  -45.039  27.750 0.0000000000
43360  39.122  -37.460  25.944 0.0000000000
45150  39.094  -35.758  27.197 0.0000000000
46066  39.384  -34.703  26.375 0.0000000000
46077  39.202  -34.356  25.546 0.0000000000
46078  38.677  -34.941  25.095 0.0000000000
127111  36.477  -36.270  22.500 0.0000000000
45207  36.744  -35.253  22.688 0.0000000000
45218  36.165  -35.657  21.818 0.0000000000
46132  36.632  -33.911  21.161 0.0000000000
46147  35.609  -34.954  20.558 0.0000000000
46162  34.728  -35.233  19.136 0.0000000000
44314  34.764  -35.883  19.475 0.0000000000
42530  33.962  -38.514  18.066 0.0000000000
43449  33.552  -37.952  17.480 0.0000000000
124957  33.347  -38.473  17.003 0.0000000000
42576  32.833  -38.025  15.825 0.0000000000
42565  32.797  -38.709  16.104 0.0000000000
36971  23.725  -44.848  18.154 0.0000000000
36977  24.173  -44.112  17.743 0.0000000000
36979  22.820  -45.080  17.134 0.0000000000
65425  46.865  -14.512  5.480 0.0000000000
65432  46.221  -14.163  4.854 0.0000000000
64589  45.476  -15.488  4.907 0.0000000000
63766  42.471  -16.480  2.416 0.0000000000
32772  20.863  -48.890  20.153 0.0000000000
135903  21.028  -49.397  20.836 0.0000000000
31758  23.726  -49.230  27.007 0.0000000000
31772  23.749  -49.945  25.876 0.0000000000
30787  24.359  -50.782  25.976 0.0000000000
26991  24.460  -53.316  25.835 0.0000000000
27896  24.419  -52.788  25.238 0.0000000000
35902  36.366  -45.207  24.177 0.0000000000
36898  37.279  -44.181  25.030 0.0000000000
37903  37.390  -43.941  23.710 0.0000000000
38827  37.543  -43.023  23.581 0.0000000000
37918  35.847  -43.160  22.878 0.0000000000
128598  34.940  -42.651  22.334 0.0000000000
128380  34.209  -43.246  22.796 0.0000000000
133296  31.627  -44.343  23.740 0.0000000000
37908  31.953  -43.761  23.275 0.0000000000
36935  30.293  -43.781  23.004 0.0000000000
37932  29.582  -43.140  21.848 0.0000000000
36936  29.551  -44.081  23.045 0.0000000000
33778  29.249  -46.889  26.254 0.0000000000
33794  29.072  -46.994  25.547 0.0000000000
33795  28.529  -47.192  25.348 0.0000000000
119326  26.146  -46.495  22.767 0.0000000000
34852  27.327  -46.704  23.712 0.0000000000
35921  26.571  -45.861  22.185 0.0000000000
35927  26.900  -45.055  21.820 0.0000000000
35928  26.242  -45.564  21.594 0.0000000000
35935  25.236  -45.633  20.645 0.0000000000
34874  24.906  -46.263  21.001 0.0000000000
33821  21.964  -47.100  21.498 0.0000000000
34872  22.622  -46.729  20.920 0.0000000000
33825  21.208  -47.921  20.399 0.0000000000
57925  41.436  -22.469  8.335 0.0000000000
57951  41.307  -22.357  6.403 0.0000000000
57940  40.658  -22.819  6.972 0.0000000000
55026  39.916  -25.496  4.824 0.0000000000
31726  22.185  -49.406  33.042 0.0000000000
30698  23.187  -50.012  32.951 0.0000000000
29689  22.185  -50.259  32.706 0.0000000000
30721  18.761  -51.014  31.346 0.0000000000
30720  19.631  -50.753  31.143 0.0000000000
139597  21.329  -50.359  30.889 0.0000000000
30730  20.709  -50.348  29.949 0.0000000000
30754  21.819  -50.790  28.689 0.0000000000
30756  20.087  -50.317  28.117 0.0000000000
67243  49.935  -12.550  7.894 0.0000000000
64553  48.746  -15.503  8.642 0.0000000000
63700  47.784  -16.569  8.203 0.0000000000
62752  46.692  -17.541  7.372 0.0000000000
61757  47.113  -17.855  9.082 0.0000000000
60836  45.919  -19.720  11.113 0.0000000000
60854  45.571  -19.325  9.469 0.0000000000
59909  44.592  -20.463  10.344 0.0000000000
58942  43.965  -20.728  9.735 0.0000000000
58930  44.157  -21.156  10.686 0.0000000000
56828  43.650  -23.608  13.431 0.0000000000
56850  43.072  -23.325  11.861 0.0000000000
55877  42.598  -24.275  12.744 0.0000000000
54912  41.045  -25.067  11.768 0.0000000000
54887  41.536  -25.241  13.206 0.0000000000
55809  45.035  -23.898  18.238 0.0000000000
56796  44.797  -23.906  17.503 0.0000000000
55811  43.827  -24.563  17.393 0.0000000000
53886  40.414  -26.288  16.508 0.0000000000
53885  41.088  -25.902  16.013 0.0000000000
53897  40.371  -26.282  15.549 0.0000000000
53911  39.309  -26.699  14.077 0.0000000000
52989  38.977  -27.125  14.891 0.0000000000
52053  37.458  -28.888  14.248 0.0000000000
52036  38.130  -28.780  15.537 0.0000000000
49179  38.742  -31.586  16.470 0.0000000000
49197  38.288  -31.351  15.883 0.0000000000
47217  38.896  -32.817  15.970 0.0000000000
46211  39.374  -34.376  15.955 0.0000000000
50944  42.198  -29.210  22.851 0.0000000000
47079  40.174  -32.716  24.428 0.0000000000
47065  41.746  -32.185  24.637 0.0000000000
47095  41.751  -32.852  23.120 0.0000000000
46143  41.720  -34.904  21.015 0.0000000000
47125  42.052  -34.012  21.829 0.0000000000
48157  42.002  -33.557  20.982 0.0000000000
49108  41.611  -31.360  21.430 0.0000000000
48171  41.505  -33.387  20.156 0.0000000000
49146  40.527  -31.956  18.986 0.0000000000
46157  41.405  -35.221  19.856 0.0000000000
44327  39.465  -38.016  19.123 0.0000000000
45257  40.667  -37.124  18.937 0.0000000000
43447  39.762  -38.756  18.546 0.0000000000
43463  39.901  -39.075  17.755 0.0000000000
43464  38.583  -39.136  17.787 0.0000000000
125037  37.338  -37.874  16.138 0.0000000000
46223  36.294  -34.410  14.517 0.0000000000
45295  36.500  -35.480  14.084 0.0000000000
46192  33.887  -34.514  16.715 0.0000000000
119507  34.960  -33.524  15.982 0.0000000000
131178  33.379  -34.263  15.065 0.0000000000
47279  33.180  -33.082  12.259 0.0000000000
38863  32.991  -41.808  20.871 0.0000000000
39766  33.933  -41.034  19.488 0.0000000000
39758  32.096  -41.435  19.850 0.0000000000
140345  29.768  -40.659  17.084 0.0000000000
40689  30.424  -40.593  17.340 0.0000000000
40717  30.012  -40.119  15.838 0.0000000000
41648  30.564  -39.634  15.299 0.0000000000
40729  28.928  -39.961  14.731 0.0000000000
38898  25.049  -42.330  16.432 0.0000000000
39798  26.323  -41.645  16.497 0.0000000000
39813  25.310  -41.562  15.293 0.0000000000
121151  26.384  -40.388  13.570 0.0000000000
41687  28.129  -39.243  12.821 0.0000000000
66393  45.026  -13.075  2.454 0.0000000000
67291  45.910  -11.779  2.577 0.0000000000
59009  42.093  -21.359  3.636 0.0000000000
35799  25.363  -44.704  31.022 0.0000000000
35815  24.664  -45.461  30.065 0.0000000000
117787  24.550  -45.004  31.648 0.0000000000
34739  23.860  -45.935  31.453 0.0000000000
34734  23.427  -46.220  32.338 0.0000000000
36833  26.827  -44.157  31.174 0.0000000000
40626  38.724  -40.663  25.213 0.0000000000
41525  38.895  -39.512  26.553 0.0000000000
41556  38.732  -39.532  24.931 0.0000000000
42452  38.615  -38.456  24.943 0.0000000000
43372  38.207  -37.404  24.688 0.0000000000
44273  38.139  -36.414  24.734 0.0000000000
43379  37.376  -37.772  23.648 0.0000000000
43386  36.412  -37.288  22.379 0.0000000000
43402  35.566  -37.109  20.862 0.0000000000
43411  35.192  -37.222  20.265 0.0000000000
42521  34.948  -38.250  19.846 0.0000000000
127939  34.652  -38.956  19.181 0.0000000000
41617  34.078  -39.726  18.262 0.0000000000
34902  21.413  -46.732  17.261 0.0000000000
35957  21.875  -46.078  16.946 0.0000000000
33861  20.869  -47.260  16.723 0.0000000000
62769  45.486  -17.340  5.873 0.0000000000
63744  44.896  -16.067  4.799 0.0000000000
62779  44.230  -17.240  4.938 0.0000000000
62781  42.682  -17.866  4.139 0.0000000000
33818  21.627  -47.678  22.110 0.0000000000
31787  21.257  -49.385  21.501 0.0000000000
32766  21.684  -48.435  22.799 0.0000000000
31784  22.070  -49.542  23.037 0.0000000000
30798  23.198  -50.704  23.878 0.0000000000
30765  25.340  -51.556  27.872 0.0000000000
29759  24.938  -51.576  26.414 0.0000000000
28786  25.819  -52.730  27.434 0.0000000000
124306  25.689  -53.268  27.412 0.0000000000
26970  22.914  -54.478  28.302 0.0000000000
34810  35.977  -46.083  25.114 0.0000000000
35883  34.659  -45.426  24.375 0.0000000000
127797  34.303  -44.691  23.843 0.0000000000
34831  33.862  -45.884  24.810 0.0000000000
119455  31.776  -45.329  24.645 0.0000000000
35886  30.849  -45.351  24.528 0.0000000000
120961  27.388  -46.247  25.939 0.0000000000
34817  27.804  -47.176  25.203 0.0000000000
139310  26.429  -45.908  24.872 0.0000000000
35888  25.710  -46.083  23.837 0.0000000000
119708  24.978  -46.189  22.819 0.0000000000
34870  24.428  -46.405  21.380 0.0000000000
34866  23.642  -46.170  22.783 0.0000000000
34867  22.464  -46.903  22.752 0.0000000000
55929  40.315  -24.435  9.084 0.0000000000
55945  39.979  -24.245  7.955 0.0000000000
54964  39.233  -25.455  7.773 0.0000000000
54024  38.790  -26.603  6.557 0.0000000000
29708  17.169  -51.118  31.279 0.0000000000
118472  18.324  -50.818  30.092 0.0000000000
30757  18.472  -50.501  28.570 0.0000000000
30758  17.593  -50.652  28.494 0.0000000000
58909  46.020  -20.848  12.804 0.0000000000
58911  44.719  -21.675  12.215 0.0000000000
57851  45.269  -22.177  13.633 0.0000000000
57844  44.850  -22.743  14.013 0.0000000000
56822  43.913  -23.850  14.676 0.0000000000
55778  43.186  -24.688  19.136 0.0000000000
54809  42.877  -25.021  18.369 0.0000000000
53854  41.332  -25.557  18.855 0.0000000000
53876  40.338  -26.323  17.410 0.0000000000
52944  39.396  -27.422  17.185 0.0000000000
52024  38.527  -28.825  16.323 0.0000000000
130048  39.187  -29.012  17.581 0.0000000000
50040  39.316  -30.448  17.669 0.0000000000
49162  39.456  -31.408  17.621 0.0000000000
138323  39.068  -32.867  21.815 0.0000000000
138773  41.150  -33.361  22.615 0.0000000000
47145  39.590  -33.441  21.195 0.0000000000
46145  40.751  -35.004  20.820 0.0000000000
45226  41.055  -35.953  20.387 0.0000000000
45233  41.055  -36.352  20.089 0.0000000000
45247  40.103  -36.646  19.905 0.0000000000
45248  39.351  -36.917  19.241 0.0000000000
44346  38.052  -37.323  17.844 0.0000000000
45274  37.438  -36.257  16.788 0.0000000000
46200  37.225  -34.933  16.830 0.0000000000
46213  36.457  -34.280  15.394 0.0000000000
47230  35.954  -33.698  14.996 0.0000000000
45297  32.494  -35.822  14.686 0.0000000000
45296  32.740  -34.905  14.729 0.0000000000
45309  32.148  -35.546  13.214 0.0000000000
46260  31.963  -34.630  12.132 0.0000000000
46287  31.372  -34.105  10.794 0.0000000000
39760  30.433  -42.053  20.404 0.0000000000
39767  31.361  -41.291  19.325 0.0000000000
123419  29.831  -41.555  19.085 0.0000000000
39783  29.331  -41.416  18.461 0.0000000000
39796  28.128  -41.103  16.891 0.0000000000
122759  24.321  -41.628  14.016 0.0000000000
39840  23.491  -41.953  12.607 0.0000000000
70884  48.009  -8.585  5.557 0.0000000000
124570  47.513  -9.375  4.176 0.0000000000
118172  47.447  -9.928  3.042 0.0000000000
140187  24.453  -45.726  26.819 0.0000000000
33781  23.520  -47.343  26.574 0.0000000000
33762  23.648  -47.306  27.290 0.0000000000
128946  23.642  -47.707  27.896 0.0000000000
32730  23.881  -49.065  28.534 0.0000000000
33728  23.689  -47.229  29.706 0.0000000000
32718  23.560  -48.056  29.447 0.0000000000
30753  24.410  -50.059  28.342 0.0000000000
30739  24.778  -50.515  29.286 0.0000000000
137680  25.633  -51.809  29.645 0.0000000000
28755  25.032  -52.155  30.673 0.0000000000
33722  32.146  -46.782  28.388 0.0000000000
32737  31.790  -47.465  26.797 0.0000000000
33741  30.478  -46.978  27.739 0.0000000000
33742  29.533  -46.724  27.269 0.0000000000
34772  28.718  -46.277  27.408 0.0000000000
34750  28.108  -45.238  29.612 0.0000000000
128361  28.512  -45.781  28.236 0.0000000000
34786  28.124  -45.865  27.547 0.0000000000
35844  26.479  -45.021  27.375 0.0000000000
35858  25.683  -45.074  26.776 0.0000000000
52086  36.529  -28.974  11.481 0.0000000000
52107  36.406  -28.754  9.315 0.0000000000
125295  36.122  -30.016  10.234 0.0000000000
57816  47.171  -22.175  17.267 0.0000000000
55763  44.209  -23.911  20.123 0.0000000000
55764  43.393  -24.094  20.633 0.0000000000
54781  41.748  -24.844  20.812 0.0000000000
53833  40.774  -26.429  21.753 0.0000000000
47068  39.648  -33.422  25.169 0.0000000000
47081  38.691  -33.632  23.973 0.0000000000
127506  37.758  -35.064  23.938 0.0000000000
46100  38.015  -34.125  23.620 0.0000000000
47098  38.493  -33.290  23.132 0.0000000000
47114  37.654  -33.392  21.948 0.0000000000
47130  36.822  -33.515  20.530 0.0000000000
47164  36.803  -33.355  19.331 0.0000000000
47185  35.928  -33.496  18.130 0.0000000000
141530  35.450  -33.866  18.532 0.0000000000
45261  34.301  -34.718  17.952 0.0000000000
45262  33.756  -35.068  17.373 0.0000000000
43429  34.298  -36.996  18.935 0.0000000000
123492  33.523  -37.031  17.745 0.0000000000
44365  33.109  -36.363  16.774 0.0000000000
43480  32.739  -37.143  15.884 0.0000000000
43494  32.212  -37.340  14.315 0.0000000000
42599  31.275  -38.097  13.736 0.0000000000
37960  26.253  -43.269  19.095 0.0000000000
38885  26.354  -42.814  18.575 0.0000000000
37968  25.295  -43.146  17.828 0.0000000000
37973  24.295  -43.175  16.673 0.0000000000
37974  23.759  -43.349  16.258 0.0000000000
35986  22.068  -45.066  15.814 0.0000000000
37000  22.479  -44.322  15.421 0.0000000000
67255  48.032  -12.662  6.242 0.0000000000
68157  46.957  -11.519  5.504 0.0000000000
67263  46.724  -12.863  5.124 0.0000000000
66386  45.216  -13.316  3.345 0.0000000000
65457  44.075  -14.378  2.355 0.0000000000
64599  44.058  -15.463  3.676 0.0000000000
121617  43.506  -15.074  2.369 0.0000000000
32754  23.152  -48.391  25.550 0.0000000000
31778  23.283  -50.084  24.571 0.0000000000
30803  23.545  -51.425  23.925 0.0000000000
131759  24.662  -51.526  25.738 0.0000000000
28806  24.279  -52.324  24.739 0.0000000000
122666  38.199  -41.309  25.153 0.0000000000
39735  38.196  -41.771  24.173 0.0000000000
39741  37.447  -41.447  23.260 0.0000000000
39748  36.219  -41.314  21.918 0.0000000000
123619  35.623  -41.285  21.308 0.0000000000
38850  35.340  -41.922  21.722 0.0000000000
38851  34.487  -42.033  21.508 0.0000000000
38853  32.465  -42.308  21.482 0.0000000000
136711  33.704  -43.676  23.205 0.0000000000
38841  31.973  -42.757  22.145 0.0000000000
38854  31.547  -42.428  21.478 0.0000000000
131933  30.032  -42.695  21.388 0.0000000000
38856  29.297  -42.790  21.186 0.0000000000
37943  28.120  -43.276  21.118 0.0000000000
127791  30.726  -46.973  26.212 0.0000000000
34833  30.180  -46.203  25.053 0.0000000000
35906  29.561  -45.404  24.121 0.0000000000
34835  28.113  -47.235  24.626 0.0000000000
34850  28.845  -45.969  24.148 0.0000000000
125623  28.887  -44.740  23.313 0.0000000000
36946  28.344  -44.027  22.268 0.0000000000
36947  27.238  -44.221  21.392 0.0000000000
36955  26.899  -43.921  20.699 0.0000000000
36963  25.937  -44.177  19.879 0.0000000000
36965  24.668  -44.822  19.255 0.0000000000
35940  23.571  -45.793  19.305 0.0000000000
34875  24.154  -46.342  20.719 0.0000000000
34882  23.139  -46.348  19.677 0.0000000000
34890  22.255  -46.500  18.527 0.0000000000
33839  21.168  -47.551  18.414 0.0000000000
58980  43.408  -21.143  6.758 0.0000000000
58991  43.442  -21.205  5.954 0.0000000000
58981  42.810  -21.562  6.342 0.0000000000
125887  40.089  -23.667  5.786 0.0000000000
56944  40.716  -24.157  4.518 0.0000000000
52118  36.952  -28.613  8.048 0.0000000000
37798  23.502  -43.562  33.049 0.0000000000
35776  23.231  -45.068  33.296 0.0000000000
34727  23.066  -46.535  33.387 0.0000000000
34720  22.773  -47.107  34.004 0.0000000000
32690  23.411  -48.302  32.623 0.0000000000
141742  24.096  -49.678  32.761 0.0000000000
29701  24.046  -51.225  31.364 0.0000000000
28757  24.027  -51.733  31.020 0.0000000000
29675  21.183  -50.198  32.822 0.0000000000
129925  22.152  -50.403  32.002 0.0000000000
29718  22.717  -50.763  30.627 0.0000000000
28766  22.941  -51.141  29.849 0.0000000000
139361  22.789  -51.486  29.064 0.0000000000
69042  48.559  -10.810  7.283 0.0000000000
67254  48.748  -12.933  6.751 0.0000000000
65412  48.102  -14.116  6.405 0.0000000000
135617  47.614  -15.382  6.654 0.0000000000
65403  49.696  -13.857  8.455 0.0000000000
64562  48.008  -15.536  7.288 0.0000000000
63732  46.567  -16.206  6.157 0.0000000000
62759  46.221  -17.661  6.800 0.0000000000
61782  45.727  -18.390  6.764 0.0000000000
60881  44.954  -19.737  7.314 0.0000000000
61745  46.635  -18.431  9.482 0.0000000000
60864  45.504  -19.272  8.536 0.0000000000
59929  44.456  -20.216  7.659 0.0000000000
58955  43.192  -21.094  8.541 0.0000000000
58944  42.628  -21.609  9.093 0.0000000000
57910  41.606  -22.729  9.230 0.0000000000
57877  43.414  -22.610  11.519 0.0000000000
56862  42.160  -23.472  10.801 0.0000000000
56863  41.544  -23.839  10.404 0.0000000000
55911  40.662  -24.865  10.551 0.0000000000
120232  40.081  -25.463  10.743 0.0000000000
117826  38.898  -26.341  11.741 0.0000000000
56805  45.437  -23.144  16.619 0.0000000000
55830  44.261  -24.056  16.132 0.0000000000
55841  43.419  -24.390  14.929 0.0000000000
54842  42.561  -25.353  16.696 0.0000000000
54858  42.429  -25.304  15.836 0.0000000000
54886  42.098  -25.123  14.001 0.0000000000
54888  40.838  -25.748  13.569 0.0000000000
53943  38.874  -26.641  12.701 0.0000000000
53035  37.421  -27.483  11.824 0.0000000000
52063  36.850  -28.939  12.982 0.0000000000
133193  36.657  -30.375  13.337 0.0000000000
51020  37.846  -29.656  15.289 0.0000000000
49214  37.385  -31.189  14.391 0.0000000000
53821  41.223  -26.453  22.536 0.0000000000
52922  40.727  -27.555  21.596 0.0000000000
49087  42.877  -31.480  23.815 0.0000000000
47110  42.062  -33.482  22.328 0.0000000000
135866  42.351  -32.409  22.962 0.0000000000
49989  42.450  -30.972  22.886 0.0000000000
50004  41.472  -30.287  21.769 0.0000000000
50962  40.934  -29.883  21.235 0.0000000000
50973  40.409  -29.259  20.080 0.0000000000
50031  40.422  -30.915  19.328 0.0000000000
48187  39.911  -32.017  18.101 0.0000000000
48204  39.855  -32.868  17.630 0.0000000000
129203  40.815  -35.989  18.860 0.0000000000
46186  40.407  -34.702  17.912 0.0000000000
46187  39.768  -34.370  16.931 0.0000000000
45273  39.817  -35.725  16.627 0.0000000000
44377  36.993  -36.655  15.793 0.0000000000
43509  36.790  -37.400  14.241 0.0000000000
120129  36.017  -33.396  16.981 0.0000000000
47231  35.569  -33.507  15.445 0.0000000000
47243  35.328  -33.489  14.659 0.0000000000
139413  33.587  -33.786  14.558 0.0000000000
47257  34.370  -33.202  13.437 0.0000000000
40660  34.745  -40.877  19.795 0.0000000000
40670  33.819  -40.551  18.798 0.0000000000
40686  33.099  -40.161  17.659 0.0000000000
39781  31.419  -40.860  18.475 0.0000000000
117827  32.304  -40.540  18.014 0.0000000000
41636  32.293  -39.654  16.536 0.0000000000
41647  31.401  -39.422  15.505 0.0000000000
42589  30.637  -38.713  14.035 0.0000000000
42601  29.931  -38.631  13.473 0.0000000000
38892  26.970  -42.001  17.760 0.0000000000
39797  27.290  -41.283  16.555 0.0000000000
40720  27.452  -40.881  15.811 0.0000000000
40732  25.717  -40.795  14.050 0.0000000000
40731  26.542  -40.610  14.370 0.0000000000
41665  28.027  -40.131  14.405 0.0000000000
41664  28.737  -39.614  13.970 0.0000000000
42615  28.563  -38.787  12.592 0.0000000000
68170  46.187  -11.502  4.166 0.0000000000
68183  46.646  -11.090  2.211 0.0000000000
68195  47.011  -11.504  1.334 0.0000000000
59972  43.118  -20.509  4.948 0.0000000000
40649  36.551  -40.612  22.225 0.0000000000
121510  36.309  -39.871  21.865 0.0000000000
41590  36.485  -39.017  22.281 0.0000000000
133140  35.819  -39.918  21.174 0.0000000000
59953  44.304  -20.140  6.203 0.0000000000
33797  23.278  -47.403  25.639 0.0000000000
27858  25.357  -53.060  29.942 0.0000000000
27868  25.749  -53.321  29.121 0.0000000000
27860  23.938  -52.568  29.659 0.0000000000
33738  32.775  -47.071  27.765 0.0000000000
35842  33.294  -45.905  27.525 0.0000000000
34784  33.542  -46.701  27.176 0.0000000000
33756  34.346  -47.023  26.907 0.0000000000
33775  33.592  -47.163  26.557 0.0000000000
123827  32.984  -47.245  26.311 0.0000000000
32736  32.701  -47.467  26.808 0.0000000000
34799  24.305  -45.821  26.098 0.0000000000
128368  23.501  -46.374  24.513 0.0000000000
53968  37.853  -26.681  10.408 0.0000000000
135901  37.520  -26.868  9.617 0.0000000000
53059  37.036  -27.290  10.032 0.0000000000
58882  46.859  -21.795  15.911 0.0000000000
121378  47.416  -21.526  16.273 0.0000000000
52928  40.346  -26.849  20.102 0.0000000000
129081  40.179  -27.672  19.880 0.0000000000
51991  40.115  -28.546  19.641 0.0000000000
47162  38.397  -33.529  19.891 0.0000000000
47202  36.987  -33.658  17.870 0.0000000000
38873  28.093  -42.468  19.711 0.0000000000
125713  27.436  -42.543  19.247 0.0000000000
69043  47.841  -10.016  7.000 0.0000000000
69056  47.326  -10.322  6.214 0.0000000000
35824  24.702  -45.569  29.302 0.0000000000
127977  23.456  -47.707  30.942 0.0000000000
32697  23.543  -48.375  31.568 0.0000000000
36844  30.412  -44.503  30.138 0.0000000000
125438  30.006  -45.115  30.165 0.0000000000
35795  29.504  -44.579  30.445 0.0000000000
35822  26.467  -44.881  29.518 0.0000000000
44262  38.627  -36.899  25.316 0.0000000000
44249  39.187  -36.670  26.586 0.0000000000
45159  39.186  -35.625  26.490 0.0000000000
45168  39.015  -35.353  25.785 0.0000000000
45169  38.572  -35.924  25.277 0.0000000000
44300  35.793  -36.489  21.299 0.0000000000
45219  35.725  -35.664  21.012 0.0000000000
45227  36.095  -34.794  21.196 0.0000000000
45228  35.361  -35.709  20.430 0.0000000000
44313  35.006  -36.323  19.969 0.0000000000
41623  33.956  -39.230  17.917 0.0000000000
42548  33.640  -38.862  17.438 0.0000000000
41635  33.218  -39.021  16.828 0.0000000000
35946  23.336  -45.521  18.558 0.0000000000
35955  23.112  -45.281  17.792 0.0000000000
64582  46.750  -15.325  5.762 0.0000000000
65426  46.155  -14.982  5.151 0.0000000000
31764  24.016  -50.008  26.565 0.0000000000
30778  24.583  -50.844  26.871 0.0000000000
36920  36.984  -44.729  23.862 0.0000000000
37904  36.490  -44.026  23.428 0.0000000000
37905  35.490  -44.006  23.337 0.0000000000
37919  34.995  -43.375  22.947 0.0000000000
35904  30.903  -44.599  23.863 0.0000000000
37909  31.028  -43.884  23.262 0.0000000000
36925  30.273  -44.316  23.472 0.0000000000
33779  28.804  -46.959  26.077 0.0000000000
33780  28.215  -47.026  25.718 0.0000000000
34862  26.723  -46.438  22.834 0.0000000000
35929  25.548  -45.980  21.363 0.0000000000
34869  25.217  -46.334  21.703 0.0000000000
33822  21.416  -47.773  21.261 0.0000000000
33824  21.842  -47.205  20.626 0.0000000000
56891  41.030  -23.143  8.862 0.0000000000
56906  40.810  -22.910  7.955 0.0000000000
31717  21.970  -48.695  33.376 0.0000000000
30699  22.623  -50.084  33.009 0.0000000000
30700  21.713  -49.981  32.937 0.0000000000
30732  19.036  -50.789  30.568 0.0000000000
30731  19.923  -50.502  30.235 0.0000000000
30743  20.237  -50.348  29.200 0.0000000000
68127  50.557  -11.792  8.631 0.0000000000
124473  51.141  -11.738  9.608 0.0000000000
63699  48.337  -16.328  8.876 0.0000000000
62723  48.196  -16.868  9.424 0.0000000000
62739  47.620  -17.133  8.736 0.0000000000
59898  45.798  -20.208  11.689 0.0000000000
59899  45.243  -20.166  10.936 0.0000000000
59900  44.674  -20.792  11.064 0.0000000000
55876  43.125  -24.060  13.267 0.0000000000
55878  41.900  -24.721  12.542 0.0000000000
55859  42.177  -24.782  13.203 0.0000000000
55810  44.435  -24.262  17.828 0.0000000000
119602  43.933  -24.507  18.068 0.0000000000
53887  39.371  -27.135  16.397 0.0000000000
138363  39.842  -26.604  16.210 0.0000000000
53898  39.513  -26.802  15.609 0.0000000000
52972  38.422  -27.893  15.263 0.0000000000
52954  38.581  -28.199  15.919 0.0000000000
48222  39.001  -32.287  16.470 0.0000000000
48237  38.550  -32.107  15.921 0.0000000000
47229  38.901  -33.529  15.512 0.0000000000
47216  39.300  -33.497  16.260 0.0000000000
50930  42.704  -29.273  23.478 0.0000000000
120632  40.040  -32.615  23.682 0.0000000000
124871  40.799  -32.523  23.759 0.0000000000
139649  40.062  -32.591  23.175 0.0000000000
47142  41.998  -34.300  21.418 0.0000000000
47143  41.866  -34.497  20.811 0.0000000000
47159  41.473  -34.292  19.949 0.0000000000
44345  38.843  -38.224  18.619 0.0000000000
43428  39.507  -38.585  18.841 0.0000000000
43448  39.148  -38.920  18.403 0.0000000000
44364  37.708  -37.772  17.026 0.0000000000
46238  36.120  -34.557  13.548 0.0000000000
46202  34.133  -33.976  16.209 0.0000000000
120101  33.457  -34.636  16.005 0.0000000000
132280  32.709  -41.557  20.260 0.0000000000
40701  29.464  -40.519  16.438 0.0000000000
38907  24.824  -42.090  15.689 0.0000000000
39814  24.577  -41.854  14.896 0.0000000000
139498  45.229  -13.374  0.970 0.0000000000
36819  24.333  -44.673  32.516 0.0000000000
34733  23.859  -45.458  32.238 0.0000000000
36818  26.166  -43.997  31.590 0.0000000000
35798  26.287  -44.417  31.061 0.0000000000
39725  38.408  -41.196  24.663 0.0000000000
41555  39.104  -39.968  25.545 0.0000000000
40627  38.659  -40.462  24.863 0.0000000000
42459  38.042  -39.074  24.232 0.0000000000
123054  37.886  -38.127  24.206 0.0000000000
43361  38.754  -37.705  25.287 0.0000000000
138291  37.681  -37.379  24.086 0.0000000000
42488  36.209  -38.253  21.916 0.0000000000
43393  35.881  -37.454  21.469 0.0000000000
132602  35.448  -37.901  20.683 0.0000000000
41611  35.007  -39.366  19.715 0.0000000000
120671  34.314  -39.130  18.490 0.0000000000
41612  34.557  -39.790  18.960 0.0000000000
33847  20.990  -47.417  17.593 0.0000000000
62770  44.750  -17.683  5.543 0.0000000000
61806  43.145  -18.457  4.682 0.0000000000
61807  42.311  -18.685  4.165 0.0000000000
61822  41.760  -18.738  3.498 0.0000000000
33817  21.966  -47.553  22.867 0.0000000000
138420  21.998  -48.015  23.486 0.0000000000
32760  22.561  -48.874  24.239 0.0000000000
32765  22.161  -48.753  23.633 0.0000000000
31779  22.664  -49.694  23.869 0.0000000000
29738  25.618  -51.844  28.460 0.0000000000
29748  25.736  -52.227  27.738 0.0000000000
28785  26.112  -52.859  28.122 0.0000000000
27883  25.828  -53.577  28.069 0.0000000000
26976  25.314  -54.008  27.675 0.0000000000
26977  24.749  -54.635  27.979 0.0000000000
26069  24.167  -54.987  27.850 0.0000000000
26969  23.982  -54.730  28.327 0.0000000000
118983  22.226  -53.588  28.163 0.0000000000
35856  34.871  -45.652  26.470 0.0000000000
33773  35.060  -47.098  26.025 0.0000000000
138339  35.284  -46.428  25.855 0.0000000000
34811  35.431  -46.449  25.354 0.0000000000
138857  35.945  -46.368  24.895 0.0000000000
139317  34.705  -46.113  24.809 0.0000000000
34814  32.283  -46.487  25.638 0.0000000000
34832  32.208  -45.797  25.068 0.0000000000
35870  26.419  -45.613  25.582 0.0000000000
34854  25.747  -46.479  23.019 0.0000000000
34865  24.594  -46.308  22.209 0.0000000000
34855  24.206  -45.859  23.174 0.0000000000
131755  22.964  -46.612  23.260 0.0000000000
141979  22.089  -47.124  22.219 0.0000000000
54947  39.799  -25.224  9.401 0.0000000000
55946  39.683  -24.954  8.454 0.0000000000
122688  39.163  -25.640  8.622 0.0000000000
53991  37.936  -26.778  7.914 0.0000000000
54003  38.485  -26.512  7.296 0.0000000000
53098  39.141  -27.059  5.868 0.0000000000
53099  38.586  -27.435  6.498 0.0000000000
29719  17.713  -51.044  30.716 0.0000000000
30733  17.559  -50.969  30.098 0.0000000000
30745  17.803  -50.791  29.354 0.0000000000
119732  17.084  -50.902  29.070 0.0000000000
58901  45.742  -21.498  13.307 0.0000000000
122960  46.345  -21.379  13.910 0.0000000000
121098  45.682  -22.456  15.165 0.0000000000
57843  45.483  -22.337  14.352 0.0000000000
56821  44.428  -23.319  14.402 0.0000000000
136136  42.729  -24.694  19.628 0.0000000000
118585  42.239  -25.094  19.056 0.0000000000
53863  40.167  -26.468  18.327 0.0000000000
53864  39.730  -26.915  17.756 0.0000000000
52010  39.195  -28.269  17.431 0.0000000000
52936  39.467  -27.705  17.964 0.0000000000
50984  39.708  -29.428  18.651 0.0000000000
50991  39.391  -29.563  17.964 0.0000000000
47128  38.392  -33.011  21.448 0.0000000000
46144  41.434  -35.191  20.884 0.0000000000
138092  40.761  -36.532  20.112 0.0000000000
141975  39.636  -35.629  19.908 0.0000000000
45259  38.631  -37.139  18.581 0.0000000000
45260  37.843  -35.975  17.695 0.0000000000
46201  36.634  -34.146  16.235 0.0000000000
118544  36.137  -33.619  15.798 0.0000000000
44406  32.190  -36.389  13.892 0.0000000000
45336  31.409  -35.198  11.634 0.0000000000
46272  31.672  -34.336  11.460 0.0000000000
46273  31.202  -34.814  11.082 0.0000000000
39768  30.509  -41.625  19.632 0.0000000000
39784  28.509  -41.623  18.382 0.0000000000
39792  28.986  -41.258  17.881 0.0000000000
121149  28.311  -41.362  17.636 0.0000000000
123468  47.602  -9.063  4.894 0.0000000000
69084  47.071  -9.944  3.881 0.0000000000
34787  24.321  -45.974  27.535 0.0000000000
34800  23.930  -46.466  26.881 0.0000000000
33744  23.782  -47.211  28.454 0.0000000000
125957  23.676  -48.473  28.022 0.0000000000
32731  23.627  -48.125  28.646 0.0000000000
34763  24.179  -46.314  29.703 0.0000000000
34752  23.782  -46.751  30.272 0.0000000000
32706  23.727  -48.737  30.008 0.0000000000
32717  23.803  -48.832  29.230 0.0000000000
30740  24.265  -49.612  29.144 0.0000000000
31743  24.478  -49.862  29.734 0.0000000000
30727  24.537  -50.111  31.012 0.0000000000
118164  25.210  -51.128  29.897 0.0000000000
29716  25.294  -51.803  30.202 0.0000000000
29700  24.693  -51.755  31.039 0.0000000000
35808  31.395  -45.430  29.879 0.0000000000
35807  31.895  -45.137  29.492 0.0000000000
133838  31.868  -45.731  29.562 0.0000000000
133947  32.372  -46.135  28.631 0.0000000000
33723  31.423  -46.607  28.823 0.0000000000
33740  31.284  -47.191  28.006 0.0000000000
132656  30.814  -46.736  28.387 0.0000000000
33725  29.544  -46.289  28.171 0.0000000000
126541  29.949  -46.745  27.658 0.0000000000
33743  29.054  -46.285  27.674 0.0000000000
35797  27.869  -44.549  30.595 0.0000000000
35811  28.353  -44.980  30.184 0.0000000000
120955  26.916  -44.945  28.860 0.0000000000
34762  28.116  -45.444  29.036 0.0000000000
34773  27.782  -45.390  28.598 0.0000000000
35843  27.371  -45.583  26.996 0.0000000000
132838  24.876  -45.330  27.231 0.0000000000
120943  36.282  -29.255  10.560 0.0000000000
55751  44.113  -23.731  20.964 0.0000000000
140073  42.616  -24.179  21.780 0.0000000000
55753  42.443  -24.378  21.254 0.0000000000
54772  41.603  -24.986  21.729 0.0000000000
54773  41.087  -25.489  21.317 0.0000000000
54761  41.142  -25.720  22.063 0.0000000000
41532  39.122  -39.018  26.310 0.0000000000
47080  39.418  -33.167  24.264 0.0000000000
125844  37.667  -36.001  24.138 0.0000000000
45193  37.253  -35.619  23.461 0.0000000000
46101  37.395  -34.634  23.195 0.0000000000
46112  37.783  -33.707  22.799 0.0000000000
46131  37.046  -33.749  21.690 0.0000000000
46146  36.175  -34.095  20.486 0.0000000000
47148  36.624  -33.520  20.015 0.0000000000
46160  36.077  -33.794  19.688 0.0000000000
47165  36.060  -33.573  18.896 0.0000000000
46161  35.343  -34.335  19.269 0.0000000000
46177  34.824  -34.538  18.554 0.0000000000
45250  33.837  -35.525  17.964 0.0000000000
43412  34.741  -37.255  19.564 0.0000000000
120882  33.218  -37.158  17.036 0.0000000000
123085  32.931  -36.901  16.467 0.0000000000
42577  32.419  -38.375  15.298 0.0000000000
42587  32.265  -37.929  14.690 0.0000000000
43495  31.862  -37.942  14.205 0.0000000000
42588  31.440  -38.521  14.403 0.0000000000
37953  25.815  -43.786  19.316 0.0000000000
37961  25.660  -43.345  18.547 0.0000000000
37962  24.875  -43.724  18.162 0.0000000000
37970  23.943  -43.725  16.980 0.0000000000
35967  21.660  -45.816  16.133 0.0000000000
35966  22.288  -45.382  16.652 0.0000000000
37001  21.873  -44.854  14.935 0.0000000000
37023  22.229  -44.174  14.533 0.0000000000
37979  22.818  -43.574  14.948 0.0000000000
66366  47.442  -13.207  5.669 0.0000000000
67262  47.222  -12.398  5.586 0.0000000000
66367  46.849  -13.697  5.268 0.0000000000
65433  45.429  -14.652  4.414 0.0000000000
66376  45.626  -13.731  4.164 0.0000000000
65445  44.995  -14.076  3.625 0.0000000000
66387  44.672  -13.755  2.801 0.0000000000
65446  44.427  -14.333  3.106 0.0000000000
63745  43.767  -16.762  4.365 0.0000000000
63753  44.201  -16.062  4.279 0.0000000000
63754  43.438  -16.223  3.634 0.0000000000
64611  42.981  -15.705  2.229 0.0000000000
31785  21.591  -49.371  22.271 0.0000000000
121955  21.208  -50.159  21.127 0.0000000000
30812  21.564  -50.234  21.889 0.0000000000
32747  23.368  -48.182  26.331 0.0000000000
30788  23.768  -50.402  25.276 0.0000000000
31773  23.291  -49.395  25.280 0.0000000000
30797  23.845  -51.082  24.584 0.0000000000
29758  25.494  -52.186  26.846 0.0000000000
29765  25.054  -52.143  25.987 0.0000000000
27902  23.921  -52.873  24.608 0.0000000000
36888  36.094  -44.039  25.512 0.0000000000
36887  36.835  -43.636  25.518 0.0000000000
36908  37.771  -43.498  24.375 0.0000000000
37882  37.363  -43.319  25.150 0.0000000000
37881  37.705  -43.061  24.661 0.0000000000
37880  37.798  -42.623  24.487 0.0000000000
38813  37.970  -41.949  24.582 0.0000000000
37900  37.914  -42.559  24.247 0.0000000000
125519  36.371  -42.593  22.730 0.0000000000
38837  37.046  -42.266  23.046 0.0000000000
39742  36.789  -41.385  22.611 0.0000000000
38849  36.356  -41.957  22.388 0.0000000000
139339  35.889  -41.750  21.888 0.0000000000
38852  33.439  -42.210  21.510 0.0000000000
38840  32.897  -42.698  22.165 0.0000000000
36923  33.654  -44.304  23.618 0.0000000000
37907  32.893  -43.821  23.337 0.0000000000
37922  31.516  -43.289  22.694 0.0000000000
37921  32.408  -43.220  22.750 0.0000000000
38855  30.746  -42.578  21.484 0.0000000000
38857  28.589  -42.881  20.885 0.0000000000
32738  30.888  -47.267  26.712 0.0000000000
33776  31.264  -47.185  26.465 0.0000000000
33777  30.370  -47.004  26.387 0.0000000000
34816  30.144  -46.756  25.727 0.0000000000
34834  29.249  -46.875  25.151 0.0000000000
35887  29.447  -46.213  24.647 0.0000000000
34836  27.900  -47.289  24.712 0.0000000000
121556  27.789  -47.043  24.281 0.0000000000
35908  27.543  -46.151  23.265 0.0000000000
34851  28.045  -46.764  23.995 0.0000000000
35907  28.376  -45.643  23.559 0.0000000000
35919  28.073  -44.919  22.874 0.0000000000
36956  26.256  -44.366  20.452 0.0000000000
35938  24.936  -45.197  19.953 0.0000000000
35939  24.263  -45.529  19.630 0.0000000000
34871  23.551  -46.533  21.153 0.0000000000
34877  22.550  -46.775  20.063 0.0000000000
34883  22.402  -46.684  19.293 0.0000000000
33838  21.756  -47.105  18.849 0.0000000000
57965  42.137  -22.004  5.918 0.0000000000
56932  41.475  -22.657  5.303 0.0000000000
55963  39.595  -24.466  7.008 0.0000000000
56921  39.731  -24.014  6.364 0.0000000000
55974  39.473  -24.696  6.128 0.0000000000
55993  40.228  -24.879  4.653 0.0000000000
131240  41.300  -24.227  4.035 0.0000000000
51111  36.604  -29.044  8.663 0.0000000000
53072  36.701  -28.130  8.653 0.0000000000
51110  37.128  -29.445  8.261 0.0000000000
38698  23.962  -43.010  33.005 0.0000000000
36798  22.932  -44.905  33.928 0.0000000000
126090  23.033  -45.794  33.637 0.0000000000
32663  22.884  -48.198  33.587 0.0000000000
33678  23.053  -47.681  33.485 0.0000000000
32676  23.217  -48.622  33.143 0.0000000000
31723  23.947  -49.305  32.958 0.0000000000
30710  23.415  -50.323  32.465 0.0000000000
29687  23.585  -50.897  32.059 0.0000000000
29702  23.646  -51.161  31.385 0.0000000000
29690  19.814  -50.852  32.676 0.0000000000
29677  19.556  -50.853  33.497 0.0000000000
29676  20.324  -50.453  33.306 0.0000000000
122243  20.678  -50.507  32.462 0.0000000000
137187  21.476  -50.313  32.348 0.0000000000
29704  21.216  -50.356  31.606 0.0000000000
30729  21.429  -50.392  30.209 0.0000000000
30718  22.016  -50.431  30.973 0.0000000000
30728  22.227  -50.604  30.056 0.0000000000
29729  22.362  -50.915  29.300 0.0000000000
28780  22.113  -51.646  28.075 0.0000000000
119357  19.179  -50.346  27.841 0.0000000000
69026  49.406  -10.206  8.301 0.0000000000
68140  48.981  -11.757  7.234 0.0000000000
67244  49.282  -12.493  7.254 0.0000000000
66349  49.275  -13.269  7.275 0.0000000000
64581  47.479  -14.824  6.141 0.0000000000
64570  48.111  -14.782  6.797 0.0000000000
66328  50.380  -13.229  9.292 0.0000000000
65395  49.834  -14.165  9.276 0.0000000000
63709  48.199  -15.957  8.036 0.0000000000
64561  48.533  -15.285  7.931 0.0000000000
63720  47.283  -16.150  6.816 0.0000000000
63721  46.676  -16.931  6.774 0.0000000000
61772  46.341  -18.204  7.769 0.0000000000
61781  46.177  -18.118  7.197 0.0000000000
61773  45.841  -18.673  7.405 0.0000000000
60893  45.407  -19.200  7.015 0.0000000000
60880  45.458  -19.256  7.706 0.0000000000
61744  47.306  -18.037  9.985 0.0000000000
61735  46.828  -18.626  10.377 0.0000000000
59918  44.955  -19.681  9.064 0.0000000000
60865  44.966  -19.727  8.112 0.0000000000
59919  44.343  -20.230  8.707 0.0000000000
59930  43.795  -20.631  8.101 0.0000000000
59920  43.662  -20.710  8.904 0.0000000000
58931  43.485  -21.507  10.311 0.0000000000
58943  43.278  -21.247  9.432 0.0000000000
57909  42.217  -22.336  9.594 0.0000000000
57876  44.089  -22.187  11.862 0.0000000000
57863  43.692  -22.874  12.248 0.0000000000
56851  42.449  -23.706  11.526 0.0000000000
57878  42.761  -23.037  11.178 0.0000000000
55928  40.908  -24.253  9.943 0.0000000000
55910  41.219  -24.368  10.664 0.0000000000
54913  40.590  -25.249  11.314 0.0000000000
54914  39.891  -25.784  11.529 0.0000000000
53956  39.332  -25.933  10.890 0.0000000000
57802  46.850  -22.580  17.927 0.0000000000
141094  46.034  -22.673  16.689 0.0000000000
55819  44.352  -24.216  17.045 0.0000000000
56806  44.812  -23.694  16.835 0.0000000000
56814  43.933  -24.099  15.351 0.0000000000
55831  43.564  -24.531  15.743 0.0000000000
54826  42.693  -25.276  17.543 0.0000000000
54859  41.111  -25.858  15.250 0.0000000000
124520  41.735  -25.581  15.510 0.0000000000
54870  42.297  -25.237  14.960 0.0000000000
54871  41.581  -25.559  14.695 0.0000000000
124562  41.378  -25.535  13.990 0.0000000000
53928  38.809  -26.882  13.500 0.0000000000
53927  39.524  -26.453  13.257 0.0000000000
53034  38.121  -26.943  12.243 0.0000000000
53023  37.616  -27.610  12.651 0.0000000000
52074  36.980  -28.317  12.274 0.0000000000
53008  37.362  -28.225  13.122 0.0000000000
51047  36.934  -29.534  13.669 0.0000000000
50077  37.040  -30.395  14.074 0.0000000000
51005  38.637  -29.565  16.683 0.0000000000
51019  38.221  -29.570  16.037 0.0000000000
48238  38.162  -31.859  15.403 0.0000000000
49198  37.868  -31.201  15.178 0.0000000000
48253  37.821  -31.944  14.759 0.0000000000
48269  37.377  -32.016  13.950 0.0000000000
51968  41.886  -28.269  22.862 0.0000000000
129588  41.305  -28.000  22.303 0.0000000000
136702  41.017  -27.192  22.288 0.0000000000
51975  40.972  -28.542  21.727 0.0000000000
47094  42.015  -32.416  23.723 0.0000000000
48122  42.274  -32.113  24.136 0.0000000000
48121  42.595  -31.965  23.894 0.0000000000
49080  42.771  -31.541  24.223 0.0000000000
48129  42.443  -32.178  23.413 0.0000000000
47126  41.354  -33.865  22.102 0.0000000000
47111  41.713  -33.537  22.429 0.0000000000
46111  41.970  -34.135  21.888 0.0000000000
48144  42.200  -33.480  21.791 0.0000000000
119835  42.132  -33.461  22.185 0.0000000000
129096  42.263  -32.885  22.442 0.0000000000
49094  42.357  -31.951  22.662 0.0000000000
50003  41.937  -31.156  22.231 0.0000000000
49120  41.263  -31.539  20.614 0.0000000000
50013  41.071  -30.632  20.952 0.0000000000
50014  40.685  -29.960  20.515 0.0000000000
50022  40.435  -30.067  19.692 0.0000000000
48186  40.440  -32.883  18.490 0.0000000000
127131  41.244  -36.105  19.878 0.0000000000
45246  40.834  -36.846  19.711 0.0000000000
45258  40.421  -35.833  17.769 0.0000000000
45308  36.409  -35.622  13.183 0.0000000000
44390  36.687  -36.511  14.662 0.0000000000
44405  36.577  -36.484  13.678 0.0000000000
47204  35.809  -33.459  17.463 0.0000000000
47221  35.318  -33.563  16.872 0.0000000000
47244  34.639  -33.336  14.328 0.0000000000
46224  33.088  -34.143  14.196 0.0000000000
47278  33.860  -33.037  12.770 0.0000000000
39755  35.106  -41.177  20.516 0.0000000000
39756  34.357  -41.339  20.222 0.0000000000
40679  33.734  -40.152  18.174 0.0000000000
40680  33.153  -40.548  18.401 0.0000000000
39782  30.624  -41.233  18.832 0.0000000000
117729  30.912  -40.313  16.851 0.0000000000
40688  31.356  -40.484  17.530 0.0000000000
40687  32.298  -40.128  17.211 0.0000000000
41637  31.709  -39.660  16.122 0.0000000000
41662  30.246  -39.331  14.568 0.0000000000
38886  25.875  -42.726  17.935 0.0000000000
125046  26.490  -42.417  18.038 0.0000000000
38893  26.204  -42.172  17.332 0.0000000000
39811  26.784  -41.217  15.943 0.0000000000
39833  24.930  -41.074  13.631 0.0000000000
39825  25.100  -41.308  14.479 0.0000000000
40744  27.202  -40.215  13.907 0.0000000000
40730  27.253  -40.459  14.606 0.0000000000
41676  27.893  -39.673  13.455 0.0000000000
41688  27.895  -38.957  12.231 0.0000000000
43526  29.061  -38.217  12.313 0.0000000000
70925  49.166  -8.439  3.802 0.0000000000
69068  46.494  -11.030  4.818 0.0000000000
124981  46.219  -11.898  1.638 0.0000000000
59002  43.199  -21.207  5.250 0.0000000000
59003  42.720  -21.236  4.566 0.0000000000
37805  25.583  -43.643  32.018 0.0000000000
121188  25.013  -44.083  32.297 0.0000000000
40640  37.762  -40.712  23.648 0.0000000000
41572  38.167  -40.073  24.228 0.0000000000
42471  36.964  -38.910  23.014 0.0000000000
134860  37.052  -38.200  23.238 0.0000000000
41599  35.654  -39.244  20.966 0.0000000000
61783  45.070  -18.916  6.413 0.0000000000
61794  44.583  -18.575  5.766 0.0000000000
34857  22.976  -46.822  24.068 0.0000000000
33808  22.726  -47.448  24.336 0.0000000000
32759  22.837  -48.623  24.815 0.0000000000
28772  26.170  -52.827  29.264 0.0000000000
28778  26.217  -52.947  28.706 0.0000000000
27867  26.169  -53.060  29.014 0.0000000000
27876  25.812  -53.543  28.561 0.0000000000
26963  25.298  -54.002  28.681 0.0000000000
26968  24.721  -54.498  28.274 0.0000000000
26964  24.550  -54.161  28.707 0.0000000000
27871  23.463  -52.908  28.877 0.0000000000
35841  34.297  -46.154  26.936 0.0000000000
34782  35.016  -46.612  26.859 0.0000000000
33755  34.895  -47.060  26.752 0.0000000000
33774  34.547  -47.167  26.309 0.0000000000
33790  34.685  -47.207  25.816 0.0000000000
34813  33.625  -46.689  25.583 0.0000000000
35871  25.770  -45.551  24.883 0.0000000000
35910  24.111  -45.812  24.087 0.0000000000
125778  38.236  -26.415  9.559 0.0000000000
53979  37.683  -26.806  8.867 0.0000000000
53071  37.239  -27.430  8.305 0.0000000000
29720  16.275  -51.176  30.129 0.0000000000
58889  47.008  -21.190  14.541 0.0000000000
119802  46.773  -21.670  15.203 0.0000000000
54782  41.078  -25.372  20.344 0.0000000000
54783  40.823  -25.726  19.595 0.0000000000
53855  40.456  -26.310  19.629 0.0000000000
52933  40.078  -26.854  19.252 0.0000000000
137301  39.583  -27.968  18.587 0.0000000000
52000  39.750  -28.630  18.955 0.0000000000
134705  37.790  -33.230  20.181 0.0000000000
46159  39.137  -34.514  19.772 0.0000000000
46189  37.538  -34.614  17.684 0.0000000000
38872  28.833  -42.324  19.932 0.0000000000
70869  47.862  -8.859  6.334 0.0000000000
69980  47.158  -9.787  5.459 0.0000000000
69981  46.791  -10.263  4.723 0.0000000000
35835  24.643  -45.694  28.694 0.0000000000
33727  23.984  -46.794  29.035 0.0000000000
33710  23.569  -47.273  30.410 0.0000000000
139238  23.852  -49.026  30.582 0.0000000000
118717  24.273  -49.561  30.379 0.0000000000
36843  31.222  -44.800  29.918 0.0000000000
119844  30.773  -46.348  29.082 0.0000000000
34747  30.646  -45.767  29.849 0.0000000000
34760  29.248  -45.767  28.963 0.0000000000
35833  26.237  -44.881  28.286 0.0000000000
43350  39.257  -37.609  26.602 0.0000000000
46065  39.927  -34.238  27.139 0.0000000000
46076  39.694  -33.861  26.125 0.0000000000
46114  36.573  -34.561  21.872 0.0000000000
45234  35.125  -35.245  19.878 0.0000000000
44328  34.413  -36.080  18.975 0.0000000000
43430  33.881  -37.507  18.283 0.0000000000
136717  33.250  -37.959  16.861 0.0000000000
42564  33.090  -38.357  16.478 0.0000000000
36970  24.422  -44.475  18.523 0.0000000000
36978  23.421  -44.516  17.270 0.0000000000
63755  42.690  -16.724  3.199 0.0000000000
63765  42.980  -16.108  2.893 0.0000000000
31765  23.512  -49.104  26.194 0.0000000000
28800  24.935  -52.738  25.952 0.0000000000
27897  23.896  -53.349  25.170 0.0000000000
35868  37.076  -45.031  24.861 0.0000000000
35881  37.069  -44.955  24.257 0.0000000000
36919  37.329  -44.375  23.938 0.0000000000
36918  37.694  -43.791  24.022 0.0000000000
37902  37.788  -43.429  23.913 0.0000000000
37917  36.783  -43.168  23.214 0.0000000000
36910  32.140  -44.727  24.176 0.0000000000
130550  32.315  -44.255  23.678 0.0000000000
37923  30.705  -43.369  22.590 0.0000000000
37931  30.348  -42.984  22.004 0.0000000000
37924  29.935  -43.471  22.494 0.0000000000
37925  29.143  -43.669  22.372 0.0000000000
131325  29.681  -46.884  26.246 0.0000000000
124600  29.125  -46.958  25.861 0.0000000000
33805  28.480  -47.250  25.013 0.0000000000
34853  26.579  -46.607  23.406 0.0000000000
35934  25.912  -45.210  20.900 0.0000000000
120736  22.720  -46.680  21.860 0.0000000000
136044  21.288  -47.645  19.073 0.0000000000
33832  20.988  -48.098  19.575 0.0000000000
57938  41.967  -21.862  7.779 0.0000000000
57950  42.000  -21.862  6.845 0.0000000000
57939  41.331  -22.336  7.387 0.0000000000
55985  39.654  -24.966  5.279 0.0000000000
32664  22.492  -48.146  33.652 0.0000000000
31716  22.820  -48.815  33.459 0.0000000000
31725  22.901  -49.550  33.085 0.0000000000
30711  22.884  -50.337  32.890 0.0000000000
121909  18.380  -51.123  32.084 0.0000000000
29706  19.272  -50.980  31.980 0.0000000000
30719  20.641  -50.419  30.830 0.0000000000
30742  21.184  -50.396  29.319 0.0000000000
30755  20.960  -50.463  28.414 0.0000000000
68139  49.811  -11.831  7.818 0.0000000000
66348  49.889  -13.237  8.116 0.0000000000
64552  49.445  -15.040  9.292 0.0000000000
62751  47.295  -17.065  7.847 0.0000000000
62740  46.938  -17.724  8.182 0.0000000000
61758  46.490  -18.309  8.572 0.0000000000
60844  46.375  -19.227  10.785 0.0000000000
60853  46.151  -18.945  9.929 0.0000000000
60845  45.711  -19.508  10.383 0.0000000000
59908  45.054  -19.807  9.983 0.0000000000
56838  43.998  -23.065  12.958 0.0000000000
56839  43.273  -23.602  12.646 0.0000000000
56840  42.719  -23.847  12.138 0.0000000000
55893  42.196  -24.257  11.972 0.0000000000
55895  41.144  -24.713  11.218 0.0000000000
55894  41.569  -24.675  11.833 0.0000000000
54901  41.277  -25.144  12.377 0.0000000000
125163  40.916  -25.536  12.856 0.0000000000
125886  45.608  -23.501  18.079 0.0000000000
127020  45.293  -23.558  17.461 0.0000000000
53875  41.109  -25.924  16.917 0.0000000000
117823  39.825  -26.512  14.753 0.0000000000
53912  38.722  -27.121  14.148 0.0000000000
52991  37.707  -28.087  13.914 0.0000000000
52990  38.306  -27.633  14.471 0.0000000000
52052  37.935  -28.369  14.747 0.0000000000
52037  37.732  -29.055  14.897 0.0000000000
50052  38.531  -30.826  16.434 0.0000000000
48252  38.349  -32.664  15.246 0.0000000000
47241  38.438  -33.555  14.696 0.0000000000
51957  42.386  -28.445  23.392 0.0000000000
124498  40.410  -32.774  25.198 0.0000000000
132097  41.076  -32.361  25.176 0.0000000000
47078  41.148  -32.351  24.310 0.0000000000
46129  41.908  -34.394  21.472 0.0000000000
48145  41.857  -32.467  21.165 0.0000000000
49131  41.445  -32.486  20.368 0.0000000000
49132  40.862  -31.661  19.839 0.0000000000
126921  41.027  -32.468  19.704 0.0000000000
48172  40.950  -33.097  19.345 0.0000000000
47160  40.881  -33.966  19.069 0.0000000000
44326  40.102  -37.557  19.481 0.0000000000
44344  40.331  -37.474  19.365 0.0000000000
43427  39.977  -38.243  19.132 0.0000000000
122349  40.332  -38.116  18.915 0.0000000000
141292  40.271  -38.376  18.210 0.0000000000
42547  39.296  -39.432  17.962 0.0000000000
42563  38.748  -39.878  17.467 0.0000000000
46191  34.438  -34.224  17.248 0.0000000000
132016  34.531  -33.880  16.617 0.0000000000
46214  34.129  -33.757  15.543 0.0000000000
46259  32.574  -33.923  12.653 0.0000000000
46271  32.331  -33.692  11.865 0.0000000000
39750  33.914  -41.736  20.844 0.0000000000
39757  33.502  -41.464  20.193 0.0000000000
118418  33.000  -41.235  19.608 0.0000000000
39780  32.358  -40.924  18.978 0.0000000000
40690  29.734  -40.974  17.784 0.0000000000
40681  30.589  -40.864  18.082 0.0000000000
119264  30.247  -40.367  16.617 0.0000000000
40700  30.923  -39.954  16.123 0.0000000000
41649  29.730  -39.809  15.053 0.0000000000
41663  29.496  -39.496  14.331 0.0000000000
38897  25.665  -42.101  16.719 0.0000000000
39799  25.518  -41.827  16.063 0.0000000000
121917  25.343  -40.408  12.446 0.0000000000
40746  25.567  -40.606  13.237 0.0000000000
121526  27.495  -39.456  12.637 0.0000000000
67284  45.447  -12.508  2.987 0.0000000000
67283  45.856  -12.005  3.562 0.0000000000
126341  42.463  -21.864  4.216 0.0000000000
35814  25.390  -44.925  30.398 0.0000000000
35800  24.598  -45.312  30.850 0.0000000000
124197  23.425  -46.686  31.794 0.0000000000
132942  27.391  -44.145  31.002 0.0000000000
127770  27.088  -44.460  30.773 0.0000000000
117890  26.684  -44.671  30.600 0.0000000000
135549  26.055  -44.696  30.656 0.0000000000
39700  38.720  -40.535  25.754 0.0000000000
119808  39.175  -39.935  26.007 0.0000000000
41540  39.289  -39.324  25.866 0.0000000000
42451  39.202  -39.034  25.564 0.0000000000
42444  39.117  -38.254  25.605 0.0000000000
123053  37.758  -36.777  24.261 0.0000000000
44284  37.273  -36.741  23.594 0.0000000000
43385  36.898  -37.489  23.105 0.0000000000
127050  36.770  -36.768  22.945 0.0000000000
44299  36.109  -36.630  21.911 0.0000000000
34901  22.073  -46.298  17.741 0.0000000000
35956  22.491  -45.666  17.426 0.0000000000
34915  21.268  -46.545  16.425 0.0000000000
33862  20.576  -47.866  16.093 0.0000000000
33881  20.825  -47.107  15.871 0.0000000000
63733  45.795  -16.549  5.714 0.0000000000
63743  45.451  -16.119  5.241 0.0000000000
63734  44.988  -16.779  5.293 0.0000000000
136189  44.429  -16.586  4.726 0.0000000000
62771  43.957  -18.089  5.165 0.0000000000
62780  43.454  -17.563  4.540 0.0000000000
62792  42.375  -17.470  3.491 0.0000000000
32767  21.350  -48.490  21.842 0.0000000000
30806  22.569  -50.582  23.101 0.0000000000
30766  24.783  -50.894  27.690 0.0000000000
29749  25.233  -51.599  27.189 0.0000000000
27882  26.036  -53.132  27.905 0.0000000000
27888  25.072  -53.473  26.711 0.0000000000
139385  24.273  -53.920  26.448 0.0000000000
35855  35.524  -46.002  26.223 0.0000000000
34796  35.934  -46.107  25.827 0.0000000000
35869  36.178  -45.408  25.223 0.0000000000
136384  36.000  -45.986  24.696 0.0000000000
35903  35.606  -45.395  24.260 0.0000000000
36922  35.115  -44.745  23.781 0.0000000000
35884  33.687  -45.006  24.189 0.0000000000
35885  32.794  -45.316  24.547 0.0000000000
138570  31.452  -44.838  24.218 0.0000000000
34818  27.153  -46.674  24.882 0.0000000000
34837  26.531  -46.403  24.198 0.0000000000
34864  25.521  -46.375  22.386 0.0000000000
141309  23.069  -46.517  22.522 0.0000000000
124671  39.543  -24.872  7.634 0.0000000000
54984  39.305  -25.264  6.837 0.0000000000
54965  38.699  -26.093  7.892 0.0000000000
54985  38.919  -25.957  7.105 0.0000000000
134840  39.117  -25.925  6.402 0.0000000000
54023  39.245  -26.267  5.822 0.0000000000
29693  17.427  -51.129  32.104 0.0000000000
29707  17.954  -51.119  31.409 0.0000000000
134338  18.347  -50.990  30.834 0.0000000000
118361  19.344  -50.398  28.760 0.0000000000
30744  18.636  -50.596  29.302 0.0000000000
30759  16.760  -50.851  28.443 0.0000000000
59891  45.717  -20.681  12.240 0.0000000000
58910  45.399  -21.266  12.548 0.0000000000
57861  45.011  -21.934  12.941 0.0000000000
135651  45.812  -21.860  13.962 0.0000000000
57852  44.632  -22.590  13.291 0.0000000000
56827  44.273  -23.179  13.667 0.0000000000
127711  43.920  -23.619  14.039 0.0000000000
55857  43.367  -24.141  14.039 0.0000000000
55777  43.961  -24.301  19.338 0.0000000000
55793  43.624  -24.587  18.584 0.0000000000
54810  42.064  -25.449  18.150 0.0000000000
53862  41.032  -25.841  17.966 0.0000000000
128964  39.786  -26.721  16.925 0.0000000000
52023  38.937  -28.008  16.605 0.0000000000
52011  38.896  -28.884  17.003 0.0000000000
50992  39.034  -29.642  17.312 0.0000000000
50041  38.804  -30.292  16.938 0.0000000000
49163  38.980  -31.072  17.041 0.0000000000
49178  39.185  -31.829  17.003 0.0000000000
129590  43.088  -30.076  24.066 0.0000000000
129123  39.210  -32.785  22.496 0.0000000000
47112  40.259  -32.822  22.632 0.0000000000
47127  40.044  -33.144  21.916 0.0000000000
47144  41.030  -34.399  21.494 0.0000000000
45225  41.350  -35.605  20.380 0.0000000000
137360  41.345  -35.817  20.236 0.0000000000
45285  36.896  -35.254  15.961 0.0000000000
45287  32.816  -35.352  15.479 0.0000000000
123388  32.455  -35.187  14.026 0.0000000000
45325  32.194  -34.876  12.738 0.0000000000
39759  31.224  -41.716  20.165 0.0000000000
40691  29.007  -40.921  17.158 0.0000000000
40702  28.648  -40.713  16.343 0.0000000000
38917  23.775  -42.290  14.491 0.0000000000
39826  23.643  -42.013  13.523 0.0000000000
39834  24.182  -41.380  12.980 0.0000000000
39839  23.790  -41.411  12.014 0.0000000000
120346  24.470  -40.808  12.088 0.0000000000
70908  48.366  -8.408  4.678 0.0000000000
70009  47.800  -9.421  3.466 0.0000000000
69096  47.572  -10.372  2.264 0.0000000000
66406  45.034  -13.974  0.581 0.0000000000
34820  23.705  -46.541  25.942 0.0000000000
34788  23.882  -46.826  27.756 0.0000000000
120483  23.545  -48.268  27.233 0.0000000000
32739  23.868  -49.208  27.784 0.0000000000
30752  25.036  -51.080  28.473 0.0000000000
29728  25.380  -51.432  29.168 0.0000000000
29727  25.785  -52.098  28.973 0.0000000000
28762  25.926  -52.488  29.730 0.0000000000
28763  25.473  -52.507  30.031 0.0000000000
28764  24.953  -52.432  30.324 0.0000000000
35830  32.574  -45.723  28.415 0.0000000000
33758  32.373  -47.383  27.288 0.0000000000
33759  31.465  -47.463  27.268 0.0000000000
32727  30.677  -47.294  27.189 0.0000000000
33724  30.249  -46.538  28.339 0.0000000000
32729  29.617  -46.911  26.643 0.0000000000
33761  28.894  -46.716  27.047 0.0000000000
34785  28.613  -46.581  26.783 0.0000000000
35810  29.184  -45.079  30.193 0.0000000000
34749  28.829  -45.366  29.596 0.0000000000
34761  28.592  -45.579  28.967 0.0000000000
34798  28.082  -46.416  26.585 0.0000000000
35857  26.611  -45.358  26.485 0.0000000000
137306  26.090  -45.220  26.173 0.0000000000
35859  24.900  -45.293  26.382 0.0000000000
53036  36.828  -28.059  11.319 0.0000000000
53048  36.676  -27.940  10.453 0.0000000000
52095  36.348  -28.622  10.062 0.0000000000
51087  36.243  -29.371  9.795 0.0000000000
131220  36.353  -30.002  9.535 0.0000000000
56779  46.156  -23.176  18.412 0.0000000000
56780  45.532  -23.628  18.811 0.0000000000
55791  45.026  -23.934  19.118 0.0000000000
55775  44.970  -23.776  19.670 0.0000000000
55762  44.764  -23.740  20.012 0.0000000000
55776  44.600  -23.977  19.515 0.0000000000
127214  43.430  -24.359  19.851 0.0000000000
55765  42.626  -24.508  20.332 0.0000000000
55752  43.222  -23.925  21.423 0.0000000000
53846  40.694  -25.976  20.963 0.0000000000
53834  40.546  -26.740  20.913 0.0000000000
45180  38.164  -35.482  24.618 0.0000000000
46089  38.334  -34.537  24.372 0.0000000000
47113  38.387  -33.075  22.271 0.0000000000
47129  37.491  -33.245  20.936 0.0000000000
47147  37.183  -33.275  20.055 0.0000000000
140999  37.071  -33.325  18.990 0.0000000000
47184  36.666  -33.448  18.502 0.0000000000
45275  33.317  -35.463  16.675 0.0000000000
140961  34.649  -36.524  19.384 0.0000000000
44329  33.873  -36.384  18.314 0.0000000000
44347  33.443  -36.143  17.438 0.0000000000
44378  32.818  -36.138  16.149 0.0000000000
44379  32.577  -36.465  15.325 0.0000000000
44391  32.407  -36.745  14.632 0.0000000000
43481  32.509  -37.480  15.108 0.0000000000
43510  31.724  -37.312  13.556 0.0000000000
38875  26.821  -42.887  19.206 0.0000000000
37969  24.660  -43.317  17.338 0.0000000000
38895  24.722  -42.799  16.755 0.0000000000
38899  24.329  -42.694  16.078 0.0000000000
38909  23.539  -42.936  15.352 0.0000000000
36988  22.799  -44.580  16.398 0.0000000000
36987  23.135  -43.775  15.830 0.0000000000
37990  23.110  -42.945  14.397 0.0000000000
137042  47.523  -11.913  6.020 0.0000000000
68150  47.345  -11.137  6.115 0.0000000000
66375  46.208  -13.311  4.652 0.0000000000
67273  45.696  -12.855  3.888 0.0000000000
66394  44.536  -13.665  1.976 0.0000000000
64590  44.770  -15.398  4.329 0.0000000000
64600  43.433  -15.525  2.989 0.0000000000
64610  43.959  -14.870  3.046 0.0000000000
28801  24.648  -52.338  25.409 0.0000000000
29771  24.495  -51.792  25.093 0.0000000000
29772  23.993  -51.854  24.285 0.0000000000
29780  23.471  -51.961  23.639 0.0000000000
138532  38.128  -41.096  25.727 0.0000000000
40599  38.339  -40.530  26.205 0.0000000000
39712  38.598  -40.730  25.328 0.0000000000
129795  37.949  -42.922  23.921 0.0000000000
38826  37.835  -42.229  23.713 0.0000000000
39736  37.958  -41.459  23.815 0.0000000000
119741  35.073  -41.562  21.151 0.0000000000
37906  34.474  -43.983  23.363 0.0000000000
37920  33.325  -43.201  22.753 0.0000000000
38865  31.049  -42.173  20.889 0.0000000000
141343  30.413  -42.383  20.988 0.0000000000
38866  29.817  -42.412  20.740 0.0000000000
133150  29.103  -42.503  20.506 0.0000000000
38867  27.893  -42.972  20.470 0.0000000000
32746  32.188  -47.237  26.395 0.0000000000
123266  31.757  -46.989  26.175 0.0000000000
34815  31.249  -46.740  25.879 0.0000000000
33793  29.967  -46.964  25.815 0.0000000000
137417  30.079  -45.601  24.502 0.0000000000
33796  28.171  -47.402  25.088 0.0000000000
33806  28.210  -47.377  24.945 0.0000000000
36927  29.063  -45.242  23.763 0.0000000000
36926  29.604  -44.746  23.626 0.0000000000
36937  28.788  -44.243  22.792 0.0000000000
118593  27.599  -44.536  22.106 0.0000000000
37934  27.902  -43.769  21.615 0.0000000000
37944  27.541  -43.558  20.949 0.0000000000
37951  27.244  -43.371  20.357 0.0000000000
37952  26.567  -43.559  19.856 0.0000000000
36964  25.352  -44.466  19.586 0.0000000000
36957  25.597  -44.814  20.243 0.0000000000
35945  24.002  -45.191  18.898 0.0000000000
34876  23.357  -46.471  20.410 0.0000000000
34881  23.859  -46.122  20.031 0.0000000000
34889  22.908  -46.124  18.941 0.0000000000
34891  21.574  -46.905  18.078 0.0000000000
33840  20.728  -48.172  17.938 0.0000000000
59954  43.929  -20.697  6.420 0.0000000000
58992  42.871  -21.652  5.520 0.0000000000
130939  42.381  -22.206  5.067 0.0000000000
56907  40.324  -23.483  7.547 0.0000000000
56920  40.163  -23.438  6.604 0.0000000000
55984  40.126  -24.207  5.135 0.0000000000
56933  40.654  -23.452  5.155 0.0000000000
56943  41.449  -23.438  4.393 0.0000000000
123198  36.996  -27.932  7.939 0.0000000000
52128  37.403  -28.223  7.519 0.0000000000
52127  38.069  -28.630  7.134 0.0000000000
37797  24.278  -43.487  33.013 0.0000000000
36806  23.843  -44.526  33.022 0.0000000000
36807  23.268  -44.280  33.216 0.0000000000
35788  23.443  -45.700  32.936 0.0000000000
33690  23.214  -47.122  32.595 0.0000000000
127505  22.748  -46.288  33.995 0.0000000000
32689  23.870  -49.112  32.153 0.0000000000
31731  24.274  -49.918  32.143 0.0000000000
30717  24.454  -50.569  31.242 0.0000000000
30697  24.065  -49.828  32.816 0.0000000000
30709  24.058  -50.471  32.090 0.0000000000
28756  24.619  -52.006  31.035 0.0000000000
126222  24.320  -52.222  30.315 0.0000000000
30701  20.916  -50.074  33.261 0.0000000000
29703  23.000  -50.770  31.577 0.0000000000
29717  23.344  -51.249  30.805 0.0000000000
28765  23.618  -51.825  30.176 0.0000000000
28773  23.273  -51.959  29.251 0.0000000000
28779  22.715  -52.358  28.447 0.0000000000
29739  22.416  -51.387  28.683 0.0000000000
68149  48.142  -11.659  6.592 0.0000000000
66359  48.020  -13.457  6.187 0.0000000000
66358  48.553  -13.505  6.671 0.0000000000
64571  47.157  -15.586  6.294 0.0000000000
65404  49.263  -13.962  7.705 0.0000000000
65396  49.151  -14.662  8.346 0.0000000000
64569  48.605  -14.709  7.493 0.0000000000
63722  46.105  -17.077  6.293 0.0000000000
62760  45.782  -17.728  6.387 0.0000000000
60894  44.805  -19.642  6.662 0.0000000000
62713  48.460  -16.980  10.193 0.0000000000
60863  46.031  -18.831  8.999 0.0000000000
59942  43.936  -20.687  7.202 0.0000000000
58967  43.281  -21.068  7.633 0.0000000000
58956  42.594  -21.467  8.170 0.0000000000
57924  42.033  -22.022  8.710 0.0000000000
58919  44.427  -21.447  11.463 0.0000000000
58920  43.749  -21.852  11.138 0.0000000000
57894  43.134  -22.310  10.758 0.0000000000
57895  42.476  -22.705  10.418 0.0000000000
56875  41.855  -23.105  10.060 0.0000000000
56877  40.786  -23.789  9.252 0.0000000000
128761  40.410  -24.822  9.832 0.0000000000
54930  40.163  -25.223  10.125 0.0000000000
54931  39.580  -25.637  10.145 0.0000000000
125259  38.554  -26.346  10.951 0.0000000000
53957  37.961  -26.789  11.378 0.0000000000
121375  46.450  -22.290  16.287 0.0000000000
57832  45.836  -22.573  16.012 0.0000000000
56812  45.194  -22.967  15.689 0.0000000000
117843  44.816  -23.439  16.137 0.0000000000
56813  44.507  -23.526  15.311 0.0000000000
55842  42.806  -24.734  14.468 0.0000000000
54825  43.349  -24.837  17.830 0.0000000000
54841  43.215  -24.985  17.024 0.0000000000
54857  43.087  -24.992  16.192 0.0000000000
54843  41.822  -25.624  16.368 0.0000000000
55832  42.932  -24.876  15.350 0.0000000000
53926  40.307  -25.989  13.004 0.0000000000
53910  40.102  -26.264  13.859 0.0000000000
53942  39.705  -26.149  12.392 0.0000000000
52062  37.238  -28.718  13.598 0.0000000000
50064  38.069  -30.459  15.757 0.0000000000
50065  37.607  -30.420  14.861 0.0000000000
54760  41.589  -25.462  22.666 0.0000000000
51976  40.632  -28.252  21.085 0.0000000000
49968  43.016  -30.863  24.308 0.0000000000
49976  43.089  -30.664  23.844 0.0000000000
47096  40.877  -32.841  23.101 0.0000000000
132189  42.126  -32.818  22.970 0.0000000000
48136  42.171  -32.842  22.776 0.0000000000
49093  42.614  -31.683  23.252 0.0000000000
49988  42.885  -30.816  23.487 0.0000000000
50943  42.665  -30.049  23.149 0.0000000000
49990  42.053  -30.184  22.520 0.0000000000
50945  41.677  -29.558  22.263 0.0000000000
50954  41.213  -29.362  21.742 0.0000000000
50963  40.708  -29.111  20.994 0.0000000000
51984  40.404  -28.420  20.387 0.0000000000
130291  40.043  -30.149  18.981 0.0000000000
49147  39.871  -30.995  18.457 0.0000000000
128747  39.536  -32.119  17.465 0.0000000000
47201  39.559  -33.269  16.932 0.0000000000
46174  40.861  -34.923  18.906 0.0000000000
133141  39.950  -33.735  17.462 0.0000000000
44362  40.111  -37.463  17.036 0.0000000000
43493  36.972  -37.563  15.253 0.0000000000
47203  36.297  -33.494  17.668 0.0000000000
47220  35.798  -33.440  16.245 0.0000000000
47245  34.085  -33.550  14.792 0.0000000000
47258  33.368  -33.501  13.288 0.0000000000
120402  33.840  -33.432  14.135 0.0000000000
40654  35.552  -40.636  20.793 0.0000000000
40659  35.207  -40.632  20.153 0.0000000000
40669  34.411  -40.477  19.183 0.0000000000
40678  34.175  -40.160  18.638 0.0000000000
41625  32.933  -39.626  17.027 0.0000000000
141943  32.771  -39.213  16.447 0.0000000000
41646  32.279  -39.149  15.809 0.0000000000
42578  31.781  -38.847  15.057 0.0000000000
41661  31.033  -39.122  14.777 0.0000000000
42600  30.575  -38.131  13.323 0.0000000000
42614  29.867  -38.052  12.740 0.0000000000
38884  27.088  -42.365  18.557 0.0000000000
39794  26.847  -41.708  17.116 0.0000000000
39793  27.531  -41.532  17.359 0.0000000000
40703  27.949  -40.887  16.271 0.0000000000
40719  28.207  -40.593  15.711 0.0000000000
39824  25.913  -41.067  14.855 0.0000000000
39812  26.794  -40.839  15.216 0.0000000000
117678  27.686  -40.527  15.145 0.0000000000
138050  28.398  -40.315  15.103 0.0000000000
41674  29.346  -39.140  13.667 0.0000000000
41675  28.663  -39.201  13.252 0.0000000000
42602  29.238  -38.669  13.017 0.0000000000
43525  29.500  -37.698  12.091 0.0000000000
69078  46.470  -10.676  3.983 0.0000000000
68178  46.231  -11.201  3.242 0.0000000000
69085  46.824  -10.498  3.098 0.0000000000
68182  47.429  -10.945  1.660 0.0000000000
65469  45.570  -14.291  -0.047 0.0000000000
59965  43.707  -20.552  5.659 0.0000000000
59973  42.352  -20.421  4.223 0.0000000000
30746  16.999  -51.023  29.747 0.0000000000
32728  30.030  -47.074  27.117 0.0000000000
33739  32.102  -47.302  27.837 0.0000000000
34758  31.983  -46.241  29.132 0.0000000000
34812  35.020  -46.716  25.438 0.0000000000
34830  35.449  -46.288  24.861 0.0000000000
35882  36.294  -45.381  24.630 0.0000000000
36897  37.717  -43.719  24.753 0.0000000000
36909  37.418  -44.207  24.382 0.0000000000
37901  37.899  -43.149  24.086 0.0000000000
38798  37.725  -42.191  25.036 0.0000000000
38814  38.108  -41.850  24.367 0.0000000000
38825  37.906  -42.472  23.929 0.0000000000
39691  37.707  -40.960  26.188 0.0000000000
40610  38.943  -40.371  25.630 0.0000000000
48221  39.390  -32.524  16.984 0.0000000000
51098  36.418  -29.415  9.221 0.0000000000
53022  38.238  -27.168  13.027 0.0000000000
53060  36.576  -27.979  9.595 0.0000000000
53083  37.539  -27.535  7.611 0.0000000000
55012  39.567  -25.840  5.227 0.0000000000
55962  39.882  -23.887  7.093 0.0000000000
56767  45.372  -23.596  19.518 0.0000000000
56876  41.303  -23.513  9.654 0.0000000000
56934  39.749  -24.280  5.698 0.0000000000
57817  46.572  -22.481  17.019 0.0000000000
58870  47.015  -22.012  16.604 0.0000000000
59964  44.010  -19.880  5.680 0.0000000000
63711  47.109  -16.833  7.247 0.0000000000
68158  46.517  -11.937  4.962 0.0000000000
121519  36.521  -28.557  10.781 0.0000000000
121660  38.345  -41.229  24.846 0.0000000000
133889  41.424  -25.301  19.554 0.0000000000
135269  20.636  -47.657  15.378 0.0000000000
138441  37.803  -27.680  13.301 0.0000000000
140411  48.360  -13.155  6.444 0.0000000000
140432  48.657  -12.338  6.795 0.0000000000
141581  33.962  -46.384  27.088 0.0000000000
