#!ascii label  , from subject sub-v2s8x29218_ses-1 vox2ras=TkReg
760
72423  16.896  -7.947  -43.807 0.2500000000
71430  17.469  -8.315  -44.358 0.2500000000
122492  18.257  -8.618  -44.934 0.7500000000
121332  16.441  -5.786  -43.850 0.2500000000
73426  16.628  -6.305  -44.022 0.1250000000
74356  16.703  -5.543  -44.392 0.3750000000
71429  18.080  -7.793  -45.007 0.7500000000
128677  17.340  -7.478  -44.415 0.3750000000
123154  18.898  -8.001  -45.630 0.8750000000
71443  19.796  -8.017  -46.142 0.8750000000
138802  16.898  -6.108  -44.407 0.3750000000
73441  17.187  -6.620  -44.497 0.3750000000
73456  18.380  -6.465  -45.590 0.8750000000
72422  17.880  -7.009  -45.048 0.7500000000
72448  19.892  -6.680  -46.563 1.0000000000
73455  19.045  -6.719  -46.020 1.0000000000
72437  18.650  -7.235  -45.632 0.8750000000
72447  20.787  -6.983  -46.388 1.0000000000
74357  16.322  -4.823  -44.147 0.2500000000
74355  17.301  -5.890  -44.815 0.7500000000
74371  17.993  -5.626  -45.537 0.8750000000
74370  18.817  -5.870  -46.146 0.8750000000
73440  17.741  -6.336  -45.093 0.7500000000
73466  20.379  -6.045  -46.538 1.0000000000
73468  19.602  -6.017  -46.569 1.0000000000
73464  21.154  -6.839  -46.214 1.0000000000
118502  20.441  -6.473  -46.520 1.0000000000
127258  20.337  -7.141  -46.478 1.0000000000
123537  15.679  -4.823  -42.959 0.1250000000
74372  17.253  -5.097  -45.101 0.6250000000
119889  18.544  -5.174  -46.152 1.0000000000
74383  19.283  -5.240  -46.529 1.0000000000
73465  20.680  -5.999  -46.396 1.0000000000
73479  20.069  -5.844  -46.637 1.0000000000
74382  19.901  -5.605  -46.699 1.0000000000
73454  21.060  -6.296  -46.257 1.0000000000
120235  22.776  -6.284  -45.428 1.0000000000
73453  21.731  -6.811  -45.854 1.0000000000
78107  15.745  -1.223  -44.340 0.2500000000
75289  16.025  -4.059  -44.023 0.2500000000
75288  16.332  -3.972  -44.520 0.3750000000
122078  16.683  -4.741  -44.666 0.5000000000
75318  18.567  -3.845  -46.529 1.0000000000
75305  17.045  -4.213  -45.283 0.6250000000
75304  17.943  -4.545  -45.902 1.0000000000
119747  19.927  -4.367  -46.665 1.0000000000
132829  19.074  -4.612  -46.555 1.0000000000
74369  21.059  -5.885  -46.162 1.0000000000
74380  20.624  -5.446  -46.319 1.0000000000
138112  20.127  -4.651  -46.619 1.0000000000
128019  21.292  -5.219  -45.789 1.0000000000
139027  21.695  -5.908  -45.768 1.0000000000
75300  23.045  -4.729  -44.876 1.0000000000
74368  23.021  -5.522  -45.194 1.0000000000
119025  16.393  -1.365  -45.239 0.5000000000
77181  16.171  -2.084  -44.698 0.3750000000
126483  16.816  -2.729  -45.508 0.5000000000
77198  17.571  -2.428  -46.240 0.5000000000
76285  18.213  -2.952  -46.499 0.8750000000
76284  18.858  -3.315  -46.624 1.0000000000
77210  18.585  -2.625  -46.564 1.0000000000
76272  20.843  -3.833  -45.694 1.0000000000
75303  20.406  -4.462  -46.369 1.0000000000
76270  22.769  -4.049  -44.692 1.0000000000
75301  21.949  -4.572  -45.263 1.0000000000
78125  16.700  -0.778  -45.802 0.5000000000
77199  16.833  -2.038  -45.633 0.5000000000
78124  17.236  -1.621  -46.140 0.6250000000
125967  18.464  -1.866  -46.526 0.6250000000
126224  17.949  -2.032  -46.487 1.0000000000
77209  19.120  -2.489  -46.578 1.0000000000
77180  21.387  -2.459  -44.897 1.0000000000
77195  20.713  -3.037  -45.584 1.0000000000
77208  19.705  -3.135  -46.514 1.0000000000
77179  22.410  -2.686  -44.371 1.0000000000
77194  21.572  -3.228  -45.046 1.0000000000
135083  23.478  -2.919  -44.298 0.8750000000
76256  22.527  -3.396  -44.566 1.0000000000
140952  23.522  -3.537  -44.460 0.8750000000
121472  17.697  -1.176  -46.385 0.5000000000
78122  20.050  -1.091  -45.614 1.0000000000
78137  19.037  -1.590  -46.472 1.0000000000
78106  20.644  -1.209  -45.119 1.0000000000
121238  21.956  -1.143  -44.156 1.0000000000
124072  23.422  -2.049  -44.108 1.0000000000
79131  17.973  -0.529  -46.397 0.8750000000
79130  18.719  -0.722  -46.311 1.0000000000
80133  19.791  0.543  -45.417 1.0000000000
79118  19.382  -0.896  -46.026 1.0000000000
120712  21.791  0.846  -44.223 1.0000000000
80122  21.118  0.098  -44.456 1.0000000000
80121  23.711  0.613  -43.852 1.0000000000
79103  22.374  -0.128  -43.946 1.0000000000
79104  21.241  -0.763  -44.486 1.0000000000
79102  23.691  -0.370  -43.902 1.0000000000
78103  24.049  -1.197  -44.118 0.8750000000
81985  17.666  2.363  -45.770 1.0000000000
81996  16.695  2.161  -45.642 0.3750000000
81984  18.795  2.445  -45.710 0.8750000000
81073  19.849  1.396  -45.357 1.0000000000
81061  22.407  1.747  -44.165 1.0000000000
81062  21.288  1.566  -44.569 1.0000000000
82891  18.000  3.435  -45.760 0.8750000000
82890  19.297  3.321  -45.657 1.0000000000
82889  20.252  3.464  -45.473 1.0000000000
141961  21.823  2.101  -44.459 1.0000000000
136698  21.409  2.408  -44.729 1.0000000000
139532  18.548  4.592  -46.092 0.7500000000
82873  21.725  3.220  -44.786 1.0000000000
81982  20.860  2.861  -45.208 1.0000000000
83777  19.689  4.098  -45.776 1.0000000000
83776  20.586  4.247  -45.653 1.0000000000
82888  21.172  3.755  -45.293 1.0000000000
86586  19.014  7.793  -45.756 0.1250000000
87466  20.011  8.373  -45.269 0.1250000000
86594  18.782  8.054  -46.731 0.2500000000
87482  19.057  8.808  -47.098 0.1250000000
87483  18.408  7.938  -47.695 0.3750000000
88431  19.068  9.403  -47.321 0.2500000000
138953  18.454  8.328  -49.245 0.5000000000
87497  18.484  8.621  -48.307 0.2500000000
88448  18.368  9.046  -48.979 0.3750000000
88416  19.519  9.508  -46.607 0.2500000000
88432  18.754  9.634  -47.843 0.2500000000
89336  19.251  9.955  -47.077 0.2500000000
89348  18.738  10.259  -47.556 0.2500000000
89364  18.000  9.585  -49.254 0.2500000000
140618  18.267  8.803  -49.726 0.3750000000
121517  18.459  9.872  -48.301 0.2500000000
88461  18.182  8.934  -50.426 0.3750000000
89380  17.505  9.745  -50.161 0.2500000000
71419  16.710  -8.396  -43.505 0.1250000000
124872  16.749  -7.097  -43.878 0.2500000000
73427  16.525  -6.627  -43.682 0.1250000000
72445  21.490  -7.077  -45.937 1.0000000000
78138  18.386  -1.204  -46.454 0.8750000000
79105  20.473  -0.495  -45.056 1.0000000000
70478  16.744  -9.215  -43.347 0.1250000000
71444  19.111  -8.801  -45.477 0.6250000000
70505  19.992  -8.831  -45.840 0.7500000000
70504  20.895  -8.850  -45.812 1.0000000000
72412  16.653  -7.519  -43.593 0.1250000000
71454  21.208  -7.478  -46.105 1.0000000000
71453  21.514  -7.594  -45.883 1.0000000000
72435  22.310  -7.595  -45.697 1.0000000000
76258  15.875  -3.387  -44.094 0.3750000000
77182  15.760  -2.561  -44.132 0.2500000000
75299  24.221  -5.085  -44.966 0.8750000000
76255  24.442  -3.307  -44.553 0.8750000000
76269  24.156  -4.159  -44.677 0.8750000000
139783  24.500  -1.807  -44.400 0.8750000000
81997  16.013  1.982  -45.242 0.1250000000
79132  17.042  -0.113  -46.230 0.3750000000
124000  17.647  0.171  -46.279 0.6250000000
81986  16.802  3.046  -45.543 0.5000000000
81085  16.585  1.505  -45.746 0.3750000000
81075  18.289  1.552  -45.875 0.8750000000
81970  23.361  2.514  -44.118 1.0000000000
120033  18.769  4.071  -45.861 1.0000000000
82872  22.726  3.386  -44.488 1.0000000000
84671  19.773  5.248  -46.998 1.0000000000
83786  20.916  4.796  -46.009 1.0000000000
82887  22.130  4.139  -44.992 1.0000000000
86578  19.838  7.867  -44.514 0.1250000000
86587  18.072  7.232  -45.834 0.1250000000
85647  18.435  6.689  -47.952 0.6250000000
129899  18.356  7.611  -48.590 0.6250000000
87526  18.922  7.844  -49.740 0.5000000000
87470  19.622  8.764  -46.052 0.2500000000
126415  18.660  8.317  -49.784 0.5000000000
131732  19.926  9.533  -45.823 0.2500000000
89337  18.948  10.565  -46.756 0.1250000000
89365  18.006  10.515  -48.191 0.2500000000
130125  16.926  9.875  -50.804 0.2500000000
88462  17.451  9.387  -51.137 0.3750000000
89393  16.914  9.913  -51.471 0.2500000000
70497  16.941  -8.816  -43.736 0.1250000000
70496  17.576  -9.185  -44.258 0.5000000000
71455  20.732  -7.816  -46.252 1.0000000000
72436  19.512  -7.304  -46.188 1.0000000000
72446  21.075  -7.052  -46.246 1.0000000000
74381  20.308  -5.596  -46.542 1.0000000000
75316  19.918  -4.864  -46.674 1.0000000000
76257  16.228  -3.020  -44.630 0.3750000000
141184  16.746  -3.472  -45.266 0.5000000000
76274  17.551  -3.422  -45.989 0.8750000000
75317  19.392  -4.023  -46.660 1.0000000000
138919  22.176  -5.148  -45.353 1.0000000000
75302  20.795  -4.979  -46.005 1.0000000000
75315  20.348  -4.897  -46.443 1.0000000000
120613  20.997  -4.554  -45.761 1.0000000000
76273  20.288  -3.574  -46.266 1.0000000000
76283  19.403  -3.411  -46.608 1.0000000000
76271  21.701  -3.900  -45.206 1.0000000000
77197  19.601  -2.307  -46.327 1.0000000000
133079  22.185  -1.890  -44.229 1.0000000000
77196  20.132  -2.832  -46.148 1.0000000000
78121  20.415  -2.040  -45.581 1.0000000000
77178  24.476  -2.515  -44.448 0.8750000000
78123  19.668  -1.596  -46.052 1.0000000000
78105  21.255  -1.610  -44.702 1.0000000000
78104  22.891  -1.180  -43.844 1.0000000000
80134  19.158  0.014  -45.886 1.0000000000
124247  19.842  -0.281  -45.539 1.0000000000
123904  19.337  0.827  -45.640 1.0000000000
81063  20.365  1.111  -44.948 1.0000000000
80123  20.339  0.299  -45.010 1.0000000000
120364  22.796  0.921  -43.872 1.0000000000
124159  20.927  0.787  -44.578 1.0000000000
81084  17.323  1.498  -45.949 0.7500000000
80135  18.721  0.771  -45.938 1.0000000000
81074  19.167  1.554  -45.648 1.0000000000
81983  19.867  2.437  -45.437 1.0000000000
81972  20.572  1.969  -45.041 1.0000000000
81971  22.224  2.590  -44.412 1.0000000000
83775  21.391  4.509  -45.531 1.0000000000
83787  20.169  4.708  -46.292 1.0000000000
86579  18.628  7.246  -45.000 0.1250000000
132225  18.266  7.408  -46.381 0.3750000000
87510  18.627  7.697  -49.316 0.7500000000
124433  17.539  10.391  -49.115 0.2500000000
70460  16.843  -9.826  -43.193 0.1250000000
70477  17.094  -9.733  -43.542 0.1250000000
70495  18.435  -9.550  -44.725 0.6250000000
70520  21.275  -8.228  -45.915 1.0000000000
80145  18.361  0.050  -46.205 0.8750000000
80146  17.894  0.791  -46.158 0.7500000000
133675  16.959  0.796  -46.112 0.8750000000
83788  19.127  4.721  -46.407 1.0000000000
84670  20.873  5.357  -46.627 1.0000000000
84646  21.551  5.169  -45.884 1.0000000000
86606  18.308  7.215  -48.128 0.7500000000
126903  18.314  7.238  -47.232 0.5000000000
86617  18.616  7.013  -48.841 0.7500000000
89392  17.935  9.797  -51.793 0.3750000000
135282  21.550  -12.521  -45.211 0.7500000000
140028  23.811  -11.855  -46.139 0.7500000000
67793  20.744  -12.678  -44.817 0.7500000000
68702  20.317  -11.734  -44.948 0.7500000000
132080  23.178  -11.677  -45.861 0.7500000000
117941  22.159  -11.958  -45.508 0.7500000000
68716  21.784  -11.042  -45.543 0.7500000000
67811  21.229  -11.840  -45.255 0.7500000000
128977  23.868  -11.232  -46.184 0.7500000000
68715  22.535  -11.114  -45.699 0.7500000000
138828  19.630  -10.195  -45.206 0.7500000000
69583  19.307  -9.698  -45.218 0.6250000000
69592  21.595  -9.947  -45.641 0.7500000000
69593  20.807  -9.929  -45.565 0.8750000000
69604  24.007  -10.299  -46.156 0.7500000000
69605  23.198  -10.560  -45.897 0.7500000000
127583  22.870  -9.506  -45.733 0.7500000000
70519  21.690  -8.752  -45.741 0.8750000000
130071  23.542  -9.473  -45.826 0.7500000000
70517  22.901  -8.854  -45.653 0.7500000000
70518  22.303  -8.633  -45.657 0.8750000000
71441  24.209  -8.494  -45.728 0.7500000000
119105  22.316  -8.240  -45.660 0.8750000000
134717  21.944  -7.823  -45.757 0.8750000000
72434  23.659  -7.737  -45.514 0.8750000000
73451  24.455  -7.070  -45.501 0.8750000000
73452  23.188  -6.975  -45.462 0.8750000000
74366  26.322  -5.776  -46.239 0.3750000000
74367  24.079  -6.124  -45.218 0.7500000000
119263  26.920  -5.278  -46.541 0.5000000000
75298  26.321  -4.942  -46.169 0.5000000000
118225  25.317  -4.590  -45.349 0.7500000000
76266  27.345  -3.605  -46.914 0.1250000000
76267  26.879  -3.545  -46.809 0.3750000000
76268  26.273  -4.117  -46.091 0.6250000000
118034  25.365  -3.759  -45.178 0.6250000000
118131  27.912  -2.980  -46.627 0.1250000000
77191  27.326  -2.988  -47.162 0.1250000000
133980  26.684  -2.959  -46.847 0.1250000000
78118  26.699  -2.398  -47.136 0.1250000000
120008  26.108  -2.457  -46.050 0.6250000000
136761  25.310  -2.093  -44.847 0.6250000000
78134  27.865  -1.552  -47.040 0.1250000000
79127  27.386  -0.958  -47.300 0.1250000000
78119  26.181  -1.815  -46.647 0.1250000000
78120  25.675  -1.581  -45.627 0.5000000000
78102  25.060  -1.282  -44.704 0.7500000000
79116  25.840  -1.043  -46.474 0.5000000000
79117  25.430  -0.711  -45.253 0.6250000000
79101  24.695  -0.496  -44.500 0.7500000000
131382  17.846  4.509  -45.756 0.6250000000
84647  17.661  5.400  -45.757 0.5000000000
83789  18.321  5.127  -46.254 0.7500000000
80132  25.220  0.259  -44.817 0.6250000000
134189  24.617  0.719  -44.308 0.6250000000
81071  25.552  0.887  -45.314 0.5000000000
81072  25.197  1.188  -44.644 0.6250000000
81059  24.433  1.379  -44.110 0.7500000000
84672  18.744  5.481  -47.022 0.7500000000
83759  23.233  4.202  -44.685 0.8750000000
130813  25.084  2.051  -44.403 0.7500000000
82870  24.788  3.407  -44.582 0.8750000000
82871  23.813  3.434  -44.380 0.8750000000
83773  23.741  4.949  -44.946 0.8750000000
81995  25.639  1.447  -46.021 0.3750000000
135450  25.671  1.760  -44.988 0.5000000000
81980  25.598  2.577  -44.923 0.6250000000
120116  25.619  1.560  -48.002 0.2500000000
82008  25.855  2.076  -46.778 0.3750000000
84673  18.076  6.070  -46.533 0.6250000000
84686  18.553  6.176  -47.537 0.7500000000
84645  22.336  5.451  -45.611 0.7500000000
84644  23.238  5.585  -45.362 0.8750000000
82886  25.408  3.223  -44.877 0.6250000000
133926  25.849  2.402  -45.721 0.3750000000
82902  26.133  3.045  -46.406 0.5000000000
120478  24.737  4.939  -45.109 0.7500000000
128765  26.042  2.834  -47.478 0.2500000000
84685  19.361  5.752  -47.743 0.8750000000
84684  20.362  5.802  -47.511 0.8750000000
85644  20.778  6.532  -47.972 0.7500000000
84669  21.836  5.927  -46.301 0.8750000000
85604  23.670  6.360  -45.532 0.7500000000
123005  25.613  4.922  -45.521 0.5000000000
83797  26.345  4.775  -47.695 0.2500000000
83784  26.408  4.815  -46.829 0.5000000000
82884  26.277  3.978  -46.307 0.5000000000
119118  18.270  6.635  -47.148 0.5000000000
85646  19.082  6.325  -48.446 0.6250000000
122819  20.028  6.542  -48.800 0.7500000000
86616  20.606  7.274  -48.729 0.7500000000
86605  21.419  7.438  -47.743 0.7500000000
86593  22.302  7.684  -46.854 0.7500000000
123231  21.595  6.857  -47.074 0.7500000000
85620  23.185  7.478  -46.223 0.7500000000
87481  23.235  8.224  -46.553 0.7500000000
85602  25.472  6.548  -45.812 0.5000000000
86584  24.844  7.178  -45.839 0.3750000000
86585  24.048  7.263  -45.756 0.6250000000
84683  26.374  5.501  -47.430 0.2500000000
137522  26.160  6.416  -46.532 0.3750000000
85643  26.064  6.978  -46.820 0.3750000000
85668  19.297  6.848  -49.161 0.6250000000
87509  20.675  8.153  -48.961 0.7500000000
87508  21.274  8.134  -48.213 0.7500000000
87496  21.945  8.298  -47.469 0.7500000000
87494  23.358  8.960  -46.838 0.6250000000
87479  25.182  8.170  -46.746 0.3750000000
87480  24.014  8.634  -46.477 0.3750000000
85665  26.204  6.097  -48.098 0.1250000000
138097  25.841  7.592  -48.246 0.1250000000
86604  25.741  7.760  -47.281 0.2500000000
86628  19.472  7.257  -49.461 0.6250000000
86627  20.025  7.506  -49.447 0.7500000000
88430  21.716  8.851  -47.846 0.7500000000
88415  23.990  9.282  -46.800 0.3750000000
88429  22.472  9.159  -47.368 0.3750000000
87495  22.641  8.484  -46.980 0.7500000000
87492  25.334  8.641  -47.421 0.2500000000
87493  24.595  8.891  -46.869 0.3750000000
86638  25.524  7.328  -50.082 0.1250000000
86626  25.670  7.418  -49.166 0.1250000000
84707  25.888  5.794  -49.151 0.1250000000
86629  18.972  7.321  -49.474 0.6250000000
87525  19.312  7.794  -49.747 0.6250000000
88447  20.697  8.929  -49.149 0.3750000000
87524  20.091  8.254  -49.608 0.3750000000
89347  21.771  9.696  -47.957 0.3750000000
89361  23.726  11.057  -48.009 0.2500000000
88428  23.425  9.664  -47.185 0.3750000000
88458  25.395  9.765  -49.456 0.1250000000
88426  25.004  9.448  -47.667 0.3750000000
88427  24.256  9.824  -47.342 0.3750000000
86646  25.314  7.196  -50.806 0.1250000000
87507  25.548  8.951  -48.871 0.1250000000
88475  18.923  8.996  -51.015 0.3750000000
139197  19.441  8.431  -50.000 0.3750000000
89378  20.076  9.812  -49.846 0.3750000000
88459  20.097  8.994  -49.757 0.3750000000
137302  21.626  11.650  -48.985 0.3750000000
90228  21.309  11.108  -48.935 0.3750000000
89363  20.681  9.744  -49.199 0.3750000000
90226  23.019  11.544  -48.367 0.3750000000
89362  22.860  10.866  -47.871 0.3750000000
128250  22.113  10.506  -47.986 0.3750000000
89406  25.062  10.444  -50.647 0.1250000000
89359  24.940  10.529  -48.698 0.1250000000
89360  24.471  11.010  -48.442 0.2500000000
88494  25.208  8.983  -50.950 0.1250000000
90258  19.395  10.688  -50.717 0.2500000000
90257  20.070  11.660  -50.057 0.2500000000
90246  20.052  10.717  -49.900 0.3750000000
91169  22.618  12.567  -49.342 0.1250000000
90245  20.869  11.529  -49.415 0.3750000000
130158  20.715  10.589  -49.290 0.3750000000
91163  23.266  12.163  -48.889 0.1250000000
90243  22.342  11.961  -48.848 0.2500000000
90256  24.664  11.841  -50.616 0.1250000000
90225  23.905  11.676  -48.568 0.1250000000
89391  18.730  9.635  -51.303 0.3750000000
89379  19.430  9.687  -50.640 0.3750000000
92043  21.899  13.088  -49.809 0.1250000000
91177  20.834  13.271  -50.363 0.1250000000
90268  24.703  11.803  -51.339 0.1250000000
92052  23.467  13.520  -50.467 0.1250000000
92919  19.106  14.179  -51.684 0.1250000000
92907  22.121  14.266  -50.708 0.1250000000
92908  21.166  14.186  -50.717 0.1250000000
92060  24.295  13.423  -51.402 0.1250000000
129634  24.714  11.998  -52.091 0.1250000000
120701  21.719  -7.992  -45.789 0.8750000000
80131  25.391  -0.093  -45.982 0.6250000000
81969  24.466  2.707  -44.237 0.8750000000
83772  25.332  4.056  -45.048 0.5000000000
139731  26.254  3.464  -46.866 0.3750000000
85645  19.960  6.064  -48.235 0.7500000000
85622  21.177  6.146  -47.049 0.8750000000
85621  22.348  6.788  -46.368 0.7500000000
85605  22.743  6.185  -45.777 0.7500000000
84668  25.897  5.712  -45.826 0.5000000000
138560  26.014  6.256  -46.093 0.5000000000
84642  25.140  5.736  -45.455 0.7500000000
84667  26.305  5.722  -46.484 0.5000000000
90242  24.616  11.765  -49.808 0.1250000000
91170  20.910  12.429  -49.816 0.2500000000
92054  21.724  13.695  -50.350 0.1250000000
92061  23.848  13.819  -51.122 0.1250000000
77193  26.243  -3.313  -46.018 0.5000000000
80144  25.807  -0.347  -46.948 0.3750000000
81083  25.603  0.464  -46.487 0.3750000000
81095  25.675  0.898  -47.308 0.2500000000
91168  23.575  12.599  -49.455 0.1250000000
81105  25.583  1.271  -49.016 0.1250000000
124623  22.544  -13.375  -45.378 0.7500000000
66874  21.613  -13.310  -45.010 0.7500000000
126529  24.209  -13.278  -45.940 0.7500000000
67809  22.859  -12.606  -45.633 0.7500000000
67821  24.341  -11.867  -46.237 0.7500000000
126718  19.121  -10.622  -44.753 0.6250000000
68717  20.941  -10.917  -45.377 0.7500000000
68728  24.621  -11.066  -46.374 0.6250000000
70516  24.422  -9.593  -46.155 0.7500000000
126323  25.614  -7.161  -46.077 0.5000000000
73450  26.401  -6.589  -46.370 0.3750000000
75296  27.538  -4.403  -46.510 0.1250000000
78115  28.955  -1.372  -45.484 0.1250000000
79115  28.578  -0.909  -46.210 0.1250000000
79126  28.262  -0.497  -46.931 0.1250000000
79143  27.831  0.006  -47.407 0.1250000000
79128  26.687  -1.118  -47.414 0.1250000000
79145  26.290  -0.326  -47.587 0.1250000000
118757  25.809  0.100  -47.350 0.2500000000
85624  17.625  6.162  -45.667 0.5000000000
82928  25.722  2.832  -49.352 0.1250000000
82013  25.681  2.266  -48.651 0.2500000000
83808  25.895  3.868  -49.249 0.1250000000
126713  25.544  5.840  -50.164 0.1250000000
85623  17.965  6.852  -46.307 0.3750000000
119997  25.289  5.870  -51.098 0.1250000000
86647  24.950  7.389  -51.451 0.1250000000
85711  24.725  6.802  -51.947 0.1250000000
89407  24.880  10.462  -51.502 0.1250000000
88508  24.417  9.617  -52.884 0.1250000000
87469  20.242  8.892  -45.268 0.1250000000
91179  18.380  11.623  -51.727 0.2500000000
130676  18.890  12.653  -51.396 0.1250000000
91185  18.391  13.372  -52.009 0.1250000000
92917  21.579  14.846  -51.205 0.1250000000
135690  19.750  14.681  -51.521 0.1250000000
92916  22.575  14.762  -51.320 0.1250000000
91191  24.595  12.738  -52.306 0.1250000000
92915  23.482  14.463  -51.550 0.1250000000
80120  24.409  0.159  -44.252 0.7500000000
134119  16.097  3.309  -45.175 0.3750000000
137093  20.096  -9.724  -45.534 0.7500000000
140542  21.270  -9.328  -45.686 0.8750000000
77177  25.412  -2.926  -45.036 0.6250000000
81060  23.542  1.540  -43.888 0.8750000000
137796  22.022  4.848  -45.405 0.8750000000
138341  18.867  8.445  -50.421 0.3750000000
88476  18.190  9.151  -51.233 0.3750000000
89408  17.348  10.147  -52.034 0.1250000000
90269  17.705  10.615  -52.132 0.2500000000
67810  22.123  -12.759  -45.353 0.7500000000
67808  23.793  -12.495  -46.046 0.7500000000
69606  22.371  -10.253  -45.711 0.7500000000
69594  20.021  -10.718  -45.181 0.7500000000
140379  18.790  -10.119  -44.734 0.6250000000
69607  22.209  -9.333  -45.691 0.8750000000
140559  23.416  -9.952  -45.904 0.7500000000
132525  23.559  -8.868  -45.724 0.7500000000
71442  22.905  -8.237  -45.648 0.8750000000
72433  24.878  -7.866  -45.812 0.6250000000
73449  26.970  -6.116  -46.525 0.2500000000
119352  25.396  -6.359  -45.754 0.6250000000
118304  25.301  -5.465  -45.536 0.7500000000
75297  26.983  -4.399  -46.680 0.2500000000
78117  27.573  -2.446  -47.139 0.1250000000
78116  28.206  -1.962  -46.429 0.1250000000
77207  27.116  -2.648  -47.333 0.1250000000
78135  27.094  -1.945  -47.407 0.1250000000
78136  26.428  -1.602  -47.214 0.1250000000
79129  26.204  -0.950  -47.248 0.1250000000
83758  24.284  4.200  -44.698 0.7500000000
84643  24.195  5.687  -45.283 0.7500000000
82885  25.884  3.363  -45.510 0.5000000000
85603  24.596  6.496  -45.556 0.6250000000
137575  23.194  6.844  -45.851 0.7500000000
83785  26.227  4.909  -46.006 0.5000000000
84697  26.212  5.231  -48.347 0.1250000000
83807  26.155  4.354  -48.403 0.1250000000
82912  26.275  3.948  -47.428 0.2500000000
82918  26.002  3.382  -48.431 0.1250000000
85667  19.925  7.000  -49.289 0.7500000000
86592  23.876  7.964  -46.174 0.6250000000
86583  25.440  7.375  -46.351 0.3750000000
86591  24.588  7.941  -46.284 0.3750000000
85642  26.306  6.302  -47.159 0.1250000000
85666  26.098  6.944  -47.699 0.3750000000
88446  21.219  8.886  -48.472 0.3750000000
86615  25.647  8.398  -48.059 0.3750000000
125883  25.897  6.744  -48.681 0.1250000000
141860  25.645  8.119  -48.755 0.1250000000
120042  25.645  6.615  -49.631 0.1250000000
89345  23.581  10.398  -47.556 0.3750000000
89346  22.686  10.105  -47.552 0.3750000000
88444  25.273  9.826  -48.544 0.2500000000
129875  25.567  8.137  -49.593 0.1250000000
87542  25.351  8.035  -50.685 0.1250000000
85698  25.428  6.587  -50.516 0.1250000000
88445  24.757  10.249  -48.010 0.2500000000
128127  25.441  8.949  -49.984 0.1250000000
89390  25.191  10.325  -49.916 0.1250000000
89376  25.146  10.454  -49.290 0.1250000000
88460  19.409  8.943  -50.409 0.3750000000
90244  21.681  12.249  -49.335 0.3750000000
88474  25.271  9.733  -50.349 0.1250000000
90241  24.925  11.038  -50.039 0.1250000000
90267  24.852  11.161  -50.975 0.1250000000
89377  24.802  11.096  -49.225 0.1250000000
90224  24.411  11.714  -49.092 0.1250000000
87553  24.822  8.279  -51.727 0.1250000000
138020  24.848  9.123  -51.628 0.1250000000
126897  19.316  11.865  -50.827 0.2500000000
90259  18.576  10.593  -51.529 0.2500000000
91178  20.168  12.473  -50.291 0.2500000000
92042  23.061  13.161  -49.819 0.1250000000
92051  24.210  13.190  -50.751 0.1250000000
91175  24.413  12.466  -50.354 0.1250000000
91184  24.532  12.656  -51.324 0.1250000000
92055  19.721  13.007  -50.728 0.1250000000
92909  20.047  13.985  -50.972 0.1250000000
92053  22.545  13.654  -50.313 0.1250000000
127730  24.764  11.199  -51.826 0.1250000000
91176  23.935  12.942  -50.038 0.1250000000
92920  18.176  14.377  -52.452 0.1250000000
92062  19.248  13.465  -51.313 0.1250000000
65938  22.239  -14.118  -45.080 0.7500000000
122129  23.416  -13.320  -45.699 0.7500000000
66875  20.758  -13.580  -44.547 0.7500000000
65924  21.402  -14.141  -44.640 0.7500000000
68704  18.465  -11.383  -44.096 0.5000000000
138016  24.833  -9.046  -46.215 0.6250000000
72432  25.947  -7.819  -46.379 0.5000000000
79144  26.880  -0.343  -47.670 0.1250000000
80158  27.362  0.347  -47.992 0.1250000000
83820  25.951  4.811  -49.176 0.1250000000
88495  24.752  9.714  -51.989 0.1250000000
89422  24.638  10.423  -52.385 0.1250000000
67794  19.593  -12.549  -44.387 0.5000000000
65936  23.724  -14.761  -45.481 0.6250000000
66890  23.914  -13.995  -45.728 0.6250000000
66888  25.401  -13.261  -45.307 0.3750000000
66889  24.875  -13.266  -45.798 0.6250000000
68701  25.815  -11.858  -45.659 0.2500000000
68714  25.182  -11.754  -46.197 0.3750000000
138244  26.452  -7.239  -46.444 0.3750000000
66891  23.128  -14.068  -45.410 0.6250000000
68727  25.292  -10.905  -46.386 0.5000000000
70515  25.321  -9.609  -46.453 0.5000000000
71440  25.363  -8.485  -46.229 0.5000000000
65102  23.497  -15.511  -45.212 0.6250000000
67774  18.775  -12.947  -43.830 0.3750000000
66876  19.931  -13.959  -44.073 0.3750000000
65937  22.895  -14.815  -45.138 0.6250000000
123478  25.646  -14.424  -44.097 0.3750000000
65087  24.976  -14.722  -44.907 0.5000000000
66872  26.345  -13.252  -43.857 0.3750000000
68712  26.289  -11.202  -45.544 0.2500000000
67792  25.835  -12.567  -45.112 0.2500000000
68713  25.822  -11.124  -46.124 0.2500000000
139629  25.987  -9.539  -46.471 0.3750000000
130898  26.445  -9.024  -46.402 0.2500000000
72444  26.286  -8.407  -46.444 0.2500000000
72431  26.746  -7.696  -46.476 0.2500000000
77167  15.371  -2.786  -42.991 0.1250000000
117808  15.925  -0.542  -44.881 0.2500000000
73448  27.331  -6.532  -46.214 0.2500000000
80147  16.423  0.568  -45.721 0.2500000000
78092  15.699  -1.871  -44.087 0.1250000000
127268  17.711  -9.930  -44.104 0.2500000000
69603  24.923  -10.281  -46.470 0.5000000000
121422  20.077  -13.226  -44.388 0.5000000000
137679  24.478  -13.796  -45.697 0.6250000000
67807  24.653  -12.576  -46.093 0.5000000000
128448  26.967  -6.945  -46.535 0.2500000000
67795  18.649  -12.244  -43.926 0.3750000000
68703  19.372  -11.558  -44.560 0.3750000000
69584  18.241  -10.505  -44.265 0.2500000000
70514  25.749  -9.018  -46.476 0.2500000000
65935  24.403  -14.467  -45.487 0.6250000000
65934  24.967  -13.930  -45.415 0.5000000000
67806  25.331  -12.576  -45.776 0.2500000000
120650  26.300  -11.879  -44.883 0.2500000000
69591  25.770  -10.277  -46.380 0.3750000000
65923  25.456  -13.895  -44.776 0.5000000000
65922  25.906  -13.753  -44.104 0.3750000000
66864  19.287  -13.379  -44.007 0.3750000000
69590  26.264  -10.616  -46.015 0.2500000000
71439  26.886  -8.336  -46.352 0.2500000000
77155  15.299  -3.013  -42.191 0.1250000000
64242  22.214  -15.876  -44.429 0.5000000000
65076  25.331  -15.232  -44.104 0.2500000000
65088  24.323  -16.175  -44.839 0.3750000000
127141  23.898  -16.104  -45.166 0.5000000000
65103  22.758  -15.471  -44.856 0.5000000000
64229  21.550  -16.267  -43.853 0.3750000000
65092  20.739  -15.174  -43.844 0.5000000000
65090  21.992  -14.934  -44.640 0.5000000000
65091  21.395  -15.450  -44.085 0.5000000000
126629  21.099  -14.753  -44.243 0.3750000000
63251  20.791  -17.472  -43.043 0.1250000000
64230  20.779  -16.602  -43.344 0.3750000000
65925  20.319  -14.664  -43.897 0.2500000000
61433  21.813  -18.771  -43.268 0.1250000000
63269  22.274  -17.660  -43.885 0.3750000000
65077  25.016  -16.111  -44.087 0.2500000000
63279  23.943  -17.454  -44.453 0.3750000000
64240  23.916  -16.730  -44.857 0.5000000000
62336  20.253  -18.161  -42.414 0.1250000000
63270  21.597  -17.136  -43.637 0.3750000000
131848  23.377  -17.061  -44.550 0.3750000000
64215  19.574  -16.632  -42.367 0.1250000000
65079  19.168  -15.337  -42.821 0.1250000000
80176  25.685  0.692  -48.508 0.1250000000
136676  20.709  -14.216  -44.304 0.3750000000
65101  24.254  -15.403  -45.256 0.3750000000
132494  19.330  -14.625  -43.408 0.2500000000
135958  19.097  -13.944  -43.594 0.2500000000
64241  22.473  -16.896  -44.249 0.5000000000
65089  23.198  -16.255  -44.799 0.5000000000
65078  20.733  -15.804  -43.599 0.5000000000
120002  24.770  -15.542  -44.643 0.3750000000
65909  19.998  -15.297  -43.464 0.1250000000
136610  21.137  -18.266  -42.978 0.1250000000
63252  19.913  -17.322  -42.450 0.1250000000
133644  20.177  -16.831  -42.859 0.1250000000
62335  21.040  -18.955  -42.678 0.1250000000
64239  24.465  -16.844  -44.374 0.2500000000
64231  19.852  -16.098  -43.005 0.1250000000
62348  22.468  -18.365  -43.697 0.2500000000
120070  23.945  -18.207  -43.954 0.2500000000
64228  24.999  -16.807  -43.771 0.2500000000
62349  21.682  -17.963  -43.459 0.1250000000
63268  23.163  -17.830  -44.181 0.2500000000
62347  23.220  -18.660  -43.703 0.1250000000
68682  17.527  -11.249  -43.258 0.1250000000
83778  16.580  4.139  -45.383 0.1250000000
133025  17.094  4.959  -45.406 0.1250000000
129684  16.521  4.969  -45.125 0.1250000000
84648  17.098  5.521  -45.247 0.1250000000
84626  16.765  5.243  -44.633 0.1250000000
85606  17.771  6.733  -45.467 0.1250000000
85607  17.361  6.070  -45.010 0.1250000000
85588  17.328  5.828  -43.149 0.1250000000
79119  16.234  0.071  -45.398 0.1250000000
66865  18.561  -13.524  -43.403 0.1250000000
67776  17.897  -11.990  -43.331 0.1250000000
81086  16.192  1.180  -45.488 0.1250000000
82892  15.883  2.883  -44.981 0.1250000000
83761  15.879  3.620  -44.834 0.1250000000
83760  16.187  4.389  -44.730 0.1250000000
83747  16.487  4.444  -43.807 0.1250000000
84616  16.534  5.038  -42.841 0.1250000000
85593  18.027  6.665  -44.491 0.1250000000
135982  16.183  2.671  -45.284 0.1250000000
67775  18.182  -12.891  -43.291 0.1250000000
69585  17.513  -10.535  -43.620 0.1250000000
68705  17.861  -11.164  -43.670 0.1250000000
68665  17.390  -11.119  -42.409 0.1250000000
67763  17.667  -12.004  -43.131 0.1250000000
129296  16.953  5.265  -43.675 0.1250000000
85594  17.526  5.894  -44.058 0.1250000000
85580  17.763  6.487  -42.571 0.1250000000
65908  26.423  -14.088  -43.529 0.1250000000
66863  27.049  -13.335  -43.391 0.1250000000
67791  26.323  -12.588  -44.311 0.1250000000
68681  26.918  -11.967  -44.008 0.1250000000
68700  26.746  -11.186  -44.755 0.1250000000
69582  26.669  -10.533  -45.469 0.1250000000
70503  26.499  -9.846  -46.118 0.1250000000
70492  27.769  -8.765  -44.163 0.1250000000
70493  27.302  -9.095  -44.884 0.1250000000
70502  26.949  -9.075  -45.999 0.1250000000
72421  27.487  -7.578  -45.197 0.1250000000
72420  27.942  -7.275  -44.434 0.1250000000
141694  27.444  -7.061  -45.862 0.1250000000
63266  25.290  -17.138  -43.390 0.1250000000
64227  25.663  -16.451  -43.353 0.1250000000
128718  25.999  -14.978  -43.522 0.1250000000
65907  27.294  -14.083  -42.959 0.1250000000
67773  26.795  -12.727  -43.745 0.1250000000
68680  27.763  -11.845  -43.445 0.1250000000
69568  27.639  -10.382  -43.875 0.1250000000
119278  27.360  -9.880  -44.541 0.1250000000
70476  27.868  -9.537  -43.868 0.1250000000
74354  27.771  -5.859  -45.831 0.1250000000
74353  28.129  -5.941  -44.812 0.1250000000
119629  27.348  -5.624  -46.384 0.1250000000
72430  27.173  -7.493  -46.253 0.1250000000
71438  27.213  -8.334  -45.798 0.1250000000
128532  25.652  -15.677  -43.600 0.1250000000
64226  26.295  -15.700  -43.131 0.1250000000
63267  24.622  -17.517  -43.784 0.1250000000
65075  26.790  -14.892  -43.027 0.1250000000
69581  27.116  -10.492  -44.677 0.1250000000
68699  27.317  -11.137  -43.927 0.1250000000
70494  27.009  -9.834  -45.364 0.1250000000
71428  27.484  -8.351  -44.781 0.1250000000
71427  27.959  -8.039  -44.078 0.1250000000
73439  27.735  -6.690  -45.224 0.1250000000
73438  28.263  -6.673  -44.148 0.1250000000
64214  25.870  -17.179  -42.950 0.1250000000
138352  26.591  -16.580  -42.773 0.1250000000
67772  27.450  -12.600  -43.418 0.1250000000
136970  28.431  -5.355  -44.532 0.1250000000
66873  25.858  -13.213  -44.560 0.3750000000
73467  19.876  -6.038  -46.624 1.0000000000
74384  18.728  -4.618  -46.431 1.0000000000
74393  19.973  -5.554  -46.698 1.0000000000
76282  20.120  -3.878  -46.517 1.0000000000
77192  27.026  -3.031  -47.221 0.1250000000
80173  27.947  0.797  -48.309 0.1250000000
81981  25.142  2.786  -44.551 0.6250000000
83771  25.967  4.233  -45.653 0.5000000000
83774  22.778  4.877  -45.135 0.8750000000
85619  25.871  6.739  -46.271 0.3750000000
85710  25.092  6.639  -51.303 0.1250000000
88477  17.442  9.700  -51.675 0.3750000000
89344  24.210  10.549  -47.798 0.2500000000
90227  22.029  11.214  -48.434 0.3750000000
91162  23.998  12.189  -49.053 0.1250000000
91167  24.279  12.298  -49.631 0.1250000000
92906  23.039  14.156  -50.827 0.1250000000
92914  24.189  14.013  -51.830 0.1250000000
118934  19.852  -4.912  -46.683 1.0000000000
121316  25.452  9.083  -48.084 0.2500000000
126467  20.668  -6.516  -46.405 1.0000000000
126779  21.133  9.552  -48.657 0.3750000000
128398  25.044  9.755  -51.184 0.1250000000
129060  24.251  2.043  -43.997 0.8750000000
133152  21.364  10.382  -48.604 0.3750000000
137028  27.286  -4.947  -46.544 0.1250000000
139742  18.095  -2.476  -46.487 0.7500000000
140359  21.721  6.442  -46.681 0.7500000000
