#!ascii label  , from subject sub-v2s8x29251_ses-1 vox2ras=TkReg
2119
7292  19.436  -70.364  -45.022 0.6999999881
133789  17.944  -70.348  -44.580 0.8000000119
7285  16.353  -70.275  -44.237 0.8000000119
7275  15.602  -69.984  -44.183 0.6999999881
7994  19.143  -69.837  -45.951 0.6000000238
129849  18.363  -70.081  -45.372 0.6000000238
7286  15.732  -70.135  -44.750 0.6000000238
8017  21.211  -69.220  -47.081 0.6000000238
120468  16.972  -70.304  -43.617 0.8000000119
120176  15.684  -69.598  -43.750 0.6999999881
8667  15.339  -69.017  -43.742 0.6999999881
9365  13.353  -67.529  -44.841 0.6999999881
7992  21.028  -70.252  -45.679 0.6000000238
7284  19.126  -70.494  -44.080 0.6999999881
8668  14.197  -68.552  -44.556 0.6999999881
8733  21.776  -68.340  -47.568 0.6000000238
8732  22.545  -67.923  -47.615 0.6000000238
121092  20.693  -68.276  -47.878 0.6000000238
118868  21.232  -65.793  -48.981 0.6000000238
9423  20.700  -66.213  -48.869 0.6000000238
7255  17.759  -70.080  -42.313 0.8000000119
7940  16.781  -68.889  -42.567 0.8000000119
132606  15.986  -67.779  -43.433 0.6999999881
9364  15.472  -67.053  -43.783 0.6999999881
10113  12.704  -65.324  -45.316 0.6999999881
7272  18.794  -70.546  -43.120 0.8000000119
8666  16.084  -68.558  -43.313 0.6999999881
9373  14.040  -66.564  -44.636 0.6999999881
136810  19.551  -70.569  -43.568 0.6999999881
7256  16.940  -70.006  -42.852 0.8000000119
125469  15.003  -67.950  -44.010 0.6999999881
7283  19.958  -70.585  -44.265 0.6999999881
8007  21.517  -69.769  -46.246 0.6999999881
8718  22.085  -69.281  -46.753 0.6000000238
134646  21.500  -65.735  -48.880 0.6000000238
138729  21.043  -67.394  -48.286 0.6000000238
10167  22.069  -65.352  -49.149 0.6000000238
126162  23.071  -68.447  -51.077 0.6999999881
9441  22.107  -67.364  -50.451 0.6000000238
8050  24.181  -69.632  -51.068 0.5000000000
120406  23.032  -69.231  -51.204 0.6000000238
8038  24.222  -70.027  -50.264 0.5000000000
7926  17.944  -69.533  -41.791 0.8999999762
8653  16.589  -67.985  -42.881 0.8000000119
135411  16.008  -66.502  -43.629 0.6999999881
7253  19.033  -70.446  -42.201 0.6999999881
7238  18.583  -70.085  -41.790 0.8999999762
10103  15.146  -65.964  -44.299 0.6999999881
7281  21.447  -70.458  -44.051 0.8000000119
7271  19.652  -70.563  -42.849 0.8000000119
7280  22.139  -70.280  -44.240 0.8000000119
8005  23.664  -69.447  -45.891 0.6999999881
7290  21.458  -70.462  -44.901 0.6999999881
130779  22.868  -69.338  -46.373 0.8000000119
8730  24.158  -68.387  -46.999 0.8000000119
9409  22.902  -67.134  -47.970 0.6999999881
9422  22.295  -65.893  -48.582 0.6999999881
10915  22.751  -64.982  -49.042 0.6000000238
9440  23.157  -67.295  -50.628 0.6999999881
8757  24.585  -68.976  -51.406 0.6999999881
7237  19.446  -70.219  -41.552 0.8999999762
8652  17.192  -68.079  -42.310 0.8000000119
10102  16.060  -65.592  -43.882 0.6999999881
121366  21.335  -70.513  -42.715 0.8000000119
7252  19.893  -70.467  -42.063 0.8000000119
7268  21.814  -70.386  -43.454 0.6999999881
119080  24.169  -69.614  -45.153 0.6999999881
7975  23.826  -69.796  -44.385 0.6000000238
7990  22.423  -70.160  -45.158 0.8000000119
8715  24.304  -68.977  -46.350 0.8000000119
9408  23.971  -67.385  -47.648 0.8000000119
9420  24.293  -66.214  -48.290 0.6999999881
10914  23.502  -64.688  -48.970 0.8000000119
10156  23.550  -65.320  -48.630 0.6999999881
10929  24.164  -64.649  -49.392 0.8000000119
129297  24.866  -67.299  -51.002 0.6999999881
10174  24.211  -66.111  -50.427 0.6999999881
10930  23.327  -64.802  -49.182 0.6999999881
9438  25.251  -68.375  -51.322 0.6999999881
130274  24.566  -68.192  -51.308 0.6999999881
14115  20.996  -61.116  -39.694 0.6000000238
14933  21.526  -60.723  -40.351 0.6000000238
15729  20.673  -59.490  -40.411 0.6000000238
16547  20.179  -58.867  -40.942 0.6999999881
7925  18.669  -69.361  -41.304 0.8999999762
9355  17.019  -67.250  -42.661 0.6999999881
7958  23.451  -69.913  -43.580 0.6000000238
7974  24.649  -69.616  -44.434 0.6000000238
7957  24.286  -69.739  -43.636 0.6000000238
8003  25.001  -68.983  -45.987 0.6999999881
8729  26.334  -67.853  -47.208 0.6999999881
8714  25.669  -68.656  -46.304 0.6999999881
10831  19.506  -65.966  -41.947 0.6999999881
135383  18.637  -64.754  -43.432 0.6999999881
9406  25.868  -67.344  -47.626 0.8000000119
135244  24.744  -68.030  -47.218 0.8000000119
10814  19.897  -66.010  -40.897 0.6000000238
10846  19.972  -65.468  -43.038 0.6000000238
11672  18.894  -63.920  -43.719 0.6999999881
9407  24.974  -67.318  -47.646 0.6999999881
10863  20.565  -64.909  -43.797 0.5000000000
12510  19.433  -63.603  -43.512 0.6999999881
10912  25.289  -64.425  -48.966 0.8000000119
10155  24.823  -65.235  -48.610 0.8000000119
10830  20.367  -65.700  -42.173 0.5000000000
125438  20.967  -65.440  -43.208 0.5000000000
10173  25.072  -66.003  -50.536 0.6999999881
132784  21.705  -65.488  -42.817 0.5000000000
117740  23.060  -65.400  -41.712 0.6000000238
11668  22.259  -64.717  -43.579 0.5000000000
12508  22.178  -64.255  -43.597 0.6000000238
12483  20.806  -63.293  -41.876 0.6999999881
13308  20.815  -62.615  -40.286 0.6999999881
11667  23.417  -64.452  -43.302 0.5000000000
12496  22.035  -63.746  -43.159 0.6000000238
12467  21.260  -62.933  -41.010 0.6000000238
14128  21.579  -61.530  -40.321 0.6000000238
10827  23.398  -65.212  -42.683 0.6000000238
12481  22.752  -63.124  -42.066 0.6000000238
13316  22.847  -62.289  -41.620 0.6000000238
11657  24.032  -64.889  -43.074 0.5000000000
136346  23.686  -63.979  -43.372 0.5000000000
14138  23.098  -61.554  -41.900 0.6000000238
15728  21.393  -59.908  -40.695 0.6000000238
15740  20.935  -59.233  -41.439 0.6999999881
16583  20.770  -58.716  -43.329 0.6000000238
16586  18.725  -58.222  -41.998 0.6999999881
12480  23.709  -63.094  -42.708 0.6000000238
13315  23.687  -62.400  -42.566 0.6000000238
14945  22.484  -60.673  -41.562 0.6000000238
15747  22.272  -59.888  -42.696 0.6999999881
15752  21.394  -59.246  -43.849 0.5000000000
8646  18.189  -68.511  -41.478 0.8999999762
122518  22.218  -70.355  -42.735 0.6000000238
7234  21.678  -70.496  -41.931 0.6999999881
9348  18.193  -67.544  -41.705 0.8000000119
11675  15.374  -63.491  -44.679 0.6999999881
10088  17.571  -66.447  -42.612 0.6999999881
9343  18.622  -67.682  -41.106 0.8000000119
8699  25.613  -69.066  -45.677 0.6999999881
10071  19.265  -66.493  -41.186 0.8000000119
119304  17.953  -65.369  -43.097 0.6000000238
10056  19.993  -66.280  -39.830 0.6999999881
10796  20.720  -65.939  -39.533 0.6000000238
10154  25.754  -65.421  -48.654 0.8000000119
10153  26.741  -65.661  -48.734 0.8000000119
130998  26.400  -63.922  -49.725 0.8000000119
128683  20.821  -65.700  -41.225 0.5000000000
116718  25.794  -64.236  -49.924 0.8000000119
10829  21.164  -65.640  -42.216 0.5000000000
10794  22.619  -65.390  -39.312 0.5000000000
133075  23.241  -65.175  -39.879 0.6000000238
10811  22.522  -65.397  -40.441 0.6000000238
10810  23.645  -65.265  -40.795 0.6000000238
11632  24.442  -64.855  -40.942 0.6000000238
17422  21.001  -57.707  -44.205 0.5000000000
126036  24.309  -63.997  -43.403 0.5000000000
16592  20.951  -58.522  -44.124 0.5000000000
16593  20.430  -58.179  -43.783 0.6000000238
13323  24.633  -63.265  -43.424 0.6000000238
14145  23.791  -61.642  -42.877 0.6999999881
117349  23.546  -60.914  -43.587 0.6999999881
15751  22.254  -59.747  -44.163 0.6999999881
12493  25.650  -63.794  -43.043 0.6000000238
14957  23.043  -60.253  -44.517 0.6000000238
13321  26.303  -62.822  -43.188 0.6999999881
14151  24.474  -61.656  -44.080 0.6000000238
14955  25.040  -61.281  -44.986 0.5000000000
7235  21.102  -70.424  -41.218 0.6999999881
7222  19.905  -70.031  -40.854 0.6999999881
7917  19.178  -69.200  -40.790 0.6999999881
8641  18.839  -68.543  -40.864 0.8000000119
8640  19.414  -68.610  -40.185 0.6999999881
10041  19.708  -66.912  -39.504 0.6999999881
10058  19.004  -67.062  -40.867 0.6999999881
18301  22.629  -56.746  -44.177 0.5000000000
10759  23.114  -64.954  -37.365 0.5000000000
10793  23.342  -65.122  -39.092 0.6000000238
127977  21.236  -56.831  -44.106 0.5000000000
11602  23.740  -64.645  -38.870 0.5000000000
127642  23.315  -64.100  -37.151 0.5000000000
11619  23.963  -64.852  -39.834 0.6000000238
11646  24.896  -64.577  -41.989 0.6000000238
15755  22.746  -59.749  -44.878 0.5000000000
138245  23.576  -63.777  -37.834 0.5000000000
11601  24.280  -64.149  -39.348 0.6000000238
12465  25.340  -63.361  -40.905 0.6000000238
12452  24.779  -63.496  -39.933 0.6000000238
135544  21.940  -70.456  -40.381 0.6999999881
7210  21.024  -70.035  -39.896 0.6999999881
7909  19.954  -69.050  -39.557 0.6999999881
14126  25.515  -61.846  -41.608 0.5000000000
12404  23.280  -63.567  -36.254 0.5000000000
14954  26.115  -61.420  -44.319 0.5000000000
13281  24.130  -62.555  -38.520 0.5000000000
13305  24.982  -62.594  -40.260 0.5000000000
13304  25.555  -62.669  -41.371 0.5000000000
14143  26.280  -62.069  -43.813 0.5000000000
14931  24.961  -61.110  -40.990 0.5000000000
14944  24.938  -60.365  -41.427 0.5000000000
14881  23.638  -60.891  -37.906 0.5000000000
14915  24.352  -60.661  -39.702 0.5000000000
14930  25.393  -61.140  -41.814 0.5000000000
129533  23.597  -61.964  -36.927 0.5000000000
14114  24.525  -61.616  -39.555 0.5000000000
14127  25.015  -61.828  -40.637 0.5000000000
13248  23.505  -62.627  -36.644 0.5000000000
14099  24.262  -62.002  -38.849 0.5000000000
14899  23.971  -60.787  -38.955 0.5000000000
117162  21.749  -55.604  -42.192 0.6000000238
19157  19.859  -55.216  -41.863 0.6000000238
19173  22.670  -55.732  -42.539 0.5000000000
19155  21.626  -55.618  -41.273 0.6999999881
19140  20.357  -55.341  -41.075 0.6000000238
19142  18.551  -55.098  -41.050 0.6000000238
19127  17.044  -55.297  -40.093 0.6999999881
19123  21.266  -55.791  -40.003 0.6000000238
19124  20.421  -55.710  -40.083 0.6999999881
129018  18.824  -55.378  -40.271 0.6999999881
19144  16.398  -55.155  -40.702 0.6999999881
18235  17.717  -55.731  -39.394 0.8000000119
127635  23.100  -55.299  -40.092 0.5000000000
19137  23.135  -55.390  -40.841 0.5000000000
18234  18.604  -55.728  -39.531 0.8000000119
18233  20.148  -56.069  -39.086 0.6000000238
18202  17.213  -56.745  -37.877 0.6999999881
20012  24.389  -53.917  -39.974 0.5000000000
129147  24.474  -54.108  -40.982 0.5000000000
118154  17.913  -56.662  -38.071 0.6999999881
18219  16.609  -56.310  -38.515 0.6999999881
129315  19.276  -56.187  -38.898 0.6999999881
19122  21.881  -55.744  -39.587 0.6999999881
17354  14.545  -57.443  -37.651 0.6999999881
17351  17.883  -57.038  -37.358 0.6999999881
20005  23.514  -54.669  -39.440 0.6000000238
18215  20.753  -56.202  -38.382 0.8000000119
121365  12.710  -55.123  -34.330 0.6999999881
119430  13.682  -55.411  -34.107 0.8000000119
22680  25.795  -51.201  -40.036 0.4000000060
17353  15.462  -57.502  -36.954 0.6999999881
20857  24.848  -53.133  -39.301 0.5000000000
17352  17.098  -57.278  -37.031 0.6999999881
20858  24.203  -53.844  -38.803 0.6000000238
19114  22.986  -55.054  -38.777 0.6000000238
123142  19.133  -56.539  -38.172 0.6999999881
18214  21.653  -55.825  -38.556 0.8000000119
18199  20.438  -56.372  -37.477 0.8000000119
121858  14.119  -58.006  -28.097 0.5000000000
18104  13.886  -56.374  -28.523 0.5000000000
18114  14.161  -56.659  -29.239 0.5000000000
137116  8.519  -53.070  -34.127 0.5000000000
20809  12.091  -52.806  -34.964 0.6000000238
21722  11.280  -52.017  -35.203 0.6000000238
126642  9.776  -53.826  -33.494 0.6000000238
19024  14.787  -54.840  -31.313 0.6000000238
131076  10.293  -53.635  -34.570 0.6999999881
20811  9.025  -53.643  -34.221 0.6999999881
129523  11.915  -54.863  -34.453 0.6999999881
19067  9.614  -55.749  -34.266 0.6999999881
17309  17.476  -56.914  -34.767 0.6999999881
19061  16.843  -56.138  -34.240 0.6999999881
122460  16.586  -55.375  -34.179 0.8000000119
21776  25.023  -52.528  -38.926 0.5000000000
17337  16.903  -57.562  -36.140 0.6999999881
17335  18.597  -57.020  -36.810 0.8000000119
114925  21.948  -55.541  -37.633 0.6999999881
18171  19.699  -56.251  -35.498 0.8000000119
18200  19.475  -56.684  -37.291 0.8000000119
17244  14.484  -57.464  -26.481 0.5000000000
18103  14.459  -56.386  -27.955 0.6000000238
19001  14.773  -55.671  -28.168 0.5000000000
19002  13.754  -55.598  -28.682 0.6000000238
19003  13.421  -55.639  -28.996 0.6000000238
19020  13.718  -55.225  -29.830 0.6000000238
20751  13.212  -54.180  -29.531 0.6000000238
134879  13.374  -54.608  -30.039 0.5000000000
22639  11.141  -51.538  -34.937 0.5000000000
22617  10.141  -51.738  -34.087 0.5000000000
21740  13.409  -51.663  -35.829 0.6000000238
21685  10.682  -52.361  -33.216 0.6000000238
19922  11.732  -54.337  -32.603 0.6999999881
19918  13.796  -54.387  -30.954 0.6000000238
21739  14.466  -52.218  -35.620 0.6000000238
129929  13.042  -53.201  -34.789 0.6999999881
19045  8.884  -55.481  -34.060 0.6999999881
19923  9.351  -54.757  -33.745 0.6999999881
19029  11.252  -55.620  -33.103 0.8000000119
19921  12.657  -54.109  -32.041 0.6999999881
21720  14.472  -52.937  -34.907 0.6999999881
20808  14.013  -53.509  -34.528 0.6999999881
20807  14.910  -53.628  -34.418 0.6999999881
19958  14.467  -54.547  -34.000 0.8000000119
19955  17.196  -54.594  -34.330 0.8000000119
19042  15.152  -55.067  -33.860 0.8000000119
20844  23.864  -53.681  -37.644 0.5000000000
20837  22.663  -53.181  -36.137 0.6000000238
19059  18.385  -55.833  -34.435 0.8000000119
19060  17.431  -55.583  -34.287 0.8000000119
19999  22.591  -54.932  -37.433 0.6000000238
19985  22.693  -53.946  -36.379 0.6999999881
19077  19.939  -55.632  -34.939 0.8000000119
19093  22.107  -55.118  -36.850 0.6999999881
19075  21.064  -55.302  -35.443 0.6999999881
19107  20.926  -56.187  -36.907 0.8000000119
18077  14.902  -57.001  -25.853 0.4000000060
18090  15.108  -56.839  -26.747 0.5000000000
125946  15.141  -54.382  -29.185 0.4000000060
19906  14.165  -54.223  -29.196 0.5000000000
20768  13.005  -53.395  -30.394 0.5000000000
22638  13.422  -50.731  -36.134 0.5000000000
121791  11.110  -51.251  -34.010 0.6000000238
21684  11.750  -52.667  -32.355 0.6000000238
19919  12.922  -53.621  -30.871 0.6000000238
22637  14.941  -51.618  -36.124 0.6000000238
20772  12.277  -53.341  -31.838 0.6999999881
21738  15.511  -52.281  -35.545 0.6000000238
129395  16.624  -53.661  -34.508 0.8000000119
20819  21.430  -53.579  -35.302 0.6999999881
19970  20.877  -54.819  -34.963 0.6999999881
19058  19.320  -55.343  -34.562 0.8000000119
132753  18.086  -54.361  -34.407 0.8000000119
19969  21.503  -54.498  -35.402 0.6999999881
18075  16.010  -56.017  -26.487 0.4000000060
18061  14.980  -56.408  -25.521 0.4000000060
18965  13.643  -56.189  -25.139 0.4000000060
19905  16.480  -54.590  -29.150 0.5000000000
19000  16.230  -55.596  -27.802 0.4000000060
18064  12.739  -56.702  -25.196 0.5000000000
20762  13.929  -53.315  -29.910 0.5000000000
21682  13.776  -52.145  -31.777 0.5000000000
21669  13.043  -52.755  -30.945 0.5000000000
22614  14.960  -50.985  -33.281 0.5000000000
21670  12.512  -52.788  -31.616 0.6999999881
21737  16.441  -52.283  -35.480 0.6000000238
20805  17.516  -53.659  -34.556 0.8000000119
21731  21.978  -53.002  -35.730 0.6000000238
20820  20.587  -53.280  -35.090 0.6000000238
127374  19.965  -52.665  -35.348 0.6999999881
21734  19.188  -52.486  -35.381 0.6999999881
20803  20.028  -53.961  -34.649 0.6999999881
18968  11.356  -55.149  -25.449 0.3000000119
19904  17.628  -54.558  -28.819 0.4000000060
18989  17.190  -55.212  -27.482 0.3000000119
18980  16.486  -55.519  -26.364 0.4000000060
18963  15.462  -55.717  -25.517 0.4000000060
124894  14.076  -55.402  -25.202 0.4000000060
18966  12.817  -55.860  -25.122 0.5000000000
20760  16.605  -53.501  -30.369 0.4000000060
19859  12.938  -54.267  -25.305 0.3000000119
20761  14.934  -53.141  -30.335 0.4000000060
22615  13.936  -50.985  -33.364 0.5000000000
21667  14.983  -52.668  -31.046 0.4000000060
23512  14.416  -50.320  -33.917 0.6000000238
20767  15.961  -52.945  -30.886 0.4000000060
23511  15.418  -50.397  -33.789 0.4000000060
21681  14.938  -52.137  -31.819 0.5000000000
21717  16.984  -52.916  -34.914 0.6999999881
20821  19.646  -53.212  -34.933 0.6999999881
18065  11.263  -56.119  -25.634 0.4000000060
19858  13.895  -54.599  -25.278 0.4000000060
20713  13.165  -53.362  -25.457 0.3000000119
20747  17.297  -54.038  -29.707 0.3000000119
21680  16.062  -52.114  -32.102 0.4000000060
129431  16.221  -50.469  -33.720 0.4000000060
22613  15.936  -51.028  -33.296 0.4000000060
19878  17.792  -54.726  -27.213 0.3000000119
19855  16.457  -54.810  -25.744 0.3000000119
19857  14.859  -54.995  -25.226 0.4000000060
128385  15.348  -54.313  -25.407 0.3000000119
125705  13.688  -53.863  -25.372 0.3000000119
19889  17.846  -54.752  -27.952 0.3000000119
20766  17.014  -53.131  -31.049 0.3000000119
22595  17.540  -51.671  -32.687 0.3000000119
21679  17.057  -52.219  -32.154 0.3000000119
23509  17.668  -50.428  -33.687 0.3000000119
20710  16.164  -54.129  -25.594 0.3000000119
20711  15.343  -53.542  -25.521 0.3000000119
19871  17.507  -54.617  -26.588 0.3000000119
131306  16.805  -53.657  -25.861 0.3000000119
21678  18.156  -52.360  -32.014 0.3000000119
22610  18.835  -51.205  -33.020 0.3000000119
23508  18.568  -50.639  -33.481 0.3000000119
19860  11.887  -54.325  -25.320 0.3000000119
19888  18.410  -54.254  -27.688 0.3000000119
20731  18.811  -53.655  -27.563 0.3000000119
22593  19.550  -51.528  -32.500 0.3000000119
12509  20.529  -63.811  -43.699 0.6000000238
12497  21.048  -63.560  -43.208 0.6999999881
134461  20.011  -63.158  -41.791 0.6999999881
12468  20.451  -63.090  -40.889 0.6999999881
21668  13.974  -52.553  -30.996 0.4000000060
21683  12.895  -52.261  -31.920 0.6000000238
20712  13.966  -53.240  -25.491 0.3000000119
7294  17.381  -70.149  -45.202 0.6999999881
9374  12.269  -66.347  -45.363 0.6999999881
8006  22.265  -69.751  -45.977 0.8000000119
10176  22.399  -66.016  -49.933 0.6000000238
10175  23.334  -66.039  -50.233 0.6999999881
7267  22.640  -70.138  -43.521 0.6000000238
9419  25.335  -66.455  -48.208 0.8000000119
10940  24.351  -65.080  -50.075 0.6999999881
125686  26.102  -65.590  -50.563 0.8000000119
15749  20.649  -58.891  -42.408 0.6999999881
11669  21.628  -64.470  -43.927 0.5000000000
13307  21.544  -62.246  -40.515 0.6000000238
115002  18.816  -57.440  -42.710 0.6000000238
14144  24.703  -62.524  -43.688 0.6999999881
10087  18.409  -66.277  -42.279 0.8000000119
10039  21.073  -66.162  -38.720 0.5000000000
10795  21.673  -65.594  -39.460 0.6000000238
12466  25.038  -64.161  -40.872 0.6000000238
18172  18.918  -56.603  -35.304 0.8000000119
4490  26.336  -75.272  -43.999 0.4000000060
4489  27.225  -75.603  -43.426 0.4000000060
132323  26.075  -72.948  -44.846 0.3000000119
5067  25.837  -74.698  -43.601 0.4000000060
123977  26.047  -74.571  -42.728 0.4000000060
4481  27.528  -75.276  -42.399 0.4000000060
5097  27.231  -74.372  -48.838 0.4000000060
5098  26.699  -75.261  -48.219 0.5000000000
128215  26.235  -75.653  -47.554 0.5000000000
5615  27.143  -73.708  -48.117 0.3000000119
122825  26.319  -74.892  -47.209 0.4000000060
125266  25.975  -75.874  -45.823 0.4000000060
6108  27.198  -72.751  -46.958 0.3000000119
5083  25.760  -75.185  -45.416 0.3000000119
5074  25.723  -74.818  -44.520 0.3000000119
135157  26.857  -72.779  -46.135 0.3000000119
6118  27.422  -72.714  -48.162 0.4000000060
5631  27.892  -73.570  -50.067 0.4000000060
117337  27.779  -74.271  -49.100 0.5000000000
118809  27.859  -72.413  -49.904 0.3000000119
138605  27.270  -72.235  -47.090 0.3000000119
7297  26.249  -70.896  -47.177 0.4000000060
6674  26.869  -71.093  -47.372 0.3000000119
7315  25.249  -70.157  -48.517 0.4000000060
7305  24.769  -70.623  -47.831 0.4000000060
7316  24.274  -70.498  -48.763 0.4000000060
6131  28.027  -72.873  -50.173 0.4000000060
6693  28.710  -71.982  -50.136 0.4000000060
6694  28.167  -71.824  -49.997 0.4000000060
6698  28.533  -71.031  -50.172 0.4000000060
8045  30.280  -69.452  -50.251 0.5000000000
7314  27.732  -71.047  -48.985 0.4000000060
7336  28.270  -69.960  -50.357 0.4000000060
136712  25.947  -70.224  -48.242 0.4000000060
8027  26.126  -69.828  -48.875 0.5000000000
8035  27.430  -69.555  -50.234 0.4000000060
8037  24.923  -69.626  -50.245 0.4000000060
8759  22.318  -68.711  -50.920 0.6000000238
7337  22.846  -70.359  -50.699 0.4000000060
8751  30.338  -68.712  -50.755 0.6000000238
9435  30.272  -68.014  -51.189 0.6000000238
132339  28.182  -68.858  -51.042 0.6000000238
8763  28.336  -68.191  -51.206 0.6000000238
8754  27.573  -68.444  -51.213 0.6000000238
9445  27.713  -67.554  -51.271 0.6999999881
133974  26.524  -69.072  -50.927 0.5000000000
8755  26.126  -68.470  -51.287 0.6000000238
10172  27.112  -66.525  -51.056 0.6999999881
10169  30.703  -66.244  -51.222 0.6999999881
10935  29.942  -64.813  -50.804 0.6999999881
9443  29.961  -67.070  -51.345 0.6000000238
10170  29.478  -65.865  -51.129 0.6999999881
11737  27.623  -63.485  -49.916 0.6999999881
10910  27.199  -64.353  -49.164 0.6999999881
9418  26.266  -66.612  -48.199 0.6999999881
128735  27.630  -65.671  -50.817 0.6999999881
11738  26.976  -63.649  -49.913 0.6999999881
116088  26.992  -65.206  -50.592 0.6999999881
12531  29.885  -63.512  -50.068 0.5000000000
11731  29.194  -63.471  -49.881 0.6000000238
131716  28.251  -63.533  -50.097 0.6999999881
10925  27.777  -63.629  -49.665 0.6000000238
10909  28.332  -64.896  -49.017 0.6999999881
10150  28.938  -65.801  -48.445 0.6999999881
10171  28.407  -65.623  -50.909 0.6999999881
10152  27.690  -65.966  -48.717 0.6999999881
9405  26.679  -67.331  -47.592 0.6000000238
10908  29.303  -64.766  -48.795 0.6000000238
10907  30.181  -64.655  -48.450 0.6000000238
9416  27.958  -66.788  -48.006 0.6000000238
10901  29.717  -65.768  -47.839 0.6000000238
133991  25.771  -69.501  -43.790 0.5000000000
9375  11.841  -67.210  -45.396 0.6000000238
8682  12.536  -68.180  -45.310 0.6000000238
9391  27.649  -67.720  -47.027 0.6000000238
8712  27.431  -68.145  -46.568 0.6000000238
8697  27.328  -68.764  -45.393 0.5000000000
126241  26.774  -69.142  -44.896 0.5000000000
10091  12.303  -65.588  -44.626 0.6000000238
10114  12.019  -65.733  -45.391 0.6000000238
9359  12.299  -66.766  -44.463 0.6000000238
10140  28.793  -66.611  -47.697 0.6000000238
8711  27.975  -68.378  -45.897 0.5000000000
8698  26.422  -68.845  -45.726 0.5000000000
120868  14.044  -64.989  -42.935 0.6000000238
10850  13.420  -64.014  -44.256 0.6000000238
127613  13.130  -65.228  -43.806 0.6000000238
9357  14.445  -66.876  -42.447 0.6000000238
10869  12.341  -64.748  -45.100 0.6000000238
10868  14.929  -64.511  -44.784 0.6000000238
10878  13.360  -64.177  -45.139 0.6000000238
117197  22.819  -70.556  -41.051 0.6000000238
9390  28.234  -67.793  -46.615 0.6000000238
10849  14.395  -64.050  -42.987 0.6000000238
12513  15.641  -62.742  -44.279 0.6000000238
12519  14.380  -63.035  -44.836 0.6000000238
11674  16.297  -63.110  -44.253 0.6000000238
11687  15.075  -62.929  -44.690 0.6000000238
10865  18.090  -64.216  -43.662 0.5000000000
10867  16.239  -64.335  -44.248 0.6000000238
10074  15.983  -66.131  -41.383 0.6999999881
10834  15.263  -65.057  -42.142 0.6000000238
11658  14.457  -63.050  -43.835 0.6000000238
12512  16.842  -62.843  -43.833 0.6000000238
11673  17.708  -63.287  -43.776 0.6000000238
12443  16.413  -64.155  -37.852 0.6000000238
11647  15.352  -63.738  -42.273 0.6000000238
12488  15.605  -62.884  -42.991 0.6000000238
121030  16.680  -62.675  -43.019 0.5000000000
12487  15.712  -63.076  -41.493 0.6000000238
114761  16.256  -62.860  -40.961 0.6000000238
12472  16.360  -63.386  -39.809 0.6000000238
12455  17.246  -63.378  -38.878 0.6000000238
11633  15.483  -63.648  -40.809 0.6000000238
12511  18.335  -63.332  -43.561 0.6000000238
124855  16.079  -62.589  -42.311 0.6000000238
12486  16.938  -62.603  -42.061 0.5000000000
119405  17.492  -62.827  -41.026 0.6000000238
12471  17.095  -63.005  -40.004 0.5000000000
12454  18.122  -63.045  -39.272 0.5000000000
12498  19.944  -63.287  -43.005 0.6000000238
12484  19.186  -63.069  -42.045 0.6000000238
131614  18.045  -62.994  -40.219 0.6000000238
13283  18.926  -62.698  -38.852 0.6000000238
13266  18.828  -62.427  -38.032 0.6999999881
13267  17.803  -62.112  -37.302 0.6999999881
14084  17.713  -61.336  -37.339 0.6999999881
14884  17.173  -60.568  -37.439 0.6999999881
12469  19.604  -63.137  -40.867 0.6000000238
13296  19.709  -62.497  -39.314 0.6999999881
14102  19.795  -61.329  -38.481 0.6999999881
14083  18.540  -61.803  -37.592 0.6999999881
14883  18.427  -60.833  -37.644 0.6999999881
15677  18.134  -60.022  -37.902 0.6000000238
135824  20.632  -61.648  -39.442 0.6000000238
7955  26.452  -69.465  -43.525 0.5000000000
7937  24.761  -69.721  -42.879 0.5000000000
7923  26.232  -69.821  -41.908 0.5000000000
7248  25.270  -69.942  -42.099 0.5000000000
7249  24.423  -70.128  -42.120 0.6000000238
130683  27.024  -69.782  -40.546 0.6000000238
7922  26.985  -69.739  -41.323 0.6000000238
7231  25.650  -70.149  -41.364 0.6000000238
124110  24.064  -70.438  -41.351 0.6000000238
7218  23.498  -70.559  -40.597 0.6000000238
117757  27.153  -69.634  -39.743 0.5000000000
7205  25.565  -70.373  -39.582 0.6000000238
136986  22.476  -70.462  -39.434 0.6000000238
7177  24.918  -70.258  -37.820 0.6000000238
7198  23.468  -70.403  -38.287 0.5000000000
7208  22.898  -70.477  -38.865 0.6000000238
7907  21.373  -69.897  -39.086 0.6000000238
7887  24.584  -69.992  -36.986 0.5000000000
7199  22.654  -70.127  -38.108 0.6000000238
10040  20.263  -66.727  -38.976 0.5000000000
9322  20.990  -67.967  -37.835 0.5000000000
8633  20.030  -68.353  -38.918 0.6000000238
7897  21.801  -69.577  -38.162 0.6000000238
8049  24.899  -69.259  -51.116 0.6000000238
137195  26.474  -66.854  -51.100 0.6999999881
7938  23.928  -69.919  -42.856 0.5000000000
12499  18.791  -63.114  -43.094 0.6000000238
118133  20.138  -61.832  -39.027 0.6999999881
128306  23.599  -70.300  -42.093 0.6000000238
7908  20.650  -69.537  -39.363 0.6000000238
8624  20.616  -68.513  -38.469 0.6000000238
5084  25.669  -74.193  -44.811 0.3000000119
114945  26.067  -74.548  -45.974 0.3000000119
126844  25.964  -75.576  -46.556 0.4000000060
6109  26.943  -72.092  -46.451 0.3000000119
6685  27.599  -71.981  -48.672 0.4000000060
7303  26.673  -70.500  -48.081 0.4000000060
6697  29.304  -71.126  -50.167 0.4000000060
7327  28.019  -70.578  -49.948 0.3000000119
8047  28.575  -69.410  -50.680 0.5000000000
8753  28.942  -68.743  -50.985 0.6000000238
8026  27.165  -69.913  -49.134 0.5000000000
115860  26.910  -68.696  -51.157 0.5000000000
8036  26.466  -69.432  -49.961 0.5000000000
10178  28.947  -66.804  -51.234 0.6000000238
116388  28.356  -63.421  -49.920 0.6999999881
12501  16.015  -62.550  -43.606 0.6000000238
14885  16.408  -60.543  -37.433 0.6000000238
7215  26.355  -70.139  -40.001 0.6000000238
7895  26.467  -69.679  -38.413 0.5000000000
7217  24.531  -70.519  -40.460 0.6000000238
123197  23.932  -70.559  -39.878 0.6000000238
7195  25.961  -70.143  -38.903 0.5000000000
7197  24.347  -70.463  -38.500 0.6000000238
7885  26.230  -69.519  -37.553 0.5000000000
7179  23.302  -70.127  -37.678 0.5000000000
7889  22.289  -69.315  -37.417 0.5000000000
4331  29.394  -75.836  -29.366 0.4000000060
123510  30.064  -75.534  -29.579 0.4000000060
3752  30.210  -75.912  -30.091 0.5000000000
2703  27.614  -78.275  -28.311 0.5000000000
2209  27.450  -79.094  -27.985 0.5000000000
1371  28.317  -81.260  -26.891 0.5000000000
2702  28.831  -78.417  -28.683 0.5000000000
3203  28.067  -76.519  -28.608 0.5000000000
4906  31.583  -74.919  -29.851 0.4000000060
4905  32.438  -74.751  -29.925 0.4000000060
4921  31.988  -75.188  -30.330 0.5000000000
3340  28.941  -77.147  -39.792 0.3000000119
3317  29.213  -77.747  -38.549 0.3000000119
3869  28.685  -76.128  -39.633 0.3000000119
4471  28.334  -75.553  -41.059 0.3000000119
3204  27.328  -77.121  -28.240 0.4000000060
2694  26.739  -78.530  -27.728 0.5000000000
2198  26.722  -79.532  -27.581 0.5000000000
135680  27.879  -75.866  -28.282 0.4000000060
3741  28.510  -75.785  -28.573 0.4000000060
4320  30.362  -75.129  -28.858 0.3000000119
4302  30.696  -75.377  -27.775 0.3000000119
4342  34.398  -75.441  -31.073 0.4000000060
4318  33.282  -75.056  -28.313 0.3000000119
130206  33.690  -74.761  -29.061 0.4000000060
4920  32.949  -74.990  -30.381 0.5000000000
4317  34.214  -75.156  -28.292 0.3000000119
124214  29.098  -77.720  -39.226 0.3000000119
3304  29.447  -77.647  -37.809 0.3000000119
3879  28.741  -76.438  -40.607 0.3000000119
3885  28.555  -76.272  -41.554 0.3000000119
4480  28.155  -75.580  -41.769 0.3000000119
3732  27.540  -75.964  -27.555 0.3000000119
3198  26.806  -76.964  -27.623 0.4000000060
4304  28.116  -75.501  -27.765 0.3000000119
4299  33.887  -75.592  -27.614 0.3000000119
4902  35.801  -74.564  -29.783 0.4000000060
130205  35.359  -74.727  -30.424 0.4000000060
4889  34.534  -74.802  -29.042 0.4000000060
4298  34.861  -75.722  -27.656 0.3000000119
2336  30.721  -79.705  -39.560 0.4000000060
2842  30.229  -79.058  -38.962 0.4000000060
2827  30.571  -78.657  -38.283 0.4000000060
2305  31.485  -78.790  -38.193 0.4000000060
2810  32.855  -78.458  -37.362 0.4000000060
2796  33.194  -78.307  -36.525 0.5000000000
2852  29.436  -78.596  -40.615 0.3000000119
3339  29.099  -77.554  -40.570 0.3000000119
3348  28.935  -77.166  -41.333 0.3000000119
3891  28.274  -76.087  -42.352 0.3000000119
4499  26.929  -75.892  -44.333 0.3000000119
3720  27.883  -76.046  -26.931 0.3000000119
4887  37.675  -74.732  -29.064 0.3000000119
4901  36.872  -74.450  -29.863 0.3000000119
126028  37.445  -74.923  -30.914 0.4000000060
4353  36.883  -75.579  -31.360 0.4000000060
3726  35.670  -76.469  -27.133 0.3000000119
4296  36.683  -75.672  -27.919 0.3000000119
4297  35.795  -75.783  -27.735 0.3000000119
4316  35.099  -75.257  -28.307 0.3000000119
2758  37.247  -78.013  -34.514 0.5000000000
2744  37.784  -77.909  -32.980 0.5000000000
2346  33.347  -79.132  -40.410 0.3000000119
1878  32.676  -79.786  -40.071 0.3000000119
1879  32.074  -80.057  -40.652 0.3000000119
2334  32.287  -79.842  -39.390 0.3000000119
2322  31.057  -79.366  -38.876 0.4000000060
130040  35.766  -78.338  -36.670 0.5000000000
2773  36.016  -78.238  -35.713 0.5000000000
1869  31.149  -80.171  -40.104 0.3000000119
2304  32.429  -78.889  -38.159 0.4000000060
2303  33.360  -79.014  -38.220 0.4000000060
2809  33.733  -78.551  -37.360 0.5000000000
2794  34.899  -78.420  -36.572 0.5000000000
3357  29.184  -77.886  -41.899 0.3000000119
3358  28.745  -76.975  -42.165 0.3000000119
3897  28.409  -76.786  -43.100 0.3000000119
3906  27.576  -76.627  -44.647 0.3000000119
3907  26.550  -76.229  -45.249 0.4000000060
4886  38.959  -74.609  -28.892 0.3000000119
4915  38.587  -74.460  -30.368 0.4000000060
3186  36.178  -77.641  -26.001 0.3000000119
3724  37.924  -76.303  -27.202 0.3000000119
4313  38.558  -75.448  -27.920 0.3000000119
136183  38.395  -75.128  -31.063 0.4000000060
3712  36.540  -77.160  -26.540 0.3000000119
3230  38.385  -77.219  -31.702 0.4000000060
3238  38.376  -77.467  -32.321 0.5000000000
3790  39.861  -75.964  -33.460 0.4000000060
122068  38.966  -76.892  -32.742 0.5000000000
3876  34.245  -77.153  -40.293 0.3000000119
135036  38.051  -77.510  -34.882 0.5000000000
3250  38.549  -77.189  -33.481 0.5000000000
2345  34.114  -78.882  -39.721 0.3000000119
133922  37.947  -77.081  -36.318 0.4000000060
3274  38.451  -77.053  -35.519 0.5000000000
2356  32.229  -79.696  -41.503 0.3000000119
2333  33.820  -79.222  -39.302 0.4000000060
2318  34.478  -78.966  -38.917 0.4000000060
2792  37.288  -77.942  -36.937 0.5000000000
2771  37.584  -77.549  -35.609 0.5000000000
1890  30.384  -80.101  -41.515 0.3000000119
2320  32.834  -79.564  -38.875 0.4000000060
2302  34.210  -78.920  -38.272 0.5000000000
124395  35.438  -78.501  -37.462 0.5000000000
2866  29.402  -78.800  -42.455 0.3000000119
136513  29.207  -78.332  -43.209 0.4000000060
3371  28.562  -77.675  -44.470 0.3000000119
3905  28.238  -76.980  -44.019 0.4000000060
3372  28.026  -77.250  -45.095 0.4000000060
116488  16.495  -68.517  -48.500 0.5000000000
4507  26.118  -76.216  -46.580 0.3000000119
137004  37.426  -77.654  -25.053 0.3000000119
3711  37.584  -77.001  -26.385 0.3000000119
4914  39.884  -74.435  -30.170 0.3000000119
3185  37.147  -77.473  -25.780 0.3000000119
4338  40.783  -74.755  -30.894 0.3000000119
3778  40.171  -75.667  -32.592 0.5000000000
4367  40.007  -75.530  -33.156 0.4000000060
4953  40.324  -75.062  -32.663 0.3000000119
3867  33.730  -76.392  -39.714 0.3000000119
4395  39.121  -76.131  -35.006 0.5000000000
3336  34.612  -77.771  -40.165 0.3000000119
124843  38.168  -76.600  -35.991 0.4000000060
4396  38.707  -76.182  -35.461 0.4000000060
2332  34.837  -78.520  -39.382 0.4000000060
2826  36.058  -78.042  -38.701 0.4000000060
3302  36.992  -77.370  -37.786 0.4000000060
3843  37.590  -76.983  -37.236 0.4000000060
2357  31.430  -80.027  -41.925 0.3000000119
2368  30.346  -79.867  -42.822 0.3000000119
121139  35.829  -78.392  -38.170 0.4000000060
126399  36.274  -78.299  -37.506 0.5000000000
2880  29.525  -78.562  -44.421 0.3000000119
2887  29.283  -78.188  -45.135 0.4000000060
3377  27.861  -77.495  -45.959 0.4000000060
8737  17.064  -68.172  -48.482 0.5000000000
3378  27.157  -77.233  -46.521 0.4000000060
3386  27.755  -77.576  -46.713 0.5000000000
8044  17.745  -68.171  -49.263 0.5000000000
3167  37.865  -77.054  -25.617 0.3000000119
8649  14.811  -68.022  -41.972 0.5000000000
4970  39.030  -74.866  -33.633 0.3000000119
4935  40.147  -74.672  -32.600 0.3000000119
9358  13.751  -67.485  -43.039 0.5000000000
8643  15.369  -68.859  -41.327 0.6000000238
4455  32.922  -75.766  -39.313 0.3000000119
3856  34.207  -76.349  -39.134 0.3000000119
114889  33.180  -76.597  -40.428 0.3000000119
121191  34.940  -76.534  -38.881 0.3000000119
3846  35.357  -76.390  -38.236 0.3000000119
4380  38.508  -75.534  -34.888 0.4000000060
133826  39.010  -75.408  -34.346 0.4000000060
7961  13.505  -68.909  -45.095 0.5000000000
7899  17.358  -69.931  -38.000 0.5000000000
3316  35.945  -77.383  -38.984 0.3000000119
3844  37.020  -76.906  -37.769 0.3000000119
3831  37.379  -76.585  -37.091 0.3000000119
4398  36.814  -75.573  -35.686 0.3000000119
7977  14.825  -69.873  -44.941 0.5000000000
2374  31.560  -79.166  -43.317 0.3000000119
2376  29.974  -79.423  -43.420 0.3000000119
7996  16.609  -69.690  -45.930 0.5000000000
2393  29.860  -78.541  -44.768 0.3000000119
8011  15.770  -68.829  -47.141 0.5000000000
2886  29.939  -78.173  -45.282 0.4000000060
8719  17.331  -68.241  -47.840 0.6000000238
3385  29.260  -77.362  -46.260 0.4000000060
3392  28.564  -77.294  -47.003 0.5000000000
8736  17.869  -67.827  -48.533 0.5000000000
125051  28.869  -76.053  -47.179 0.4000000060
3926  27.492  -77.091  -48.023 0.3000000119
3919  26.502  -76.842  -47.003 0.4000000060
9426  18.414  -67.353  -49.141 0.6000000238
6107  29.844  -72.783  -46.615 0.3000000119
6117  29.146  -72.860  -47.822 0.4000000060
5102  27.959  -75.026  -48.641 0.4000000060
4519  26.481  -76.069  -48.054 0.3000000119
9431  20.093  -67.087  -49.772 0.6000000238
8749  18.783  -67.704  -49.567 0.5000000000
6658  30.177  -71.490  -46.386 0.3000000119
6673  29.541  -72.044  -48.282 0.5000000000
6125  29.002  -72.802  -49.461 0.4000000060
6126  28.275  -73.357  -50.029 0.4000000060
134406  19.799  -67.998  -50.035 0.6000000238
7296  30.310  -70.737  -46.686 0.3000000119
132814  30.222  -70.648  -47.803 0.5000000000
7301  29.925  -71.333  -48.662 0.4000000060
6130  28.850  -72.530  -50.040 0.4000000060
124970  30.575  -69.990  -48.253 0.4000000060
7312  30.260  -70.636  -48.945 0.5000000000
7313  30.107  -71.335  -49.776 0.4000000060
7325  30.437  -70.219  -49.923 0.5000000000
8648  15.777  -68.003  -41.227 0.6000000238
8642  16.032  -68.686  -40.713 0.6000000238
137520  32.354  -75.281  -38.798 0.3000000119
4454  33.578  -76.012  -38.952 0.3000000119
4435  33.678  -75.632  -37.503 0.3000000119
137587  34.736  -76.206  -38.272 0.3000000119
126548  16.343  -67.946  -40.652 0.6000000238
8636  16.674  -68.345  -39.945 0.6000000238
3868  32.523  -75.761  -40.149 0.3000000119
138527  34.925  -75.795  -36.892 0.3000000119
4399  35.801  -75.499  -35.812 0.3000000119
133912  17.501  -69.082  -37.721 0.6000000238
4470  31.431  -75.200  -41.585 0.3000000119
3845  36.298  -76.714  -38.161 0.3000000119
4420  36.679  -75.953  -36.551 0.3000000119
8614  17.549  -68.562  -37.096 0.6000000238
2384  31.294  -78.816  -44.030 0.3000000119
9303  17.056  -67.406  -36.951 0.6000000238
8593  17.310  -68.158  -36.556 0.6000000238
8575  16.588  -68.558  -35.682 0.6000000238
8576  15.740  -68.750  -35.606 0.5000000000
117610  29.803  -75.827  -46.647 0.4000000060
5621  28.723  -73.853  -47.867 0.4000000060
8726  31.386  -68.790  -47.766 0.4000000060
8025  30.628  -69.975  -49.478 0.5000000000
121458  31.644  -74.703  -38.853 0.3000000119
4446  32.044  -75.085  -38.088 0.3000000119
4445  32.993  -75.569  -38.232 0.3000000119
137247  32.945  -75.409  -37.323 0.3000000119
4422  34.143  -75.583  -36.770 0.3000000119
4400  34.741  -75.456  -36.053 0.3000000119
4383  34.999  -75.071  -35.044 0.3000000119
10075  15.005  -66.051  -42.187 0.5000000000
4456  32.153  -75.229  -39.487 0.3000000119
3878  31.893  -75.523  -40.876 0.3000000119
10059  16.493  -66.510  -40.465 0.5000000000
9344  16.670  -67.369  -40.147 0.6000000238
5051  31.466  -74.760  -40.901 0.3000000119
4382  36.049  -75.191  -35.002 0.3000000119
9335  17.120  -67.474  -39.278 0.6000000238
5052  31.239  -74.364  -41.534 0.3000000119
9324  17.422  -67.781  -37.386 0.6000000238
3390  30.257  -76.408  -46.413 0.3000000119
3384  30.132  -77.053  -46.223 0.3000000119
9304  16.289  -67.372  -36.528 0.6000000238
134454  14.602  -66.832  -37.419 0.6000000238
116957  16.810  -66.685  -39.523 0.6000000238
119517  16.442  -65.861  -39.866 0.5000000000
10797  16.173  -65.088  -39.236 0.6000000238
10012  16.963  -66.799  -37.581 0.6000000238
10013  16.274  -66.241  -37.738 0.6000000238
9305  15.155  -67.556  -36.582 0.6000000238
10015  14.513  -66.090  -37.693 0.6000000238
10014  15.440  -66.136  -37.622 0.6000000238
10764  13.773  -65.740  -37.649 0.5000000000
132576  16.265  -65.729  -40.732 0.5000000000
136130  15.650  -63.789  -40.250 0.5000000000
10780  16.274  -65.412  -38.558 0.5000000000
11581  15.403  -64.497  -37.179 0.6000000238
12426  12.467  -63.751  -37.186 0.5000000000
14103  14.388  -61.180  -37.827 0.6000000238
13268  14.019  -62.074  -37.418 0.6000000238
13270  12.603  -62.938  -37.446 0.5000000000
14104  13.498  -61.343  -38.268 0.6000000238
13285  12.068  -62.422  -38.164 0.6000000238
11620  15.951  -63.946  -39.585 0.5000000000
11566  15.945  -63.889  -36.816 0.5000000000
12407  15.662  -63.411  -36.504 0.5000000000
11582  14.645  -64.676  -37.060 0.6000000238
13250  16.091  -62.768  -36.476 0.6000000238
12408  14.709  -63.370  -36.473 0.5000000000
11569  13.338  -64.059  -36.716 0.5000000000
14066  15.600  -62.171  -36.624 0.6000000238
14900  19.603  -60.524  -38.442 0.6000000238
14087  14.947  -61.668  -37.175 0.6000000238
14105  12.508  -61.627  -38.565 0.5000000000
13253  12.086  -62.214  -36.154 0.5000000000
132983  15.769  -63.486  -40.478 0.5000000000
11580  15.991  -64.298  -37.453 0.5000000000
12405  17.009  -63.175  -36.990 0.6000000238
13221  13.205  -62.652  -34.721 0.5000000000
13205  13.436  -62.981  -33.949 0.6000000238
132937  12.811  -62.347  -35.503 0.6000000238
14068  13.280  -61.158  -36.328 0.6000000238
13222  12.283  -62.839  -34.879 0.5000000000
14088  11.957  -61.105  -37.243 0.5000000000
14889  11.381  -60.543  -37.811 0.5000000000
14921  12.271  -60.506  -39.823 0.5000000000
14117  11.966  -61.205  -39.397 0.5000000000
122319  13.970  -56.503  -34.325 0.6000000238
18158  13.157  -57.708  -34.776 0.6999999881
18157  14.501  -57.399  -34.768 0.6000000238
17313  12.818  -58.511  -34.702 0.6999999881
14852  15.472  -60.525  -34.704 0.6000000238
14032  15.118  -62.030  -34.036 0.6000000238
16460  13.683  -59.129  -35.355 0.6000000238
124355  14.422  -60.256  -35.654 0.6000000238
18156  15.698  -57.069  -34.524 0.6000000238
17311  14.574  -57.829  -35.368 0.6000000238
14860  14.139  -60.324  -35.995 0.6000000238
14040  14.706  -61.633  -34.972 0.5000000000
13204  14.322  -62.837  -33.580 0.6000000238
17310  16.168  -57.389  -34.889 0.6000000238
16459  14.072  -59.144  -36.205 0.6000000238
14041  13.837  -62.080  -35.211 0.5000000000
13220  14.120  -62.399  -34.405 0.6000000238
17323  15.459  -57.715  -35.503 0.6000000238
14861  14.011  -60.936  -35.946 0.6000000238
17338  15.049  -57.974  -36.135 0.6000000238
15662  13.936  -59.657  -36.478 0.6000000238
15663  13.676  -59.403  -37.107 0.6000000238
133257  13.240  -59.127  -37.614 0.5000000000
134316  10.648  -60.647  -37.740 0.5000000000
15701  10.769  -58.659  -38.885 0.5000000000
16511  11.143  -57.869  -39.397 0.5000000000
16535  9.947  -57.826  -39.444 0.5000000000
15636  14.845  -60.073  -35.018 0.6000000238
15625  14.992  -59.443  -34.386 0.6999999881
17322  16.512  -57.527  -35.423 0.5000000000
16493  14.071  -57.984  -37.038 0.6000000238
17355  13.956  -57.794  -38.066 0.6000000238
16495  12.948  -58.714  -38.399 0.5000000000
17370  13.460  -57.091  -38.763 0.6000000238
17380  12.047  -56.726  -39.656 0.5000000000
18238  13.338  -56.031  -39.752 0.6000000238
18239  12.071  -56.411  -39.954 0.6000000238
22652  19.145  -51.207  -36.471 0.4000000060
17299  10.210  -57.481  -34.051 0.6999999881
16424  15.115  -58.282  -33.198 0.5000000000
15616  17.188  -59.308  -32.907 0.5000000000
22632  19.760  -51.922  -35.864 0.6000000238
21736  17.364  -52.281  -35.434 0.5000000000
16435  15.481  -59.036  -33.708 0.6000000238
15624  16.615  -59.920  -33.512 0.5000000000
118710  20.960  -51.412  -36.648 0.5000000000
137421  11.250  -56.036  -34.508 0.6000000238
121285  13.279  -58.503  -33.653 0.8000000119
19064  12.552  -56.622  -34.515 0.6999999881
15626  13.316  -58.897  -34.290 0.8000000119
14030  16.435  -61.226  -33.459 0.6999999881
18205  14.440  -56.878  -38.400 0.6000000238
18221  13.781  -56.435  -38.995 0.6000000238
16423  16.837  -58.504  -32.753 0.5000000000
22634  17.775  -51.654  -35.877 0.5000000000
18140  9.587  -56.810  -34.170 0.6999999881
15615  17.873  -59.478  -32.264 0.5000000000
22667  21.405  -50.976  -37.332 0.4000000060
22668  20.457  -50.803  -37.289 0.4000000060
22666  22.328  -51.178  -37.341 0.4000000060
22649  22.819  -51.849  -36.762 0.5000000000
21754  23.168  -52.590  -36.563 0.4000000060
17281  13.834  -57.361  -32.669 0.5000000000
16422  17.648  -58.538  -32.274 0.5000000000
23552  18.613  -50.548  -36.988 0.3000000119
22654  17.266  -51.075  -36.434 0.3000000119
17282  12.252  -57.631  -32.195 0.6000000238
23563  22.814  -50.629  -38.137 0.4000000060
128410  23.540  -51.122  -37.958 0.4000000060
21764  23.798  -52.821  -36.938 0.4000000060
18127  12.416  -57.473  -32.446 0.6000000238
19043  10.189  -55.516  -33.571 0.6000000238
22664  24.270  -51.616  -37.934 0.4000000060
18125  14.446  -56.436  -32.320 0.5000000000
17278  17.276  -57.705  -32.090 0.5000000000
116963  20.440  -48.764  -39.189 0.3000000119
23553  17.720  -50.491  -36.875 0.3000000119
23554  16.785  -50.426  -36.796 0.3000000119
22657  14.413  -50.891  -36.411 0.4000000060
22674  24.789  -51.125  -38.782 0.3000000119
21771  24.818  -52.217  -38.357 0.4000000060
22681  25.422  -50.776  -39.343 0.4000000060
23555  15.844  -50.496  -36.648 0.4000000060
19028  12.538  -55.444  -32.630 0.6000000238
138653  16.457  -56.570  -31.480 0.4000000060
23556  14.960  -50.314  -36.418 0.4000000060
26265  22.026  -47.015  -39.148 0.3000000119
26267  20.404  -47.769  -39.059 0.3000000119
19027  14.321  -55.585  -32.150 0.5000000000
118407  12.825  -50.555  -35.500 0.4000000060
23515  11.577  -51.103  -34.674 0.4000000060
22616  12.938  -51.129  -33.468 0.5000000000
23530  13.246  -50.090  -35.180 0.4000000060
23513  13.251  -50.387  -34.291 0.4000000060
26241  17.363  -46.810  -35.947 0.3000000119
25324  17.338  -48.413  -34.944 0.3000000119
25325  16.598  -48.507  -35.091 0.3000000119
24394  16.660  -49.546  -34.329 0.3000000119
24393  17.405  -49.731  -34.172 0.3000000119
17211  13.733  -57.603  -25.588 0.4000000060
25333  18.428  -47.411  -35.439 0.3000000119
4972  36.343  -74.898  -34.392 0.3000000119
3391  29.345  -76.922  -46.628 0.4000000060
23529  14.028  -49.865  -34.656 0.3000000119
19116  15.967  -55.820  -39.190 0.6000000238
18078  11.172  -57.072  -25.966 0.4000000060
21757  21.116  -52.275  -35.845 0.5000000000
23528  14.989  -49.833  -34.339 0.3000000119
5103  27.369  -75.080  -48.638 0.3000000119
5628  28.482  -73.684  -49.342 0.4000000060
10762  15.675  -65.215  -37.770 0.5000000000
4321  29.267  -75.438  -28.719 0.4000000060
3214  28.882  -76.338  -29.215 0.5000000000
1754  27.061  -80.426  -27.488 0.5000000000
3774  32.891  -75.837  -31.056 0.5000000000
2828  29.781  -78.333  -38.385 0.4000000060
4303  28.896  -75.325  -27.967 0.4000000060
4903  34.815  -74.567  -29.957 0.4000000060
135123  35.070  -75.803  -31.359 0.4000000060
118074  29.572  -78.841  -39.900 0.4000000060
2813  30.134  -78.008  -37.686 0.4000000060
2812  30.995  -78.162  -37.543 0.4000000060
3178  26.504  -77.554  -26.736 0.3000000119
3727  34.616  -76.291  -27.044 0.3000000119
4314  36.484  -74.932  -28.898 0.3000000119
4917  36.083  -74.744  -30.493 0.4000000060
4340  36.411  -75.157  -31.053 0.4000000060
2348  29.824  -79.418  -40.365 0.3000000119
2859  29.432  -78.772  -41.492 0.4000000060
4900  38.067  -74.316  -29.798 0.4000000060
3770  38.312  -76.900  -31.494 0.4000000060
2772  36.937  -77.882  -36.145 0.5000000000
8022  15.436  -68.512  -47.907 0.5000000000
2867  28.986  -77.744  -42.747 0.4000000060
134038  39.108  -76.137  -26.858 0.3000000119
4339  40.367  -75.074  -30.884 0.4000000060
4350  39.815  -75.690  -31.501 0.4000000060
3237  38.930  -76.918  -32.108 0.5000000000
3803  39.352  -76.168  -34.317 0.5000000000
3327  35.419  -77.499  -39.446 0.3000000119
2366  32.024  -79.390  -42.505 0.3000000119
1891  30.148  -79.948  -42.182 0.3000000119
2872  29.516  -78.993  -43.273 0.3000000119
8745  17.813  -67.661  -48.995 0.6000000238
4349  40.711  -74.934  -31.471 0.3000000119
125253  40.421  -75.275  -31.469 0.4000000060
4419  37.600  -76.128  -36.317 0.3000000119
138727  17.044  -68.914  -46.923 0.5000000000
126130  28.435  -77.524  -46.385 0.4000000060
124025  38.712  -73.717  -32.575 0.3000000119
130240  37.655  -75.233  -34.699 0.3000000119
5614  29.586  -73.577  -46.777 0.4000000060
4518  28.316  -75.662  -48.036 0.4000000060
4522  27.750  -75.744  -48.435 0.4000000060
7289  30.623  -70.930  -45.589 0.3000000119
4423  33.282  -75.379  -36.698 0.3000000119
10026  17.132  -66.743  -38.129 0.6000000238
5092  29.413  -74.472  -46.853 0.3000000119
4983  34.094  -75.094  -35.362 0.3000000119
4974  33.962  -74.767  -34.521 0.3000000119
5573  31.133  -74.003  -42.009 0.3000000119
11568  14.200  -64.092  -36.557 0.5000000000
13252  13.972  -62.910  -36.702 0.6000000238
133554  12.183  -58.027  -34.616 0.6999999881
16436  14.237  -58.852  -33.855 0.6999999881
18159  11.382  -57.807  -34.489 0.6999999881
16426  12.849  -57.894  -33.090 0.6000000238
23567  19.019  -50.066  -37.633 0.3000000119
25377  19.649  -48.832  -38.706 0.3000000119
8018  20.271  -69.064  -47.291 0.5000000000
120303  18.788  -69.217  -46.833 0.5000000000
10934  31.041  -64.969  -50.890 0.6000000238
12423  17.426  -63.170  -37.453 0.4000000060
12422  18.080  -63.039  -38.150 0.5000000000
115554  14.051  -60.745  -38.412 0.5000000000
15694  19.344  -59.800  -38.700 0.5000000000
15696  17.591  -59.512  -38.480 0.5000000000
15698  15.486  -59.915  -38.274 0.5000000000
14919  14.014  -60.051  -38.961 0.5000000000
15717  15.869  -59.379  -38.810 0.5000000000
14934  20.942  -60.239  -39.954 0.5000000000
119606  13.439  -59.542  -39.808 0.4000000060
15714  18.837  -59.253  -39.327 0.5000000000
15716  16.846  -59.111  -39.323 0.5000000000
119658  15.133  -59.150  -39.484 0.5000000000
15731  13.067  -59.345  -40.829 0.5000000000
16530  18.298  -58.798  -40.113 0.6000000238
16532  14.720  -58.739  -40.273 0.5000000000
18240  11.769  -56.509  -40.022 0.5000000000
129917  17.790  -58.375  -40.887 0.6000000238
16574  12.580  -58.479  -41.398 0.5000000000
17403  11.823  -57.564  -41.012 0.5000000000
16531  16.632  -58.653  -40.250 0.6000000238
16553  14.138  -58.375  -40.986 0.6000000238
16555  12.731  -59.154  -41.302 0.5000000000
16567  19.466  -58.521  -41.458 0.6000000238
16568  18.002  -58.155  -41.716 0.6000000238
16551  16.161  -58.253  -40.851 0.6000000238
17401  14.067  -57.316  -41.062 0.6000000238
17398  17.508  -57.754  -42.201 0.6000000238
18266  13.684  -56.643  -40.672 0.5000000000
19130  13.088  -56.005  -40.006 0.5000000000
130286  15.770  -57.800  -41.338 0.6000000238
16572  14.529  -57.817  -41.180 0.6000000238
117555  15.218  -62.742  -33.139 0.5000000000
13203  15.901  -62.004  -33.356 0.5000000000
14031  15.878  -61.391  -33.979 0.5000000000
19129  15.190  -55.394  -39.855 0.6000000238
17414  17.347  -56.858  -42.492 0.6000000238
18250  14.640  -55.813  -40.465 0.6000000238
129215  15.740  -57.061  -41.648 0.6000000238
18264  15.293  -56.186  -41.060 0.6000000238
18279  16.898  -56.017  -42.133 0.6000000238
24437  14.675  -49.760  -36.133 0.3000000119
17228  13.895  -58.068  -26.207 0.3000000119
8034  30.596  -69.518  -50.008 0.4000000060
9429  30.971  -68.107  -51.033 0.5000000000
8054  20.751  -68.861  -50.349 0.5000000000
9442  20.978  -67.025  -50.090 0.5000000000
9433  31.307  -67.186  -51.036 0.4000000060
9430  20.547  -66.323  -49.327 0.4000000060
11734  31.395  -64.047  -50.579 0.4000000060
138777  17.920  -68.838  -47.120 0.4000000060
8742  20.058  -66.975  -48.546 0.4000000060
8020  18.280  -68.377  -47.697 0.4000000060
8743  19.155  -66.954  -48.860 0.4000000060
10159  19.764  -66.570  -49.158 0.4000000060
12525  33.069  -63.045  -49.657 0.4000000060
11722  31.467  -63.740  -48.826 0.4000000060
11723  30.599  -63.803  -49.072 0.4000000060
7995  17.554  -69.734  -45.928 0.4000000060
12528  32.844  -63.028  -50.159 0.4000000060
11729  31.166  -63.469  -49.700 0.4000000060
10900  30.579  -65.213  -47.496 0.4000000060
10138  30.259  -66.024  -46.867 0.5000000000
18278  18.217  -56.585  -42.726 0.5000000000
17412  19.514  -57.357  -43.123 0.5000000000
17424  19.846  -56.544  -43.472 0.5000000000
18289  21.081  -56.042  -43.790 0.5000000000
19158  18.133  -55.229  -41.912 0.5000000000
19174  20.949  -55.536  -43.005 0.5000000000
14020  17.078  -60.993  -32.804 0.4000000060
14835  17.294  -60.116  -32.902 0.4000000060
135192  19.672  -55.879  -43.256 0.5000000000
19160  16.613  -55.436  -41.440 0.5000000000
11735  30.384  -63.907  -50.453 0.5000000000
12534  31.846  -63.575  -50.294 0.4000000060
11714  30.975  -64.414  -48.099 0.4000000060
1753  28.096  -80.644  -27.375 0.4000000060
1742  29.046  -80.762  -27.057 0.4000000060
123098  29.868  -83.898  -27.635 0.4000000060
2208  28.419  -79.145  -28.184 0.4000000060
2196  29.079  -79.799  -27.846 0.4000000060
128679  31.131  -83.168  -27.773 0.4000000060
1752  29.612  -80.346  -27.403 0.4000000060
735  31.918  -82.576  -28.558 0.4000000060
123357  31.779  -82.722  -27.707 0.4000000060
715  31.631  -82.639  -26.121 0.4000000060
2701  29.496  -78.027  -29.222 0.5000000000
2207  29.471  -79.235  -28.343 0.5000000000
126514  29.733  -78.725  -28.844 0.4000000060
2195  30.088  -79.879  -27.906 0.4000000060
1029  31.950  -82.137  -26.288 0.4000000060
3213  29.439  -77.125  -29.523 0.5000000000
2716  30.714  -77.857  -29.809 0.5000000000
130552  30.014  -77.696  -29.573 0.5000000000
1751  30.644  -80.499  -27.245 0.4000000060
2699  31.117  -78.710  -29.353 0.4000000060
2206  30.581  -79.293  -28.636 0.4000000060
2203  33.368  -80.067  -28.846 0.4000000060
1764  33.245  -80.642  -28.538 0.4000000060
1749  32.815  -81.003  -27.676 0.4000000060
1739  32.374  -81.222  -27.123 0.4000000060
1740  31.255  -81.238  -26.481 0.4000000060
1050  32.741  -81.553  -28.170 0.4000000060
1041  32.409  -81.912  -27.174 0.4000000060
2223  32.167  -78.896  -29.509 0.5000000000
2205  31.613  -79.380  -28.847 0.4000000060
138333  31.339  -79.665  -28.410 0.4000000060
2194  31.225  -80.076  -27.884 0.4000000060
2222  33.180  -79.399  -29.356 0.5000000000
2204  32.626  -79.689  -28.771 0.4000000060
1766  32.077  -79.934  -28.220 0.4000000060
1750  32.313  -80.576  -27.625 0.4000000060
1783  34.859  -80.042  -30.668 0.3000000119
1409  34.561  -80.502  -31.103 0.3000000119
2229  35.299  -79.409  -30.595 0.4000000060
134475  34.544  -79.114  -30.152 0.3000000119
138665  35.767  -78.465  -30.614 0.4000000060
2720  35.158  -78.579  -30.457 0.4000000060
1428  34.108  -80.785  -33.504 0.3000000119
1417  34.916  -80.458  -32.471 0.4000000060
1788  35.209  -80.151  -31.546 0.4000000060
2232  36.314  -79.216  -31.386 0.4000000060
124021  35.227  -80.183  -33.243 0.4000000060
1796  35.596  -79.971  -32.361 0.4000000060
2231  36.888  -78.821  -31.763 0.4000000060
3231  37.740  -77.586  -31.397 0.3000000119
122135  33.744  -79.777  -29.397 0.3000000119
3759  36.144  -76.836  -31.275 0.3000000119
3220  35.775  -77.812  -30.773 0.4000000060
1819  35.027  -80.084  -34.006 0.4000000060
2718  37.114  -77.954  -31.054 0.3000000119
1795  36.336  -79.465  -32.253 0.4000000060
2252  37.112  -78.572  -33.069 0.4000000060
2732  37.493  -78.391  -32.171 0.4000000060
131831  33.586  -78.381  -30.251 0.4000000060
2721  34.299  -78.459  -30.334 0.4000000060
1821  33.176  -80.619  -34.399 0.4000000060
3218  37.545  -77.317  -31.250 0.3000000119
2280  34.539  -78.980  -34.938 0.4000000060
1835  33.945  -79.871  -34.587 0.4000000060
2279  35.296  -78.847  -34.857 0.4000000060
2278  36.005  -78.678  -34.725 0.4000000060
2254  35.695  -79.674  -33.710 0.4000000060
2714  32.263  -78.090  -30.174 0.4000000060
127592  33.773  -77.662  -30.659 0.4000000060
3760  35.150  -76.570  -31.326 0.3000000119
3761  33.992  -76.668  -31.205 0.4000000060
3771  35.977  -75.859  -31.482 0.3000000119
2281  33.749  -78.971  -35.039 0.4000000060
2776  33.485  -78.399  -35.696 0.4000000060
2775  34.321  -78.448  -35.663 0.4000000060
128259  36.673  -78.102  -35.173 0.4000000060
2746  36.805  -78.648  -33.857 0.4000000060
3224  30.986  -76.175  -30.477 0.4000000060
3772  34.447  -76.032  -31.379 0.3000000119
3764  31.011  -75.648  -30.328 0.4000000060
131552  31.656  -77.521  -30.326 0.4000000060
3763  31.877  -75.793  -30.687 0.4000000060
3223  32.367  -77.272  -30.618 0.4000000060
124554  33.217  -76.350  -31.171 0.4000000060
9389  29.254  -67.306  -46.441 0.4000000060
2268  35.514  -79.441  -34.300 0.4000000060
724  32.070  -82.295  -26.901 0.4000000060
725  31.520  -82.988  -26.919 0.4000000060
726  30.742  -83.489  -27.229 0.4000000060
1028  32.274  -81.900  -26.736 0.4000000060
1040  32.521  -81.682  -27.557 0.4000000060
1051  32.363  -82.132  -27.755 0.4000000060
1367  32.283  -81.687  -26.784 0.4000000060
1368  31.950  -81.847  -26.265 0.4000000060
1379  32.798  -81.239  -27.889 0.4000000060
1380  32.454  -81.597  -27.242 0.4000000060
1381  27.253  -81.174  -27.244 0.5000000000
1427  34.650  -80.569  -33.150 0.4000000060
1741  30.064  -80.904  -26.763 0.4000000060
1755  26.327  -80.191  -27.286 0.5000000000
1763  33.771  -80.165  -29.265 0.4000000060
1765  32.904  -80.380  -28.191 0.4000000060
1775  34.614  -79.816  -30.158 0.3000000119
1787  35.870  -79.700  -31.698 0.4000000060
1805  34.633  -80.436  -33.677 0.3000000119
1820  34.143  -80.442  -34.146 0.4000000060
1822  32.481  -80.704  -34.493 0.4000000060
1862  32.919  -79.643  -39.441 0.4000000060
1868  32.010  -80.151  -39.924 0.3000000119
1870  30.413  -79.902  -40.233 0.3000000119
1880  31.358  -80.209  -40.624 0.3000000119
1881  30.718  -80.187  -40.781 0.3000000119
1888  31.579  -80.150  -41.199 0.3000000119
1889  30.978  -80.290  -41.343 0.3000000119
1897  30.672  -80.127  -42.097 0.3000000119
2197  27.971  -79.861  -27.740 0.4000000060
2220  34.927  -79.310  -30.318 0.4000000060
2221  34.257  -79.711  -29.818 0.3000000119
2228  36.056  -79.020  -30.835 0.4000000060
2233  35.642  -79.547  -31.080 0.4000000060
2240  36.857  -78.926  -32.506 0.4000000060
2253  36.432  -79.226  -33.241 0.4000000060
2267  36.209  -79.130  -34.074 0.4000000060
2301  35.011  -78.684  -38.233 0.4000000060
2317  35.311  -78.461  -38.790 0.4000000060
2319  33.663  -79.350  -38.901 0.4000000060
2321  31.961  -79.521  -38.847 0.4000000060
2335  31.551  -79.898  -39.479 0.3000000119
2337  29.999  -79.331  -39.664 0.4000000060
2347  32.639  -79.631  -40.759 0.3000000119
2355  32.962  -79.092  -41.277 0.3000000119
2358  30.109  -79.895  -40.933 0.3000000119
2359  29.789  -79.635  -41.763 0.4000000060
2367  31.141  -79.853  -42.794 0.3000000119
2369  29.792  -79.588  -42.672 0.3000000119
2375  30.745  -79.449  -43.631 0.3000000119
2385  30.797  -78.893  -44.280 0.3000000119
2386  30.132  -79.012  -44.215 0.3000000119
2687  26.230  -78.452  -26.704 0.3000000119
2695  26.371  -77.778  -27.249 0.4000000060
2700  30.264  -78.446  -29.282 0.5000000000
2712  33.853  -79.133  -29.874 0.4000000060
2713  32.996  -78.659  -29.972 0.5000000000
2715  31.495  -78.175  -29.901 0.4000000060
2719  36.300  -78.376  -30.809 0.4000000060
2722  33.004  -77.845  -30.448 0.4000000060
2724  37.910  -77.832  -31.770 0.4000000060
2725  37.365  -78.194  -31.425 0.4000000060
2726  36.701  -78.581  -31.136 0.4000000060
2745  37.331  -78.138  -33.690 0.5000000000
2757  37.915  -77.660  -34.023 0.5000000000
2774  35.131  -78.405  -35.682 0.4000000060
2777  32.528  -78.233  -35.731 0.4000000060
2791  37.576  -77.475  -36.615 0.5000000000
2793  36.655  -78.172  -36.845 0.5000000000
2795  34.053  -78.384  -36.513 0.5000000000
2798  31.316  -77.851  -36.860 0.4000000060
2806  37.537  -77.401  -37.119 0.5000000000
2807  37.008  -77.997  -37.433 0.5000000000
2808  34.586  -78.572  -37.401 0.5000000000
2811  31.938  -78.210  -37.319 0.4000000060
2839  35.589  -78.001  -39.287 0.4000000060
2840  35.121  -77.882  -39.740 0.3000000119
2841  34.635  -78.285  -39.869 0.3000000119
2843  29.529  -78.506  -39.180 0.3000000119
2851  34.102  -78.355  -40.310 0.3000000119
2873  29.182  -78.365  -43.927 0.3000000119
2881  28.984  -78.221  -44.676 0.4000000060
2888  28.566  -77.796  -45.332 0.4000000060
2889  28.262  -77.613  -46.064 0.4000000060
2896  29.252  -77.838  -45.734 0.4000000060
2897  28.776  -77.801  -45.741 0.4000000060
3156  37.198  -77.770  -24.632 0.3000000119
3197  26.853  -77.701  -27.873 0.5000000000
3202  28.768  -77.370  -29.075 0.5000000000
3212  30.119  -76.874  -30.003 0.5000000000
3219  36.760  -77.639  -30.975 0.3000000119
3221  34.714  -77.652  -30.760 0.4000000060
3222  33.126  -77.008  -30.952 0.4000000060
3229  39.170  -76.459  -31.806 0.5000000000
3249  39.326  -76.510  -33.502 0.4000000060
3260  38.984  -76.584  -34.994 0.5000000000
3261  38.611  -77.149  -34.617 0.5000000000
3290  38.133  -76.787  -36.028 0.4000000060
3301  37.904  -76.943  -36.676 0.4000000060
3328  35.004  -77.336  -39.829 0.3000000119
3329  29.256  -78.074  -39.868 0.3000000119
3330  28.858  -76.889  -38.877 0.3000000119
3347  29.255  -77.969  -41.186 0.3000000119
3365  28.744  -77.682  -43.578 0.4000000060
3393  27.863  -77.443  -47.325 0.5000000000
3697  37.967  -76.868  -25.520 0.3000000119
3725  36.752  -76.502  -27.176 0.3000000119
3733  27.060  -76.497  -27.399 0.3000000119
3742  27.392  -76.175  -28.008 0.3000000119
3753  29.575  -76.337  -29.675 0.5000000000
3758  36.971  -76.624  -31.321 0.3000000119
3762  32.509  -76.455  -30.931 0.4000000060
3768  40.436  -75.393  -31.961 0.3000000119
3769  40.074  -75.831  -31.958 0.4000000060
3773  33.708  -75.908  -31.266 0.3000000119
3779  39.639  -76.336  -32.586 0.5000000000
3814  38.594  -76.521  -35.510 0.4000000060
3830  37.881  -76.683  -36.576 0.4000000060
3832  36.536  -76.392  -37.379 0.3000000119
3854  36.478  -77.116  -38.371 0.3000000119
3855  35.915  -76.881  -38.840 0.3000000119
3865  35.446  -77.067  -39.397 0.3000000119
3866  34.719  -76.816  -39.692 0.3000000119
3892  27.905  -75.936  -43.026 0.3000000119
3898  27.749  -76.264  -43.758 0.3000000119
3913  27.288  -76.882  -45.597 0.4000000060
3914  26.523  -76.559  -46.124 0.3000000119
3924  29.366  -76.437  -46.778 0.4000000060
3925  28.131  -76.553  -48.015 0.4000000060
3927  26.657  -76.783  -47.807 0.4000000060
3930  27.422  -76.325  -48.236 0.4000000060
3931  26.884  -76.456  -48.189 0.3000000119
4315  35.863  -75.303  -28.352 0.3000000119
4322  27.876  -75.626  -28.095 0.4000000060
4330  30.602  -75.501  -30.048 0.4000000060
4337  40.908  -74.539  -30.857 0.3000000119
4341  35.421  -75.218  -31.034 0.4000000060
4343  33.430  -75.413  -30.852 0.5000000000
4344  31.198  -75.271  -30.142 0.4000000060
4351  38.926  -75.967  -31.465 0.4000000060
4352  37.838  -75.965  -31.465 0.4000000060
4357  40.432  -75.203  -32.318 0.3000000119
4378  39.473  -75.896  -34.151 0.5000000000
4379  39.178  -75.882  -34.881 0.5000000000
4381  36.923  -75.227  -34.872 0.3000000119
4397  37.857  -75.678  -35.472 0.3000000119
4401  33.696  -75.275  -36.002 0.3000000119
4418  38.238  -76.278  -35.888 0.4000000060
4421  35.689  -75.835  -36.689 0.3000000119
4425  31.802  -74.821  -37.275 0.3000000119
4433  35.560  -76.163  -37.492 0.3000000119
4434  34.628  -75.938  -37.633 0.3000000119
4444  34.102  -76.001  -38.376 0.3000000119
4463  31.819  -75.078  -40.202 0.3000000119
4464  28.385  -75.408  -40.232 0.3000000119
4472  27.776  -74.994  -41.399 0.3000000119
4482  26.610  -75.052  -43.090 0.4000000060
4500  25.971  -75.529  -44.963 0.4000000060
4514  26.206  -76.215  -47.325 0.5000000000
4517  30.839  -75.798  -46.491 0.3000000119
4523  26.975  -75.817  -48.426 0.3000000119
4888  35.411  -74.841  -29.023 0.4000000060
4892  30.803  -75.188  -29.690 0.4000000060
4904  33.298  -74.665  -29.885 0.4000000060
4913  40.852  -74.371  -30.226 0.3000000119
4916  36.822  -74.686  -30.546 0.4000000060
4918  34.780  -74.912  -30.642 0.4000000060
4919  33.951  -74.865  -30.432 0.4000000060
4936  39.351  -74.415  -32.857 0.3000000119
4954  39.932  -75.099  -33.177 0.4000000060
4969  39.503  -75.562  -33.886 0.5000000000
5096  28.472  -74.781  -47.906 0.4000000060
5489  39.804  -73.866  -32.246 0.3000000119
5603  26.410  -73.320  -45.561 0.3000000119
5616  26.802  -73.693  -46.722 0.3000000119
5622  28.180  -74.333  -49.028 0.4000000060
5623  27.384  -73.714  -49.259 0.4000000060
5629  28.072  -74.021  -49.932 0.5000000000
5630  27.685  -73.867  -49.756 0.4000000060
6096  26.376  -72.396  -45.527 0.3000000119
6127  27.627  -73.212  -49.866 0.4000000060
6659  29.736  -72.043  -47.081 0.3000000119
6660  27.239  -71.734  -47.346 0.3000000119
6661  26.653  -71.428  -46.755 0.3000000119
6672  29.932  -71.335  -47.411 0.5000000000
6684  29.601  -72.018  -49.639 0.4000000060
6692  29.594  -71.793  -50.010 0.4000000060
7178  24.040  -70.285  -37.666 0.5000000000
7196  25.211  -70.362  -38.715 0.6000000238
7200  22.107  -70.245  -38.833 0.6000000238
7206  24.642  -70.527  -39.470 0.6000000238
7207  23.748  -70.555  -39.117 0.6000000238
7209  21.811  -70.335  -39.723 0.6000000238
7216  25.503  -70.374  -40.532 0.6000000238
7219  22.017  -70.530  -41.037 0.6000000238
7220  21.414  -70.346  -40.478 0.6999999881
7221  20.639  -70.175  -40.636 0.6999999881
7230  26.307  -70.072  -40.946 0.6000000238
7232  24.914  -70.321  -41.333 0.6000000238
7233  23.343  -70.485  -41.409 0.6000000238
7236  20.235  -70.334  -41.333 0.6999999881
7250  23.091  -70.125  -42.814 0.6000000238
7251  20.767  -70.492  -41.980 0.8000000119
7254  18.339  -70.364  -42.429 0.8000000119
7269  21.027  -70.566  -43.450 0.8000000119
7270  20.254  -70.598  -43.522 0.8000000119
7273  17.761  -70.427  -43.085 0.8000000119
7274  16.275  -69.999  -43.574 0.6999999881
7282  20.779  -70.567  -44.211 0.6999999881
7291  20.491  -70.509  -45.011 0.6999999881
7293  18.659  -70.372  -44.590 0.6999999881
7295  16.457  -70.215  -45.022 0.6999999881
7302  27.289  -71.183  -47.961 0.4000000060
7304  25.720  -70.516  -47.741 0.4000000060
7326  30.136  -71.045  -49.938 0.4000000060
7328  23.860  -70.444  -49.731 0.5000000000
7334  29.800  -70.254  -50.200 0.4000000060
7335  28.972  -70.250  -50.451 0.5000000000
7867  17.569  -68.995  -36.257 0.6000000238
7886  25.460  -69.872  -37.205 0.5000000000
7896  25.731  -70.017  -38.089 0.6000000238
7898  20.966  -69.277  -38.664 0.6000000238
7906  26.566  -69.878  -39.220 0.5000000000
7910  17.269  -69.136  -38.567 0.6000000238
7911  16.773  -69.202  -39.443 0.6000000238
7914  27.707  -69.388  -40.336 0.6000000238
7915  20.300  -69.757  -40.115 0.6999999881
7916  19.686  -69.474  -40.435 0.6999999881
7924  19.286  -69.775  -41.176 0.8999999762
7939  17.262  -69.531  -42.326 0.8000000119
7956  25.091  -69.583  -43.684 0.5000000000
7959  16.318  -69.404  -43.202 0.8000000119
7960  14.783  -69.385  -44.445 0.6999999881
7972  26.230  -69.371  -44.319 0.5000000000
7973  25.446  -69.476  -44.437 0.6000000238
7976  22.976  -69.998  -44.315 0.6000000238
7987  25.926  -69.271  -45.070 0.6999999881
7988  25.044  -69.389  -45.233 0.6999999881
7989  23.336  -69.848  -45.110 0.8000000119
7991  21.749  -70.148  -45.602 0.8000000119
7993  20.122  -70.136  -45.774 0.6000000238
8004  24.442  -69.320  -45.735 0.6999999881
8008  20.678  -69.724  -46.418 0.6999999881
8009  19.743  -69.523  -46.588 0.5000000000
8010  18.176  -69.504  -46.331 0.4000000060
8019  19.239  -68.694  -47.470 0.5000000000
8021  16.332  -68.283  -47.867 0.5000000000
8028  25.324  -69.767  -49.275 0.4000000060
8029  24.630  -70.052  -49.411 0.4000000060
8032  17.151  -68.641  -49.020 0.5000000000
8039  23.589  -70.213  -50.568 0.4000000060
8043  18.466  -68.488  -49.480 0.5000000000
8046  29.542  -69.324  -50.578 0.5000000000
8048  27.629  -69.184  -50.841 0.5000000000
8051  23.351  -69.761  -51.073 0.4000000060
8053  21.578  -69.120  -50.705 0.6000000238
8574  17.167  -68.500  -35.951 0.6000000238
8594  16.775  -67.933  -36.117 0.6000000238
8595  15.955  -67.971  -35.822 0.5000000000
8613  21.639  -68.706  -37.546 0.5000000000
8623  21.157  -68.830  -38.102 0.6000000238
8625  17.517  -68.360  -38.021 0.6000000238
8634  19.668  -68.256  -39.433 0.6000000238
8635  17.309  -68.323  -38.998 0.6000000238
8647  17.748  -68.061  -41.902 0.8999999762
8713  26.513  -68.323  -46.609 0.6000000238
8716  23.531  -68.890  -46.683 0.8000000119
8717  22.726  -68.748  -47.087 0.6000000238
8727  30.956  -69.308  -48.589 0.4000000060
8728  27.007  -67.841  -47.101 0.6000000238
8731  23.344  -68.166  -47.356 0.6000000238
8734  19.709  -68.083  -48.156 0.4000000060
8735  18.699  -67.787  -48.376 0.5000000000
8744  18.438  -67.292  -48.974 0.4000000060
8746  17.365  -68.020  -48.924 0.6000000238
8750  18.171  -67.757  -49.338 0.5000000000
8752  29.770  -68.603  -51.023 0.6000000238
8756  25.446  -68.970  -51.228 0.5000000000
8758  23.732  -69.171  -51.379 0.6999999881
8760  21.537  -68.071  -50.562 0.6000000238
8761  20.755  -68.010  -50.332 0.5000000000
8762  29.249  -67.861  -51.195 0.6000000238
9315  16.598  -66.927  -37.155 0.6000000238
9316  15.865  -66.791  -37.134 0.6000000238
9323  20.380  -67.657  -38.538 0.5000000000
9332  19.812  -67.560  -39.095 0.6999999881
9333  19.454  -67.622  -39.797 0.6999999881
9334  17.408  -67.466  -38.281 0.6000000238
9342  19.096  -67.708  -40.479 0.6999999881
9349  17.675  -67.374  -42.187 0.8000000119
9350  16.264  -67.202  -40.995 0.6000000238
9351  15.399  -67.090  -41.650 0.6000000238
9356  16.380  -67.208  -43.271 0.6999999881
9366  11.755  -66.679  -45.030 0.6000000238
9402  28.798  -67.283  -46.951 0.6000000238
9403  28.157  -67.316  -47.315 0.6000000238
9404  27.437  -67.330  -47.509 0.6000000238
9410  21.829  -66.952  -48.285 0.6000000238
9417  27.152  -66.725  -48.146 0.6999999881
9421  23.295  -66.204  -48.360 0.6999999881
9424  19.813  -66.515  -49.029 0.6000000238
9425  19.102  -66.888  -49.100 0.4000000060
9427  17.863  -67.685  -49.121 0.5000000000
9432  19.172  -67.071  -49.471 0.6000000238
9434  30.745  -67.380  -51.232 0.5000000000
9436  26.808  -67.753  -51.312 0.6999999881
9437  25.830  -67.278  -51.153 0.6999999881
9439  24.035  -67.281  -50.812 0.6999999881
9444  28.454  -67.455  -51.245 0.6000000238
10027  16.538  -66.164  -38.137 0.6000000238
10042  17.114  -66.860  -38.733 0.6000000238
10043  16.664  -66.148  -38.837 0.6000000238
10057  19.419  -66.759  -40.298 0.6999999881
10072  18.700  -66.878  -41.548 0.8000000119
10073  18.163  -66.903  -42.066 0.8000000119
10089  16.738  -66.459  -43.218 0.6999999881
10090  13.970  -65.900  -42.884 0.6000000238
10104  11.929  -65.829  -45.356 0.6000000238
10105  11.736  -66.414  -45.292 0.6000000238
10112  13.964  -65.229  -44.978 0.6999999881
10139  29.489  -66.692  -47.026 0.4000000060
10151  28.370  -66.157  -48.449 0.6999999881
10157  22.062  -65.324  -49.045 0.6000000238
10158  20.369  -66.263  -49.049 0.4000000060
10166  22.852  -65.159  -49.471 0.6999999881
10177  21.441  -66.114  -49.582 0.4000000060
10179  28.047  -66.661  -51.125 0.6999999881
10761  15.968  -65.083  -38.080 0.5000000000
10763  15.045  -65.350  -37.533 0.6000000238
10777  23.205  -65.071  -38.261 0.5000000000
10812  21.330  -65.592  -40.396 0.6000000238
10813  20.494  -65.844  -40.311 0.5000000000
10815  15.841  -64.726  -40.244 0.5000000000
10828  22.560  -65.380  -42.665 0.5000000000
10832  18.985  -66.291  -41.881 0.8000000119
10833  15.711  -64.988  -41.312 0.5000000000
10844  22.978  -64.983  -43.193 0.5000000000
10845  22.018  -65.129  -43.422 0.5000000000
10847  18.914  -65.560  -42.627 0.6999999881
10848  17.019  -65.474  -43.441 0.6000000238
10861  21.791  -64.859  -43.770 0.5000000000
10862  21.356  -64.967  -43.845 0.5000000000
10864  19.568  -64.783  -43.572 0.6000000238
10866  17.281  -64.198  -43.865 0.6000000238
10879  12.299  -64.922  -45.228 0.6000000238
10911  26.215  -64.256  -49.199 0.8000000119
10913  24.430  -64.534  -48.948 0.8000000119
10924  28.693  -63.689  -49.554 0.6000000238
10926  26.975  -63.705  -49.698 0.6999999881
10927  25.761  -64.153  -49.406 0.8000000119
10928  25.075  -64.325  -49.427 0.8000000119
10936  28.793  -64.511  -50.580 0.6999999881
10937  27.583  -64.166  -50.355 0.6999999881
10938  26.578  -64.159  -50.143 0.6999999881
10939  25.032  -64.687  -50.046 0.8000000119
10941  23.625  -65.072  -49.812 0.6999999881
11567  15.131  -64.035  -36.579 0.6000000238
11579  23.439  -64.440  -38.031 0.5000000000
11583  13.702  -64.820  -37.148 0.5000000000
11603  16.207  -64.550  -38.578 0.6000000238
11618  24.550  -64.329  -40.153 0.6000000238
11645  25.376  -64.112  -42.512 0.6000000238
11656  24.887  -64.374  -42.994 0.6000000238
11670  20.964  -64.318  -44.064 0.6000000238
11671  20.092  -64.201  -43.772 0.5000000000
11676  13.869  -63.267  -44.830 0.6000000238
11688  14.368  -63.333  -44.981 0.6000000238
11689  13.759  -63.392  -44.967 0.6000000238
11724  29.668  -63.801  -49.336 0.4000000060
11730  30.155  -63.520  -49.820 0.6000000238
11736  29.197  -63.619  -50.173 0.6999999881
12376  13.587  -63.418  -33.216 0.6000000238
12406  16.432  -63.318  -36.693 0.6000000238
12409  13.892  -63.595  -36.581 0.5000000000
12421  23.533  -63.261  -37.267 0.5000000000
12424  16.690  -63.654  -37.207 0.4000000060
12425  13.274  -63.354  -36.878 0.5000000000
12440  24.313  -63.330  -38.960 0.6000000238
12441  23.844  -63.198  -38.141 0.5000000000
12442  17.152  -63.605  -37.883 0.6000000238
12453  19.042  -62.962  -39.913 0.6000000238
12456  16.558  -63.876  -38.752 0.6000000238
12470  18.609  -63.029  -41.008 0.6000000238
12478  25.750  -63.605  -42.414 0.6000000238
12479  25.436  -63.893  -41.692 0.6000000238
12482  21.772  -63.275  -41.883 0.6999999881
12485  18.128  -62.855  -42.107 0.6000000238
12494  25.237  -63.855  -43.355 0.5000000000
12495  23.024  -63.905  -43.210 0.5000000000
12500  17.677  -62.875  -43.190 0.6000000238
12502  15.182  -62.637  -44.160 0.6000000238
12503  14.531  -62.908  -44.608 0.6000000238
12514  14.904  -62.818  -44.605 0.6000000238
12524  33.987  -63.004  -49.524 0.4000000060
12526  32.134  -63.306  -49.627 0.4000000060
12529  31.962  -63.341  -50.074 0.4000000060
12530  30.911  -63.547  -50.143 0.5000000000
12533  32.561  -63.339  -50.299 0.4000000060
13184  16.006  -62.621  -32.563 0.5000000000
13249  16.786  -62.711  -36.760 0.6000000238
13251  15.379  -62.842  -36.456 0.5000000000
13264  23.729  -62.432  -37.602 0.5000000000
13265  19.240  -61.834  -38.009 0.6999999881
13269  13.387  -62.694  -37.225 0.5000000000
13282  19.505  -62.112  -38.535 0.6999999881
13284  13.042  -62.166  -37.833 0.6000000238
13294  24.547  -62.592  -39.325 0.5000000000
13295  21.068  -61.934  -39.893 0.6000000238
13306  22.197  -61.923  -40.838 0.6000000238
13309  20.052  -62.933  -40.082 0.6999999881
13314  26.024  -63.100  -42.387 0.5000000000
13317  22.103  -62.619  -41.199 0.6000000238
13322  25.593  -63.066  -43.692 0.6000000238
13327  25.960  -63.330  -43.402 0.6999999881
14039  15.491  -61.110  -34.678 0.6000000238
14052  14.790  -60.848  -35.403 0.5000000000
14053  13.538  -61.651  -35.758 0.6000000238
14064  17.180  -62.075  -36.989 0.6999999881
14065  16.437  -62.065  -36.672 0.6000000238
14067  14.760  -62.491  -36.688 0.5000000000
14069  12.446  -61.481  -36.557 0.5000000000
14082  23.668  -61.654  -37.474 0.5000000000
14085  16.829  -61.321  -37.077 0.6999999881
14086  15.844  -61.239  -37.019 0.6000000238
14089  11.096  -61.271  -37.369 0.5000000000
14100  23.903  -61.818  -38.160 0.5000000000
14101  20.136  -60.666  -38.764 0.6999999881
14116  20.405  -61.153  -39.063 0.6999999881
14137  26.120  -61.795  -42.772 0.5000000000
14149  26.078  -62.046  -44.256 0.5000000000
14150  25.603  -62.173  -44.300 0.6000000238
14154  25.728  -61.601  -44.558 0.5000000000
14836  16.706  -60.534  -33.382 0.6999999881
14844  16.143  -60.585  -34.114 0.6999999881
14851  15.835  -59.830  -34.223 0.6999999881
14868  13.624  -60.269  -36.587 0.6000000238
14869  12.821  -60.658  -36.903 0.5000000000
14882  19.157  -61.133  -37.921 0.6999999881
14886  15.634  -60.451  -37.692 0.6000000238
14887  15.112  -60.962  -37.558 0.6000000238
14888  12.310  -60.223  -37.603 0.5000000000
14901  18.894  -60.278  -38.118 0.6000000238
14902  14.798  -60.417  -38.219 0.5000000000
14903  13.496  -60.640  -38.758 0.5000000000
14904  12.787  -60.885  -38.974 0.5000000000
14917  20.505  -60.484  -39.272 0.6000000238
14918  20.054  -60.034  -38.895 0.6000000238
14920  13.094  -60.229  -39.385 0.5000000000
14922  11.486  -60.879  -40.409 0.5000000000
14932  22.108  -61.169  -40.773 0.6000000238
14946  21.824  -59.811  -41.546 0.6000000238
14951  26.209  -61.089  -43.657 0.5000000000
14952  23.034  -60.805  -42.558 0.6000000238
14956  23.964  -60.829  -44.716 0.5000000000
15613  18.346  -59.724  -31.386 0.5000000000
15637  13.939  -59.384  -35.114 0.6000000238
15651  14.242  -59.755  -35.965 0.6000000238
15678  17.401  -59.944  -37.802 0.6000000238
15679  16.789  -60.022  -37.707 0.6000000238
15680  16.158  -59.886  -37.940 0.5000000000
15681  13.160  -59.852  -37.305 0.6000000238
15682  11.683  -59.673  -38.382 0.5000000000
15695  18.469  -59.601  -38.580 0.5000000000
15697  16.773  -59.586  -38.276 0.5000000000
15699  14.929  -59.638  -38.836 0.5000000000
15700  12.143  -58.925  -39.078 0.5000000000
15712  20.374  -59.768  -39.578 0.5000000000
15713  19.703  -59.466  -39.378 0.6000000238
15715  17.898  -59.142  -39.318 0.5000000000
15718  14.313  -59.293  -39.602 0.5000000000
15719  12.654  -59.871  -40.244 0.5000000000
15730  13.815  -58.983  -40.503 0.5000000000
15748  21.332  -59.274  -42.508 0.6999999881
15754  23.548  -59.960  -45.311 0.5000000000
16363  13.199  -58.325  -25.776 0.3000000119
16425  13.955  -58.093  -33.177 0.5000000000
16434  16.390  -59.206  -33.392 0.5000000000
16437  12.479  -58.469  -33.816 0.8000000119
16438  11.641  -58.364  -33.992 0.6999999881
16447  12.784  -58.538  -34.497 0.6999999881
16458  14.277  -58.488  -35.834 0.6000000238
16476  14.355  -58.347  -36.364 0.6000000238
16477  13.976  -58.843  -36.779 0.6000000238
16494  13.665  -58.465  -37.572 0.6000000238
16509  13.310  -57.971  -38.713 0.6000000238
16510  12.392  -57.974  -39.343 0.5000000000
16512  10.055  -57.940  -39.155 0.5000000000
16513  9.460  -58.108  -38.953 0.5000000000
16529  19.200  -58.938  -40.077 0.6999999881
16533  11.367  -57.063  -39.695 0.6000000238
16534  10.700  -57.450  -39.725 0.5000000000
16548  19.549  -58.716  -40.680 0.6999999881
16549  18.755  -58.421  -40.930 0.6000000238
16550  16.938  -58.350  -40.922 0.6000000238
16552  15.226  -58.179  -40.934 0.6000000238
16554  13.305  -58.774  -41.187 0.5000000000
16556  11.018  -57.828  -40.737 0.5000000000
16566  20.096  -58.758  -41.948 0.6000000238
16569  17.236  -58.101  -41.696 0.6000000238
16570  16.440  -57.787  -41.649 0.6000000238
16571  15.285  -57.595  -41.268 0.6000000238
16573  13.514  -58.034  -41.311 0.6000000238
16575  11.674  -58.488  -41.367 0.5000000000
16584  20.127  -58.276  -42.922 0.6000000238
16585  19.424  -58.233  -42.403 0.6999999881
16591  21.821  -59.185  -44.359 0.5000000000
17210  14.327  -57.459  -25.827 0.4000000060
17245  14.074  -57.942  -27.259 0.5000000000
17257  14.152  -57.229  -28.249 0.5000000000
17275  16.783  -57.043  -31.724 0.4000000060
17276  15.961  -56.945  -32.011 0.5000000000
17279  16.174  -57.774  -32.533 0.5000000000
17280  14.999  -57.542  -32.662 0.5000000000
17283  11.828  -57.779  -32.399 0.6000000238
17284  10.966  -57.503  -33.380 0.6999999881
17296  12.007  -57.980  -33.155 0.6000000238
17297  11.241  -57.974  -33.549 0.6999999881
17298  10.559  -57.830  -33.962 0.6999999881
17308  18.170  -56.834  -35.090 0.8000000119
17312  13.585  -58.449  -35.322 0.6000000238
17314  11.812  -58.297  -34.318 0.6999999881
17315  10.892  -58.055  -34.108 0.6999999881
17320  18.397  -57.026  -35.834 0.8000000119
17321  17.461  -57.274  -35.444 0.6999999881
17336  17.752  -57.277  -36.436 0.6999999881
17339  14.627  -57.812  -36.763 0.6000000238
17369  14.092  -57.202  -38.371 0.6000000238
17371  12.800  -57.053  -39.151 0.5000000000
17381  11.388  -56.763  -39.940 0.6000000238
17382  10.718  -57.281  -39.870 0.5000000000
17391  11.358  -56.830  -40.154 0.5000000000
17399  16.538  -56.872  -42.118 0.6000000238
17400  14.912  -57.132  -41.252 0.6000000238
17402  13.163  -57.140  -40.873 0.6000000238
17413  18.097  -57.612  -42.422 0.6000000238
17423  20.075  -57.488  -43.637 0.5000000000
18062  14.291  -56.848  -25.428 0.4000000060
18063  13.505  -57.051  -25.269 0.4000000060
18076  15.548  -56.407  -25.985 0.4000000060
18089  15.608  -56.177  -27.226 0.5000000000
18091  14.382  -57.139  -27.596 0.6000000238
18115  13.782  -56.515  -28.887 0.5000000000
18122  15.176  -55.665  -31.716 0.5000000000
18124  15.123  -56.678  -32.182 0.5000000000
18126  13.457  -56.811  -32.585 0.5000000000
18128  11.703  -57.175  -32.747 0.6000000238
18139  10.336  -56.693  -33.568 0.6999999881
18141  9.207  -56.363  -34.166 0.6999999881
18152  19.196  -56.091  -34.816 0.8000000119
18153  18.576  -56.410  -34.789 0.8000000119
18154  17.498  -56.341  -34.428 0.6999999881
18155  16.672  -56.877  -34.510 0.6999999881
18160  10.539  -57.439  -34.308 0.6999999881
18161  9.814  -56.818  -34.147 0.6999999881
18170  20.442  -55.820  -35.551 0.6999999881
18185  20.204  -56.341  -36.436 0.8000000119
18186  19.258  -56.740  -36.172 0.8000000119
18198  21.222  -56.070  -37.648 0.8000000119
18201  18.583  -56.767  -37.742 0.6999999881
18203  16.266  -56.913  -37.662 0.6999999881
18204  15.183  -56.813  -38.159 0.6000000238
18216  19.886  -56.387  -38.210 0.6999999881
18217  18.383  -56.298  -38.644 0.6999999881
18218  17.452  -56.248  -38.622 0.6999999881
18220  15.114  -55.977  -39.041 0.6000000238
18222  12.818  -56.484  -39.478 0.5000000000
18232  21.030  -55.985  -39.281 0.6999999881
18236  16.838  -55.750  -39.267 0.8000000119
18237  14.245  -55.803  -39.591 0.6000000238
18251  13.809  -55.937  -40.217 0.5000000000
18252  12.972  -56.345  -40.320 0.5000000000
18253  12.143  -56.725  -40.457 0.5000000000
18263  16.174  -56.127  -41.610 0.6000000238
18265  14.415  -56.508  -40.789 0.6000000238
18276  20.289  -55.908  -43.543 0.5000000000
18277  19.085  -56.365  -43.000 0.5000000000
18302  21.824  -57.292  -44.256 0.5000000000
18962  16.238  -55.355  -25.807 0.4000000060
18964  14.587  -55.956  -25.257 0.4000000060
18967  12.050  -55.936  -25.191 0.5000000000
18979  17.129  -55.150  -26.793 0.3000000119
18981  16.008  -55.858  -25.968 0.4000000060
18990  16.531  -55.639  -26.995 0.3000000119
19014  13.635  -56.005  -29.281 0.6000000238
19025  13.687  -54.621  -31.836 0.6999999881
19044  9.145  -55.861  -34.069 0.6999999881
19062  15.810  -55.196  -34.022 0.8000000119
19063  14.640  -55.584  -33.910 0.6000000238
19065  11.875  -55.749  -34.495 0.6000000238
19066  10.526  -56.423  -34.429 0.6000000238
19076  20.550  -55.295  -35.023 0.6999999881
19094  21.633  -55.236  -36.089 0.6999999881
19095  21.012  -55.855  -36.179 0.8000000119
19106  21.502  -55.735  -36.887 0.8000000119
19115  22.478  -55.319  -38.229 0.6000000238
19125  19.466  -55.695  -39.748 0.8000000119
19126  17.963  -55.252  -40.350 0.6999999881
19128  16.172  -55.314  -39.924 0.6000000238
19131  12.347  -56.300  -40.027 0.5000000000
19138  22.477  -55.582  -40.298 0.5000000000
19139  21.813  -55.716  -40.496 0.6000000238
19141  19.511  -55.274  -40.818 0.6000000238
19143  17.172  -55.008  -40.969 0.6999999881
19145  15.168  -55.499  -40.501 0.6000000238
19146  14.430  -55.566  -40.090 0.6000000238
19154  22.393  -55.661  -41.297 0.6999999881
19156  20.831  -55.346  -41.897 0.6000000238
19159  17.360  -55.361  -41.765 0.5000000000
19161  15.845  -55.474  -41.031 0.6000000238
19172  23.641  -55.460  -42.858 0.5000000000
19175  20.108  -55.430  -42.828 0.5000000000
19176  19.329  -55.541  -42.645 0.5000000000
19177  17.697  -55.896  -42.407 0.6000000238
19188  21.814  -55.793  -43.221 0.5000000000
19854  16.986  -54.387  -25.977 0.3000000119
19856  15.794  -54.906  -25.459 0.3000000119
19872  16.870  -55.047  -26.184 0.3000000119
19877  18.218  -54.156  -27.011 0.3000000119
19890  16.951  -55.124  -28.350 0.4000000060
19891  15.539  -55.104  -28.598 0.5000000000
19892  13.365  -55.047  -28.884 0.6000000238
19903  18.446  -54.256  -28.454 0.3000000119
19907  13.519  -54.523  -29.185 0.5000000000
19908  13.385  -54.717  -29.374 0.6000000238
19914  14.728  -54.720  -30.944 0.6000000238
19915  13.045  -54.030  -29.952 0.5000000000
19924  8.592  -53.765  -34.104 0.6999999881
19940  8.513  -54.000  -34.152 0.6999999881
19951  20.831  -54.160  -34.851 0.6999999881
19952  20.177  -54.809  -34.688 0.6999999881
19953  19.379  -54.509  -34.514 0.6999999881
19954  17.975  -55.088  -34.319 0.8000000119
19956  16.232  -54.468  -34.244 0.8000000119
19957  15.406  -54.402  -34.099 0.8000000119
19959  11.221  -54.256  -34.507 0.6999999881
19960  10.010  -54.559  -34.415 0.6999999881
19961  8.813  -54.773  -34.256 0.6999999881
19968  22.119  -53.767  -35.759 0.6000000238
19986  22.133  -54.523  -36.170 0.6999999881
19992  23.111  -54.235  -37.084 0.6999999881
19993  22.557  -54.565  -36.785 0.6999999881
19998  23.156  -54.659  -37.934 0.6000000238
20013  23.734  -54.701  -40.417 0.5000000000
20748  16.007  -53.915  -29.732 0.4000000060
20749  14.768  -53.686  -29.657 0.4000000060
20750  13.688  -53.878  -29.464 0.5000000000
20759  17.588  -53.515  -30.478 0.3000000119
20763  13.209  -53.661  -29.876 0.5000000000
20769  12.852  -53.201  -30.987 0.6000000238
20773  11.024  -53.380  -32.886 0.6000000238
20774  9.589  -52.964  -33.526 0.6000000238
20790  8.799  -52.893  -34.103 0.5000000000
20791  8.253  -53.281  -34.051 0.5000000000
20804  19.181  -53.766  -34.597 0.6999999881
20806  15.756  -53.636  -34.472 0.8000000119
20810  11.228  -53.199  -34.799 0.6999999881
20812  8.145  -53.214  -34.066 0.5000000000
20822  18.762  -53.066  -34.928 0.6999999881
20836  23.295  -53.409  -36.696 0.4000000060
20843  24.328  -52.573  -37.551 0.4000000060
20850  24.653  -53.042  -38.296 0.5000000000
20856  25.484  -52.273  -39.926 0.5000000000
21609  16.121  -53.156  -25.716 0.3000000119
21655  14.183  -52.873  -30.441 0.5000000000
21656  13.414  -53.054  -30.324 0.5000000000
21665  17.494  -52.759  -31.555 0.3000000119
21666  16.567  -52.606  -31.573 0.4000000060
21686  9.692  -52.196  -33.867 0.5000000000
21700  10.521  -51.724  -33.732 0.6000000238
21701  9.403  -52.420  -34.126 0.5000000000
21716  17.879  -52.957  -34.913 0.6999999881
21718  16.093  -52.906  -34.915 0.6000000238
21719  15.218  -52.908  -34.922 0.6999999881
21721  12.593  -52.104  -35.445 0.6000000238
21723  10.153  -52.685  -34.719 0.6999999881
21724  9.255  -52.623  -34.393 0.5000000000
21732  21.289  -52.836  -35.522 0.6000000238
21733  20.580  -52.465  -35.597 0.6999999881
21735  18.284  -52.357  -35.390 0.5000000000
21741  12.361  -51.262  -35.536 0.5000000000
21742  10.325  -52.072  -34.840 0.6000000238
21755  22.394  -52.427  -36.233 0.6000000238
21756  21.688  -52.346  -35.962 0.5000000000
21770  25.316  -51.813  -39.179 0.5000000000
22594  18.544  -51.695  -32.580 0.3000000119
22596  16.508  -51.584  -32.724 0.4000000060
22597  15.491  -51.565  -32.630 0.5000000000
22598  14.462  -51.567  -32.574 0.5000000000
22599  13.462  -51.634  -32.614 0.5000000000
22600  12.556  -51.730  -32.753 0.5000000000
22601  11.564  -51.837  -33.069 0.6000000238
22611  18.009  -51.120  -33.181 0.3000000119
22612  16.958  -50.945  -33.352 0.3000000119
22625  10.754  -51.497  -34.406 0.5000000000
22626  10.101  -51.900  -34.420 0.5000000000
22633  18.724  -51.751  -35.864 0.5000000000
22635  16.840  -51.641  -35.940 0.5000000000
22636  15.895  -51.677  -36.030 0.6000000238
22650  21.876  -51.691  -36.558 0.5000000000
22651  20.636  -51.860  -36.093 0.5000000000
22653  18.196  -51.114  -36.438 0.3000000119
22655  16.324  -51.111  -36.464 0.3000000119
22656  15.381  -51.095  -36.473 0.4000000060
22658  14.111  -50.151  -36.194 0.4000000060
22665  23.679  -51.986  -37.140 0.4000000060
23507  19.444  -50.861  -33.179 0.3000000119
23510  16.815  -50.154  -33.917 0.4000000060
23514  12.177  -50.858  -34.230 0.4000000060
23527  15.957  -49.832  -34.232 0.3000000119
23531  12.476  -50.587  -34.919 0.4000000060
23539  13.525  -50.089  -35.798 0.4000000060
23540  12.049  -50.945  -35.140 0.5000000000
23564  21.883  -50.488  -38.073 0.4000000060
23578  25.495  -50.171  -39.137 0.3000000119
23579  24.784  -50.295  -38.837 0.3000000119
23580  23.090  -50.005  -38.638 0.4000000060
24392  18.298  -49.970  -33.994 0.3000000119
24409  17.960  -49.187  -34.455 0.3000000119
24410  16.998  -49.032  -34.579 0.3000000119
24411  16.117  -49.054  -34.802 0.3000000119
24412  14.661  -49.496  -35.125 0.3000000119
24413  13.874  -49.803  -35.353 0.4000000060
24424  14.238  -49.753  -35.816 0.3000000119
24436  15.396  -49.593  -36.328 0.3000000119
24447  19.348  -49.514  -38.201 0.3000000119
25334  17.491  -47.617  -35.444 0.3000000119
25335  16.702  -47.829  -35.599 0.3000000119
25376  21.205  -48.191  -39.288 0.3000000119
26266  21.224  -47.289  -39.191 0.3000000119
27147  17.874  -46.291  -36.262 0.3000000119
115129  26.071  -62.638  -43.844 0.5000000000
115419  31.432  -75.607  -42.200 0.3000000119
115978  24.457  -64.332  -43.208 0.5000000000
116208  28.681  -76.828  -47.254 0.4000000060
116385  22.684  -70.459  -41.892 0.6000000238
116457  16.592  -61.835  -32.717 0.4000000060
116968  22.798  -65.117  -48.863 0.6999999881
116995  22.331  -55.541  -38.960 0.8000000119
117014  21.847  -56.348  -44.014 0.5000000000
117348  16.042  -57.803  -36.049 0.5000000000
117409  24.915  -68.533  -46.654 0.8000000119
117524  34.773  -79.702  -34.447 0.4000000060
117562  16.503  -69.050  -48.791 0.5000000000
117832  18.326  -70.486  -43.893 0.6999999881
117959  19.098  -46.157  -35.975 0.3000000119
117973  20.567  -56.871  -43.881 0.5000000000
118084  31.708  -76.696  -30.617 0.4000000060
118709  30.722  -77.071  -45.850 0.3000000119
119035  21.271  -51.906  -36.194 0.5000000000
119287  12.669  -56.199  -39.918 0.6000000238
119389  15.432  -49.413  -34.696 0.3000000119
119663  31.022  -69.476  -47.561 0.4000000060
119692  23.396  -56.202  -44.055 0.5000000000
119784  24.061  -64.988  -48.700 0.8000000119
120018  36.535  -78.034  -38.067 0.4000000060
120052  26.118  -63.399  -42.987 0.6000000238
120330  29.704  -79.353  -41.025 0.3000000119
120674  10.983  -55.355  -34.461 0.6999999881
120822  20.437  -62.299  -39.634 0.6999999881
121068  14.521  -56.309  -38.831 0.6000000238
121147  15.077  -56.449  -34.173 0.6000000238
121149  13.293  -55.228  -25.191 0.5000000000
121206  35.862  -79.731  -32.982 0.4000000060
121240  33.369  -79.397  -39.722 0.3000000119
121266  23.887  -63.947  -38.543 0.5000000000
121394  25.590  -68.104  -47.091 0.8000000119
121438  16.123  -68.323  -48.145 0.5000000000
121449  23.184  -70.554  -39.695 0.6000000238
122128  23.627  -60.127  -38.472 0.5000000000
122227  20.487  -70.565  -42.754 0.8000000119
122487  25.612  -69.259  -50.769 0.5000000000
122589  23.903  -68.358  -51.292 0.6999999881
122624  28.787  -80.281  -27.498 0.4000000060
122689  21.922  -60.412  -40.929 0.6000000238
122964  12.373  -55.122  -25.202 0.3000000119
123155  29.128  -75.267  -46.988 0.3000000119
123278  20.077  -51.295  -36.567 0.4000000060
123302  11.353  -56.713  -34.536 0.6000000238
123430  29.632  -78.921  -43.846 0.3000000119
123907  13.417  -54.293  -34.254 0.6999999881
123979  21.349  -63.950  -43.863 0.6000000238
124087  18.529  -55.732  -42.546 0.5000000000
124228  12.628  -57.607  -41.148 0.6000000238
124251  30.589  -70.070  -47.169 0.3000000119
124265  16.021  -56.201  -34.112 0.8000000119
124333  25.722  -69.605  -42.934 0.5000000000
124747  24.688  -61.106  -40.227 0.5000000000
124952  13.070  -64.014  -45.052 0.6000000238
124966  13.386  -55.857  -32.532 0.6000000238
125070  16.150  -49.873  -36.750 0.4000000060
125251  10.204  -57.428  -33.924 0.6999999881
125375  19.987  -59.163  -40.141 0.6000000238
125685  13.354  -66.373  -43.421 0.6000000238
125811  36.405  -77.533  -38.379 0.4000000060
125817  19.860  -48.227  -38.906 0.3000000119
125947  39.370  -75.183  -30.987 0.4000000060
126057  21.900  -65.558  -41.622 0.5000000000
126102  28.109  -77.167  -47.694 0.5000000000
126120  27.143  -68.519  -46.050 0.5000000000
126144  15.734  -55.273  -40.425 0.6000000238
126201  14.529  -53.946  -25.371 0.3000000119
126505  25.684  -69.522  -49.792 0.5000000000
126518  22.701  -55.418  -39.533 0.6000000238
126537  17.145  -70.347  -44.430 0.8000000119
126539  17.832  -55.061  -41.232 0.6000000238
126634  20.518  -57.861  -44.051 0.5000000000
126639  23.568  -54.413  -38.521 0.6000000238
126927  23.071  -51.370  -37.408 0.4000000060
127069  35.648  -78.900  -30.572 0.4000000060
127432  15.729  -52.474  -31.516 0.4000000060
127652  16.390  -57.486  -36.709 0.6999999881
127816  28.458  -75.453  -28.190 0.4000000060
128149  18.673  -54.932  -34.389 0.8000000119
128247  29.735  -75.296  -28.213 0.4000000060
128412  24.056  -65.139  -42.073 0.6000000238
128451  10.667  -54.512  -33.303 0.8000000119
128496  15.846  -56.364  -38.502 0.6999999881
128751  12.317  -53.967  -34.488 0.6999999881
128865  17.465  -68.818  -41.980 0.8999999762
128940  16.972  -57.540  -42.159 0.6000000238
129128  15.666  -53.422  -30.196 0.4000000060
129169  26.001  -62.495  -42.301 0.5000000000
129249  8.721  -54.732  -34.107 0.6999999881
129325  17.390  -58.746  -40.142 0.6000000238
129349  18.370  -53.662  -34.593 0.8000000119
129426  15.363  -57.486  -34.926 0.6000000238
129507  14.004  -54.879  -28.710 0.6000000238
129579  14.351  -65.370  -37.465 0.6000000238
129653  31.697  -80.789  -27.101 0.4000000060
129781  14.669  -53.166  -25.532 0.3000000119
129807  37.452  -75.408  -28.220 0.3000000119
129989  16.039  -58.528  -33.163 0.5000000000
130157  13.647  -52.561  -35.261 0.6000000238
130204  34.044  -74.629  -29.726 0.4000000060
130436  18.065  -62.593  -37.575 0.5000000000
130686  14.256  -61.428  -35.502 0.5000000000
130898  30.941  -77.062  -30.288 0.4000000060
131177  12.072  -51.300  -33.495 0.5000000000
131194  17.795  -60.501  -37.583 0.6000000238
131279  12.568  -59.374  -37.943 0.5000000000
131356  18.987  -55.186  -41.844 0.6000000238
131445  14.140  -59.335  -34.640 0.6000000238
131616  27.198  -77.339  -47.343 0.5000000000
131781  12.837  -61.811  -36.051 0.6000000238
131808  12.276  -52.257  -32.251 0.6000000238
131852  14.088  -51.415  -36.175 0.6000000238
131876  15.360  -55.705  -33.917 0.8000000119
131905  21.099  -55.596  -40.752 0.6999999881
131915  11.872  -56.648  -25.382 0.4000000060
132107  28.119  -77.588  -28.643 0.5000000000
132990  26.119  -70.175  -39.429 0.5000000000
133105  22.533  -70.520  -40.273 0.6000000238
133268  25.659  -63.313  -41.715 0.6000000238
133363  37.919  -77.937  -32.226 0.5000000000
133621  17.632  -70.440  -43.906 0.8000000119
133634  22.573  -61.559  -41.225 0.6000000238
133972  20.404  -68.971  -38.962 0.6000000238
134163  18.051  -56.502  -34.652 0.8000000119
134369  15.806  -58.773  -40.008 0.6000000238
134421  38.730  -75.961  -35.451 0.4000000060
134882  31.925  -81.337  -26.685 0.4000000060
135045  22.841  -69.767  -37.461 0.5000000000
135214  17.266  -67.180  -37.631 0.6000000238
135227  37.498  -74.459  -30.274 0.4000000060
135316  17.404  -62.676  -37.147 0.6000000238
135441  32.640  -75.443  -30.672 0.5000000000
135763  25.073  -70.512  -40.014 0.6000000238
135853  24.467  -64.768  -42.648 0.5000000000
135888  30.517  -76.474  -30.256 0.5000000000
136078  21.519  -65.305  -43.382 0.5000000000
136196  22.830  -60.284  -43.494 0.6000000238
136277  33.100  -76.122  -39.894 0.3000000119
136322  36.564  -78.503  -34.452 0.5000000000
136388  9.109  -56.241  -34.145 0.6999999881
136510  31.181  -77.701  -30.108 0.4000000060
136700  22.396  -69.718  -37.778 0.5000000000
136721  22.903  -69.696  -45.692 0.6999999881
137002  18.753  -54.244  -34.458 0.8000000119
137014  28.134  -77.106  -44.553 0.4000000060
137117  32.830  -74.752  -29.167 0.3000000119
137251  39.021  -76.670  -34.248 0.5000000000
137352  26.014  -71.210  -46.559 0.4000000060
137379  37.783  -77.163  -36.790 0.5000000000
137487  24.044  -61.422  -38.699 0.5000000000
137810  24.993  -60.833  -45.238 0.5000000000
137811  16.870  -57.283  -34.914 0.6999999881
137887  15.608  -56.368  -26.604 0.4000000060
138002  26.784  -74.481  -47.966 0.5000000000
138193  37.596  -77.363  -25.110 0.3000000119
138243  34.324  -78.925  -39.309 0.4000000060
138261  31.498  -75.467  -30.372 0.4000000060
138267  23.374  -50.511  -38.379 0.4000000060
138347  16.820  -69.507  -42.692 0.8000000119
138410  17.673  -63.022  -43.706 0.6000000238
138659  13.732  -55.766  -39.975 0.5000000000
138710  39.545  -74.661  -30.527 0.4000000060
138791  30.404  -70.744  -49.821 0.5000000000
138810  30.821  -76.596  -46.161 0.3000000119
138865  28.770  -67.581  -46.498 0.6000000238
