#!ascii label  , from subject sub-v2s8x29178_ses-1 vox2ras=TkReg
1311
39643  -10.266  -50.294  48.979 0.0000000000
55471  -39.192  -35.350  35.574 0.0000000000
61805  -33.221  -29.873  33.894 0.0000000000
146068  -31.595  -42.205  40.983 0.0000000000
75447  -37.518  -16.407  25.134 0.0000000000
69269  -32.207  -21.487  27.987 0.0000000000
55404  -41.997  -35.364  41.205 0.0000000000
53421  -34.995  -36.891  39.721 0.0000000000
78099  -43.626  -13.088  29.341 0.0000000000
82151  -46.660  -9.436  26.899 0.0000000000
81160  -49.980  -10.022  24.018 0.0000000000
67135  -32.616  -24.099  38.529 0.0000000000
66215  -31.027  -25.798  31.306 0.0000000000
69161  -34.892  -21.322  33.231 0.0000000000
68216  -38.909  -22.903  29.105 0.0000000000
48025  -24.016  -42.405  41.050 0.0000000000
36531  -7.649  -53.063  52.903 0.0000000000
60670  -38.791  -31.163  34.230 0.0000000000
62794  -34.768  -28.454  41.205 0.0000000000
46055  -26.825  -44.630  37.575 0.0000000000
140164  -28.713  -39.920  37.212 0.0000000000
80253  -50.347  -11.095  17.304 0.0000000000
83259  -53.093  -8.305  21.312 0.0000000000
70322  -36.360  -21.730  24.143 0.0000000000
72333  -41.209  -19.244  28.735 0.0000000000
149102  -12.167  -47.173  45.857 0.0000000000
32301  -6.171  -57.991  50.294 0.0000000000
81125  -44.572  -10.688  28.156 0.0000000000
68135  -33.132  -22.596  35.726 0.0000000000
48043  -21.040  -41.861  39.326 0.0000000000
38605  -8.973  -51.503  51.381 0.0000000000
56515  -37.966  -33.803  32.325 0.0000000000
58546  -40.354  -32.582  33.658 0.0000000000
46036  -29.271  -44.261  38.942 0.0000000000
47078  -28.594  -43.590  37.366 0.0000000000
49074  -29.605  -41.075  38.752 0.0000000000
54380  -37.653  -36.664  37.572 0.0000000000
54376  -32.386  -36.134  37.546 0.0000000000
55448  -34.602  -35.921  35.541 0.0000000000
44895  -30.050  -45.145  41.090 0.0000000000
147455  -27.567  -45.033  39.614 0.0000000000
79153  -44.360  -11.929  20.467 0.0000000000
80245  -48.277  -11.234  18.782 0.0000000000
82193  -52.179  -9.139  22.171 0.0000000000
68214  -30.673  -23.693  29.365 0.0000000000
69307  -34.865  -22.734  25.729 0.0000000000
69275  -41.285  -22.113  27.472 0.0000000000
44849  -17.875  -45.311  44.018 0.0000000000
43762  -16.024  -45.260  45.686 0.0000000000
43726  -14.359  -45.874  47.355 0.0000000000
42734  -13.817  -46.659  44.002 0.0000000000
33309  -7.289  -56.451  48.617 0.0000000000
55436  -41.544  -35.254  37.765 0.0000000000
59568  -42.200  -32.201  36.916 0.0000000000
143454  -41.015  -32.157  41.216 0.0000000000
50149  -34.048  -39.669  43.901 0.0000000000
157971  -32.556  -38.657  41.983 0.0000000000
52395  -36.663  -37.816  42.136 0.0000000000
53425  -38.816  -37.360  39.516 0.0000000000
76315  -40.573  -15.070  26.729 0.0000000000
78143  -42.026  -12.811  25.726 0.0000000000
79101  -43.965  -11.858  24.457 0.0000000000
79112  -46.423  -11.540  23.030 0.0000000000
80213  -48.653  -11.798  22.033 0.0000000000
81150  -48.173  -9.948  25.140 0.0000000000
63989  -32.255  -27.367  35.976 0.0000000000
62878  -31.287  -28.131  32.699 0.0000000000
149389  -31.994  -25.259  34.411 0.0000000000
68177  -31.655  -22.411  32.712 0.0000000000
134324  -33.838  -21.219  30.734 0.0000000000
69253  -35.810  -22.107  28.316 0.0000000000
150754  -36.631  -21.402  31.002 0.0000000000
46996  -22.211  -42.796  43.051 0.0000000000
47014  -19.449  -43.611  41.342 0.0000000000
83298  -53.863  -7.674  16.089 0.0000000000
36530  -6.388  -54.180  54.050 0.0000000000
59635  -37.670  -31.329  31.081 0.0000000000
60667  -35.680  -30.454  34.436 0.0000000000
60639  -39.541  -30.994  38.022 0.0000000000
61773  -37.188  -30.508  37.602 0.0000000000
151833  -34.034  -29.085  37.186 0.0000000000
65037  -32.772  -26.466  40.308 0.0000000000
53417  -30.815  -37.660  39.114 0.0000000000
45987  -25.755  -44.212  41.650 0.0000000000
47052  -25.415  -43.105  38.951 0.0000000000
80226  -49.590  -10.643  20.044 0.0000000000
82224  -51.503  -9.289  19.371 0.0000000000
83292  -52.264  -8.462  17.417 0.0000000000
84258  -53.956  -7.175  19.742 0.0000000000
38671  -10.494  -51.646  46.498 0.0000000000
36583  -9.579  -53.217  47.769 0.0000000000
72375  -36.658  -18.953  24.955 0.0000000000
68259  -37.751  -23.622  26.746 0.0000000000
71318  -39.046  -20.721  25.723 0.0000000000
74467  -39.623  -17.896  27.143 0.0000000000
75421  -42.718  -15.804  29.123 0.0000000000
41680  -11.238  -48.381  47.597 0.0000000000
35468  -7.862  -53.968  49.887 0.0000000000
34327  -6.891  -55.071  51.080 0.0000000000
34326  -5.449  -55.698  51.107 0.0000000000
38620  -9.636  -51.032  50.322 0.0000000000
55487  -37.462  -35.414  34.444 0.0000000000
56505  -38.364  -34.334  33.296 0.0000000000
56493  -39.503  -34.342  34.391 0.0000000000
48026  -30.416  -42.912  39.787 0.0000000000
48047  -30.007  -42.856  39.024 0.0000000000
49041  -30.069  -41.472  40.138 0.0000000000
55452  -38.015  -36.148  36.388 0.0000000000
54396  -35.540  -36.411  36.622 0.0000000000
55469  -36.898  -35.981  35.504 0.0000000000
147026  -35.862  -35.567  34.681 0.0000000000
47996  -32.508  -42.237  42.404 0.0000000000
47000  -31.973  -44.084  41.936 0.0000000000
47040  -31.271  -43.851  40.838 0.0000000000
46017  -29.533  -44.515  39.691 0.0000000000
80244  -47.709  -11.677  18.862 0.0000000000
60708  -34.299  -30.930  32.861 0.0000000000
60706  -32.426  -30.686  32.542 0.0000000000
69268  -31.373  -22.234  28.320 0.0000000000
68258  -31.131  -23.053  26.613 0.0000000000
69289  -33.247  -21.559  26.512 0.0000000000
44847  -16.545  -45.586  43.486 0.0000000000
44833  -17.567  -45.230  44.901 0.0000000000
43775  -16.106  -45.683  44.065 0.0000000000
43761  -15.314  -45.628  45.305 0.0000000000
43787  -15.305  -45.938  43.473 0.0000000000
55426  -42.316  -35.079  39.040 0.0000000000
56461  -43.081  -33.478  39.175 0.0000000000
57503  -42.121  -33.649  40.747 0.0000000000
51260  -35.474  -39.040  44.343 0.0000000000
51275  -35.513  -38.401  43.680 0.0000000000
51276  -37.230  -38.121  43.664 0.0000000000
54326  -41.772  -36.192  41.905 0.0000000000
53410  -39.619  -37.798  40.767 0.0000000000
143565  -41.967  -36.253  40.616 0.0000000000
54366  -40.213  -36.638  38.903 0.0000000000
76304  -41.930  -14.846  27.956 0.0000000000
77195  -41.333  -13.851  26.458 0.0000000000
78113  -42.412  -13.227  27.229 0.0000000000
81126  -45.151  -10.160  27.666 0.0000000000
80167  -44.465  -11.339  26.148 0.0000000000
80168  -45.134  -10.967  25.685 0.0000000000
80187  -45.410  -11.393  24.082 0.0000000000
80170  -46.829  -10.553  24.858 0.0000000000
147923  -47.705  -11.262  23.555 0.0000000000
82152  -47.476  -9.179  26.592 0.0000000000
152741  -31.661  -25.792  37.795 0.0000000000
65087  -31.928  -26.380  35.533 0.0000000000
67171  -31.558  -24.377  36.018 0.0000000000
68149  -34.714  -21.986  34.854 0.0000000000
68147  -32.533  -22.368  34.404 0.0000000000
69159  -33.549  -21.906  33.151 0.0000000000
69196  -32.478  -21.646  31.509 0.0000000000
134428  -35.054  -21.307  32.038 0.0000000000
134182  -35.408  -21.531  31.143 0.0000000000
68178  -35.687  -20.929  32.606 0.0000000000
46997  -23.804  -43.053  42.525 0.0000000000
133056  -23.051  -43.008  43.240 0.0000000000
47995  -22.863  -42.598  42.438 0.0000000000
47037  -19.922  -42.891  40.709 0.0000000000
85248  -54.756  -6.323  17.186 0.0000000000
138654  -55.259  -6.200  16.464 0.0000000000
35446  -7.290  -53.593  53.451 0.0000000000
59615  -39.407  -31.755  32.476 0.0000000000
58568  -38.359  -32.315  31.248 0.0000000000
60712  -38.512  -30.842  32.431 0.0000000000
59612  -37.224  -30.777  31.861 0.0000000000
60692  -37.214  -30.567  33.859 0.0000000000
60614  -40.972  -31.282  38.886 0.0000000000
60641  -40.917  -31.637  37.600 0.0000000000
60612  -39.619  -30.413  39.303 0.0000000000
151664  -35.943  -28.776  41.472 0.0000000000
61719  -37.054  -29.856  39.918 0.0000000000
61733  -36.166  -29.474  39.829 0.0000000000
61762  -35.487  -29.979  37.553 0.0000000000
62805  -34.193  -28.784  39.514 0.0000000000
143282  -33.231  -28.239  39.276 0.0000000000
63906  -33.547  -27.207  41.245 0.0000000000
49087  -28.850  -41.737  37.184 0.0000000000
52407  -33.654  -37.449  41.063 0.0000000000
158556  -31.853  -38.095  40.766 0.0000000000
53403  -33.453  -37.155  40.192 0.0000000000
155471  -30.852  -36.264  37.396 0.0000000000
160047  -26.761  -45.141  42.327 0.0000000000
144702  -27.456  -44.824  39.036 0.0000000000
46014  -26.838  -44.554  39.468 0.0000000000
46032  -26.220  -44.211  37.936 0.0000000000
47076  -25.389  -43.801  37.375 0.0000000000
80201  -49.188  -11.525  22.219 0.0000000000
80225  -49.086  -11.087  20.688 0.0000000000
81176  -50.320  -10.401  22.238 0.0000000000
82194  -52.775  -8.666  21.855 0.0000000000
81186  -51.737  -9.769  21.048 0.0000000000
83267  -52.538  -8.756  20.274 0.0000000000
82233  -51.883  -8.736  18.890 0.0000000000
83280  -53.028  -8.146  19.817 0.0000000000
84257  -53.461  -7.532  19.325 0.0000000000
83260  -53.590  -7.730  20.920 0.0000000000
64029  -31.104  -27.355  32.247 0.0000000000
61822  -30.722  -29.469  31.026 0.0000000000
136127  -36.013  -19.883  23.203 0.0000000000
70323  -37.025  -21.067  24.402 0.0000000000
69255  -37.122  -22.722  28.710 0.0000000000
155237  -36.258  -23.566  27.665 0.0000000000
68245  -38.272  -23.525  27.538 0.0000000000
71302  -41.109  -20.213  28.526 0.0000000000
70303  -40.276  -21.599  26.448 0.0000000000
71309  -39.814  -19.974  27.360 0.0000000000
72354  -39.259  -19.481  26.835 0.0000000000
73329  -40.251  -18.352  27.756 0.0000000000
74460  -41.064  -17.119  28.078 0.0000000000
74461  -41.601  -17.372  28.627 0.0000000000
43738  -13.677  -46.092  46.809 0.0000000000
155788  -12.960  -46.679  47.802 0.0000000000
41681  -11.880  -47.672  47.978 0.0000000000
41708  -11.740  -47.758  46.200 0.0000000000
40671  -11.040  -49.420  46.115 0.0000000000
40689  -11.967  -48.756  44.818 0.0000000000
35503  -9.097  -54.060  47.576 0.0000000000
36569  -9.168  -53.517  48.510 0.0000000000
34345  -8.159  -54.789  48.093 0.0000000000
32302  -6.743  -56.997  49.619 0.0000000000
33302  -6.977  -56.056  49.502 0.0000000000
152548  -6.363  -56.027  50.369 0.0000000000
33290  -5.796  -55.848  50.786 0.0000000000
32290  -5.673  -56.789  50.739 0.0000000000
51278  -38.755  -38.322  43.675 0.0000000000
79043  -44.438  -12.216  30.246 0.0000000000
79062  -43.752  -11.909  28.317 0.0000000000
80127  -44.715  -10.737  29.859 0.0000000000
133691  -33.126  -23.055  37.064 0.0000000000
49055  -23.966  -41.592  38.631 0.0000000000
48045  -22.960  -41.726  39.952 0.0000000000
38595  -9.129  -50.772  52.915 0.0000000000
137588  -8.123  -52.628  51.833 0.0000000000
56504  -37.341  -34.664  33.060 0.0000000000
57557  -38.938  -33.449  32.783 0.0000000000
59584  -40.006  -31.510  34.053 0.0000000000
65000  -34.335  -26.412  43.360 0.0000000000
46034  -27.620  -44.647  38.333 0.0000000000
46056  -27.381  -44.713  37.209 0.0000000000
47079  -29.298  -43.256  37.964 0.0000000000
49073  -29.577  -41.708  37.932 0.0000000000
50187  -29.499  -40.763  38.033 0.0000000000
53438  -36.366  -37.084  39.000 0.0000000000
139524  -33.992  -36.666  38.637 0.0000000000
54360  -34.741  -36.629  38.043 0.0000000000
151755  -33.945  -36.171  36.889 0.0000000000
155369  -33.713  -35.014  34.421 0.0000000000
44883  -29.423  -45.422  41.548 0.0000000000
44881  -27.885  -45.332  41.131 0.0000000000
44893  -28.502  -45.332  40.512 0.0000000000
46016  -28.741  -44.852  39.376 0.0000000000
79140  -43.236  -12.098  21.490 0.0000000000
80252  -49.588  -11.209  17.676 0.0000000000
82168  -50.861  -8.821  24.910 0.0000000000
81167  -50.851  -9.865  22.825 0.0000000000
67221  -30.698  -24.650  30.296 0.0000000000
139577  -34.556  -22.578  24.610 0.0000000000
154793  -35.326  -22.851  25.012 0.0000000000
138283  -40.787  -21.989  30.235 0.0000000000
68217  -39.886  -23.023  28.779 0.0000000000
69241  -42.325  -21.799  29.602 0.0000000000
139699  -19.200  -44.652  44.545 0.0000000000
44815  -18.125  -44.984  45.480 0.0000000000
43729  -16.819  -44.884  46.934 0.0000000000
43740  -15.379  -45.408  46.231 0.0000000000
43760  -14.611  -45.816  45.684 0.0000000000
155151  -13.308  -46.549  45.230 0.0000000000
41721  -12.476  -47.930  44.570 0.0000000000
42745  -13.427  -47.426  43.446 0.0000000000
55454  -40.323  -35.371  36.605 0.0000000000
56484  -41.258  -34.099  35.874 0.0000000000
56474  -42.393  -33.830  37.084 0.0000000000
155130  -42.572  -32.066  39.249 0.0000000000
49025  -32.334  -41.467  42.142 0.0000000000
50157  -31.680  -40.208  41.519 0.0000000000
51273  -33.456  -38.878  42.951 0.0000000000
51293  -34.021  -38.092  42.734 0.0000000000
52409  -35.498  -37.052  41.418 0.0000000000
52374  -38.421  -38.534  42.018 0.0000000000
52412  -38.064  -38.116  41.213 0.0000000000
53424  -37.509  -37.357  39.802 0.0000000000
143090  -38.008  -37.074  38.573 0.0000000000
54381  -39.033  -36.357  37.467 0.0000000000
49014  -33.262  -41.368  43.745 0.0000000000
75449  -38.884  -15.735  25.998 0.0000000000
76345  -37.774  -14.979  24.157 0.0000000000
76330  -40.007  -14.386  25.888 0.0000000000
77218  -40.934  -13.231  25.047 0.0000000000
78162  -42.229  -12.472  23.859 0.0000000000
79071  -43.270  -12.233  27.098 0.0000000000
79100  -43.419  -12.068  25.253 0.0000000000
79109  -43.089  -12.163  23.349 0.0000000000
79125  -43.992  -11.804  22.054 0.0000000000
79126  -44.940  -11.623  22.138 0.0000000000
80211  -46.373  -11.447  21.023 0.0000000000
80223  -47.468  -11.355  20.091 0.0000000000
79129  -47.830  -11.759  22.415 0.0000000000
80190  -48.286  -11.265  23.306 0.0000000000
81159  -49.273  -10.245  24.265 0.0000000000
83197  -48.465  -8.097  27.581 0.0000000000
83215  -50.131  -8.087  26.299 0.0000000000
62849  -32.713  -28.340  35.381 0.0000000000
61804  -32.475  -29.468  33.595 0.0000000000
144691  -32.323  -27.772  34.237 0.0000000000
65113  -31.868  -26.632  33.459 0.0000000000
66206  -31.485  -25.451  32.592 0.0000000000
68134  -31.979  -23.191  35.662 0.0000000000
151584  -31.535  -23.270  33.780 0.0000000000
67209  -31.070  -24.080  31.799 0.0000000000
68189  -31.106  -23.132  31.384 0.0000000000
69231  -31.424  -22.403  30.181 0.0000000000
69233  -33.153  -21.283  29.520 0.0000000000
155261  -34.124  -21.143  28.184 0.0000000000
153398  -34.971  -21.194  29.550 0.0000000000
133579  -36.126  -21.560  29.794 0.0000000000
134124  -37.669  -22.116  29.664 0.0000000000
69180  -38.198  -21.155  32.094 0.0000000000
135206  -39.553  -21.525  30.583 0.0000000000
46960  -21.119  -43.419  44.152 0.0000000000
48004  -21.698  -42.305  41.365 0.0000000000
46994  -20.644  -43.179  42.556 0.0000000000
45955  -20.221  -43.734  43.093 0.0000000000
134987  -18.980  -44.552  42.924 0.0000000000
60709  -35.271  -30.884  32.864 0.0000000000
60666  -34.797  -30.428  34.305 0.0000000000
58528  -41.471  -32.529  35.420 0.0000000000
60659  -40.411  -31.735  35.868 0.0000000000
60658  -39.488  -31.543  35.595 0.0000000000
60638  -38.529  -30.643  37.709 0.0000000000
60656  -37.683  -30.708  35.716 0.0000000000
61782  -36.136  -30.375  36.157 0.0000000000
61781  -35.254  -30.150  35.775 0.0000000000
61780  -33.687  -29.337  35.472 0.0000000000
63968  -32.780  -28.186  37.440 0.0000000000
63967  -32.291  -27.491  37.985 0.0000000000
66128  -32.250  -25.756  39.179 0.0000000000
66100  -33.501  -25.902  41.834 0.0000000000
67094  -33.485  -24.631  40.712 0.0000000000
50166  -30.497  -39.928  40.387 0.0000000000
51312  -30.258  -38.993  39.947 0.0000000000
154938  -29.704  -38.680  38.398 0.0000000000
53434  -32.360  -36.983  38.969 0.0000000000
53431  -29.831  -37.365  37.756 0.0000000000
46980  -25.298  -44.218  43.104 0.0000000000
47018  -24.725  -42.978  41.089 0.0000000000
137302  -26.253  -44.458  40.911 0.0000000000
47038  -25.446  -43.780  40.703 0.0000000000
47051  -24.873  -43.025  39.861 0.0000000000
48071  -24.519  -42.152  37.554 0.0000000000
80224  -48.228  -11.208  20.274 0.0000000000
81202  -49.255  -10.596  19.134 0.0000000000
81203  -50.048  -10.200  19.230 0.0000000000
81185  -51.263  -10.381  21.148 0.0000000000
81204  -51.057  -9.913  19.853 0.0000000000
81216  -50.173  -10.140  18.181 0.0000000000
82237  -51.414  -9.346  17.537 0.0000000000
82238  -51.906  -9.027  17.237 0.0000000000
82245  -52.388  -9.108  16.550 0.0000000000
84263  -53.365  -7.460  16.967 0.0000000000
84261  -53.957  -6.926  18.809 0.0000000000
157196  -10.404  -50.779  47.548 0.0000000000
38647  -10.156  -51.205  48.358 0.0000000000
144383  -10.036  -52.575  46.999 0.0000000000
60705  -31.675  -30.362  32.099 0.0000000000
73360  -36.521  -18.198  24.651 0.0000000000
69272  -35.382  -22.676  27.389 0.0000000000
69292  -36.176  -23.710  26.247 0.0000000000
69308  -36.632  -23.119  25.278 0.0000000000
140615  -39.835  -22.783  26.949 0.0000000000
136931  -38.914  -22.274  25.708 0.0000000000
70313  -37.890  -21.549  24.719 0.0000000000
141790  -38.091  -20.091  25.804 0.0000000000
73349  -37.611  -18.728  25.824 0.0000000000
74484  -38.319  -17.451  26.132 0.0000000000
74477  -39.881  -16.890  27.093 0.0000000000
75430  -41.459  -15.693  27.936 0.0000000000
77174  -42.968  -14.422  28.964 0.0000000000
40625  -10.956  -49.079  50.219 0.0000000000
41663  -11.588  -48.114  49.510 0.0000000000
40648  -10.632  -49.449  48.679 0.0000000000
39649  -10.615  -50.019  47.051 0.0000000000
145227  -11.141  -50.894  45.114 0.0000000000
37580  -9.232  -52.500  49.599 0.0000000000
155358  -8.370  -53.096  50.721 0.0000000000
141792  -7.793  -53.814  51.425 0.0000000000
33303  -7.311  -55.431  49.188 0.0000000000
34328  -7.264  -54.821  50.695 0.0000000000
34320  -7.385  -54.489  51.477 0.0000000000
34312  -6.744  -54.628  52.403 0.0000000000
35458  -6.237  -54.931  52.354 0.0000000000
31244  -5.507  -58.247  50.652 0.0000000000
33296  -4.919  -56.656  50.764 0.0000000000
40624  -10.395  -49.707  50.518 0.0000000000
39636  -10.123  -50.355  49.932 0.0000000000
55488  -38.158  -35.281  34.633 0.0000000000
56481  -38.947  -35.038  34.866 0.0000000000
56482  -39.724  -34.694  35.140 0.0000000000
48027  -30.974  -42.629  40.400 0.0000000000
146943  -30.359  -42.147  40.173 0.0000000000
49042  -30.919  -41.636  40.572 0.0000000000
150147  -38.673  -35.811  36.032 0.0000000000
149021  -37.679  -35.927  35.745 0.0000000000
55470  -38.334  -35.561  35.407 0.0000000000
149815  -37.535  -35.621  35.095 0.0000000000
48007  -32.127  -42.230  41.647 0.0000000000
156491  -31.921  -42.855  41.256 0.0000000000
153779  -31.451  -43.133  40.792 0.0000000000
47039  -30.799  -43.587  40.238 0.0000000000
80235  -47.209  -11.614  19.419 0.0000000000
60688  -33.690  -30.495  33.476 0.0000000000
60707  -33.338  -30.884  32.795 0.0000000000
60687  -32.829  -30.247  33.274 0.0000000000
68242  -30.923  -22.971  27.619 0.0000000000
69287  -31.496  -22.181  27.261 0.0000000000
69288  -32.290  -21.619  26.878 0.0000000000
155447  -32.450  -21.964  25.864 0.0000000000
43788  -15.897  -45.750  43.108 0.0000000000
55418  -42.410  -35.214  39.970 0.0000000000
56454  -42.879  -34.107  39.940 0.0000000000
56424  -41.532  -34.321  41.209 0.0000000000
51261  -37.015  -38.432  44.446 0.0000000000
152406  -36.274  -38.536  44.191 0.0000000000
51262  -37.801  -38.321  44.122 0.0000000000
54327  -41.720  -35.874  41.656 0.0000000000
54344  -41.987  -36.603  41.393 0.0000000000
54353  -42.161  -35.734  40.317 0.0000000000
55417  -41.883  -35.675  39.357 0.0000000000
50134  -35.788  -39.362  44.817 0.0000000000
77173  -42.538  -14.200  28.256 0.0000000000
77183  -42.162  -13.940  27.582 0.0000000000
78105  -43.076  -13.397  28.505 0.0000000000
81127  -45.872  -9.760  27.252 0.0000000000
81136  -45.431  -10.351  26.868 0.0000000000
80159  -45.695  -10.513  26.066 0.0000000000
80169  -45.932  -10.691  25.208 0.0000000000
81148  -46.508  -10.257  25.684 0.0000000000
81138  -46.992  -9.726  26.129 0.0000000000
67150  -31.751  -24.735  37.776 0.0000000000
66156  -31.503  -25.407  36.995 0.0000000000
67162  -31.619  -24.410  36.901 0.0000000000
68167  -34.789  -21.715  34.001 0.0000000000
69139  -33.996  -22.164  34.000 0.0000000000
69160  -34.563  -21.793  33.316 0.0000000000
69179  -34.261  -21.385  32.402 0.0000000000
147505  -34.822  -21.418  32.813 0.0000000000
159727  -35.185  -21.206  32.523 0.0000000000
47017  -24.161  -42.819  41.706 0.0000000000
48006  -23.467  -42.510  41.732 0.0000000000
85249  -55.264  -5.838  17.999 0.0000000000
36536  -7.947  -52.468  52.494 0.0000000000
35453  -7.420  -53.727  52.585 0.0000000000
60713  -39.173  -31.227  32.753 0.0000000000
59614  -38.881  -31.295  31.946 0.0000000000
60693  -38.678  -30.933  33.308 0.0000000000
155789  -37.922  -30.658  33.087 0.0000000000
142449  -37.999  -30.813  34.053 0.0000000000
60613  -40.430  -30.833  39.075 0.0000000000
60605  -39.597  -30.481  40.205 0.0000000000
147596  -36.581  -29.292  40.584 0.0000000000
62795  -35.538  -29.014  40.487 0.0000000000
145813  -35.210  -29.180  39.700 0.0000000000
133852  -34.494  -28.677  40.341 0.0000000000
63932  -33.602  -28.120  40.112 0.0000000000
63919  -33.894  -27.951  40.911 0.0000000000
46054  -25.927  -44.708  36.933 0.0000000000
149339  -26.701  -45.122  36.755 0.0000000000
53404  -34.356  -37.033  40.445 0.0000000000
46033  -26.889  -44.533  38.626 0.0000000000
80192  -49.617  -10.753  22.608 0.0000000000
80202  -49.902  -11.169  21.806 0.0000000000
81166  -50.124  -10.161  23.149 0.0000000000
82200  -52.570  -8.718  21.308 0.0000000000
82209  -52.212  -9.049  20.910 0.0000000000
82210  -52.670  -8.586  20.896 0.0000000000
83268  -53.067  -8.228  20.593 0.0000000000
65136  -31.009  -26.580  31.724 0.0000000000
64028  -30.828  -27.411  31.254 0.0000000000
65151  -30.718  -26.587  30.633 0.0000000000
70321  -35.624  -22.076  23.847 0.0000000000
71339  -36.331  -20.563  23.884 0.0000000000
69256  -37.983  -22.737  28.925 0.0000000000
68231  -37.664  -23.446  28.157 0.0000000000
68232  -38.696  -23.251  28.359 0.0000000000
71310  -40.494  -20.432  27.913 0.0000000000
155020  -40.689  -19.610  28.346 0.0000000000
72341  -40.234  -19.323  27.888 0.0000000000
73322  -40.730  -18.757  28.302 0.0000000000
158560  -41.205  -17.646  28.402 0.0000000000
73323  -41.331  -18.226  28.678 0.0000000000
42722  -12.846  -46.479  46.089 0.0000000000
42711  -12.902  -46.522  47.117 0.0000000000
42710  -12.168  -47.005  46.652 0.0000000000
42705  -12.329  -47.064  47.526 0.0000000000
41707  -11.566  -48.595  45.718 0.0000000000
144320  -12.000  -47.856  45.356 0.0000000000
34346  -8.495  -54.558  47.635 0.0000000000
32307  -6.638  -57.929  49.353 0.0000000000
32297  -6.259  -56.850  50.348 0.0000000000
32291  -5.998  -56.440  50.576 0.0000000000
32296  -5.868  -57.451  50.699 0.0000000000
134028  -34.550  -22.751  37.259 0.0000000000
49054  -23.048  -41.654  38.877 0.0000000000
38599  -9.206  -50.719  51.968 0.0000000000
38598  -8.684  -51.277  52.080 0.0000000000
37551  -8.332  -51.671  52.460 0.0000000000
37557  -8.457  -52.016  51.618 0.0000000000
56503  -36.367  -34.805  33.236 0.0000000000
56506  -39.242  -33.940  33.602 0.0000000000
57558  -39.786  -32.983  33.152 0.0000000000
58545  -40.067  -32.118  32.944 0.0000000000
59599  -40.297  -31.906  33.699 0.0000000000
46035  -28.411  -44.607  38.665 0.0000000000
46057  -28.136  -44.401  37.784 0.0000000000
47063  -28.870  -43.929  38.250 0.0000000000
48061  -29.689  -41.987  38.919 0.0000000000
48060  -29.669  -42.658  38.266 0.0000000000
155854  -36.804  -36.964  38.377 0.0000000000
54361  -35.357  -36.801  38.347 0.0000000000
54379  -35.665  -36.633  37.560 0.0000000000
55449  -35.413  -36.189  35.790 0.0000000000
54395  -34.696  -36.241  36.339 0.0000000000
54394  -33.888  -35.926  36.050 0.0000000000
154685  -33.811  -35.488  35.253 0.0000000000
143019  -34.485  -35.439  34.799 0.0000000000
55485  -35.152  -35.202  34.257 0.0000000000
45990  -31.339  -44.333  41.413 0.0000000000
44871  -31.478  -44.831  42.235 0.0000000000
44884  -30.767  -44.974  41.568 0.0000000000
135608  -30.112  -45.294  41.808 0.0000000000
44894  -29.264  -45.274  40.765 0.0000000000
139276  -43.866  -11.778  21.122 0.0000000000
67233  -30.585  -24.425  29.500 0.0000000000
66241  -30.557  -25.300  29.600 0.0000000000
149422  -30.502  -25.037  28.802 0.0000000000
69306  -33.844  -22.346  25.208 0.0000000000
69221  -41.248  -21.409  30.803 0.0000000000
69240  -41.660  -22.126  29.679 0.0000000000
72327  -42.531  -19.572  29.568 0.0000000000
45938  -18.742  -44.884  43.798 0.0000000000
44835  -18.806  -44.843  45.232 0.0000000000
44834  -18.405  -45.082  44.676 0.0000000000
43763  -16.709  -45.220  45.157 0.0000000000
44814  -17.327  -44.941  45.718 0.0000000000
43742  -16.653  -44.925  46.043 0.0000000000
43728  -15.914  -44.969  46.986 0.0000000000
43773  -14.483  -46.096  44.752 0.0000000000
154274  -13.976  -46.146  45.255 0.0000000000
42723  -13.707  -46.502  44.730 0.0000000000
42733  -13.129  -47.168  44.404 0.0000000000
55455  -41.051  -35.334  37.211 0.0000000000
56473  -41.166  -34.733  36.554 0.0000000000
56465  -41.833  -34.635  37.238 0.0000000000
58502  -42.309  -32.499  40.161 0.0000000000
58512  -42.972  -32.650  39.315 0.0000000000
59525  -41.491  -32.021  40.478 0.0000000000
140829  -33.074  -40.696  43.348 0.0000000000
50147  -32.569  -40.490  42.690 0.0000000000
50148  -33.310  -39.729  43.357 0.0000000000
51295  -35.986  -37.657  42.948 0.0000000000
51294  -35.008  -37.778  43.020 0.0000000000
52394  -35.764  -37.262  42.299 0.0000000000
52393  -34.729  -37.378  42.180 0.0000000000
52410  -36.447  -37.296  41.434 0.0000000000
52377  -41.248  -38.207  43.176 0.0000000000
52375  -39.178  -38.720  42.685 0.0000000000
53426  -39.556  -37.413  39.944 0.0000000000
53409  -38.712  -37.722  40.384 0.0000000000
53408  -37.789  -37.641  40.521 0.0000000000
147064  -38.202  -37.480  39.856 0.0000000000
53440  -38.100  -37.295  39.211 0.0000000000
54364  -38.719  -37.081  38.749 0.0000000000
55424  -40.972  -35.739  37.946 0.0000000000
54383  -40.284  -36.230  38.154 0.0000000000
55435  -40.318  -35.810  37.430 0.0000000000
55434  -39.600  -35.899  37.043 0.0000000000
50132  -34.378  -40.089  44.355 0.0000000000
50131  -33.618  -40.419  43.888 0.0000000000
49026  -32.861  -41.448  42.889 0.0000000000
76314  -39.636  -15.367  26.346 0.0000000000
76329  -39.029  -14.945  25.523 0.0000000000
158730  -41.771  -13.274  26.283 0.0000000000
77207  -40.778  -13.767  25.772 0.0000000000
78142  -41.395  -13.273  25.701 0.0000000000
157829  -41.083  -12.991  24.505 0.0000000000
78152  -41.599  -12.791  24.821 0.0000000000
80135  -44.209  -11.362  28.689 0.0000000000
80144  -44.191  -11.286  27.794 0.0000000000
160659  -44.138  -11.750  25.098 0.0000000000
134432  -43.965  -11.742  25.784 0.0000000000
133798  -43.166  -12.132  24.273 0.0000000000
79110  -43.786  -11.928  23.701 0.0000000000
147095  -43.795  -11.947  22.981 0.0000000000
159155  -44.162  -11.800  23.343 0.0000000000
80188  -46.128  -11.359  23.631 0.0000000000
158290  -45.184  -11.534  22.686 0.0000000000
79127  -45.806  -11.569  22.408 0.0000000000
79142  -45.507  -11.509  21.348 0.0000000000
79143  -46.300  -11.606  21.820 0.0000000000
79144  -47.096  -11.668  21.839 0.0000000000
158820  -47.270  -11.718  22.453 0.0000000000
81157  -47.702  -10.459  24.641 0.0000000000
80180  -48.057  -10.862  23.961 0.0000000000
81158  -48.520  -10.380  24.462 0.0000000000
80181  -48.761  -10.724  23.742 0.0000000000
81151  -48.982  -9.863  24.955 0.0000000000
82155  -49.768  -8.651  25.836 0.0000000000
158598  -32.399  -28.035  34.765 0.0000000000
63995  -32.261  -27.310  34.909 0.0000000000
66177  -31.798  -25.296  35.259 0.0000000000
65096  -32.167  -26.196  34.594 0.0000000000
160046  -32.288  -25.974  34.065 0.0000000000
66197  -31.773  -25.770  33.263 0.0000000000
66185  -32.039  -25.389  33.814 0.0000000000
140253  -32.769  -22.934  36.336 0.0000000000
68166  -31.820  -22.504  33.651 0.0000000000
68165  -31.406  -23.126  33.058 0.0000000000
67201  -31.298  -23.885  32.549 0.0000000000
68176  -31.288  -23.100  32.239 0.0000000000
69177  -31.625  -22.354  31.755 0.0000000000
139227  -32.830  -21.456  30.869 0.0000000000
69214  -32.094  -21.846  30.563 0.0000000000
69215  -32.990  -21.270  30.312 0.0000000000
69232  -32.158  -21.753  29.859 0.0000000000
133578  -34.256  -21.151  29.175 0.0000000000
133581  -34.016  -20.977  29.981 0.0000000000
69199  -36.092  -21.538  31.086 0.0000000000
134586  -35.892  -21.510  30.520 0.0000000000
69216  -36.533  -21.599  30.245 0.0000000000
69236  -37.104  -22.081  29.576 0.0000000000
69217  -37.258  -21.516  30.592 0.0000000000
146638  -38.895  -21.271  33.001 0.0000000000
69181  -39.231  -20.940  32.228 0.0000000000
69202  -38.709  -21.177  31.144 0.0000000000
152949  -40.441  -20.810  31.863 0.0000000000
46977  -22.407  -43.153  43.789 0.0000000000
46961  -21.858  -43.298  44.396 0.0000000000
46976  -21.626  -43.113  43.601 0.0000000000
144065  -21.984  -41.740  39.738 0.0000000000
48023  -22.318  -41.973  40.708 0.0000000000
48022  -21.372  -42.088  40.399 0.0000000000
47015  -20.293  -43.067  41.681 0.0000000000
46993  -19.943  -43.685  42.275 0.0000000000
148450  -19.619  -44.105  42.822 0.0000000000
45971  -19.223  -44.163  42.160 0.0000000000
35450  -6.030  -54.471  53.223 0.0000000000
57576  -37.576  -32.748  30.791 0.0000000000
59634  -36.781  -31.264  30.974 0.0000000000
60691  -36.393  -30.540  33.734 0.0000000000
60710  -36.264  -30.735  32.854 0.0000000000
60690  -35.490  -30.617  33.655 0.0000000000
60689  -34.567  -30.631  33.586 0.0000000000
57541  -41.793  -33.186  35.920 0.0000000000
57546  -41.087  -33.412  35.166 0.0000000000
58522  -41.865  -32.413  36.188 0.0000000000
60640  -40.220  -31.455  37.775 0.0000000000
59566  -41.066  -31.719  36.139 0.0000000000
60649  -39.726  -31.604  36.575 0.0000000000
149492  -39.040  -31.308  36.462 0.0000000000
133593  -37.145  -30.158  39.162 0.0000000000
61753  -37.860  -30.245  38.776 0.0000000000
61764  -37.921  -30.421  38.029 0.0000000000
60637  -37.934  -30.643  37.232 0.0000000000
60646  -37.165  -30.586  36.567 0.0000000000
61772  -36.299  -30.375  37.122 0.0000000000
61750  -34.556  -29.401  37.947 0.0000000000
61771  -35.405  -30.033  36.610 0.0000000000
61761  -34.688  -29.518  36.960 0.0000000000
61770  -34.575  -29.700  36.112 0.0000000000
62842  -33.965  -29.133  36.428 0.0000000000
137362  -33.327  -28.670  36.101 0.0000000000
62834  -33.536  -28.789  37.762 0.0000000000
63931  -32.858  -27.416  39.838 0.0000000000
63952  -32.547  -27.473  38.935 0.0000000000
65047  -32.431  -26.561  39.471 0.0000000000
65059  -32.054  -26.478  38.520 0.0000000000
66129  -32.573  -25.581  39.872 0.0000000000
66067  -34.443  -24.914  43.328 0.0000000000
65012  -33.855  -26.605  42.358 0.0000000000
66084  -33.884  -25.525  42.539 0.0000000000
67121  -33.184  -24.496  39.995 0.0000000000
47077  -27.917  -44.340  36.752 0.0000000000
51291  -31.891  -39.268  41.747 0.0000000000
52419  -31.062  -38.163  40.167 0.0000000000
52428  -30.256  -38.380  39.232 0.0000000000
51321  -29.901  -39.208  39.013 0.0000000000
53435  -33.268  -36.889  39.273 0.0000000000
54358  -32.009  -36.565  38.173 0.0000000000
46999  -25.246  -43.950  42.317 0.0000000000
47019  -25.179  -43.622  41.580 0.0000000000
44892  -27.716  -45.209  40.334 0.0000000000
45988  -27.075  -44.938  41.030 0.0000000000
46001  -26.909  -44.711  40.252 0.0000000000
46013  -26.108  -44.012  39.038 0.0000000000
46000  -26.146  -44.209  40.046 0.0000000000
138062  -25.555  -43.677  39.740 0.0000000000
48046  -24.962  -42.353  38.887 0.0000000000
48059  -25.110  -42.436  38.211 0.0000000000
159403  -47.850  -11.396  20.792 0.0000000000
145419  -48.524  -11.437  21.203 0.0000000000
80215  -50.181  -11.100  21.110 0.0000000000
82192  -51.550  -9.538  22.492 0.0000000000
81177  -50.987  -10.015  21.899 0.0000000000
81178  -51.640  -9.658  21.665 0.0000000000
82208  -51.871  -9.518  20.366 0.0000000000
81193  -51.399  -10.319  20.800 0.0000000000
82223  -50.753  -9.648  18.840 0.0000000000
82236  -50.797  -9.724  17.863 0.0000000000
82232  -51.329  -9.179  18.445 0.0000000000
83286  -52.307  -8.244  18.421 0.0000000000
83285  -51.781  -8.723  18.013 0.0000000000
83296  -52.797  -8.243  16.717 0.0000000000
83293  -52.701  -7.783  17.719 0.0000000000
84260  -53.333  -7.287  18.230 0.0000000000
85243  -54.533  -6.590  19.313 0.0000000000
39660  -10.510  -50.931  46.911 0.0000000000
38657  -10.271  -51.591  47.400 0.0000000000
61803  -31.626  -28.950  33.113 0.0000000000
61813  -31.982  -29.916  32.923 0.0000000000
61812  -31.403  -29.523  32.328 0.0000000000
72374  -36.287  -19.457  24.078 0.0000000000
143398  -36.220  -18.573  24.060 0.0000000000
133576  -34.656  -21.281  28.507 0.0000000000
69271  -34.712  -21.617  27.661 0.0000000000
133486  -35.440  -21.946  28.068 0.0000000000
68243  -36.679  -24.037  27.114 0.0000000000
69273  -35.880  -23.625  27.201 0.0000000000
69293  -37.178  -23.518  25.967 0.0000000000
153896  -40.837  -22.589  28.265 0.0000000000
68233  -40.384  -22.745  27.596 0.0000000000
69295  -40.584  -22.209  26.869 0.0000000000
134896  -39.832  -21.063  26.207 0.0000000000
70302  -39.491  -21.556  25.811 0.0000000000
69310  -38.785  -21.510  25.141 0.0000000000
160941  -38.316  -22.205  25.147 0.0000000000
71330  -38.404  -20.812  25.022 0.0000000000
71329  -37.537  -20.387  25.064 0.0000000000
73341  -39.119  -18.628  26.782 0.0000000000
154526  -38.711  -19.148  26.513 0.0000000000
73340  -38.352  -18.467  26.302 0.0000000000
139662  -37.765  -18.040  25.835 0.0000000000
74476  -39.141  -17.167  26.617 0.0000000000
75420  -41.609  -16.509  28.365 0.0000000000
75429  -41.124  -16.331  27.864 0.0000000000
76296  -42.086  -15.775  28.530 0.0000000000
76297  -42.525  -15.031  28.671 0.0000000000
155633  -42.974  -15.134  29.188 0.0000000000
41672  -11.972  -47.739  48.871 0.0000000000
156871  -11.471  -48.104  48.326 0.0000000000
40649  -11.042  -48.695  48.430 0.0000000000
40660  -10.791  -49.301  47.801 0.0000000000
40661  -10.895  -49.062  47.006 0.0000000000
40688  -11.497  -49.293  45.311 0.0000000000
39677  -11.272  -50.047  45.296 0.0000000000
39690  -11.536  -50.414  44.521 0.0000000000
37616  -9.885  -52.381  48.116 0.0000000000
37597  -9.740  -52.018  49.042 0.0000000000
37596  -9.483  -52.811  48.838 0.0000000000
35479  -8.515  -53.806  49.147 0.0000000000
36559  -8.977  -53.187  49.389 0.0000000000
148130  -8.352  -53.348  50.019 0.0000000000
35469  -7.954  -53.688  50.772 0.0000000000
33319  -7.806  -56.321  47.380 0.0000000000
33310  -7.762  -55.500  48.259 0.0000000000
33292  -6.808  -55.447  50.469 0.0000000000
33298  -7.058  -55.419  50.014 0.0000000000
35459  -7.191  -54.352  52.225 0.0000000000
34319  -6.877  -54.847  51.752 0.0000000000
34318  -6.045  -55.373  51.534 0.0000000000
143301  -5.642  -55.317  51.782 0.0000000000
35457  -5.607  -54.840  52.453 0.0000000000
31243  -4.973  -58.272  50.651 0.0000000000
32295  -5.348  -57.433  50.835 0.0000000000
37567  -9.224  -51.643  50.674 0.0000000000
56491  -37.861  -35.044  33.883 0.0000000000
57550  -40.033  -33.501  33.942 0.0000000000
47053  -30.045  -43.686  39.437 0.0000000000
47064  -29.586  -43.436  38.621 0.0000000000
49056  -29.907  -42.149  39.704 0.0000000000
151890  -29.692  -41.447  39.525 0.0000000000
54398  -37.377  -36.464  36.971 0.0000000000
54397  -36.456  -36.479  36.843 0.0000000000
55451  -37.117  -36.249  36.235 0.0000000000
55450  -36.252  -36.286  36.024 0.0000000000
55468  -36.072  -35.955  35.285 0.0000000000
55467  -35.274  -35.769  35.060 0.0000000000
140475  -36.701  -35.603  34.712 0.0000000000
142336  -32.554  -42.882  42.737 0.0000000000
47021  -32.197  -43.092  41.953 0.0000000000
47020  -31.750  -43.576  41.309 0.0000000000
45989  -30.645  -44.455  40.765 0.0000000000
46003  -29.788  -44.828  40.388 0.0000000000
46018  -30.216  -44.230  40.067 0.0000000000
80210  -45.031  -11.592  20.652 0.0000000000
59610  -34.964  -31.182  32.044 0.0000000000
68229  -30.819  -23.132  28.723 0.0000000000
149351  -30.576  -24.136  28.730 0.0000000000
68228  -30.655  -23.926  27.857 0.0000000000
68241  -30.793  -23.865  26.945 0.0000000000
152807  -33.260  -21.905  25.739 0.0000000000
134323  -34.069  -21.992  26.155 0.0000000000
44848  -17.230  -45.348  43.297 0.0000000000
44832  -16.972  -45.522  44.243 0.0000000000
154477  -16.463  -45.450  44.597 0.0000000000
142092  -15.976  -45.431  44.895 0.0000000000
43774  -15.302  -45.827  44.403 0.0000000000
43786  -14.568  -46.244  43.726 0.0000000000
42746  -14.017  -46.867  43.066 0.0000000000
43798  -14.749  -46.422  42.716 0.0000000000
55425  -41.652  -35.474  38.475 0.0000000000
55437  -42.145  -34.867  38.129 0.0000000000
56460  -42.743  -34.341  38.828 0.0000000000
57521  -42.770  -33.343  40.149 0.0000000000
58489  -41.886  -33.126  40.784 0.0000000000
50150  -34.799  -39.286  44.136 0.0000000000
51296  -36.728  -37.984  43.096 0.0000000000
53393  -40.608  -37.833  41.411 0.0000000000
53412  -41.261  -37.253  41.024 0.0000000000
53411  -40.403  -37.386  40.458 0.0000000000
54351  -40.279  -37.047  39.647 0.0000000000
54350  -39.508  -37.075  39.141 0.0000000000
145253  -40.822  -36.596  39.463 0.0000000000
54367  -41.064  -36.140  38.817 0.0000000000
50133  -35.160  -39.776  44.583 0.0000000000
76303  -41.291  -15.049  27.318 0.0000000000
76316  -41.129  -14.525  26.820 0.0000000000
77182  -41.618  -14.289  27.193 0.0000000000
77196  -41.908  -13.570  26.908 0.0000000000
78130  -42.258  -12.956  26.510 0.0000000000
80157  -44.310  -11.290  26.950 0.0000000000
80145  -44.744  -10.759  27.294 0.0000000000
80158  -44.934  -10.840  26.491 0.0000000000
154681  -44.673  -11.547  24.616 0.0000000000
79102  -44.562  -11.642  23.766 0.0000000000
80177  -45.334  -11.186  24.878 0.0000000000
80178  -46.277  -11.064  24.299 0.0000000000
80189  -47.014  -11.371  23.480 0.0000000000
80179  -47.277  -10.951  24.103 0.0000000000
81149  -47.335  -10.060  25.368 0.0000000000
82164  -47.804  -9.510  25.832 0.0000000000
65080  -31.739  -26.432  36.631 0.0000000000
66168  -31.589  -25.458  36.143 0.0000000000
67179  -31.633  -24.112  35.046 0.0000000000
68136  -34.513  -22.445  35.665 0.0000000000
68148  -33.498  -22.231  35.002 0.0000000000
69138  -32.716  -22.165  33.663 0.0000000000
69158  -32.340  -21.943  32.997 0.0000000000
153027  -32.111  -21.903  32.282 0.0000000000
69178  -33.025  -21.532  32.312 0.0000000000
69197  -33.558  -21.285  31.461 0.0000000000
69198  -34.565  -21.343  31.361 0.0000000000
153185  -34.835  -21.294  30.494 0.0000000000
135993  -35.653  -21.449  31.878 0.0000000000
143499  -36.352  -21.381  31.720 0.0000000000
139564  -23.871  -43.467  43.579 0.0000000000
48021  -20.458  -42.372  40.034 0.0000000000
45986  -18.789  -44.152  41.490 0.0000000000
139516  -54.134  -6.980  16.590 0.0000000000
84266  -54.806  -6.737  16.190 0.0000000000
85255  -55.384  -6.622  15.660 0.0000000000
35445  -7.027  -54.066  53.914 0.0000000000
57567  -38.735  -32.872  31.902 0.0000000000
57566  -38.035  -33.122  31.455 0.0000000000
58555  -39.036  -31.961  31.718 0.0000000000
59636  -38.395  -31.592  31.363 0.0000000000
59613  -38.206  -30.905  31.710 0.0000000000
160481  -37.866  -30.634  32.323 0.0000000000
60711  -37.177  -30.587  32.915 0.0000000000
60668  -36.548  -30.483  34.594 0.0000000000
59551  -41.444  -31.641  38.208 0.0000000000
59557  -41.618  -31.831  37.254 0.0000000000
60631  -40.685  -31.334  38.418 0.0000000000
141151  -40.444  -31.415  38.106 0.0000000000
60629  -39.426  -30.523  38.581 0.0000000000
61720  -37.496  -29.484  40.684 0.0000000000
151261  -36.561  -29.835  39.370 0.0000000000
61752  -36.486  -30.041  38.801 0.0000000000
61763  -36.366  -30.315  38.045 0.0000000000
61751  -35.623  -29.804  38.413 0.0000000000
62823  -34.921  -29.225  38.896 0.0000000000
62822  -33.840  -28.845  38.648 0.0000000000
63918  -33.259  -27.288  40.616 0.0000000000
68048  -34.641  -23.764  42.651 0.0000000000
48073  -28.569  -42.649  36.804 0.0000000000
52391  -33.017  -37.960  41.638 0.0000000000
52390  -32.200  -38.365  41.385 0.0000000000
52406  -32.675  -37.658  40.784 0.0000000000
53418  -31.678  -37.419  39.561 0.0000000000
54375  -31.577  -36.159  37.511 0.0000000000
45973  -26.486  -44.798  41.724 0.0000000000
47062  -25.593  -43.395  38.178 0.0000000000
80214  -49.363  -11.503  21.662 0.0000000000
82199  -52.165  -9.146  21.492 0.0000000000
82225  -52.130  -8.975  19.711 0.0000000000
83279  -52.513  -8.459  19.380 0.0000000000
83287  -52.862  -7.840  18.849 0.0000000000
84247  -53.483  -7.706  20.173 0.0000000000
155617  -53.881  -7.352  20.408 0.0000000000
38688  -10.795  -51.609  45.587 0.0000000000
38687  -10.437  -52.516  45.958 0.0000000000
159496  -31.224  -28.796  32.348 0.0000000000
138860  -30.978  -28.246  31.757 0.0000000000
153998  -30.438  -28.935  30.497 0.0000000000
71350  -35.862  -20.709  23.100 0.0000000000
71340  -36.759  -19.938  24.801 0.0000000000
69254  -36.332  -22.650  28.291 0.0000000000
133150  -35.828  -22.861  27.846 0.0000000000
68230  -36.840  -23.617  27.907 0.0000000000
68244  -37.386  -23.873  27.546 0.0000000000
150366  -41.239  -21.155  28.010 0.0000000000
70292  -41.093  -21.672  26.911 0.0000000000
158463  -41.099  -21.315  27.244 0.0000000000
71320  -40.414  -21.022  26.883 0.0000000000
71319  -39.479  -20.354  26.613 0.0000000000
72353  -38.743  -19.852  26.333 0.0000000000
73328  -39.674  -18.925  27.346 0.0000000000
74468  -40.377  -17.454  27.638 0.0000000000
160446  -42.349  -16.848  29.095 0.0000000000
43725  -13.583  -46.250  47.605 0.0000000000
41691  -11.696  -47.665  47.097 0.0000000000
41690  -11.306  -48.452  46.602 0.0000000000
40705  -11.712  -49.624  44.641 0.0000000000
35491  -8.606  -54.224  48.323 0.0000000000
34339  -7.927  -54.606  48.957 0.0000000000
32308  -7.026  -57.408  48.704 0.0000000000
33297  -6.679  -56.089  50.047 0.0000000000
33291  -6.353  -55.599  50.702 0.0000000000
33283  -6.411  -55.254  51.287 0.0000000000
33289  -5.336  -56.456  50.846 0.0000000000
54306  -41.235  -36.234  42.557 0.0000000000
139796  -44.101  -12.855  29.878 0.0000000000
155708  -43.512  -12.606  28.687 0.0000000000
79052  -43.980  -12.199  29.263 0.0000000000
80126  -44.410  -11.419  29.597 0.0000000000
81118  -44.551  -10.680  29.077 0.0000000000
82136  -45.574  -9.501  28.111 0.0000000000
82137  -46.337  -9.135  27.696 0.0000000000
82138  -47.144  -8.840  27.347 0.0000000000
67136  -33.725  -23.447  38.761 0.0000000000
67151  -32.328  -23.777  37.500 0.0000000000
68108  -33.499  -23.301  37.920 0.0000000000
68123  -33.952  -22.729  36.413 0.0000000000
68137  -35.389  -22.189  35.690 0.0000000000
68169  -36.266  -20.484  33.375 0.0000000000
138140  -23.818  -42.009  40.232 0.0000000000
48024  -23.222  -42.104  40.921 0.0000000000
159461  -22.460  -41.667  39.316 0.0000000000
58556  -39.412  -32.470  32.440 0.0000000000
59598  -39.823  -31.607  33.182 0.0000000000
60694  -39.371  -31.346  33.625 0.0000000000
63893  -34.488  -27.426  42.699 0.0000000000
48074  -29.189  -42.618  37.562 0.0000000000
49088  -29.130  -41.092  37.525 0.0000000000
152714  -29.044  -40.498  37.530 0.0000000000
53422  -35.837  -37.068  39.761 0.0000000000
53436  -34.800  -36.816  38.861 0.0000000000
139024  -33.940  -36.392  37.749 0.0000000000
54378  -34.754  -36.421  37.203 0.0000000000
54377  -33.174  -36.131  37.357 0.0000000000
55447  -33.159  -35.793  36.590 0.0000000000
143309  -28.063  -45.560  41.885 0.0000000000
44882  -28.667  -45.486  41.293 0.0000000000
134023  -28.300  -45.210  39.777 0.0000000000
46002  -29.041  -45.137  40.020 0.0000000000
46015  -28.042  -45.039  39.110 0.0000000000
79139  -42.498  -12.416  21.834 0.0000000000
82175  -50.419  -9.461  24.481 0.0000000000
82181  -50.636  -9.708  23.699 0.0000000000
82176  -51.014  -9.165  24.155 0.0000000000
82182  -51.306  -9.379  23.363 0.0000000000
84232  -53.635  -7.825  21.625 0.0000000000
66228  -30.755  -25.583  30.447 0.0000000000
147641  -30.491  -26.223  29.667 0.0000000000
69324  -36.050  -22.603  24.700 0.0000000000
69239  -40.123  -22.233  29.834 0.0000000000
69257  -40.823  -22.468  29.213 0.0000000000
69258  -41.477  -22.258  28.542 0.0000000000
70283  -41.737  -21.674  28.168 0.0000000000
143932  -41.787  -20.850  28.642 0.0000000000
138405  -41.741  -19.886  29.059 0.0000000000
72334  -41.827  -18.873  29.205 0.0000000000
73315  -42.586  -17.739  29.536 0.0000000000
43727  -15.087  -45.392  47.115 0.0000000000
43739  -14.510  -45.739  46.546 0.0000000000
43759  -13.777  -45.978  45.928 0.0000000000
42721  -12.607  -47.164  45.211 0.0000000000
41722  -12.915  -48.029  43.797 0.0000000000
31256  -6.274  -58.920  49.403 0.0000000000
56472  -40.635  -34.759  36.055 0.0000000000
141454  -41.893  -33.946  36.488 0.0000000000
58523  -42.395  -33.035  36.718 0.0000000000
139914  -42.960  -33.658  38.263 0.0000000000
57535  -42.803  -33.359  37.553 0.0000000000
59558  -42.234  -31.955  37.789 0.0000000000
59536  -41.464  -31.514  39.132 0.0000000000
58479  -41.284  -33.109  41.356 0.0000000000
49034  -31.933  -41.506  41.442 0.0000000000
49033  -31.509  -41.399  41.012 0.0000000000
147234  -32.070  -40.786  41.848 0.0000000000
50158  -32.079  -40.004  42.156 0.0000000000
51292  -32.652  -39.336  42.542 0.0000000000
51274  -34.293  -38.827  43.466 0.0000000000
145153  -33.235  -38.410  42.340 0.0000000000
52392  -33.840  -37.694  41.907 0.0000000000
52408  -34.533  -37.207  41.296 0.0000000000
53405  -35.246  -37.015  40.577 0.0000000000
51277  -38.116  -38.542  43.226 0.0000000000
51297  -37.603  -38.404  42.736 0.0000000000
52396  -37.445  -38.277  42.030 0.0000000000
52397  -39.540  -38.323  41.650 0.0000000000
52411  -37.234  -37.847  41.308 0.0000000000
53407  -36.974  -37.388  40.593 0.0000000000
54363  -37.491  -36.905  38.157 0.0000000000
54365  -39.412  -36.646  38.276 0.0000000000
149973  -38.370  -36.745  37.978 0.0000000000
54399  -38.218  -36.426  37.176 0.0000000000
55433  -38.832  -36.069  36.731 0.0000000000
55453  -39.446  -35.639  36.284 0.0000000000
156524  -33.235  -42.010  43.841 0.0000000000
75448  -38.173  -15.932  25.557 0.0000000000
75465  -37.646  -15.662  24.770 0.0000000000
76328  -38.259  -15.213  25.074 0.0000000000
76346  -38.578  -14.524  24.603 0.0000000000
77217  -40.192  -13.582  25.059 0.0000000000
77227  -39.743  -13.500  24.020 0.0000000000
79061  -43.295  -12.438  27.941 0.0000000000
78131  -42.794  -12.616  26.785 0.0000000000
79085  -43.828  -11.737  26.603 0.0000000000
79084  -43.335  -12.130  26.245 0.0000000000
78144  -42.743  -12.483  25.929 0.0000000000
78153  -42.538  -12.439  24.976 0.0000000000
79123  -42.410  -12.423  22.768 0.0000000000
79124  -43.167  -12.152  22.433 0.0000000000
142663  -44.565  -11.659  22.902 0.0000000000
79141  -44.568  -11.581  21.258 0.0000000000
80221  -45.747  -11.576  20.434 0.0000000000
80222  -46.620  -11.506  20.088 0.0000000000
80212  -47.197  -11.439  20.876 0.0000000000
79145  -47.883  -11.633  21.583 0.0000000000
79113  -47.798  -11.616  23.053 0.0000000000
80200  -48.466  -11.599  22.635 0.0000000000
80191  -48.931  -11.039  22.963 0.0000000000
81165  -49.442  -10.477  23.474 0.0000000000
82139  -47.964  -8.625  27.071 0.0000000000
82153  -48.272  -8.965  26.319 0.0000000000
82166  -49.406  -9.280  25.413 0.0000000000
82174  -49.716  -9.681  24.727 0.0000000000
82167  -50.156  -9.123  25.202 0.0000000000
83229  -50.451  -8.472  25.613 0.0000000000
61779  -32.986  -29.046  34.842 0.0000000000
61789  -32.844  -29.193  34.200 0.0000000000
62856  -32.567  -28.514  34.516 0.0000000000
62872  -32.264  -28.504  33.828 0.0000000000
62871  -31.661  -28.083  33.345 0.0000000000
64011  -32.278  -26.745  34.074 0.0000000000
64019  -31.479  -27.351  33.075 0.0000000000
65124  -31.383  -26.456  32.664 0.0000000000
65137  -31.214  -25.910  32.059 0.0000000000
67163  -32.122  -23.587  36.586 0.0000000000
138358  -32.434  -22.570  35.109 0.0000000000
133944  -31.711  -22.987  34.602 0.0000000000
67194  -31.678  -24.235  34.139 0.0000000000
67193  -31.614  -24.479  33.201 0.0000000000
149060  -31.375  -24.677  32.413 0.0000000000
66216  -31.213  -25.171  31.897 0.0000000000
66229  -30.993  -24.907  31.117 0.0000000000
67222  -30.775  -23.897  30.906 0.0000000000
68202  -30.943  -23.090  30.557 0.0000000000
69213  -31.461  -22.467  30.931 0.0000000000
68215  -30.892  -23.048  29.725 0.0000000000
69250  -31.394  -22.372  29.329 0.0000000000
69251  -32.212  -21.759  28.986 0.0000000000
69270  -33.414  -21.232  27.563 0.0000000000
69252  -33.400  -21.252  28.648 0.0000000000
133577  -35.248  -21.481  28.748 0.0000000000
133580  -35.558  -21.330  30.005 0.0000000000
69234  -35.812  -21.697  29.060 0.0000000000
69235  -36.549  -22.031  29.240 0.0000000000
159364  -37.446  -22.424  29.191 0.0000000000
69237  -38.439  -22.252  29.615 0.0000000000
69162  -36.811  -21.113  32.456 0.0000000000
69200  -37.037  -21.267  31.581 0.0000000000
153305  -38.169  -21.384  33.058 0.0000000000
155910  -37.546  -21.210  31.569 0.0000000000
69201  -37.868  -21.237  31.104 0.0000000000
69218  -38.084  -21.682  30.351 0.0000000000
69219  -38.782  -21.788  30.272 0.0000000000
69220  -40.390  -21.121  31.003 0.0000000000
48005  -22.604  -42.267  41.610 0.0000000000
47994  -21.974  -42.491  42.252 0.0000000000
48003  -20.806  -42.565  41.049 0.0000000000
47016  -21.110  -42.670  41.993 0.0000000000
46995  -21.387  -42.842  42.830 0.0000000000
46975  -20.898  -43.289  43.369 0.0000000000
45939  -20.444  -43.780  43.894 0.0000000000
45954  -19.619  -44.280  43.652 0.0000000000
44866  -18.130  -45.010  43.058 0.0000000000
45970  -18.344  -44.584  42.080 0.0000000000
86282  -55.529  -5.751  17.121 0.0000000000
59611  -36.042  -31.051  31.940 0.0000000000
60665  -33.963  -30.218  34.142 0.0000000000
56483  -40.511  -34.371  35.436 0.0000000000
58535  -41.105  -32.589  34.785 0.0000000000
59567  -41.577  -31.929  36.491 0.0000000000
59586  -41.097  -31.993  34.983 0.0000000000
59585  -40.480  -31.805  34.583 0.0000000000
60672  -40.137  -31.740  34.979 0.0000000000
60671  -39.503  -31.493  34.535 0.0000000000
146696  -38.875  -31.316  35.070 0.0000000000
61754  -39.037  -30.252  38.849 0.0000000000
61765  -38.519  -30.342  38.439 0.0000000000
151610  -38.505  -30.970  36.885 0.0000000000
60657  -38.547  -31.036  35.898 0.0000000000
140987  -38.198  -30.943  34.988 0.0000000000
60669  -37.382  -30.632  34.788 0.0000000000
60655  -36.794  -30.521  35.525 0.0000000000
60654  -35.898  -30.383  35.260 0.0000000000
61792  -35.034  -30.302  35.040 0.0000000000
61791  -34.209  -30.043  34.858 0.0000000000
61790  -33.462  -29.630  34.578 0.0000000000
63983  -32.759  -28.109  36.474 0.0000000000
63953  -32.917  -28.280  38.375 0.0000000000
63982  -32.218  -27.422  37.014 0.0000000000
65070  -31.850  -26.655  37.531 0.0000000000
66142  -31.994  -25.278  38.592 0.0000000000
66143  -32.553  -24.854  39.288 0.0000000000
141044  -34.081  -27.556  41.777 0.0000000000
65025  -33.573  -26.736  41.688 0.0000000000
65024  -33.209  -26.343  41.110 0.0000000000
67080  -34.107  -24.455  42.271 0.0000000000
66099  -33.414  -25.253  41.243 0.0000000000
66114  -33.022  -25.441  40.589 0.0000000000
142211  -33.154  -24.031  39.270 0.0000000000
50167  -31.198  -40.666  40.866 0.0000000000
140539  -30.489  -40.846  40.390 0.0000000000
50175  -29.848  -40.623  39.745 0.0000000000
51304  -31.485  -38.769  40.989 0.0000000000
51303  -30.847  -39.068  40.593 0.0000000000
142515  -29.962  -39.743  39.588 0.0000000000
50188  -29.664  -40.111  38.756 0.0000000000
50205  -29.283  -39.967  37.936 0.0000000000
54357  -31.151  -36.695  37.940 0.0000000000
53433  -31.432  -37.087  38.685 0.0000000000
137135  -30.063  -37.892  38.430 0.0000000000
52437  -29.046  -39.110  37.683 0.0000000000
46979  -24.747  -43.952  43.683 0.0000000000
146692  -24.604  -43.657  42.880 0.0000000000
46998  -24.641  -43.328  42.032 0.0000000000
44867  -27.255  -45.262  41.765 0.0000000000
154515  -24.325  -42.499  40.337 0.0000000000
150384  -24.386  -42.054  39.385 0.0000000000
48058  -24.615  -41.834  38.343 0.0000000000
48072  -25.080  -42.875  37.628 0.0000000000
80236  -47.883  -11.284  19.437 0.0000000000
81191  -48.683  -10.920  19.553 0.0000000000
81214  -48.798  -10.861  18.702 0.0000000000
81215  -49.398  -10.622  18.274 0.0000000000
81221  -49.933  -10.637  17.700 0.0000000000
81184  -50.649  -10.730  21.403 0.0000000000
136057  -51.043  -10.834  21.046 0.0000000000
81192  -50.571  -10.483  20.402 0.0000000000
81222  -50.509  -10.411  17.424 0.0000000000
81223  -51.111  -10.072  17.056 0.0000000000
82244  -51.751  -9.648  16.780 0.0000000000
83297  -53.364  -8.106  16.210 0.0000000000
84264  -53.958  -6.787  17.662 0.0000000000
85245  -54.608  -6.397  18.326 0.0000000000
85246  -55.173  -6.025  18.921 0.0000000000
36596  -9.575  -53.525  46.922 0.0000000000
64052  -30.219  -27.679  29.425 0.0000000000
74495  -36.723  -17.519  24.733 0.0000000000
157818  -34.109  -21.571  26.928 0.0000000000
69290  -34.805  -22.313  26.776 0.0000000000
69291  -35.433  -23.218  26.516 0.0000000000
138934  -35.729  -23.214  25.554 0.0000000000
70312  -36.997  -22.249  24.534 0.0000000000
69274  -38.854  -23.024  26.635 0.0000000000
69294  -39.690  -22.263  26.347 0.0000000000
137181  -38.129  -22.958  25.802 0.0000000000
69309  -37.580  -22.693  25.097 0.0000000000
72363  -37.351  -19.469  25.541 0.0000000000
72364  -38.095  -19.321  26.143 0.0000000000
159751  -37.137  -18.838  25.474 0.0000000000
73348  -37.087  -18.223  25.331 0.0000000000
74483  -37.481  -17.314  25.421 0.0000000000
141356  -38.012  -16.725  25.721 0.0000000000
74485  -38.632  -16.534  26.143 0.0000000000
75440  -39.367  -16.255  26.577 0.0000000000
75441  -40.146  -15.976  26.983 0.0000000000
75428  -40.593  -16.588  27.518 0.0000000000
76302  -40.888  -15.790  27.382 0.0000000000
40637  -10.524  -49.578  49.585 0.0000000000
41662  -11.321  -48.482  49.998 0.0000000000
40638  -11.043  -48.796  49.323 0.0000000000
144930  -10.446  -50.165  48.053 0.0000000000
39661  -10.807  -50.645  46.076 0.0000000000
40706  -12.108  -49.260  44.142 0.0000000000
38635  -9.913  -51.121  49.408 0.0000000000
37581  -9.399  -51.753  49.882 0.0000000000
37566  -8.997  -52.278  50.344 0.0000000000
36547  -8.755  -52.837  50.144 0.0000000000
155902  -8.656  -52.659  50.689 0.0000000000
141897  -8.406  -52.714  51.181 0.0000000000
36541  -8.087  -53.248  51.328 0.0000000000
153065  -7.851  -53.305  52.044 0.0000000000
34360  -8.097  -55.244  47.415 0.0000000000
34333  -7.422  -54.721  49.895 0.0000000000
152358  -7.626  -54.304  50.541 0.0000000000
35463  -7.664  -54.267  51.042 0.0000000000
35460  -7.587  -53.968  51.958 0.0000000000
35452  -6.990  -54.089  52.965 0.0000000000
35451  -6.585  -54.379  53.153 0.0000000000
156859  -6.492  -55.020  51.881 0.0000000000
31250  -5.530  -58.951  50.274 0.0000000000
41671  -11.360  -48.236  48.894 0.0000000000
47997  -32.993  -42.257  43.239 0.0000000000
50135  -36.491  -38.944  45.043 0.0000000000
51320  -29.561  -39.423  38.376 0.0000000000
52376  -39.904  -38.724  43.267 0.0000000000
52420  -31.972  -37.693  40.268 0.0000000000
53406  -36.126  -37.154  40.607 0.0000000000
53419  -32.580  -37.259  39.870 0.0000000000
53420  -34.144  -36.893  39.537 0.0000000000
53423  -36.680  -37.204  39.772 0.0000000000
53432  -30.592  -37.239  38.276 0.0000000000
53437  -35.569  -36.970  38.970 0.0000000000
53439  -37.272  -37.162  38.973 0.0000000000
54307  -40.758  -36.154  42.976 0.0000000000
54343  -41.199  -36.817  40.281 0.0000000000
54345  -42.220  -35.811  41.279 0.0000000000
54352  -41.514  -36.232  39.763 0.0000000000
54359  -33.024  -36.458  38.286 0.0000000000
54362  -36.080  -36.874  38.293 0.0000000000
54382  -39.730  -36.208  37.665 0.0000000000
55403  -42.303  -35.289  40.781 0.0000000000
55419  -42.483  -34.779  40.588 0.0000000000
55432  -32.576  -35.755  37.008 0.0000000000
55472  -39.986  -35.095  35.820 0.0000000000
56438  -42.373  -34.171  40.663 0.0000000000
56453  -42.635  -34.683  39.687 0.0000000000
56466  -42.557  -34.152  37.783 0.0000000000
56492  -38.701  -34.721  34.106 0.0000000000
56494  -40.307  -33.934  34.702 0.0000000000
57484  -41.347  -33.711  41.303 0.0000000000
57530  -43.104  -32.930  38.335 0.0000000000
57551  -40.698  -33.045  34.358 0.0000000000
58488  -41.474  -32.576  40.915 0.0000000000
58511  -42.768  -32.226  38.448 0.0000000000
58517  -42.718  -32.573  37.559 0.0000000000
58534  -40.705  -32.273  34.312 0.0000000000
59552  -42.152  -31.799  38.677 0.0000000000
59575  -40.808  -31.778  35.388 0.0000000000
59576  -41.378  -31.917  35.739 0.0000000000
60628  -39.021  -30.558  38.183 0.0000000000
60630  -40.045  -30.922  38.495 0.0000000000
60647  -37.998  -30.750  36.469 0.0000000000
60648  -39.114  -31.125  37.358 0.0000000000
60650  -40.585  -31.681  36.816 0.0000000000
61732  -35.885  -29.506  39.152 0.0000000000
62841  -33.401  -28.644  36.879 0.0000000000
62887  -30.648  -28.198  30.817 0.0000000000
62888  -31.032  -29.118  31.710 0.0000000000
64010  -32.037  -27.460  33.719 0.0000000000
65114  -32.193  -26.098  33.787 0.0000000000
68201  -30.693  -23.796  30.078 0.0000000000
68246  -39.354  -23.204  27.661 0.0000000000
69238  -39.277  -22.302  29.721 0.0000000000
70293  -41.379  -21.677  27.391 0.0000000000
73324  -41.990  -17.915  29.177 0.0000000000
73330  -40.804  -17.913  28.181 0.0000000000
77194  -40.768  -14.313  26.361 0.0000000000
78114  -42.870  -12.888  27.580 0.0000000000
79072  -43.728  -11.781  27.442 0.0000000000
79092  -44.621  -11.431  25.372 0.0000000000
79111  -45.434  -11.461  23.224 0.0000000000
79128  -46.723  -11.661  22.445 0.0000000000
81101  -45.223  -10.375  30.517 0.0000000000
81137  -46.198  -10.022  26.485 0.0000000000
83230  -51.002  -8.211  25.395 0.0000000000
83238  -51.583  -8.659  23.876 0.0000000000
133591  -37.178  -30.365  38.439 0.0000000000
140519  -36.985  -16.822  24.747 0.0000000000
142135  -34.523  -29.964  35.470 0.0000000000
142204  -41.854  -34.876  41.153 0.0000000000
142236  -36.788  -36.722  37.662 0.0000000000
142753  -40.069  -30.711  39.899 0.0000000000
143525  -30.421  -26.993  29.755 0.0000000000
145375  -33.638  -25.037  41.881 0.0000000000
145787  -39.806  -31.484  37.347 0.0000000000
148257  -23.677  -41.758  39.456 0.0000000000
148368  -38.928  -17.924  26.598 0.0000000000
148457  -31.304  -39.661  40.992 0.0000000000
149897  -8.846  -52.212  50.984 0.0000000000
150664  -32.022  -21.943  31.066 0.0000000000
151453  -41.189  -31.760  36.811 0.0000000000
151979  -41.969  -21.963  28.932 0.0000000000
153736  -42.607  -13.537  27.835 0.0000000000
154324  -38.894  -38.166  41.158 0.0000000000
154972  -47.240  -11.662  22.855 0.0000000000
157295  -35.451  -21.453  30.584 0.0000000000
157423  -9.579  -53.023  48.336 0.0000000000
158226  -31.517  -24.888  36.510 0.0000000000
158572  -40.200  -21.693  30.424 0.0000000000
158618  -38.174  -35.875  35.889 0.0000000000
159682  -38.590  -15.465  25.554 0.0000000000
159708  -31.716  -40.937  41.298 0.0000000000
160149  -37.366  -15.530  24.194 0.0000000000
160167  -42.363  -33.142  40.463 0.0000000000
160239  -30.779  -28.785  31.172 0.0000000000
160436  -31.618  -26.089  37.240 0.0000000000
