#!ascii label  , from subject sub-v2s8x29200_ses-1 vox2ras=TkReg
1707
3728  22.864  -81.118  -26.641 0.6999999881
3305  22.478  -81.177  -26.859 0.8000000119
124107  21.156  -81.480  -26.411 0.8000000119
2864  21.256  -82.121  -25.918 0.6999999881
3297  24.700  -81.786  -26.177 0.6000000238
3298  23.765  -81.647  -26.224 0.6000000238
2863  22.326  -82.265  -25.808 0.6000000238
3296  25.465  -81.804  -25.794 0.6000000238
3307  20.492  -80.890  -26.467 0.8000000119
2865  20.454  -81.877  -25.929 0.6999999881
128276  19.231  -81.553  -25.388 0.6999999881
3290  18.551  -81.279  -25.074 0.6999999881
3718  24.056  -80.998  -25.763 0.6000000238
3729  22.038  -80.783  -26.899 0.6999999881
3288  20.005  -81.868  -25.165 0.6999999881
3287  26.563  -81.426  -24.685 0.6000000238
2836  26.972  -82.340  -23.844 0.6000000238
2849  26.881  -83.062  -24.682 0.6000000238
2138  26.154  -84.347  -22.496 0.6000000238
2465  26.616  -83.718  -23.173 0.6000000238
115135  18.122  -80.819  -26.453 0.8000000119
3724  16.576  -80.303  -26.525 0.8000000119
4158  16.982  -80.349  -25.334 0.6999999881
4147  17.065  -79.682  -23.833 0.6999999881
4131  17.236  -79.462  -22.595 0.6999999881
3721  20.165  -80.541  -26.230 0.8000000119
121996  17.365  -80.797  -26.284 0.6999999881
3698  17.693  -80.348  -24.097 0.6999999881
3730  21.153  -80.690  -26.513 0.6999999881
3722  19.352  -80.937  -26.434 0.8000000119
121723  17.758  -80.925  -25.232 0.6999999881
120040  22.530  -80.740  -26.465 0.6999999881
3717  25.116  -81.280  -25.649 0.6999999881
125207  26.685  -80.916  -23.234 0.6000000238
119594  26.039  -80.912  -25.042 0.6000000238
2466  26.226  -83.397  -22.210 0.6000000238
120439  26.884  -83.131  -23.777 0.6000000238
2112  25.266  -84.346  -20.971 0.6000000238
1787  24.262  -85.730  -19.354 0.6999999881
125878  25.185  -86.243  -20.924 0.6000000238
1468  23.961  -86.799  -18.256 0.5000000000
1478  24.462  -86.550  -19.482 0.6000000238
1158  24.469  -88.042  -17.339 0.5000000000
4168  16.015  -79.564  -26.303 0.8999999762
4159  16.492  -79.531  -25.036 0.8000000119
4148  16.479  -78.801  -23.870 0.6999999881
128867  19.329  -80.307  -26.274 0.6999999881
4167  17.262  -80.291  -26.933 0.8999999762
4588  16.668  -78.534  -22.763 0.6999999881
114330  21.639  -79.930  -25.117 0.8000000119
4164  20.871  -80.138  -25.667 0.8000000119
112002  22.460  -79.791  -24.646 0.8000000119
110522  24.988  -80.158  -24.046 0.6999999881
3708  23.878  -80.460  -25.349 0.6999999881
3696  25.602  -80.432  -24.257 0.8000000119
3695  26.184  -80.565  -23.818 0.8000000119
3261  26.784  -81.104  -22.341 0.6999999881
2819  26.692  -82.674  -22.842 0.6999999881
2443  25.431  -83.573  -20.984 0.6000000238
2113  24.604  -85.319  -19.994 0.6999999881
108759  24.031  -86.287  -18.745 0.6999999881
4623  16.632  -78.611  -26.770 0.8999999762
4603  15.893  -78.720  -25.171 0.8000000119
5065  16.356  -77.999  -23.319 0.6999999881
4165  20.106  -79.621  -25.595 0.8000000119
4614  17.969  -79.516  -26.707 0.8000000119
4157  21.006  -79.444  -24.904 0.6999999881
128324  24.516  -79.088  -22.983 0.6999999881
4145  23.060  -79.405  -23.842 0.6000000238
4155  24.264  -80.037  -24.388 0.8000000119
4143  25.663  -79.893  -23.424 0.8000000119
125655  26.720  -80.439  -22.508 0.8000000119
2806  26.093  -82.280  -21.339 0.6999999881
2795  25.422  -82.744  -20.611 0.8000000119
2820  26.328  -82.666  -21.951 0.6999999881
113760  24.708  -82.877  -19.673 0.8000000119
1780  23.463  -85.191  -17.788 0.6999999881
2104  24.144  -84.746  -19.220 0.6999999881
2444  24.944  -83.654  -20.337 0.6999999881
1460  23.506  -85.803  -17.258 0.6999999881
1779  23.767  -85.418  -18.561 0.6999999881
126435  21.651  -69.332  -18.734 0.6000000238
108735  21.794  -67.807  -19.474 0.6000000238
10523  20.669  -67.901  -18.673 0.6000000238
11134  20.012  -66.859  -19.210 0.6999999881
4616  15.717  -78.497  -26.134 0.8999999762
112859  16.036  -77.477  -23.961 0.6999999881
111803  21.766  -79.304  -24.389 0.6000000238
4594  23.788  -79.043  -23.192 0.6000000238
4595  22.833  -78.613  -23.333 0.6000000238
4130  25.226  -79.188  -22.865 0.6999999881
4563  26.300  -79.213  -21.194 0.6999999881
4117  26.315  -79.244  -21.849 0.6999999881
7047  18.432  -73.774  -23.326 0.6999999881
6507  19.162  -74.349  -22.064 0.6999999881
4116  26.567  -79.772  -21.480 0.8000000119
4128  26.630  -79.843  -22.224 0.8000000119
115612  18.710  -73.016  -23.500 0.6000000238
7034  19.006  -73.914  -22.581 0.6000000238
109239  19.549  -74.154  -21.543 0.6999999881
3251  26.435  -81.322  -21.397 0.6999999881
7527  19.848  -72.776  -22.414 0.5000000000
124179  19.956  -73.661  -21.247 0.6999999881
110304  24.479  -82.145  -18.991 0.8000000119
125844  25.814  -81.889  -20.722 0.8000000119
7539  19.400  -72.462  -23.232 0.5000000000
124638  20.127  -72.044  -22.714 0.5000000000
2426  23.559  -83.685  -18.084 0.6999999881
126716  20.228  -71.440  -22.846 0.5000000000
9348  19.446  -69.807  -23.691 0.6000000238
115910  20.481  -70.896  -22.620 0.5000000000
8678  20.870  -70.866  -21.805 0.6000000238
8066  21.200  -70.914  -20.932 0.6999999881
8038  21.656  -71.116  -18.863 0.6999999881
8690  20.785  -70.132  -22.333 0.5000000000
8677  21.295  -70.172  -21.216 0.6000000238
8051  21.602  -70.833  -19.946 0.6000000238
9295  21.935  -69.292  -19.377 0.6000000238
108852  20.368  -69.790  -23.070 0.6000000238
128211  21.547  -69.430  -20.873 0.6000000238
9306  21.848  -68.991  -20.165 0.6000000238
9328  20.683  -69.305  -22.569 0.5000000000
9327  21.182  -69.403  -21.704 0.5000000000
9918  21.852  -68.091  -20.116 0.6000000238
10533  21.487  -66.923  -19.576 0.6000000238
11133  20.840  -66.448  -19.420 0.6999999881
11751  19.023  -64.846  -20.420 0.6000000238
11742  18.539  -65.892  -20.241 0.6999999881
9951  20.970  -68.609  -22.011 0.6000000238
10555  21.177  -67.098  -21.437 0.6000000238
10543  21.789  -67.132  -20.014 0.6000000238
11739  21.260  -65.665  -20.286 0.6999999881
12399  19.839  -64.227  -20.677 0.5000000000
5077  15.595  -77.738  -25.141 0.8999999762
4602  20.529  -78.991  -24.842 0.6000000238
4612  19.829  -78.650  -25.332 0.6999999881
5567  16.330  -76.689  -23.721 0.8000000119
5052  16.987  -77.199  -21.998 0.6999999881
5545  16.921  -76.519  -22.851 0.6999999881
5566  16.769  -75.880  -23.594 0.8000000119
4585  24.496  -78.674  -22.410 0.6999999881
6523  17.837  -74.487  -23.406 0.8000000119
6050  17.967  -75.047  -22.926 0.6000000238
7048  17.502  -73.874  -23.944 0.6999999881
7061  17.681  -73.058  -24.146 0.6000000238
122039  24.907  -81.406  -19.130 0.8000000119
3228  25.561  -80.845  -19.690 0.8000000119
7540  18.460  -72.371  -23.904 0.5000000000
118316  23.946  -82.291  -18.271 0.8000000119
8079  19.731  -71.679  -23.294 0.5000000000
8721  18.253  -70.200  -24.378 0.5000000000
9363  17.771  -69.306  -24.712 0.6000000238
8094  19.017  -71.110  -23.859 0.6000000238
119699  19.078  -69.098  -23.929 0.6000000238
9965  19.376  -68.490  -23.620 0.6000000238
13079  17.479  -62.977  -21.879 0.5000000000
9952  20.363  -68.517  -22.907 0.5000000000
116476  18.836  -63.894  -20.951 0.5000000000
12400  18.090  -64.204  -21.022 0.6000000238
10572  20.621  -67.664  -22.299 0.6000000238
11159  21.085  -65.964  -21.436 0.6999999881
11765  21.126  -65.126  -21.196 0.6999999881
12398  20.720  -64.657  -20.648 0.6999999881
109079  19.982  -66.844  -22.911 0.6000000238
128097  20.839  -64.513  -20.975 0.6000000238
11179  19.282  -66.003  -23.277 0.6999999881
11776  20.644  -64.893  -22.025 0.6000000238
12427  20.281  -63.787  -22.386 0.5000000000
5094  17.732  -78.348  -26.511 0.6999999881
5095  16.902  -77.708  -26.631 0.6999999881
5087  15.638  -77.492  -26.037 0.6999999881
5578  15.604  -76.810  -25.397 0.8000000119
6061  15.891  -75.253  -25.289 0.6999999881
6524  16.901  -74.447  -24.147 0.6999999881
6060  16.477  -75.209  -24.349 0.6999999881
14471  16.973  -60.700  -22.325 0.5000000000
9986  17.133  -68.464  -25.490 0.5000000000
9974  17.044  -68.433  -25.284 0.6000000238
13092  15.966  -62.041  -22.734 0.5000000000
9975  16.891  -67.805  -25.210 0.5000000000
10602  19.422  -67.794  -25.711 0.5000000000
9973  18.089  -68.506  -24.402 0.6000000238
10583  19.681  -67.697  -23.281 0.6000000238
13077  20.339  -63.907  -21.252 0.5000000000
123851  18.021  -67.366  -25.522 0.5000000000
123512  16.766  -67.284  -24.946 0.6000000238
11180  17.866  -65.949  -23.916 0.6000000238
11810  17.597  -65.884  -25.050 0.6000000238
112824  17.868  -77.171  -26.595 0.6999999881
128572  16.917  -76.890  -26.654 0.6999999881
5585  15.815  -76.535  -26.110 0.6999999881
12437  18.664  -64.408  -24.213 0.5000000000
117553  20.288  -67.385  -25.584 0.5000000000
12436  19.623  -63.347  -23.651 0.5000000000
11200  18.380  -66.375  -25.396 0.5000000000
12461  18.024  -65.100  -24.955 0.5000000000
11785  17.788  -65.399  -24.315 0.5000000000
111255  19.797  -64.344  -23.122 0.5000000000
13136  20.331  -63.571  -25.094 0.5000000000
13825  20.634  -62.531  -24.931 0.5000000000
11807  20.818  -65.122  -25.262 0.5000000000
13127  19.257  -63.603  -24.442 0.5000000000
11198  20.402  -65.845  -25.373 0.5000000000
12459  19.977  -64.403  -25.311 0.5000000000
12449  18.571  -64.457  -24.761 0.5000000000
111166  20.542  -66.688  -25.382 0.5000000000
11808  19.724  -65.218  -25.427 0.5000000000
121241  21.898  -63.737  -25.129 0.5000000000
13066  15.914  -62.268  -19.590 0.6000000238
13067  15.101  -63.058  -19.682 0.6000000238
13761  16.806  -61.511  -19.743 0.5000000000
117949  17.084  -63.449  -18.623 0.6999999881
124551  15.399  -63.742  -19.316 0.6000000238
12389  14.769  -63.880  -19.929 0.6000000238
11121  15.316  -66.484  -18.761 0.6999999881
12381  17.304  -64.205  -18.330 0.6000000238
12382  16.328  -64.179  -18.751 0.6999999881
12383  15.385  -64.573  -19.272 0.6999999881
11136  15.227  -65.858  -19.368 0.6999999881
11109  15.722  -66.894  -17.942 0.8000000119
12372  17.890  -64.674  -17.919 0.5000000000
12380  18.073  -63.720  -18.225 0.5000000000
11721  15.898  -66.055  -18.339 0.8000000119
113039  16.760  -65.751  -17.979 0.6000000238
9875  15.245  -68.353  -17.045 0.6999999881
12370  19.615  -64.179  -17.446 0.5000000000
13039  19.096  -63.523  -18.006 0.5000000000
10507  16.264  -67.344  -17.259 0.6999999881
10508  15.593  -67.699  -17.507 0.6999999881
11108  16.489  -66.551  -17.653 0.6999999881
11720  17.615  -65.486  -17.629 0.6999999881
9865  14.809  -68.983  -16.642 0.6999999881
10496  15.979  -68.080  -16.819 0.6999999881
11719  18.472  -65.239  -17.339 0.6000000238
112994  17.340  -66.275  -17.337 0.8000000119
11051  13.750  -66.814  -12.675 0.6999999881
10445  14.294  -67.497  -12.518 0.8000000119
12348  21.263  -65.093  -15.725 0.4000000060
9230  14.739  -70.007  -15.373 0.6999999881
12361  20.640  -64.963  -16.404 0.5000000000
9864  15.609  -68.780  -16.383 0.6999999881
11718  19.298  -64.958  -17.079 0.6000000238
11712  19.088  -65.871  -16.598 0.6000000238
11096  17.100  -67.066  -16.986 0.6999999881
11713  18.178  -66.041  -17.023 0.8000000119
10494  17.648  -67.485  -16.223 0.8000000119
106357  9.440  -58.716  -15.785 0.5000000000
15810  8.966  -59.183  -16.043 0.5000000000
15101  9.439  -60.068  -16.027 0.5000000000
13024  12.154  -64.241  -16.222 0.5000000000
13010  13.245  -64.023  -15.182 0.6000000238
13023  13.029  -63.552  -15.783 0.6000000238
13025  11.375  -64.178  -16.609 0.6000000238
13705  10.801  -63.327  -15.513 0.6000000238
11689  12.916  -65.288  -14.423 0.6999999881
12349  12.624  -64.521  -15.509 0.6999999881
11681  13.466  -65.574  -13.707 0.6999999881
11682  12.729  -65.662  -13.850 0.6999999881
9212  15.717  -70.061  -13.953 0.6999999881
9201  15.605  -70.021  -13.020 0.6999999881
9818  15.548  -68.607  -12.510 0.8000000119
11699  20.586  -65.590  -15.741 0.5000000000
9229  15.597  -69.932  -15.030 0.6999999881
11700  19.862  -66.115  -15.809 0.6000000238
9863  16.526  -68.622  -16.057 0.8000000119
10493  18.448  -67.119  -15.886 0.6999999881
10488  17.407  -68.265  -15.586 0.8000000119
10495  16.828  -67.822  -16.515 0.8000000119
110062  9.570  -58.131  -15.734 0.5000000000
106336  8.661  -58.370  -16.195 0.6000000238
16547  7.702  -58.465  -17.336 0.5000000000
105926  7.088  -59.472  -16.950 0.6000000238
15112  7.431  -60.296  -16.783 0.6000000238
14397  9.663  -61.093  -16.139 0.6000000238
14410  7.571  -61.395  -16.966 0.6000000238
14409  8.833  -61.823  -16.743 0.5000000000
13716  12.477  -62.864  -16.918 0.5000000000
13040  11.935  -63.694  -16.958 0.5000000000
13009  13.752  -63.324  -15.089 0.6000000238
13041  11.080  -63.791  -17.304 0.6000000238
13026  10.591  -64.013  -16.607 0.6999999881
14408  9.824  -62.182  -16.297 0.6000000238
12996  13.769  -63.984  -14.576 0.6000000238
12332  13.799  -64.779  -14.051 0.6999999881
12334  12.401  -65.176  -15.093 0.6999999881
12350  11.943  -64.910  -15.594 0.6999999881
12363  11.450  -64.511  -15.927 0.8000000119
13717  10.164  -63.282  -16.333 0.6999999881
12324  14.775  -64.584  -13.531 0.6999999881
119278  14.389  -65.352  -13.357 0.6999999881
11671  14.978  -65.888  -12.770 0.6999999881
11050  14.762  -66.741  -12.568 0.8000000119
10443  16.186  -67.722  -12.453 0.8000000119
10444  15.200  -67.622  -12.458 0.8000000119
11083  19.696  -66.758  -15.044 0.5000000000
10475  19.170  -67.285  -13.544 0.6000000238
9211  16.323  -69.585  -13.424 0.8000000119
9817  16.409  -68.609  -12.635 0.8000000119
11094  19.150  -66.614  -15.870 0.6000000238
125754  19.173  -67.243  -14.736 0.6999999881
9843  17.086  -69.085  -13.962 0.8000000119
10487  18.637  -67.523  -15.062 0.6999999881
10477  18.060  -68.097  -14.668 0.6999999881
119389  18.060  -67.720  -15.511 0.8000000119
105927  9.010  -57.073  -16.218 0.4000000060
17246  8.238  -57.899  -16.777 0.5000000000
15831  7.254  -59.268  -17.429 0.4000000060
15121  7.174  -60.071  -17.482 0.5000000000
14421  8.216  -61.995  -18.010 0.5000000000
13715  13.042  -62.681  -16.228 0.5000000000
13728  11.791  -63.131  -17.791 0.6000000238
13729  10.490  -63.412  -18.206 0.6000000238
13718  9.233  -62.953  -17.197 0.6000000238
13702  14.392  -62.607  -14.920 0.6000000238
13042  10.080  -63.650  -17.253 0.6999999881
12995  14.486  -63.956  -13.977 0.6000000238
108926  15.479  -66.405  -12.547 0.8000000119
122211  18.401  -67.401  -12.822 0.6999999881
9828  18.152  -68.101  -13.703 0.6999999881
9830  16.856  -69.004  -12.943 0.8000000119
9816  17.155  -68.103  -12.661 0.8000000119
10476  18.826  -67.629  -14.144 0.6999999881
17988  8.830  -57.135  -16.593 0.4000000060
122760  9.423  -56.438  -16.219 0.4000000060
16546  8.573  -58.138  -17.768 0.5000000000
17260  8.371  -57.663  -17.212 0.4000000060
18767  11.096  -55.566  -15.372 0.5000000000
15133  7.646  -60.806  -18.001 0.5000000000
14443  9.356  -62.155  -19.681 0.5000000000
13747  8.850  -62.431  -19.016 0.5000000000
14457  10.953  -61.360  -21.069 0.5000000000
13730  9.492  -63.391  -17.913 0.6999999881
11049  16.160  -66.702  -12.455 0.8000000119
108899  19.124  -66.382  -12.666 0.6000000238
11047  17.642  -66.530  -12.482 0.6000000238
11668  17.435  -65.675  -12.462 0.6999999881
109304  16.673  -65.300  -12.572 0.6999999881
10442  17.793  -67.343  -12.639 0.6999999881
115645  10.509  -54.581  -15.585 0.3000000119
16545  9.550  -58.199  -17.930 0.4000000060
17259  9.142  -57.401  -17.625 0.3000000119
18013  9.668  -56.725  -17.393 0.4000000060
18001  9.468  -56.347  -16.920 0.4000000060
105931  9.763  -55.945  -16.453 0.4000000060
106565  10.345  -55.187  -15.829 0.5000000000
16557  9.133  -58.880  -18.302 0.4000000060
122353  10.543  -55.247  -16.629 0.3000000119
15844  7.758  -59.934  -18.095 0.4000000060
14427  10.617  -62.259  -20.147 0.5000000000
15853  9.551  -60.712  -19.459 0.4000000060
14426  11.364  -62.324  -19.400 0.6000000238
15842  9.801  -59.670  -18.990 0.4000000060
14440  11.787  -61.615  -21.150 0.4000000060
15145  9.437  -61.602  -19.734 0.5000000000
11670  15.894  -65.748  -12.589 0.6999999881
11048  16.984  -67.133  -12.488 0.6999999881
19561  10.814  -54.717  -15.183 0.4000000060
18778  10.137  -55.697  -16.952 0.4000000060
106373  11.011  -54.510  -16.570 0.3000000119
15830  10.129  -58.975  -18.388 0.3000000119
15852  10.417  -60.313  -19.953 0.4000000060
15157  11.583  -60.924  -21.441 0.4000000060
15865  10.982  -60.691  -20.974 0.4000000060
109700  10.817  -57.042  -17.382 0.3000000119
18012  10.286  -56.387  -17.397 0.3000000119
18790  10.573  -55.747  -17.224 0.4000000060
18789  11.217  -55.199  -17.142 0.3000000119
19585  10.858  -55.206  -17.013 0.3000000119
17258  10.126  -57.499  -17.622 0.3000000119
15841  10.594  -59.409  -19.273 0.3000000119
15851  11.086  -59.797  -20.391 0.3000000119
15864  11.655  -60.133  -21.236 0.3000000119
18000  11.125  -56.099  -17.323 0.3000000119
118221  11.811  -54.574  -17.144 0.3000000119
18777  11.827  -55.464  -17.030 0.3000000119
16555  11.675  -58.585  -18.829 0.3000000119
16565  11.951  -58.455  -20.194 0.3000000119
16577  12.548  -58.812  -21.006 0.3000000119
106299  10.524  -54.159  -15.410 0.3000000119
17245  11.625  -57.280  -16.991 0.3000000119
17999  12.306  -56.664  -16.685 0.3000000119
17279  12.349  -57.987  -19.586 0.3000000119
7526  20.386  -72.211  -21.943 0.6000000238
8067  20.784  -71.577  -21.435 0.6999999881
7511  20.877  -72.463  -20.146 0.6999999881
7503  21.339  -71.738  -19.543 0.6999999881
119343  8.833  -61.896  -19.240 0.4000000060
13746  9.493  -63.105  -18.821 0.6000000238
19584  11.541  -54.439  -16.990 0.3000000119
113447  23.329  -82.081  -26.068 0.6999999881
3697  18.257  -80.753  -24.211 0.6999999881
3707  25.073  -80.456  -25.070 0.8000000119
124522  25.156  -85.431  -20.950 0.6000000238
111859  24.723  -84.546  -20.172 0.6999999881
5546  16.553  -77.284  -23.010 0.6999999881
3239  25.946  -81.166  -20.488 0.8000000119
2432  24.374  -83.801  -19.477 0.6999999881
117684  23.988  -83.073  -18.749 0.8000000119
12388  20.246  -65.035  -20.143 0.6999999881
8078  20.510  -71.508  -22.239 0.5000000000
8666  21.778  -69.904  -20.173 0.6000000238
11752  17.753  -65.078  -20.824 0.6000000238
11171  20.322  -65.980  -22.437 0.6999999881
6051  17.310  -75.142  -23.517 0.8000000119
7550  17.262  -72.060  -24.597 0.5000000000
8095  18.135  -71.560  -24.245 0.6000000238
10584  18.322  -67.698  -24.058 0.6000000238
9228  16.362  -69.609  -14.521 0.8000000119
1363  26.496  -86.422  -9.326 0.4000000060
1056  27.367  -87.195  -7.794 0.4000000060
808  25.628  -89.352  -11.193 0.3000000119
1375  26.126  -86.684  -10.049 0.4000000060
1364  26.087  -85.669  -9.709 0.4000000060
1350  26.797  -86.404  -8.488 0.4000000060
820  27.737  -88.980  -12.035 0.4000000060
807  28.043  -88.934  -11.292 0.5000000000
127379  27.702  -88.813  -10.277 0.5000000000
589  26.952  -89.484  -12.095 0.3000000119
570  26.723  -89.424  -10.936 0.4000000060
786  27.024  -88.318  -9.704 0.4000000060
581  26.419  -89.662  -11.572 0.3000000119
1091  26.431  -88.156  -10.175 0.3000000119
1076  26.673  -87.488  -9.549 0.3000000119
582  25.590  -89.877  -11.732 0.3000000119
1111  27.482  -88.290  -12.592 0.4000000060
819  28.485  -88.312  -11.425 0.5000000000
1412  26.878  -87.041  -12.873 0.3000000119
821  27.022  -89.263  -12.705 0.3000000119
831  25.784  -89.431  -14.026 0.4000000060
1121  26.047  -88.348  -13.959 0.3000000119
107022  24.828  -88.484  -16.045 0.4000000060
847  25.194  -89.359  -15.549 0.4000000060
107192  24.685  -88.524  -16.692 0.4000000060
1399  27.744  -86.939  -12.200 0.4000000060
1717  26.736  -84.859  -12.277 0.4000000060
1731  26.151  -85.789  -12.939 0.4000000060
1732  25.371  -84.974  -13.196 0.4000000060
2360  26.409  -83.550  -12.657 0.5000000000
1413  26.025  -87.098  -13.575 0.4000000060
122813  24.681  -85.094  -13.873 0.4000000060
1131  25.578  -88.363  -14.652 0.4000000060
1145  24.656  -87.554  -15.732 0.5000000000
1755  24.152  -85.745  -15.207 0.4000000060
1156  24.322  -87.460  -16.591 0.4000000060
1484  25.287  -87.095  -20.922 0.6000000238
107032  24.476  -87.322  -19.008 0.4000000060
2373  26.327  -83.227  -13.227 0.6000000238
2715  24.652  -83.070  -13.773 0.6000000238
1733  24.271  -84.223  -13.915 0.6000000238
2387  24.073  -83.400  -14.029 0.6000000238
2072  23.425  -84.553  -15.883 0.6000000238
109058  23.327  -83.831  -16.129 0.6999999881
1443  23.901  -86.009  -15.885 0.5000000000
1772  23.352  -85.029  -17.123 0.6000000238
2411  23.381  -83.424  -17.302 0.6999999881
2737  24.658  -81.980  -15.008 0.6999999881
3186  24.133  -81.514  -15.493 0.6999999881
2726  24.584  -82.577  -14.372 0.6000000238
2738  23.964  -82.250  -14.833 0.6999999881
3639  24.441  -81.366  -18.122 0.6999999881
3660  26.091  -80.469  -20.330 0.6999999881
2749  23.416  -82.443  -16.260 0.6999999881
2760  23.709  -82.078  -17.521 0.6999999881
2761  23.408  -82.660  -17.057 0.6999999881
3608  26.346  -80.510  -15.616 0.5000000000
3620  25.474  -80.278  -15.908 0.6000000238
3196  24.149  -80.977  -16.290 0.6999999881
3636  24.518  -80.666  -17.107 0.6000000238
119472  25.197  -80.098  -18.024 0.6999999881
118863  25.448  -79.168  -17.939 0.6999999881
3197  23.663  -81.680  -16.199 0.6999999881
109240  25.606  -80.085  -19.201 0.6999999881
4104  26.300  -79.706  -20.620 0.6000000238
3635  25.114  -79.982  -16.734 0.6000000238
4077  25.334  -79.336  -17.053 0.6000000238
4080  25.588  -79.328  -18.829 0.6000000238
4529  25.511  -78.462  -17.151 0.6000000238
4586  23.506  -78.277  -22.578 0.5000000000
3289  19.478  -81.339  -24.192 0.6000000238
107554  20.210  -81.610  -23.967 0.6000000238
112536  25.603  -78.485  -19.918 0.6000000238
4573  25.880  -78.716  -21.336 0.6000000238
5037  24.338  -77.700  -20.771 0.5000000000
4575  23.953  -78.016  -21.719 0.5000000000
3265  18.880  -80.977  -22.324 0.6000000238
3686  18.309  -80.435  -22.957 0.6000000238
3278  18.875  -80.871  -23.599 0.6000000238
4550  25.606  -78.713  -19.272 0.6000000238
126975  24.840  -77.746  -20.243 0.5000000000
4574  25.009  -78.317  -21.501 0.5000000000
4105  17.576  -79.318  -20.247 0.6000000238
4576  16.953  -78.733  -21.017 0.6000000238
128434  17.133  -79.235  -20.888 0.6000000238
3676  18.432  -80.807  -21.641 0.6000000238
3687  17.840  -79.980  -21.900 0.6000000238
5041  16.859  -77.999  -21.415 0.6000000238
4119  16.887  -78.979  -22.339 0.6000000238
125645  19.641  -77.784  -25.791 0.6000000238
5023  25.117  -77.835  -19.779 0.6000000238
4566  17.331  -78.289  -20.474 0.6000000238
128109  18.948  -76.131  -20.501 0.6000000238
5040  17.278  -77.565  -21.131 0.6000000238
6013  18.084  -75.966  -21.921 0.6000000238
5532  17.759  -76.760  -21.326 0.6000000238
6012  18.712  -75.448  -21.654 0.5000000000
116043  17.472  -76.452  -22.188 0.6000000238
6032  17.559  -75.746  -22.749 0.5000000000
3662  18.302  -80.596  -19.696 0.6999999881
4552  18.106  -78.982  -19.644 0.6000000238
5027  17.844  -77.455  -20.413 0.6000000238
5998  19.076  -75.548  -20.900 0.6000000238
6487  19.266  -74.834  -21.401 0.6000000238
5937  19.411  -75.961  -17.277 0.6000000238
5026  18.796  -77.388  -19.661 0.6000000238
5514  19.194  -76.570  -19.765 0.6000000238
6470  19.592  -75.006  -20.467 0.5000000000
5982  19.826  -76.223  -18.921 0.6000000238
125525  20.285  -74.713  -19.049 0.6000000238
121592  20.297  -75.261  -17.760 0.6000000238
6418  20.327  -74.599  -17.395 0.6000000238
5502  19.535  -77.250  -18.933 0.6000000238
7007  19.772  -74.295  -20.872 0.6000000238
6457  19.911  -75.237  -19.495 0.6000000238
6469  20.145  -74.356  -19.917 0.5000000000
6456  20.513  -74.037  -19.002 0.6000000238
6439  20.526  -74.549  -18.210 0.5000000000
108920  20.288  -73.928  -17.103 0.5000000000
7006  20.430  -73.114  -20.753 0.6000000238
6991  20.629  -73.392  -19.757 0.6000000238
118965  20.850  -73.323  -18.611 0.6000000238
6961  20.795  -72.857  -17.675 0.6000000238
7482  21.019  -72.082  -17.760 0.6999999881
114367  20.111  -71.963  -17.190 0.6999999881
8017  19.413  -71.914  -17.487 0.6999999881
8026  18.798  -71.503  -18.244 0.6999999881
7504  21.111  -72.566  -19.167 0.6000000238
7493  21.389  -71.687  -18.272 0.6999999881
9256  21.144  -70.060  -18.164 0.6999999881
8016  20.003  -71.252  -17.474 0.6999999881
8632  19.799  -70.545  -17.941 0.6999999881
119099  19.513  -69.858  -18.515 0.6000000238
8643  21.540  -70.423  -18.490 0.6000000238
5051  22.472  -76.888  -22.399 0.5000000000
5063  22.355  -77.900  -23.357 0.5000000000
5565  21.629  -76.303  -24.051 0.5000000000
5064  21.854  -77.294  -23.817 0.5000000000
5075  21.355  -77.749  -24.439 0.6000000238
6522  21.807  -74.658  -23.668 0.6000000238
6059  21.616  -75.483  -24.387 0.6000000238
5577  21.384  -76.806  -24.702 0.6000000238
5085  20.363  -77.532  -25.531 0.6000000238
5093  20.204  -76.955  -26.181 0.6000000238
6065  21.408  -75.556  -26.186 0.5000000000
6075  21.148  -75.661  -26.458 0.6000000238
5594  18.693  -76.452  -26.627 0.6000000238
108274  19.772  -74.385  -26.519 0.6000000238
6555  18.793  -74.889  -26.598 0.5000000000
6078  18.027  -75.559  -26.678 0.6000000238
6079  16.655  -75.471  -26.594 0.6000000238
126657  19.267  -73.731  -26.338 0.5000000000
6556  17.170  -74.587  -26.458 0.6000000238
7062  16.401  -73.480  -24.759 0.5000000000
7073  16.265  -72.733  -25.579 0.5000000000
6534  16.025  -74.354  -24.944 0.6000000238
6540  16.191  -74.033  -26.042 0.6000000238
1453  23.767  -86.365  -16.641 0.6000000238
2082  23.380  -84.311  -17.444 0.6999999881
127996  20.203  -73.775  -20.538 0.6000000238
8024  21.451  -71.103  -18.278 0.6999999881
5076  20.676  -78.231  -24.823 0.6000000238
6067  15.975  -75.520  -26.149 0.6000000238
7063  15.955  -73.680  -25.501 0.6000000238
121609  25.795  -87.458  -10.479 0.3000000119
571  26.122  -89.603  -11.196 0.3000000119
797  27.076  -88.993  -10.234 0.4000000060
126676  25.858  -90.005  -13.217 0.3000000119
1120  26.724  -88.359  -13.294 0.4000000060
1428  25.310  -87.112  -14.417 0.4000000060
2034  26.357  -84.097  -12.410 0.4000000060
1745  25.310  -86.003  -13.759 0.3000000119
127045  24.880  -84.337  -13.372 0.5000000000
2375  24.810  -83.623  -13.440 0.6000000238
1756  23.679  -85.207  -15.550 0.5000000000
1452  24.206  -86.771  -16.056 0.5000000000
2728  23.692  -82.637  -14.861 0.6000000238
3621  24.777  -80.488  -16.346 0.6999999881
124685  19.443  -75.791  -20.041 0.6000000238
8656  18.466  -70.567  -19.350 0.6000000238
112525  21.237  -76.268  -25.672 0.6000000238
108155  21.522  -74.452  -26.462 0.5000000000
122389  20.847  -76.655  -26.009 0.6000000238
5593  19.910  -76.449  -26.483 0.6000000238
6552  21.541  -75.030  -26.366 0.5000000000
6554  19.933  -75.202  -26.628 0.6000000238
7088  20.768  -74.277  -26.530 0.5000000000
114092  16.800  -73.515  -26.131 0.5000000000
125614  15.910  -86.841  -5.413 0.4000000060
1324  16.541  -86.609  -5.384 0.4000000060
1039  17.183  -87.155  -5.508 0.5000000000
748  14.283  -88.100  -4.792 0.5000000000
757  14.183  -88.748  -5.662 0.5000000000
541  13.220  -89.547  -5.865 0.5000000000
1042  15.041  -88.275  -5.765 0.5000000000
1029  14.914  -87.534  -5.079 0.5000000000
1310  16.643  -85.941  -4.782 0.4000000060
1323  17.449  -86.340  -5.340 0.4000000060
111632  17.977  -87.051  -5.378 0.5000000000
108457  28.181  -87.327  -4.069 0.3000000119
1010  28.644  -87.373  -3.347 0.3000000119
1317  27.510  -86.802  -5.308 0.3000000119
1332  27.370  -86.883  -6.119 0.3000000119
1017  14.708  -87.551  -4.112 0.4000000060
740  13.741  -88.419  -3.949 0.5000000000
749  13.453  -88.761  -4.851 0.5000000000
117813  14.758  -87.428  -3.229 0.4000000060
1028  15.346  -86.901  -4.767 0.4000000060
1301  16.185  -86.015  -4.072 0.3000000119
110808  15.956  -86.296  -3.286 0.3000000119
1309  19.870  -86.733  -5.062 0.4000000060
1643  17.435  -85.634  -4.555 0.3000000119
1654  18.068  -85.766  -5.158 0.4000000060
1322  18.391  -86.368  -5.310 0.5000000000
116315  18.133  -85.273  -4.353 0.3000000119
1009  29.252  -87.423  -3.495 0.3000000119
128297  28.916  -87.177  -1.975 0.3000000119
109913  28.048  -87.470  -5.098 0.3000000119
1035  27.889  -87.555  -5.914 0.3000000119
1342  26.873  -86.087  -7.540 0.3000000119
1004  14.552  -87.655  -2.367 0.3000000119
1018  14.160  -88.004  -3.262 0.4000000060
1003  15.182  -87.079  -2.833 0.3000000119
1629  17.784  -85.441  -3.409 0.3000000119
1652  19.641  -85.274  -5.779 0.4000000060
1320  20.125  -85.944  -5.473 0.4000000060
1653  18.872  -85.593  -5.322 0.4000000060
1619  18.363  -85.254  -2.699 0.3000000119
995  30.960  -86.375  -2.012 0.4000000060
113060  30.047  -87.021  -2.596 0.4000000060
980  30.238  -86.537  -1.622 0.4000000060
1269  29.791  -86.099  -0.199 0.4000000060
1591  29.611  -85.739  0.459 0.4000000060
1592  29.119  -85.522  1.055 0.5000000000
1023  29.304  -87.505  -4.465 0.3000000119
119526  28.722  -87.515  -4.077 0.3000000119
1034  28.318  -87.605  -5.707 0.3000000119
1068  27.358  -87.464  -8.586 0.3000000119
989  14.651  -87.668  -1.418 0.3000000119
1938  18.798  -84.290  -5.023 0.3000000119
1651  20.277  -85.280  -5.759 0.3000000119
1627  21.406  -85.114  -3.737 0.4000000060
107024  21.489  -84.935  -2.860 0.4000000060
1609  18.650  -85.217  -1.882 0.3000000119
1931  18.638  -84.685  -4.247 0.3000000119
1628  18.482  -85.007  -3.440 0.3000000119
1895  24.781  -83.985  0.698 0.5000000000
2248  23.867  -83.826  0.480 0.5000000000
1613  32.995  -85.054  -3.000 0.3000000119
1615  32.011  -85.462  -2.293 0.3000000119
1295  32.417  -85.905  -3.336 0.3000000119
1274  31.482  -85.805  -1.825 0.3000000119
1275  30.774  -86.032  -1.285 0.4000000060
1905  29.045  -84.291  0.071 0.5000000000
1893  26.704  -84.170  0.932 0.5000000000
1285  31.962  -85.881  -2.568 0.3000000119
1268  30.358  -85.799  -0.604 0.4000000060
1601  30.167  -85.500  0.054 0.4000000060
1890  29.594  -85.097  0.537 0.5000000000
1891  28.709  -84.655  0.839 0.5000000000
1032  29.776  -87.379  -5.203 0.3000000119
1047  28.121  -87.677  -6.541 0.3000000119
1048  27.857  -87.621  -7.169 0.3000000119
1067  27.880  -87.637  -8.069 0.3000000119
773  27.746  -87.836  -8.988 0.4000000060
1945  20.086  -84.709  -6.113 0.3000000119
106971  21.334  -84.522  -4.285 0.4000000060
1603  18.583  -85.319  -0.831 0.3000000119
124881  18.825  -84.324  -3.444 0.3000000119
118569  18.802  -83.896  -4.209 0.3000000119
1923  21.572  -84.152  -2.056 0.4000000060
1924  18.801  -84.710  -2.695 0.3000000119
1908  22.263  -83.949  -0.313 0.4000000060
1907  22.969  -83.695  0.289 0.5000000000
2598  24.242  -82.796  -0.405 0.4000000060
2257  23.625  -83.179  -0.020 0.5000000000
111368  33.281  -83.381  -3.939 0.3000000119
2247  25.426  -83.615  0.347 0.5000000000
2256  24.672  -83.320  0.043 0.5000000000
124695  32.103  -84.685  -2.118 0.3000000119
2254  26.704  -83.182  -0.392 0.4000000060
2255  25.701  -83.165  -0.191 0.5000000000
1624  33.010  -85.272  -3.362 0.3000000119
1913  31.736  -85.246  -1.745 0.4000000060
1914  31.272  -84.997  -1.001 0.4000000060
2252  28.336  -83.645  -0.577 0.5000000000
2246  26.246  -83.612  0.325 0.5000000000
1304  31.870  -86.503  -3.922 0.3000000119
1607  30.968  -85.524  -1.015 0.4000000060
1903  30.647  -85.281  -0.481 0.5000000000
1904  30.049  -84.746  -0.070 0.5000000000
1316  30.715  -87.027  -5.477 0.3000000119
1330  30.548  -86.826  -6.331 0.4000000060
1331  29.819  -86.989  -6.802 0.3000000119
1046  29.002  -87.377  -6.750 0.4000000060
1066  28.237  -87.447  -8.043 0.4000000060
1197  24.808  -86.316  -25.084 0.5000000000
785  27.584  -88.337  -9.726 0.3000000119
1909  18.683  -84.523  -0.225 0.3000000119
108458  18.902  -84.157  -2.016 0.3000000119
2297  21.328  -83.707  -4.205 0.3000000119
1917  18.811  -84.409  -1.138 0.3000000119
2615  21.608  -82.426  -2.329 0.3000000119
2600  22.755  -82.467  -0.740 0.5000000000
2604  24.325  -82.208  -0.970 0.4000000060
2605  23.268  -81.952  -0.976 0.3000000119
2625  33.672  -82.873  -4.595 0.3000000119
2603  25.371  -82.293  -1.327 0.5000000000
2284  32.955  -83.829  -3.204 0.3000000119
2265  27.488  -83.180  -1.120 0.4000000060
2266  26.689  -82.790  -1.116 0.4000000060
2273  31.615  -83.979  -2.439 0.4000000060
2263  29.924  -83.825  -1.742 0.4000000060
128479  29.175  -83.654  -1.701 0.4000000060
2264  28.449  -83.465  -1.667 0.4000000060
1303  32.450  -86.080  -4.253 0.3000000119
1314  32.290  -86.168  -5.081 0.3000000119
1915  30.464  -84.511  -0.818 0.4000000060
1916  29.370  -83.929  -0.887 0.5000000000
1338  31.101  -86.205  -6.685 0.3000000119
127570  30.410  -86.498  -6.916 0.4000000060
1340  29.189  -86.987  -7.429 0.4000000060
1825  25.637  -84.895  -25.096 0.5000000000
123513  28.559  -87.376  -8.863 0.4000000060
1074  29.144  -87.196  -9.294 0.5000000000
1515  25.627  -86.272  -24.498 0.5000000000
2270  18.785  -83.408  -1.361 0.3000000119
3252  18.592  -81.800  -21.387 0.5000000000
2613  24.893  -81.787  -1.799 0.3000000119
3025  23.911  -81.539  -1.501 0.3000000119
127369  18.323  -82.488  -20.572 0.6000000238
3067  33.381  -81.626  -5.765 0.3000000119
2626  32.591  -82.584  -4.433 0.3000000119
2302  34.320  -83.291  -4.983 0.3000000119
2292  32.211  -83.106  -3.818 0.3000000119
2293  31.103  -83.105  -3.921 0.3000000119
2278  26.994  -82.803  -1.837 0.4000000060
2602  26.219  -82.503  -1.643 0.4000000060
2840  20.777  -81.970  -24.470 0.5000000000
2785  17.071  -82.867  -19.286 0.5000000000
2286  30.691  -83.471  -3.207 0.3000000119
111293  29.825  -83.558  -2.817 0.3000000119
2275  29.060  -83.540  -2.412 0.3000000119
2287  28.166  -82.996  -3.677 0.3000000119
2851  22.606  -82.395  -24.387 0.5000000000
116870  32.677  -85.834  -5.675 0.3000000119
1328  32.021  -86.268  -5.720 0.3000000119
117283  23.953  -82.433  -25.770 0.5000000000
1666  31.542  -85.532  -7.186 0.3000000119
2496  24.887  -83.437  -25.317 0.5000000000
1672  31.013  -84.993  -7.821 0.4000000060
2164  25.587  -83.960  -25.219 0.6000000238
1673  30.173  -85.013  -8.387 0.4000000060
1674  29.693  -85.568  -8.807 0.5000000000
2163  26.304  -84.273  -25.057 0.5000000000
1361  30.115  -86.503  -10.344 0.4000000060
111126  29.297  -87.528  -10.088 0.3000000119
1075  28.630  -87.751  -9.628 0.4000000060
1505  26.334  -85.844  -24.116 0.6000000238
1410  30.569  -86.336  -12.812 0.3000000119
1396  29.823  -86.604  -11.957 0.4000000060
1097  29.312  -87.729  -11.100 0.4000000060
1090  28.907  -88.068  -10.509 0.3000000119
118831  26.184  -85.433  -22.802 0.6000000238
1506  25.894  -86.790  -23.060 0.5000000000
1425  30.475  -86.498  -14.096 0.3000000119
1715  29.570  -86.085  -12.617 0.5000000000
1397  29.009  -86.204  -12.146 0.4000000060
1398  28.482  -86.565  -11.923 0.4000000060
1498  25.846  -86.466  -22.466 0.6000000238
1426  29.837  -86.731  -14.675 0.3000000119
1411  29.946  -86.332  -13.455 0.5000000000
1716  28.685  -85.223  -12.432 0.4000000060
1385  28.278  -85.431  -11.970 0.4000000060
1427  29.192  -85.984  -14.049 0.4000000060
2046  28.398  -84.426  -12.737 0.5000000000
2032  28.065  -84.560  -12.166 0.4000000060
2047  27.857  -83.947  -12.550 0.5000000000
3240  18.337  -81.681  -20.628 0.6000000238
2783  18.099  -82.374  -19.830 0.6000000238
3087  33.718  -81.451  -6.511 0.3000000119
3068  32.349  -81.408  -5.687 0.3000000119
2642  31.897  -81.963  -5.063 0.3000000119
2627  31.464  -82.599  -4.504 0.3000000119
3241  18.184  -81.514  -19.546 0.6000000238
3229  17.673  -82.156  -19.305 0.6000000238
2657  34.376  -81.974  -5.964 0.3000000119
2628  30.516  -82.743  -4.567 0.3000000119
2629  29.236  -82.781  -4.772 0.3000000119
106875  17.816  -81.426  -18.975 0.6000000238
108980  35.183  -82.951  -6.846 0.3000000119
120368  29.797  -83.345  -3.574 0.3000000119
108429  29.001  -83.349  -3.435 0.3000000119
3641  17.839  -80.496  -18.690 0.6000000238
124053  32.995  -85.513  -6.368 0.3000000119
4531  17.476  -78.589  -17.748 0.6000000238
4083  17.077  -79.706  -18.399 0.6000000238
4539  16.577  -78.927  -18.228 0.6000000238
4540  15.484  -78.497  -18.561 0.5000000000
1695  30.467  -85.523  -10.698 0.4000000060
1395  30.280  -86.509  -11.782 0.4000000060
1753  28.315  -85.750  -14.803 0.4000000060
1743  28.414  -84.701  -13.635 0.5000000000
3101  33.924  -81.399  -7.345 0.3000000119
3102  32.995  -81.073  -7.109 0.3000000119
3088  32.696  -81.109  -6.343 0.3000000119
3089  31.729  -80.955  -6.307 0.3000000119
117998  30.776  -82.161  -5.230 0.3000000119
108475  29.897  -82.530  -5.069 0.3000000119
2630  28.393  -82.647  -5.055 0.3000000119
3661  18.171  -80.690  -20.743 0.5000000000
3086  34.641  -81.816  -6.767 0.3000000119
2656  34.903  -82.482  -6.413 0.3000000119
4093  18.585  -79.882  -19.063 0.5000000000
3648  18.303  -80.716  -19.091 0.6000000238
2669  35.243  -82.314  -7.265 0.3000000119
2296  28.720  -82.959  -4.259 0.3000000119
3640  18.409  -79.939  -18.836 0.6000000238
2671  35.478  -82.621  -8.222 0.3000000119
4538  18.429  -79.172  -17.979 0.6000000238
2003  30.529  -84.598  -10.249 0.3000000119
1987  30.996  -84.341  -9.685 0.3000000119
4988  16.928  -77.728  -17.707 0.6000000238
113018  16.519  -76.108  -18.228 0.6000000238
4537  19.042  -78.964  -18.075 0.6000000238
4996  19.328  -78.337  -18.074 0.5000000000
4985  19.461  -77.407  -17.859 0.6000000238
4987  17.957  -77.804  -17.506 0.6000000238
5475  18.305  -76.976  -17.345 0.6000000238
5486  16.130  -77.066  -18.181 0.6000000238
5961  16.822  -75.266  -18.189 0.6000000238
5939  17.522  -76.066  -17.514 0.6000000238
6441  16.587  -74.543  -18.890 0.5000000000
5011  19.298  -78.243  -18.820 0.5000000000
5485  19.788  -76.916  -18.200 0.5000000000
5474  19.222  -76.848  -17.490 0.5000000000
5960  17.630  -75.205  -17.516 0.6000000238
7505  16.608  -72.844  -19.478 0.5000000000
8657  17.919  -70.899  -19.751 0.6000000238
8040  17.594  -71.652  -19.357 0.6000000238
7512  16.305  -72.477  -20.027 0.5000000000
8053  17.199  -71.304  -20.144 0.6000000238
8054  16.341  -71.763  -20.522 0.6000000238
5473  19.694  -76.445  -17.698 0.5000000000
6420  19.062  -74.513  -16.898 0.5000000000
6965  18.255  -73.552  -17.465 0.5000000000
6440  17.141  -74.498  -18.052 0.6000000238
7485  18.960  -72.746  -17.364 0.6000000238
7494  18.073  -72.643  -18.072 0.5000000000
6992  16.882  -73.199  -18.920 0.5000000000
8027  18.113  -71.935  -18.600 0.6000000238
9257  20.335  -69.880  -18.114 0.6000000238
8039  18.305  -71.203  -18.985 0.6000000238
8669  16.823  -70.877  -20.939 0.5000000000
9248  11.337  -70.233  -16.650 0.5000000000
5959  20.099  -76.038  -17.912 0.5000000000
119664  19.560  -75.204  -16.995 0.5000000000
6964  19.427  -73.599  -16.914 0.6000000238
117078  10.908  -70.854  -15.193 0.5000000000
8597  10.173  -70.647  -14.986 0.6000000238
8608  11.694  -70.848  -15.166 0.6000000238
8620  12.074  -70.361  -16.016 0.6000000238
8621  11.112  -70.692  -15.946 0.5000000000
9247  12.783  -69.797  -16.553 0.5000000000
9259  12.775  -69.504  -17.395 0.5000000000
9319  16.795  -69.462  -22.270 0.5000000000
8680  16.533  -70.415  -21.797 0.5000000000
9819  14.657  -68.914  -12.478 0.6000000238
116134  14.022  -68.238  -12.477 0.6999999881
9820  13.828  -69.033  -12.476 0.6000000238
118487  13.000  -69.055  -12.453 0.6999999881
9196  11.737  -69.878  -12.668 0.6000000238
9197  10.975  -69.532  -12.709 0.6000000238
8576  13.145  -70.426  -12.871 0.6000000238
9195  12.662  -69.866  -12.585 0.6000000238
9192  15.247  -69.595  -12.673 0.6000000238
8575  13.986  -70.358  -12.851 0.6000000238
8587  12.678  -70.742  -13.489 0.6000000238
8588  11.758  -70.644  -13.455 0.5000000000
9203  10.382  -69.729  -13.268 0.6000000238
8584  15.051  -70.375  -13.527 0.6000000238
8586  13.519  -70.663  -13.428 0.6000000238
8596  11.372  -70.844  -14.422 0.5000000000
8589  10.904  -70.472  -13.790 0.6000000238
8593  13.884  -70.685  -14.188 0.6000000238
8595  12.195  -70.960  -14.302 0.6000000238
9231  13.907  -70.100  -15.595 0.6000000238
8606  13.486  -70.609  -14.988 0.6000000238
9232  13.053  -70.205  -15.759 0.6000000238
111457  13.306  -69.488  -17.029 0.5000000000
116767  12.871  -69.471  -18.270 0.5000000000
9281  13.507  -69.674  -18.839 0.5000000000
9297  14.068  -69.627  -19.389 0.5000000000
114265  14.443  -69.256  -19.820 0.5000000000
9821  12.189  -69.027  -12.383 0.6000000238
10447  11.865  -68.214  -12.137 0.6999999881
9213  15.031  -70.320  -14.504 0.5000000000
9245  14.342  -69.541  -16.151 0.6000000238
9866  14.033  -69.262  -17.009 0.6000000238
9258  13.558  -69.449  -17.892 0.5000000000
127403  14.271  -69.234  -17.895 0.6000000238
9907  14.698  -69.305  -19.158 0.5000000000
10525  15.161  -68.430  -18.832 0.6000000238
109681  14.994  -68.768  -19.797 0.6000000238
12322  16.231  -64.172  -13.099 0.4000000060
11066  12.638  -66.090  -13.140 0.6999999881
11684  11.994  -65.374  -13.266 0.5000000000
119478  12.140  -65.853  -12.106 0.5000000000
119768  16.636  -64.634  -12.755 0.6000000238
12310  16.022  -64.860  -12.798 0.5000000000
11067  12.357  -65.985  -12.788 0.6000000238
116386  12.030  -66.688  -11.917 0.5000000000
12309  17.374  -64.839  -12.577 0.5000000000
11065  13.201  -66.174  -13.222 0.6000000238
115875  12.511  -66.594  -12.462 0.8000000119
118949  13.290  -67.608  -12.493 0.6999999881
114163  12.350  -67.399  -12.262 0.8000000119
10426  11.524  -67.499  -11.728 0.6999999881
9876  14.688  -68.826  -17.388 0.6000000238
10509  15.140  -68.298  -17.833 0.6000000238
121078  11.847  -64.944  -13.102 0.5000000000
111766  15.123  -63.383  -13.939 0.5000000000
11690  12.245  -65.360  -14.479 0.6999999881
117156  11.816  -65.456  -11.319 0.5000000000
12979  18.188  -63.388  -12.985 0.4000000060
12321  16.964  -64.076  -12.919 0.4000000060
12308  18.376  -64.902  -12.476 0.4000000060
112573  19.216  -65.516  -12.529 0.5000000000
11666  19.773  -65.955  -12.812 0.4000000060
12325  11.605  -64.738  -13.946 0.5000000000
115142  11.991  -64.404  -12.744 0.5000000000
13680  15.856  -62.842  -13.857 0.3000000119
12994  15.075  -62.702  -14.356 0.3000000119
120360  11.840  -65.225  -14.312 0.6000000238
12307  19.339  -64.640  -12.501 0.4000000060
11665  20.095  -65.137  -12.663 0.4000000060
11073  20.179  -66.469  -14.228 0.4000000060
12335  11.217  -64.557  -14.896 0.6000000238
11701  11.775  -65.232  -15.012 0.6000000238
123866  20.423  -65.819  -13.417 0.4000000060
12997  11.331  -63.947  -14.412 0.5000000000
14379  16.401  -61.262  -14.251 0.3000000119
14381  15.034  -61.993  -14.751 0.3000000119
14393  14.358  -61.846  -15.348 0.3000000119
13703  13.691  -62.600  -15.572 0.4000000060
11679  21.128  -65.242  -13.819 0.3000000119
11688  20.789  -65.773  -14.359 0.4000000060
11698  21.069  -65.503  -15.053 0.4000000060
14405  14.288  -61.102  -15.670 0.4000000060
13011  10.666  -63.915  -15.873 0.6000000238
13692  11.203  -63.414  -14.853 0.4000000060
14394  13.583  -61.704  -16.057 0.4000000060
15082  16.663  -60.463  -14.420 0.3000000119
15096  16.092  -59.866  -14.829 0.3000000119
112154  12.933  -62.086  -16.651 0.4000000060
14407  12.577  -62.135  -17.405 0.4000000060
13744  11.238  -62.855  -18.659 0.5000000000
14419  12.807  -61.317  -17.900 0.4000000060
14420  12.078  -62.187  -18.392 0.4000000060
15849  14.187  -59.290  -20.724 0.3000000119
15862  13.460  -59.802  -21.098 0.3000000119
15850  13.710  -59.975  -20.359 0.3000000119
15142  13.024  -60.632  -21.027 0.3000000119
15155  12.840  -60.278  -21.333 0.3000000119
105929  9.445  -56.833  -15.897 0.4000000060
16575  14.588  -58.594  -20.962 0.3000000119
2619  27.394  -82.634  -3.894 0.3000000119
1686  29.872  -85.269  -9.710 0.4000000060
15131  12.341  -61.384  -19.221 0.3000000119
10524  15.363  -67.489  -18.271 0.6000000238
11667  18.319  -65.898  -12.462 0.5000000000
15143  12.420  -61.347  -20.752 0.3000000119
806  28.591  -88.449  -11.035 0.3000000119
1109  29.138  -87.249  -11.636 0.4000000060
117858  18.587  -76.188  -17.237 0.5000000000
123273  15.632  -86.452  -3.998 0.4000000060
1041  15.591  -87.500  -5.568 0.5000000000
112299  13.528  -89.084  -5.570 0.5000000000
1037  18.896  -87.026  -5.162 0.5000000000
996  29.494  -86.998  -1.896 0.4000000060
121449  15.527  -86.677  -3.271 0.4000000060
1321  19.317  -86.159  -5.386 0.4000000060
1300  21.006  -86.630  -3.833 0.4000000060
1008  30.188  -87.224  -3.642 0.4000000060
121678  29.674  -86.667  -1.231 0.4000000060
957  29.005  -86.489  0.257 0.4000000060
1005  13.668  -88.322  -2.322 0.3000000119
1620  17.940  -85.689  -2.329 0.3000000119
1642  18.568  -85.098  -5.022 0.3000000119
1641  20.797  -85.510  -5.170 0.4000000060
1640  21.174  -85.843  -4.251 0.4000000060
1007  31.159  -86.948  -3.787 0.3000000119
1022  30.425  -87.218  -4.556 0.4000000060
1936  21.101  -84.739  -5.053 0.4000000060
1906  28.122  -83.895  0.296 0.5000000000
1826  24.761  -84.765  -25.077 0.5000000000
110860  28.606  -87.568  -6.197 0.4000000060
128198  18.810  -83.573  -3.535 0.3000000119
126246  21.528  -83.388  -2.513 0.4000000060
121116  21.881  -83.637  -1.086 0.4000000060
126733  22.239  -83.358  -0.667 0.5000000000
2597  25.076  -82.710  -0.610 0.5000000000
2285  31.866  -83.532  -3.147 0.3000000119
1636  33.095  -85.539  -4.717 0.3000000119
1021  31.324  -86.854  -4.633 0.3000000119
1329  31.378  -86.535  -6.011 0.3000000119
1514  26.107  -85.572  -24.654 0.6000000238
2606  22.463  -82.067  -1.204 0.3000000119
2268  22.170  -82.834  -0.970 0.4000000060
128461  27.669  -83.155  -2.022 0.3000000119
2497  24.525  -82.464  -25.679 0.5000000000
1348  29.790  -85.768  -8.017 0.4000000060
3033  24.418  -81.251  -2.232 0.3000000119
2610  27.081  -82.628  -3.169 0.3000000119
119723  30.858  -86.288  -12.306 0.4000000060
1373  30.206  -86.991  -10.812 0.4000000060
1089  29.658  -87.431  -10.651 0.4000000060
122609  30.397  -86.447  -14.697 0.3000000119
3070  30.564  -81.563  -5.826 0.3000000119
4530  18.701  -78.552  -17.742 0.6000000238
1704  30.926  -85.992  -11.530 0.3000000119
3071  29.914  -82.014  -5.666 0.3000000119
2658  29.184  -81.801  -6.058 0.3000000119
113270  35.625  -83.131  -8.963 0.3000000119
6981  16.957  -73.835  -18.609 0.5000000000
7495  17.322  -72.491  -18.917 0.6000000238
11052  12.918  -66.799  -12.661 0.6999999881
11683  12.285  -65.509  -13.700 0.6000000238
13690  16.185  -62.019  -14.057 0.3000000119
14380  15.673  -61.536  -14.493 0.3000000119
2860  26.400  -82.834  -25.423 0.5000000000
3302  24.989  -81.814  -25.877 0.5000000000
112926  25.505  -81.837  -15.326 0.6000000238
6963  20.093  -73.506  -16.879 0.4000000060
6948  20.195  -73.007  -16.959 0.5000000000
8668  17.599  -70.516  -20.550 0.5000000000
9278  19.985  -69.113  -18.462 0.5000000000
9296  19.196  -69.120  -19.083 0.5000000000
8667  18.270  -70.156  -20.044 0.5000000000
9308  18.009  -69.704  -20.885 0.5000000000
9307  18.564  -69.264  -20.187 0.5000000000
9891  21.305  -68.502  -18.605 0.5000000000
9318  17.671  -69.189  -21.696 0.4000000060
9905  19.709  -68.250  -18.846 0.5000000000
9906  18.869  -68.350  -19.683 0.5000000000
9317  18.219  -69.021  -21.145 0.5000000000
9936  17.064  -68.472  -22.264 0.5000000000
10536  19.203  -67.422  -19.460 0.6000000238
9919  18.383  -68.441  -20.796 0.5000000000
119763  17.882  -68.416  -21.634 0.5000000000
10546  15.304  -68.020  -20.549 0.5000000000
11148  18.401  -66.756  -20.171 0.6000000238
9938  15.610  -68.222  -22.496 0.5000000000
9921  15.352  -68.100  -21.687 0.5000000000
9920  18.021  -67.822  -21.272 0.6000000238
10557  17.147  -67.608  -21.910 0.6000000238
122241  16.279  -67.873  -22.365 0.5000000000
11135  19.239  -66.525  -19.651 0.6000000238
11149  17.341  -66.063  -20.943 0.6000000238
10556  17.672  -67.030  -21.013 0.6000000238
10545  15.702  -67.152  -21.133 0.6000000238
11753  16.551  -65.092  -21.248 0.6000000238
11152  15.339  -66.904  -20.158 0.5000000000
10537  15.237  -67.734  -19.566 0.5000000000
11160  16.566  -66.733  -21.513 0.6000000238
126986  16.215  -67.177  -22.038 0.6000000238
9823  10.426  -68.868  -12.486 0.5000000000
9810  11.022  -68.232  -11.882 0.5000000000
9822  11.349  -68.954  -12.355 0.5000000000
11137  15.147  -66.595  -19.347 0.6000000238
11754  15.664  -64.963  -21.204 0.6000000238
11744  15.163  -65.888  -19.918 0.6000000238
11161  15.903  -66.555  -21.428 0.6000000238
11151  15.479  -66.111  -20.685 0.6000000238
118746  15.287  -64.764  -20.791 0.6000000238
14406  13.148  -61.334  -16.871 0.3000000119
17237  9.944  -57.490  -15.631 0.3000000119
2058  27.509  -84.008  -14.092 0.4000000060
2385  26.088  -83.037  -14.201 0.5000000000
1491  25.471  -86.358  -21.515 0.5000000000
1800  25.654  -85.699  -21.911 0.5000000000
2396  26.241  -83.047  -15.182 0.4000000060
2123  25.676  -84.867  -21.783 0.4000000060
3184  26.505  -81.454  -15.588 0.4000000060
2492  25.588  -83.051  -25.539 0.4000000060
2479  26.871  -84.016  -24.340 0.4000000060
2491  26.171  -83.406  -25.345 0.4000000060
2148  26.749  -84.835  -24.339 0.4000000060
2137  26.600  -84.668  -23.506 0.4000000060
4062  28.319  -79.655  -15.830 0.4000000060
4048  27.690  -79.997  -15.569 0.4000000060
111847  25.738  -79.564  -16.229 0.4000000060
2868  24.175  -81.846  -26.013 0.4000000060
3606  28.113  -80.609  -15.639 0.4000000060
4522  25.962  -78.177  -16.450 0.4000000060
107808  25.339  -77.748  -17.765 0.5000000000
12402  15.893  -64.200  -21.455 0.5000000000
12401  16.945  -64.155  -21.412 0.5000000000
11766  15.156  -64.119  -21.116 0.5000000000
13093  15.576  -62.721  -21.879 0.5000000000
13790  15.843  -61.911  -22.324 0.5000000000
12403  14.791  -63.645  -20.742 0.5000000000
115148  15.946  -61.717  -20.470 0.5000000000
11035  11.221  -66.730  -11.276 0.4000000060
107664  11.687  -66.156  -11.458 0.4000000060
13080  15.050  -62.948  -21.146 0.5000000000
11755  15.240  -65.209  -20.429 0.5000000000
3609  25.587  -81.026  -15.560 0.5000000000
3183  27.656  -81.393  -15.708 0.4000000060
4064  26.516  -79.142  -15.872 0.4000000060
540  13.954  -89.495  -6.165 0.4000000060
386  14.264  -90.649  -6.204 0.4000000060
124856  15.759  -91.528  -0.233 0.4000000060
761  14.834  -89.178  -6.149 0.4000000060
545  15.338  -89.550  -6.158 0.4000000060
349  15.941  -90.742  -0.458 0.4000000060
125602  15.413  -90.333  -5.683 0.4000000060
511  17.823  -89.401  -0.342 0.4000000060
517  16.562  -90.130  -0.745 0.4000000060
352  16.018  -90.333  -1.354 0.4000000060
106889  15.856  -88.264  -5.979 0.5000000000
117673  15.472  -88.884  -6.103 0.5000000000
538  16.504  -89.341  -5.432 0.4000000060
379  15.741  -89.801  -5.876 0.4000000060
358  16.242  -90.107  -2.334 0.4000000060
1040  16.365  -87.492  -5.685 0.5000000000
754  17.741  -88.113  -5.107 0.5000000000
755  17.145  -88.621  -5.233 0.5000000000
532  16.546  -89.832  -4.255 0.4000000060
370  15.982  -90.149  -5.193 0.4000000060
747  17.764  -88.667  -4.584 0.4000000060
531  17.160  -89.202  -4.624 0.4000000060
720  19.029  -88.522  -1.450 0.4000000060
721  18.245  -88.993  -1.345 0.4000000060
516  17.410  -89.468  -1.321 0.4000000060
522  16.744  -89.776  -1.931 0.4000000060
363  16.057  -90.214  -3.147 0.4000000060
714  18.518  -88.880  -0.381 0.4000000060
738  18.926  -88.519  -3.194 0.5000000000
525  18.182  -88.914  -2.972 0.4000000060
126841  17.047  -89.466  -3.935 0.4000000060
728  19.410  -88.332  -2.500 0.5000000000
729  18.638  -88.715  -2.281 0.4000000060
520  18.007  -89.086  -2.125 0.4000000060
521  17.488  -89.361  -2.562 0.4000000060
974  20.609  -87.386  0.004 0.3000000119
962  21.004  -87.026  0.743 0.3000000119
973  21.182  -86.840  -0.417 0.4000000060
987  20.668  -87.475  -1.631 0.3000000119
125418  21.425  -86.448  -1.104 0.4000000060
986  21.154  -86.984  -1.450 0.4000000060
1575  24.195  -86.121  2.414 0.3000000119
1256  22.345  -86.247  1.562 0.4000000060
1263  21.554  -86.453  0.597 0.4000000060
1270  21.630  -86.100  -0.297 0.4000000060
1586  22.942  -85.537  1.516 0.4000000060
1594  22.489  -85.314  0.877 0.4000000060
1602  21.958  -85.095  -0.087 0.4000000060
1608  21.727  -84.619  -1.087 0.3000000119
719  19.948  -88.000  -1.742 0.3000000119
109548  21.370  -86.373  -2.056 0.3000000119
1001  21.039  -87.141  -2.334 0.4000000060
1584  24.594  -85.305  1.833 0.4000000060
1279  21.596  -85.681  -1.127 0.3000000119
1593  23.092  -84.822  1.155 0.4000000060
1896  23.270  -84.237  0.738 0.4000000060
1897  22.661  -84.484  0.460 0.4000000060
736  20.112  -87.937  -2.882 0.4000000060
1002  20.544  -87.599  -2.409 0.4000000060
1245  24.783  -86.890  2.888 0.4000000060
1618  21.518  -85.295  -2.064 0.3000000119
1582  26.229  -85.389  2.090 0.4000000060
1574  25.144  -86.052  2.500 0.4000000060
1883  26.154  -84.746  1.543 0.4000000060
1884  25.111  -84.603  1.362 0.4000000060
1885  24.019  -84.563  1.133 0.4000000060
737  19.581  -88.177  -3.316 0.4000000060
1015  20.025  -87.797  -3.805 0.4000000060
1013  21.192  -86.745  -2.956 0.3000000119
1014  20.719  -87.355  -3.265 0.4000000060
108341  21.381  -85.890  -3.132 0.3000000119
1581  27.497  -85.690  2.041 0.4000000060
110914  28.186  -86.289  1.906 0.4000000060
1881  28.256  -85.336  1.514 0.4000000060
1894  25.724  -84.085  0.870 0.4000000060
1038  18.256  -87.615  -5.098 0.4000000060
1025  20.399  -87.155  -4.315 0.3000000119
746  18.381  -88.157  -4.611 0.4000000060
1027  18.862  -87.700  -4.749 0.4000000060
122869  19.165  -88.126  -4.051 0.4000000060
1026  19.568  -87.470  -4.606 0.4000000060
4994  25.003  -77.236  -18.185 0.4000000060
348  16.543  -90.847  0.097 0.4000000060
385  15.087  -90.209  -6.141 0.4000000060
526  17.594  -89.176  -3.699 0.4000000060
539  15.940  -89.059  -6.046 0.5000000000
546  14.631  -89.921  -6.317 0.4000000060
547  13.280  -90.002  -6.217 0.5000000000
569  27.515  -89.137  -10.788 0.4000000060
580  27.245  -89.338  -11.471 0.3000000119
590  26.213  -89.855  -12.433 0.3000000119
739  18.372  -88.629  -3.876 0.5000000000
756  16.478  -88.438  -5.747 0.5000000000
772  28.111  -87.626  -8.875 0.4000000060
774  27.248  -87.853  -9.227 0.3000000119
784  28.029  -87.990  -9.461 0.3000000119
796  28.189  -88.710  -10.701 0.5000000000
798  26.304  -89.213  -10.712 0.3000000119
830  26.370  -89.407  -13.327 0.3000000119
838  25.461  -89.296  -14.859 0.4000000060
968  29.420  -86.523  -0.562 0.4000000060
994  30.990  -86.727  -2.886 0.4000000060
997  28.460  -87.184  -2.418 0.3000000119
1016  15.181  -86.991  -3.685 0.4000000060
1033  28.952  -87.577  -5.415 0.3000000119
1045  29.620  -87.327  -6.032 0.4000000060
1054  28.531  -87.415  -7.376 0.4000000060
1055  28.104  -87.653  -7.277 0.3000000119
1065  28.740  -87.103  -8.226 0.4000000060
1088  30.031  -87.087  -11.161 0.4000000060
1098  25.315  -87.492  -10.905 0.3000000119
1108  29.765  -87.080  -11.458 0.4000000060
1110  28.276  -87.960  -11.944 0.4000000060
1129  30.719  -86.293  -14.918 0.3000000119
1130  30.004  -86.684  -14.950 0.3000000119
1132  25.039  -87.600  -15.079 0.5000000000
1144  25.199  -88.445  -15.343 0.4000000060
1255  23.265  -86.143  2.179 0.3000000119
1257  21.490  -86.895  1.636 0.3000000119
1260  30.040  -85.812  -0.026 0.4000000060
1261  29.409  -86.041  0.353 0.4000000060
1276  30.091  -86.240  -0.902 0.4000000060
1294  32.980  -85.576  -3.852 0.3000000119
1296  31.677  -86.366  -3.111 0.3000000119
1308  20.618  -86.360  -4.755 0.4000000060
1311  15.949  -86.309  -4.853 0.4000000060
1315  31.606  -86.577  -5.287 0.3000000119
1339  29.834  -86.442  -7.417 0.4000000060
1341  27.340  -87.017  -6.936 0.3000000119
1349  29.338  -86.530  -8.322 0.5000000000
1362  29.598  -86.505  -9.458 0.5000000000
1374  29.783  -87.167  -10.141 0.3000000119
1383  31.153  -86.180  -12.294 0.4000000060
1384  30.554  -86.490  -11.574 0.4000000060
1409  30.979  -86.337  -13.577 0.3000000119
1429  24.536  -86.651  -15.281 0.5000000000
1442  28.023  -86.613  -15.837 0.4000000060
1459  23.853  -86.867  -17.474 0.5000000000
1469  23.620  -86.060  -18.014 0.6999999881
1522  25.738  -85.431  -24.975 0.6000000238
1523  25.492  -85.874  -24.980 0.5000000000
1580  28.700  -86.039  1.447 0.4000000060
1583  25.516  -85.295  1.986 0.4000000060
1585  23.667  -85.400  1.677 0.4000000060
1595  21.953  -85.848  0.531 0.4000000060
1600  30.400  -85.621  -0.430 0.4000000060
1614  32.488  -85.405  -2.832 0.3000000119
1635  33.492  -85.079  -4.019 0.3000000119
1647  33.487  -85.268  -5.604 0.3000000119
1659  32.070  -85.965  -6.393 0.3000000119
1667  30.518  -85.724  -7.471 0.4000000060
1718  25.983  -84.662  -12.636 0.4000000060
1730  29.108  -85.296  -13.049 0.4000000060
1746  24.647  -85.922  -14.537 0.4000000060
1747  24.046  -84.968  -14.672 0.5000000000
1766  23.486  -85.350  -16.440 0.6000000238
1793  24.774  -86.223  -20.265 0.6999999881
1805  26.237  -86.125  -23.375 0.6000000238
1811  26.558  -85.427  -23.861 0.6000000238
1819  26.510  -85.181  -24.452 0.4000000060
1824  26.329  -85.018  -24.874 0.6000000238
1882  27.197  -84.853  1.544 0.4000000060
1892  27.728  -84.327  0.970 0.5000000000
1921  32.483  -85.046  -2.525 0.3000000119
1922  31.528  -84.554  -1.702 0.4000000060
1927  33.379  -84.801  -3.541 0.3000000119
1928  33.142  -84.639  -3.022 0.3000000119
1929  32.499  -84.304  -2.643 0.3000000119
1930  21.446  -84.145  -3.279 0.4000000060
1937  20.644  -84.785  -5.691 0.4000000060
1946  19.642  -84.411  -6.022 0.3000000119
1947  19.163  -84.774  -5.507 0.3000000119
1954  19.981  -84.110  -6.248 0.3000000119
1972  31.204  -84.574  -8.663 0.3000000119
1973  30.287  -84.640  -9.313 0.4000000060
2033  27.276  -84.051  -12.246 0.4000000060
2035  25.561  -83.933  -12.789 0.5000000000
2060  23.695  -84.003  -14.520 0.6000000238
2076  23.337  -84.487  -16.652 0.6999999881
2096  23.620  -84.545  -18.315 0.6999999881
2156  26.659  -84.535  -24.729 0.4000000060
2165  24.119  -85.109  -25.004 0.5000000000
2245  27.191  -83.719  0.321 0.5000000000
2253  27.566  -83.480  -0.276 0.5000000000
2258  22.701  -83.087  -0.327 0.5000000000
2262  30.837  -84.317  -1.433 0.4000000060
2267  25.986  -82.694  -0.841 0.5000000000
2269  21.738  -83.110  -1.701 0.4000000060
2274  30.733  -83.869  -2.212 0.4000000060
2276  28.174  -83.245  -2.761 0.3000000119
2277  27.339  -82.880  -2.608 0.4000000060
2279  21.402  -83.101  -3.313 0.3000000119
2288  27.623  -82.893  -3.232 0.3000000119
2294  30.199  -83.145  -4.037 0.3000000119
2295  29.449  -83.116  -4.134 0.3000000119
2318  35.308  -83.143  -7.606 0.3000000119
2359  27.228  -83.525  -12.815 0.5000000000
2374  25.537  -83.272  -13.148 0.6000000238
2384  26.997  -83.391  -13.549 0.6000000238
2386  25.401  -82.992  -13.854 0.6000000238
2388  23.628  -83.221  -14.647 0.6000000238
2397  23.384  -83.023  -15.551 0.6999999881
2402  23.326  -83.203  -16.525 0.6999999881
2425  23.869  -83.958  -18.774 0.6999999881
2453  25.851  -83.090  -21.433 0.6999999881
2486  26.672  -83.735  -25.063 0.4000000060
2493  24.310  -84.200  -24.932 0.5000000000
2495  25.959  -82.759  -25.645 0.4000000060
2599  23.459  -82.576  -0.513 0.4000000060
2607  21.940  -82.392  -1.540 0.3000000119
2612  25.734  -82.140  -2.202 0.4000000060
2618  28.048  -82.773  -4.355 0.3000000119
2640  33.999  -82.399  -5.287 0.3000000119
2641  33.009  -82.021  -5.061 0.3000000119
2643  29.160  -82.394  -5.445 0.3000000119
2672  35.347  -82.080  -7.941 0.3000000119
2725  25.447  -82.539  -14.764 0.6000000238
2727  23.967  -82.804  -14.316 0.6000000238
2736  26.139  -82.430  -15.398 0.6000000238
2739  23.652  -82.186  -15.454 0.6999999881
2776  23.572  -82.855  -17.846 0.6999999881
2782  25.233  -81.874  -19.895 0.8000000119
2805  26.603  -81.950  -22.121 0.6999999881
2809  18.542  -82.882  -21.192 0.6000000238
2839  21.642  -81.931  -23.766 0.5000000000
2852  21.472  -82.319  -25.097 0.5000000000
2853  20.739  -82.117  -25.383 0.6999999881
2861  25.748  -82.304  -25.756 0.5000000000
2866  25.387  -82.242  -25.649 0.5000000000
2867  25.012  -82.022  -25.866 0.4000000060
2869  22.669  -81.704  -26.439 0.6999999881
2870  21.905  -81.686  -26.487 0.8000000119
3069  31.363  -81.431  -5.726 0.3000000119
3185  24.911  -81.398  -15.388 0.5000000000
3195  24.764  -80.866  -15.763 0.5000000000
3211  23.854  -81.414  -17.013 0.6999999881
3212  23.529  -82.035  -16.813 0.6999999881
3223  25.103  -80.774  -18.862 0.6999999881
3230  17.012  -82.048  -19.020 0.5000000000
3275  26.842  -81.543  -23.952 0.6000000238
3276  20.851  -81.560  -23.245 0.6000000238
3295  26.245  -81.901  -25.391 0.6000000238
3299  20.371  -81.234  -26.324 0.8000000119
3300  18.740  -81.299  -26.012 0.6999999881
3303  24.507  -81.785  -26.402 0.4000000060
3304  23.410  -81.520  -26.297 0.6000000238
3306  21.216  -80.922  -26.737 0.8000000119
3607  27.305  -80.651  -15.576 0.4000000060
3618  28.671  -80.528  -16.129 0.4000000060
3619  26.186  -79.855  -15.794 0.4000000060
3647  25.975  -80.086  -19.915 0.6999999881
3659  26.426  -80.458  -21.032 0.8000000119
3675  26.759  -80.440  -21.839 0.8000000119
3706  26.519  -81.017  -24.180 0.6000000238
3709  22.937  -80.427  -25.518 0.6999999881
3719  23.260  -81.102  -26.162 0.6999999881
3720  21.748  -80.533  -26.166 0.6999999881
3723  18.016  -81.194  -25.969 0.6999999881
4049  26.924  -79.883  -15.632 0.4000000060
4065  25.859  -78.864  -16.427 0.6000000238
4081  18.813  -79.374  -18.544 0.6000000238
4082  18.131  -79.690  -18.421 0.6000000238
4092  25.933  -79.288  -19.786 0.6000000238
4118  17.078  -79.216  -21.566 0.6000000238
4129  26.120  -79.439  -22.606 0.8000000119
4132  16.877  -79.101  -23.043 0.6999999881
4142  26.445  -80.119  -22.959 0.8000000119
4144  24.586  -79.577  -23.512 0.6999999881
4146  22.386  -79.189  -23.911 0.6000000238
4156  23.391  -79.941  -24.602 0.8000000119
4166  18.424  -80.336  -26.598 0.6999999881
4172  16.884  -79.409  -27.002 0.8999999762
4536  25.461  -78.572  -18.404 0.6000000238
4551  19.202  -78.868  -18.464 0.6000000238
4564  26.037  -78.858  -20.610 0.6000000238
4565  25.380  -78.185  -20.618 0.5000000000
4577  16.798  -78.532  -21.878 0.6000000238
4584  25.582  -78.884  -22.112 0.6999999881
4587  22.767  -77.770  -22.777 0.5000000000
4600  21.979  -78.422  -23.898 0.5000000000
4601  21.211  -78.744  -24.447 0.6000000238
4613  19.038  -79.518  -26.106 0.8000000119
4615  16.024  -79.124  -26.915 0.8999999762
4624  16.004  -78.159  -26.537 0.8999999762
4986  19.026  -77.749  -17.605 0.6000000238
4997  16.270  -78.088  -18.071 0.5000000000
5008  25.287  -78.033  -18.975 0.4000000060
5010  19.561  -77.698  -18.352 0.5000000000
5012  18.319  -78.229  -19.642 0.6000000238
5053  16.645  -77.893  -22.350 0.6999999881
5084  20.977  -77.173  -25.217 0.6000000238
5086  18.828  -78.528  -26.003 0.6999999881
5096  16.127  -77.153  -26.458 0.6999999881
5476  17.154  -76.961  -17.608 0.6000000238
5515  18.481  -76.690  -20.474 0.6000000238
5531  18.531  -76.094  -21.167 0.6000000238
5564  21.978  -76.538  -23.179 0.5000000000
5591  21.136  -76.062  -26.272 0.6000000238
5592  20.762  -76.249  -26.403 0.6000000238
5595  16.292  -76.264  -26.523 0.6999999881
5936  19.977  -75.460  -17.342 0.6000000238
5938  18.645  -75.359  -17.084 0.5000000000
5981  20.239  -75.371  -18.511 0.6000000238
6031  18.328  -75.284  -22.337 0.5000000000
6049  21.735  -75.606  -23.337 0.6000000238
6066  16.238  -74.791  -26.278 0.6000000238
6076  20.507  -75.795  -26.584 0.6000000238
6077  19.376  -75.745  -26.643 0.6000000238
6419  19.958  -74.476  -16.900 0.6000000238
6421  17.957  -74.480  -17.402 0.6000000238
6488  18.860  -74.925  -22.059 0.5000000000
6508  18.549  -74.549  -22.664 0.6000000238
6538  22.025  -74.333  -26.316 0.5000000000
6541  15.949  -74.536  -25.732 0.6000000238
6553  20.915  -75.071  -26.636 0.5000000000
6962  20.398  -73.246  -17.177 0.5000000000
6979  20.675  -73.708  -17.751 0.5000000000
6980  17.428  -73.236  -18.314 0.5000000000
7022  20.161  -72.963  -21.601 0.6000000238
7033  19.573  -73.598  -22.053 0.6999999881
7046  19.208  -73.276  -22.863 0.6000000238
7089  18.317  -73.872  -26.329 0.5000000000
7483  20.395  -72.496  -17.279 0.5000000000
7484  19.889  -72.724  -16.925 0.6999999881
7519  20.636  -72.336  -21.088 0.6999999881
8014  21.206  -71.443  -17.926 0.6999999881
8015  20.664  -71.549  -17.608 0.6999999881
8025  19.400  -71.162  -17.886 0.6999999881
8041  16.855  -72.066  -19.708 0.6000000238
8052  21.087  -71.641  -20.525 0.6999999881
8093  19.966  -71.019  -23.262 0.5000000000
8111  17.786  -70.790  -24.562 0.5000000000
8574  14.821  -70.245  -12.888 0.6000000238
8577  12.401  -70.414  -12.921 0.6000000238
8585  14.321  -70.538  -13.389 0.6000000238
8594  13.060  -70.822  -14.249 0.6000000238
8605  14.291  -70.476  -14.843 0.6000000238
8607  12.590  -70.734  -15.074 0.6000000238
8630  21.171  -70.860  -17.975 0.6999999881
8631  20.564  -70.666  -17.779 0.6999999881
8644  19.010  -70.677  -18.587 0.6999999881
8655  21.877  -70.138  -19.171 0.6999999881
8679  17.309  -70.083  -21.412 0.5000000000
8691  16.195  -70.018  -22.474 0.5000000000
8704  20.220  -70.378  -23.152 0.6000000238
8705  19.491  -70.521  -23.622 0.6000000238
9191  16.077  -69.348  -12.766 0.6999999881
9193  14.380  -69.763  -12.609 0.6000000238
9194  13.514  -69.854  -12.582 0.6000000238
9202  11.104  -70.133  -13.079 0.6000000238
9204  9.728  -69.668  -13.834 0.6000000238
9214  10.217  -70.258  -14.173 0.6000000238
9244  15.177  -69.418  -15.899 0.6999999881
9246  13.550  -69.697  -16.338 0.6000000238
9277  20.888  -69.204  -18.311 0.6000000238
9279  18.833  -69.947  -19.310 0.5000000000
9280  14.212  -69.511  -18.650 0.5000000000
9347  20.056  -69.201  -23.342 0.6000000238
9829  17.539  -68.534  -13.313 0.6999999881
9842  17.694  -68.554  -14.044 0.8000000119
9855  17.469  -68.661  -14.690 0.8000000119
9856  16.932  -69.070  -15.130 0.8000000119
9857  16.082  -69.313  -15.568 0.8000000119
9892  20.490  -68.571  -18.524 0.5000000000
9893  14.763  -69.056  -18.322 0.6000000238
9904  21.921  -68.584  -19.462 0.6000000238
9935  21.512  -68.600  -21.039 0.6000000238
10427  10.712  -67.499  -11.503 0.4000000060
10441  18.989  -67.127  -12.927 0.6000000238
10446  12.642  -68.249  -12.364 0.6000000238
10461  18.629  -67.620  -13.310 0.6999999881
10462  17.998  -67.919  -12.961 0.6999999881
10522  21.480  -67.753  -18.975 0.6000000238
10534  20.897  -67.172  -19.018 0.6000000238
10535  20.040  -67.495  -18.927 0.6000000238
10544  18.408  -67.614  -20.282 0.5000000000
10554  21.565  -67.579  -20.757 0.6000000238
10558  15.844  -67.452  -22.005 0.6000000238
10571  21.215  -67.942  -21.515 0.6000000238
10585  17.180  -66.800  -24.381 0.6000000238
10595  16.950  -67.758  -24.755 0.6000000238
10603  16.881  -67.323  -25.197 0.6000000238
11046  18.419  -66.817  -12.615 0.6000000238
11063  19.662  -66.662  -13.350 0.4000000060
11064  14.051  -66.089  -13.028 0.6999999881
11074  19.515  -67.086  -14.164 0.6999999881
11075  19.039  -67.067  -15.323 0.6000000238
11082  20.435  -66.117  -15.050 0.5000000000
11095  17.891  -66.761  -16.662 0.8000000119
11122  15.176  -67.247  -18.885 0.6000000238
11132  21.232  -66.020  -19.864 0.6999999881
11147  21.504  -66.300  -20.125 0.6000000238
11150  16.098  -65.853  -21.381 0.6000000238
11158  21.486  -66.593  -20.652 0.6999999881
11181  17.229  -66.038  -24.438 0.6000000238
11191  17.024  -66.543  -24.819 0.6000000238
11199  19.583  -66.084  -25.501 0.5000000000
11201  17.331  -66.675  -25.210 0.6000000238
11669  16.793  -66.179  -12.455 0.6999999881
11680  15.263  -65.112  -12.999 0.6999999881
11687  21.313  -65.254  -14.497 0.3000000119
11711  19.934  -65.401  -16.436 0.6000000238
11730  17.011  -64.919  -18.189 0.6000000238
11731  16.096  -65.175  -18.609 0.8000000119
11732  15.360  -65.502  -19.024 0.6999999881
11740  20.997  -65.318  -20.190 0.6999999881
11741  19.616  -65.701  -19.806 0.6999999881
11743  15.186  -64.978  -19.820 0.5000000000
11764  21.322  -65.729  -20.682 0.6999999881
11783  19.838  -65.258  -22.885 0.5000000000
11784  18.733  -65.153  -23.671 0.6999999881
11797  17.437  -65.651  -24.730 0.5000000000
11809  18.631  -65.474  -25.272 0.5000000000
12311  12.233  -64.148  -11.547 0.5000000000
12323  15.537  -64.386  -13.253 0.5000000000
12331  21.725  -64.742  -14.197 0.3000000119
12333  13.102  -64.721  -14.867 0.6999999881
12336  11.019  -63.969  -15.209 0.6000000238
12347  21.770  -64.897  -15.038 0.4000000060
12351  11.393  -64.873  -15.318 0.6000000238
12352  11.063  -64.362  -15.542 0.6000000238
12371  18.743  -64.379  -17.685 0.5000000000
12397  21.103  -65.023  -20.745 0.6000000238
12413  20.700  -64.438  -21.410 0.6000000238
12414  16.016  -63.140  -21.979 0.5000000000
12415  15.511  -63.489  -21.550 0.5000000000
12416  15.141  -63.359  -21.309 0.5000000000
12448  21.686  -64.586  -24.947 0.5000000000
12450  17.981  -65.023  -24.678 0.5000000000
12458  20.989  -64.116  -25.276 0.5000000000
12460  18.944  -64.693  -25.123 0.5000000000
12968  19.481  -63.862  -12.619 0.4000000060
12969  18.676  -64.033  -12.623 0.4000000060
12970  17.805  -64.082  -12.743 0.4000000060
12980  17.345  -63.376  -13.193 0.4000000060
12981  16.494  -63.452  -13.381 0.4000000060
12982  15.732  -63.686  -13.514 0.5000000000
12983  15.133  -63.974  -13.616 0.5000000000
13054  16.872  -62.490  -18.933 0.6000000238
13055  16.038  -63.140  -19.056 0.6000000238
13068  14.813  -63.197  -20.358 0.6000000238
13078  19.159  -63.313  -21.463 0.5000000000
13126  20.011  -63.031  -24.549 0.5000000000
13137  19.373  -63.974  -24.928 0.5000000000
13719  8.256  -62.095  -17.422 0.5000000000
13731  8.821  -62.841  -18.091 0.6000000238
13745  10.352  -62.895  -19.290 0.5000000000
13762  15.352  -62.418  -20.577 0.5000000000
13778  15.723  -61.875  -21.419 0.5000000000
13789  16.488  -61.446  -22.823 0.5000000000
13791  15.537  -62.363  -21.573 0.5000000000
14411  7.067  -60.873  -17.038 0.6000000238
14422  7.515  -61.400  -17.186 0.6000000238
14428  9.722  -62.559  -19.661 0.5000000000
14429  7.723  -61.313  -17.729 0.5000000000
14430  7.017  -60.696  -17.102 0.5000000000
14441  11.079  -61.820  -20.951 0.5000000000
14442  10.200  -61.889  -20.331 0.5000000000
14456  11.533  -61.388  -21.296 0.4000000060
15083  15.847  -60.714  -14.668 0.3000000119
15111  8.624  -60.742  -16.517 0.6000000238
15113  6.821  -60.236  -17.051 0.5000000000
15132  8.538  -61.026  -18.839 0.4000000060
15144  10.274  -61.172  -20.414 0.5000000000
15156  12.236  -61.051  -21.416 0.4000000060
15164  12.788  -59.864  -21.412 0.3000000119
15165  12.281  -60.388  -21.418 0.3000000119
15793  16.900  -59.633  -14.608 0.3000000119
15821  8.508  -59.859  -16.373 0.6000000238
15822  7.966  -59.199  -16.552 0.6000000238
15832  6.902  -59.759  -17.036 0.6000000238
15843  8.820  -59.856  -18.586 0.4000000060
15863  12.388  -59.640  -21.283 0.3000000119
16531  10.190  -58.658  -15.575 0.5000000000
16548  7.205  -58.939  -17.054 0.5000000000
16558  8.068  -58.969  -17.935 0.4000000060
16566  11.250  -59.024  -19.603 0.3000000119
16578  11.769  -59.233  -20.758 0.3000000119
17236  10.969  -57.475  -15.290 0.3000000119
17247  7.743  -58.336  -17.038 0.5000000000
18014  9.043  -56.965  -17.230 0.4000000060
18756  11.768  -55.174  -14.661 0.4000000060
18791  10.030  -56.121  -17.275 0.3000000119
105928  9.046  -57.529  -15.991 0.4000000060
105930  9.904  -55.706  -16.140 0.4000000060
105932  10.334  -55.071  -15.958 0.3000000119
105933  10.144  -55.497  -16.332 0.4000000060
106368  7.816  -58.544  -16.767 0.6000000238
106485  8.572  -57.734  -16.407 0.5000000000
106794  24.332  -87.648  -18.132 0.4000000060
106854  19.047  -77.369  -26.307 0.6000000238
107184  18.894  -83.801  -2.824 0.3000000119
107837  15.657  -65.541  -20.968 0.6000000238
108528  26.774  -82.162  -24.717 0.6000000238
108668  16.847  -89.710  -3.141 0.4000000060
108688  29.984  -81.294  -6.214 0.3000000119
108716  17.665  -79.952  -23.050 0.6000000238
108927  16.004  -76.100  -24.607 0.8000000119
109420  14.881  -64.335  -20.448 0.5000000000
109917  26.767  -85.270  1.941 0.4000000060
110655  21.113  -73.679  -26.443 0.5000000000
110682  17.109  -87.906  -5.515 0.5000000000
110769  27.726  -84.944  -11.941 0.4000000060
111076  15.794  -76.970  -24.534 0.8999999762
111224  23.437  -83.863  -15.304 0.6000000238
111306  15.571  -67.033  -12.452 0.8000000119
111439  25.719  -83.944  -21.640 0.6000000238
111658  18.720  -66.823  -23.656 0.6000000238
111900  19.048  -71.862  -23.704 0.5000000000
111907  25.716  -88.426  -10.751 0.3000000119
111920  17.463  -73.883  -17.942 0.6000000238
112232  20.009  -64.340  -12.574 0.4000000060
112359  17.549  -79.276  -18.079 0.6000000238
113216  19.448  -66.957  -25.585 0.5000000000
113959  25.654  -87.188  -22.379 0.6000000238
114065  28.187  -88.318  -10.041 0.5000000000
114261  14.751  -68.160  -12.464 0.6000000238
114365  15.990  -78.138  -24.258 0.6999999881
114531  26.824  -81.723  -23.036 0.6999999881
115199  25.426  -86.506  -10.675 0.4000000060
115273  14.433  -63.297  -14.462 0.6000000238
115513  21.587  -75.533  -25.494 0.5000000000
115686  25.031  -82.527  -25.622 0.5000000000
115884  24.916  -85.652  -25.139 0.5000000000
116385  20.654  -66.748  -22.072 0.6999999881
116503  27.845  -83.827  -13.108 0.5000000000
116797  15.751  -76.032  -25.617 0.6999999881
116818  29.812  -84.978  -9.067 0.4000000060
117004  8.206  -61.666  -18.605 0.5000000000
117151  17.398  -76.279  -26.701 0.6000000238
117209  15.572  -62.209  -14.295 0.3000000119
117325  12.542  -63.450  -16.463 0.5000000000
117377  29.121  -87.285  -2.673 0.4000000060
117460  19.647  -81.512  -25.934 0.6999999881
117600  23.779  -79.619  -23.849 0.6000000238
117822  30.518  -86.444  -11.025 0.4000000060
118027  27.188  -85.851  -12.270 0.4000000060
118108  20.812  -87.296  -0.898 0.3000000119
118347  26.881  -87.180  -9.005 0.3000000119
118466  20.447  -84.134  -6.026 0.3000000119
118668  17.584  -79.826  -20.805 0.6000000238
119013  23.307  -83.850  -16.823 0.6999999881
119279  18.656  -72.138  -17.949 0.6000000238
119369  11.587  -61.960  -20.433 0.4000000060
119844  11.455  -65.035  -14.779 0.6000000238
120047  27.953  -85.809  -11.871 0.4000000060
120860  10.535  -54.833  -16.109 0.3000000119
121418  31.450  -86.214  -2.428 0.3000000119
121666  16.407  -79.848  -26.972 0.8999999762
122249  21.160  -72.508  -18.285 0.6000000238
122273  12.074  -65.037  -12.130 0.5000000000
122364  13.322  -68.392  -12.450 0.6999999881
122412  10.895  -64.272  -16.105 0.6999999881
122594  13.945  -90.136  -6.360 0.4000000060
122734  20.607  -65.753  -19.739 0.6999999881
122789  16.182  -73.281  -25.858 0.5000000000
123469  20.668  -73.910  -18.375 0.5000000000
123549  25.999  -86.409  -23.738 0.5000000000
124071  21.399  -71.911  -18.774 0.6000000238
124100  17.656  -87.584  -5.341 0.4000000060
124109  27.771  -87.531  -6.526 0.3000000119
124320  21.444  -76.097  -24.908 0.6000000238
124369  28.555  -87.541  -4.845 0.3000000119
124391  17.061  -67.899  -25.491 0.5000000000
124508  22.311  -77.280  -23.115 0.5000000000
125012  18.078  -75.707  -17.289 0.5000000000
125037  35.714  -82.536  -8.985 0.3000000119
125149  21.485  -70.450  -20.573 0.6000000238
125782  21.791  -68.475  -18.985 0.6000000238
125814  19.025  -79.082  -18.999 0.5000000000
125831  10.720  -70.681  -14.537 0.6000000238
126009  14.230  -88.009  -3.996 0.5000000000
126364  17.697  -62.914  -18.598 0.5000000000
126477  20.935  -73.103  -18.055 0.6000000238
126743  21.928  -68.879  -19.017 0.6000000238
126751  10.298  -56.880  -15.548 0.4000000060
126814  29.845  -82.873  -4.532 0.3000000119
126820  16.392  -80.062  -25.878 0.8000000119
126854  21.225  -85.179  -4.524 0.4000000060
126883  23.593  -84.525  -15.185 0.6000000238
127047  33.193  -81.172  -7.850 0.3000000119
127316  22.236  -80.318  -25.563 0.6999999881
127373  17.870  -65.326  -12.460 0.5000000000
127919  31.904  -86.484  -4.651 0.3000000119
127951  20.061  -66.241  -19.469 0.6999999881
128437  18.562  -66.497  -16.419 0.6999999881
128469  28.360  -87.597  -6.800 0.4000000060
128487  21.773  -81.112  -26.908 0.6999999881
128585  14.533  -70.528  -14.108 0.6000000238
