#!ascii label  , from subject sub-v2s8x29198_ses-1 vox2ras=TkReg
1944
122458  33.348  -51.720  -28.561 0.6000000238
28504  33.575  -52.249  -27.079 0.5000000000
31050  34.145  -49.468  -28.956 0.6999999881
32016  34.474  -48.599  -29.123 0.6000000238
31061  34.579  -49.393  -29.727 0.6000000238
32015  35.001  -48.085  -29.761 0.6000000238
30158  33.667  -50.326  -27.967 0.6999999881
30157  33.857  -50.196  -28.741 0.6000000238
30170  34.266  -50.242  -29.620 0.5000000000
30187  34.657  -50.616  -30.422 0.5000000000
31060  35.091  -49.384  -30.386 0.6000000238
32022  35.463  -48.604  -30.545 0.6000000238
30148  33.843  -50.686  -27.300 0.5000000000
28514  33.324  -51.934  -27.658 0.5000000000
29322  33.697  -51.720  -29.552 0.6000000238
33050  35.516  -47.649  -30.367 0.6000000238
27638  34.110  -53.069  -26.686 0.5000000000
27637  34.978  -53.026  -26.635 0.5000000000
126781  34.732  -46.012  -27.658 0.6000000238
35023  34.971  -46.104  -28.478 0.6999999881
31976  34.509  -48.102  -26.609 0.6000000238
122599  34.109  -48.367  -27.355 0.6999999881
129217  34.440  -47.317  -28.209 0.6000000238
34031  34.787  -46.869  -28.766 0.6000000238
33040  35.125  -47.216  -29.592 0.6000000238
31026  33.921  -49.945  -27.323 0.6000000238
31035  33.846  -49.630  -28.108 0.6999999881
30141  34.213  -51.059  -26.804 0.5000000000
31018  34.386  -49.623  -26.705 0.5000000000
33049  36.067  -47.180  -30.950 0.6000000238
28496  33.968  -52.377  -26.749 0.5000000000
28495  34.623  -52.361  -26.600 0.5000000000
34045  36.790  -46.653  -31.428 0.6000000238
35034  37.215  -45.763  -31.569 0.6999999881
33057  37.576  -47.339  -31.908 0.6000000238
35043  38.102  -45.718  -32.108 0.6999999881
127345  38.287  -47.089  -32.311 0.6000000238
34051  38.663  -46.474  -32.469 0.6000000238
33064  40.511  -47.283  -33.790 0.6000000238
34050  39.781  -46.570  -33.210 0.6000000238
129752  37.789  -44.979  -33.852 0.5000000000
137089  35.804  -44.375  -32.941 0.6999999881
35051  36.904  -45.167  -33.544 0.6000000238
122423  35.215  -44.032  -32.636 0.8000000119
35044  35.455  -45.536  -32.905 0.6999999881
35974  35.096  -44.791  -27.493 0.6000000238
35015  35.032  -45.394  -28.058 0.6999999881
33006  34.777  -47.207  -26.406 0.6999999881
33016  34.306  -47.415  -27.283 0.6999999881
34008  34.599  -46.387  -26.858 0.6000000238
34030  35.264  -46.251  -29.461 0.6999999881
35014  35.258  -45.390  -28.993 0.6999999881
31975  34.978  -48.954  -26.246 0.6000000238
33995  35.449  -47.098  -25.869 0.6000000238
35996  35.474  -44.658  -29.467 0.8000000119
143091  36.482  -49.101  -25.979 0.5000000000
31974  35.895  -48.695  -25.842 0.5000000000
36004  35.706  -44.787  -30.151 0.8000000119
34038  36.059  -46.302  -30.814 0.6000000238
31016  35.990  -49.713  -26.023 0.5000000000
31017  35.058  -49.863  -26.327 0.5000000000
36003  36.217  -44.518  -30.658 0.8000000119
35035  36.514  -45.826  -31.173 0.6000000238
28494  35.984  -52.172  -26.564 0.5000000000
37063  36.893  -44.136  -31.217 0.8000000119
36012  37.663  -44.819  -31.699 0.8000000119
36011  38.614  -44.244  -32.199 0.6999999881
36021  38.539  -45.046  -32.292 0.6999999881
36019  40.847  -44.463  -33.652 0.6999999881
37069  39.834  -43.849  -32.725 0.6999999881
35042  39.290  -45.710  -32.742 0.6999999881
37078  41.335  -43.732  -34.083 0.6000000238
126409  40.244  -45.293  -33.391 0.6000000238
37084  40.772  -43.993  -34.467 0.6999999881
36030  40.964  -44.924  -34.342 0.6999999881
35048  40.959  -45.426  -34.123 0.6000000238
36027  38.261  -44.413  -34.032 0.6999999881
35054  39.908  -45.300  -34.589 0.6000000238
36029  36.467  -44.372  -33.290 0.8000000119
36028  37.326  -44.389  -33.621 0.8000000119
35049  38.737  -45.149  -34.324 0.6000000238
37082  36.037  -43.652  -32.961 0.8999999762
36024  33.743  -44.615  -31.977 0.6999999881
37071  35.263  -43.213  -32.564 0.8000000119
35045  34.712  -45.322  -32.550 0.6999999881
37010  35.190  -44.195  -26.809 0.6000000238
35973  35.229  -44.090  -27.738 0.6999999881
38027  35.376  -42.456  -27.131 0.6999999881
35960  35.040  -45.004  -26.733 0.6000000238
38040  35.454  -42.753  -28.107 0.6000000238
33986  36.104  -45.590  -25.596 0.4000000060
33996  35.117  -46.342  -26.131 0.6000000238
34988  35.015  -45.608  -26.401 0.6000000238
37041  35.377  -43.591  -28.345 0.6999999881
137617  35.744  -46.285  -25.709 0.6000000238
37048  35.511  -43.841  -29.199 0.8000000119
31973  36.989  -48.553  -26.045 0.4000000060
33004  36.128  -47.830  -25.756 0.5000000000
33005  35.209  -47.969  -26.050 0.6000000238
37047  35.942  -43.297  -29.754 0.8000000119
31015  37.097  -49.417  -26.234 0.5000000000
37055  36.392  -43.665  -30.524 0.8000000119
30147  37.083  -50.261  -26.384 0.4000000060
37062  37.833  -43.734  -31.606 0.8000000119
29284  36.983  -51.130  -26.553 0.5000000000
37061  38.920  -43.283  -32.079 0.8000000119
38069  40.860  -42.356  -33.372 0.8000000119
38070  40.149  -42.878  -32.579 0.6999999881
38063  38.145  -42.765  -31.435 0.8000000119
37083  41.171  -43.208  -34.285 0.8000000119
37068  40.899  -43.356  -33.450 0.6999999881
132544  40.121  -41.551  -34.199 0.8999999762
38085  40.534  -43.091  -34.441 0.8999999762
37067  41.367  -43.038  -33.947 0.6999999881
37079  38.731  -43.037  -34.075 0.8999999762
127850  41.260  -43.906  -34.194 0.6999999881
36032  39.507  -44.437  -34.464 0.6000000238
37081  36.672  -42.900  -33.188 0.8999999762
37080  37.685  -42.913  -33.603 0.8999999762
139809  33.399  -43.548  -31.493 0.8000000119
36005  32.971  -43.927  -30.832 0.8000000119
37073  33.832  -43.961  -31.973 0.8000000119
36014  33.330  -44.339  -31.536 0.8000000119
37072  34.499  -43.597  -32.294 0.8000000119
36023  34.443  -44.503  -32.347 0.6999999881
38008  35.424  -42.594  -26.262 0.6999999881
39011  35.555  -41.769  -26.347 0.6000000238
126074  35.431  -43.985  -25.975 0.6000000238
134825  35.572  -43.174  -25.783 0.5000000000
39046  35.620  -41.924  -27.949 0.6999999881
35944  36.884  -44.441  -25.425 0.4000000060
35945  36.136  -44.415  -25.497 0.5000000000
36996  35.842  -43.805  -25.572 0.6000000238
38039  35.844  -42.252  -28.703 0.6999999881
34975  37.052  -45.575  -25.732 0.5000000000
38047  36.209  -42.517  -29.455 0.6999999881
144499  38.690  -45.836  -26.624 0.5000000000
33994  36.378  -46.979  -25.751 0.6000000238
33015  38.808  -47.743  -26.920 0.4000000060
33002  38.152  -47.252  -26.525 0.4000000060
39061  37.956  -41.518  -30.216 0.8000000119
38054  37.497  -42.356  -30.694 0.8000000119
31983  38.711  -48.571  -26.904 0.4000000060
38053  38.543  -41.841  -31.073 0.8000000119
37054  37.140  -43.215  -31.037 0.8000000119
31025  37.967  -49.838  -26.664 0.3000000119
39066  40.132  -40.892  -32.342 0.8000000119
38062  39.449  -42.269  -31.914 0.8000000119
130666  40.300  -40.693  -33.443 0.8000000119
129519  40.295  -42.249  -32.519 0.8000000119
39080  39.785  -40.748  -34.108 0.8999999762
39079  40.977  -42.287  -34.095 0.8999999762
38079  38.881  -41.958  -33.921 0.8999999762
39081  38.207  -41.167  -33.627 0.8999999762
38080  37.404  -42.099  -33.418 0.8999999762
37058  32.807  -43.963  -29.778 0.8000000119
38071  36.332  -42.069  -32.875 0.8999999762
37070  35.938  -42.868  -32.796 0.8999999762
37064  33.892  -43.192  -31.917 0.8000000119
38072  35.408  -42.360  -32.513 0.8000000119
37997  35.726  -42.388  -25.585 0.6000000238
40032  35.888  -40.913  -26.059 0.6000000238
37996  36.329  -42.189  -24.840 0.6000000238
36993  38.409  -43.411  -25.374 0.4000000060
36994  37.459  -43.432  -25.051 0.4000000060
37995  36.825  -42.938  -24.783 0.4000000060
126779  36.099  -43.034  -25.260 0.5000000000
39045  36.110  -41.612  -28.479 0.6999999881
35943  37.758  -44.137  -25.485 0.4000000060
39054  36.493  -41.761  -29.135 0.6999999881
35956  39.468  -44.617  -26.603 0.5000000000
35957  38.490  -44.785  -26.134 0.4000000060
38046  36.956  -41.993  -29.905 0.6999999881
39052  38.392  -40.790  -29.771 0.8000000119
39053  37.437  -41.160  -29.396 0.8000000119
40092  39.661  -40.347  -31.683 0.8000000119
39060  39.020  -40.928  -30.516 0.8000000119
40105  40.144  -39.930  -33.968 0.8000000119
41044  39.832  -39.012  -34.152 0.8999999762
124114  40.360  -41.204  -33.928 0.8999999762
40107  38.900  -40.021  -33.863 0.8999999762
39082  37.071  -41.446  -33.243 0.8999999762
39074  36.397  -41.112  -32.777 1.0000000000
129804  32.799  -42.981  -30.065 0.8000000119
39075  35.618  -41.494  -32.453 1.0000000000
37057  33.132  -42.948  -30.971 0.8000000119
39076  34.871  -41.734  -32.177 1.0000000000
38064  34.539  -42.646  -32.191 0.8000000119
38065  33.858  -42.439  -31.717 0.8000000119
40031  36.144  -40.740  -25.264 0.6000000238
40046  36.254  -40.242  -25.840 0.6000000238
40016  36.777  -40.914  -23.962 0.6000000238
40985  36.584  -39.451  -26.141 0.6999999881
38994  38.575  -42.250  -24.679 0.4000000060
37982  37.830  -41.978  -24.275 0.4000000060
37983  37.055  -42.221  -24.387 0.4000000060
40074  37.090  -40.338  -28.209 0.6999999881
38007  40.105  -43.348  -26.321 0.5000000000
37992  39.970  -42.570  -25.695 0.4000000060
136781  37.488  -40.580  -28.811 0.8000000119
40086  38.931  -40.118  -29.791 0.8000000119
41010  38.149  -39.145  -28.574 0.8000000119
142974  38.843  -39.279  -31.374 0.8000000119
40085  39.364  -40.246  -30.691 0.8000000119
41037  39.997  -38.629  -33.648 0.8000000119
40098  39.940  -40.219  -32.878 0.8000000119
40106  40.039  -39.772  -34.057 0.8999999762
40100  37.400  -40.653  -33.328 0.8999999762
41045  38.919  -39.168  -34.030 0.8999999762
133481  36.557  -40.280  -32.785 1.0000000000
40101  35.738  -40.703  -32.377 1.0000000000
40102  35.142  -41.042  -32.128 1.0000000000
38056  33.322  -42.239  -31.227 0.8000000119
129233  34.469  -41.053  -31.736 1.0000000000
39068  33.746  -41.612  -31.446 0.8000000119
39067  34.280  -41.891  -31.859 0.8000000119
127121  37.175  -40.172  -23.307 0.6000000238
38995  36.357  -41.311  -24.674 0.6000000238
40967  36.386  -39.775  -25.098 0.6000000238
40999  36.932  -39.372  -27.036 0.6999999881
41944  36.972  -38.574  -26.607 0.6999999881
38978  38.705  -41.649  -24.373 0.4000000060
38961  37.896  -41.326  -23.827 0.5000000000
38979  37.200  -41.519  -24.034 0.5000000000
40063  37.561  -39.422  -27.865 0.8000000119
41954  37.405  -38.596  -27.447 0.8000000119
37993  38.957  -42.718  -25.238 0.4000000060
40080  37.963  -39.887  -28.580 0.8000000119
38992  40.779  -41.194  -25.588 0.4000000060
133141  40.158  -41.668  -25.341 0.4000000060
41976  38.615  -39.221  -30.097 0.8000000119
41009  38.375  -39.118  -29.288 0.8000000119
41028  39.377  -39.311  -32.466 0.8000000119
42022  39.537  -38.399  -34.204 0.8999999762
121176  39.987  -37.606  -34.213 0.8000000119
40099  37.702  -39.740  -33.493 1.0000000000
41039  36.689  -39.331  -32.858 1.0000000000
42015  37.415  -38.204  -33.451 1.0000000000
144118  35.878  -40.024  -32.369 1.0000000000
41031  34.074  -39.675  -31.246 1.0000000000
39062  33.168  -41.421  -30.895 0.8999999762
133180  32.753  -42.593  -29.129 0.8000000119
39055  32.734  -41.323  -29.167 0.8999999762
40087  33.687  -40.615  -31.186 1.0000000000
40088  33.012  -40.573  -30.479 1.0000000000
39063  32.778  -41.340  -30.170 1.0000000000
42004  33.795  -38.914  -30.903 1.0000000000
128772  33.399  -38.143  -30.608 1.0000000000
41992  33.093  -38.921  -30.369 1.0000000000
41993  32.570  -38.771  -29.858 1.0000000000
136892  32.885  -37.553  -30.352 1.0000000000
42924  32.663  -38.187  -30.127 1.0000000000
41913  36.507  -38.905  -24.569 0.6999999881
122548  36.646  -38.712  -25.635 0.6999999881
42874  36.559  -37.500  -24.395 0.6999999881
40935  36.887  -39.388  -23.174 0.6000000238
41900  36.612  -38.831  -23.589 0.6000000238
137199  37.824  -39.942  -22.979 0.6000000238
40015  38.751  -40.978  -23.855 0.5000000000
136551  36.759  -37.412  -26.806 0.8000000119
40013  40.137  -40.480  -24.553 0.4000000060
119922  37.810  -38.682  -28.087 0.8000000119
41965  37.821  -38.566  -28.776 0.8000000119
41977  37.946  -38.776  -29.870 0.8000000119
136432  38.213  -38.086  -31.736 0.8000000119
41990  38.100  -38.697  -31.239 0.8000000119
42013  40.139  -37.845  -34.053 0.6999999881
42001  39.447  -38.234  -32.811 0.8000000119
42014  38.961  -37.777  -34.143 0.8999999762
42939  40.147  -36.825  -34.049 0.8000000119
42947  39.584  -36.818  -34.206 1.0000000000
42940  38.164  -37.116  -33.806 1.0000000000
42016  36.129  -38.593  -32.527 1.0000000000
42941  36.662  -37.579  -33.019 1.0000000000
141708  35.994  -37.136  -32.577 1.0000000000
125886  35.224  -38.812  -31.879 1.0000000000
42931  35.751  -36.436  -32.485 1.0000000000
42002  35.577  -37.967  -32.265 1.0000000000
123224  34.340  -37.011  -31.375 1.0000000000
42933  34.212  -37.985  -31.211 1.0000000000
40081  32.695  -40.576  -29.651 1.0000000000
40075  32.623  -40.647  -28.704 1.0000000000
42923  33.537  -37.142  -30.819 1.0000000000
41026  32.722  -39.654  -29.996 1.0000000000
41018  32.358  -39.007  -29.258 1.0000000000
41979  32.075  -38.121  -29.421 1.0000000000
43800  31.915  -36.776  -29.645 1.0000000000
42916  31.647  -37.257  -29.271 1.0000000000
42861  36.643  -37.864  -23.401 0.6999999881
42885  36.600  -37.216  -25.343 0.6999999881
144785  38.119  -38.001  -22.354 0.5000000000
42860  37.027  -37.733  -22.739 0.6999999881
42897  36.796  -37.798  -26.145 0.6999999881
40934  37.393  -39.322  -22.853 0.6000000238
40932  39.313  -39.198  -23.161 0.5000000000
40933  38.254  -39.275  -22.741 0.5000000000
42903  36.769  -37.493  -27.507 0.8000000119
42909  36.604  -37.564  -28.373 0.8000000119
42913  36.414  -37.639  -29.360 0.6999999881
42922  36.665  -37.550  -30.436 0.8000000119
42921  37.790  -37.211  -31.597 0.8000000119
41991  37.372  -38.163  -30.826 0.8000000119
42929  39.801  -36.160  -33.639 0.6999999881
42930  39.436  -37.045  -32.850 0.6999999881
43829  39.550  -35.876  -33.923 0.8999999762
44678  38.870  -34.709  -33.281 0.8000000119
45615  38.429  -33.925  -33.115 0.8000000119
46614  37.635  -33.260  -33.177 0.8000000119
43830  38.606  -35.341  -33.767 0.8999999762
44699  38.293  -34.478  -33.522 0.8000000119
45630  38.131  -33.865  -33.375 0.8000000119
43822  37.209  -36.270  -33.387 1.0000000000
44689  37.414  -34.972  -33.470 0.8999999762
45625  37.583  -33.942  -33.439 0.8999999762
43823  36.225  -35.584  -32.817 0.8999999762
42932  35.086  -37.325  -31.830 1.0000000000
133831  34.901  -38.231  -31.658 1.0000000000
43817  34.001  -36.281  -31.295 1.0000000000
43810  33.250  -36.115  -30.778 1.0000000000
41980  31.486  -37.738  -28.763 1.0000000000
44670  33.110  -35.261  -30.833 1.0000000000
43811  32.563  -36.700  -30.257 1.0000000000
127987  32.502  -35.706  -30.345 1.0000000000
44672  31.813  -35.259  -29.611 1.0000000000
43793  31.506  -36.373  -28.627 1.0000000000
43728  37.343  -36.938  -22.563 0.6999999881
43739  36.808  -37.036  -23.058 0.6999999881
43740  36.604  -37.050  -23.771 0.6999999881
43752  36.509  -36.695  -24.551 0.6999999881
43727  38.073  -36.805  -22.151 0.6000000238
43776  36.501  -36.871  -26.234 0.6999999881
41888  38.825  -38.290  -22.548 0.5000000000
43784  36.351  -36.910  -27.129 0.6999999881
41898  39.929  -38.395  -23.208 0.5000000000
43791  36.030  -37.049  -27.997 0.8000000119
42910  35.802  -37.120  -28.947 0.6999999881
42914  35.896  -37.035  -29.929 0.6999999881
43808  36.684  -36.649  -30.874 0.6999999881
43815  38.091  -35.902  -32.043 0.6999999881
43814  39.189  -35.387  -33.090 0.6999999881
126727  39.107  -36.246  -32.744 0.6999999881
45616  37.867  -33.682  -32.656 0.8000000119
46601  36.868  -33.137  -31.833 0.8000000119
119948  36.775  -32.362  -32.382 0.8000000119
46607  37.831  -33.096  -32.967 0.8000000119
119889  36.984  -32.600  -32.726 0.8000000119
44690  36.479  -34.515  -33.077 1.0000000000
45626  36.819  -33.385  -33.238 0.8999999762
46615  36.715  -32.564  -32.866 0.8000000119
45627  35.857  -33.170  -32.635 1.0000000000
46616  35.850  -32.418  -32.547 0.8000000119
43816  34.916  -36.259  -31.837 1.0000000000
44680  35.346  -35.262  -32.366 1.0000000000
44681  34.429  -35.504  -31.638 1.0000000000
44682  33.883  -34.772  -31.392 1.0000000000
45610  32.318  -34.129  -30.315 1.0000000000
144597  31.403  -37.579  -28.338 1.0000000000
42904  31.430  -37.809  -27.666 1.0000000000
45611  31.994  -34.668  -29.974 1.0000000000
45604  31.939  -34.641  -29.577 1.0000000000
141718  31.721  -35.162  -29.225 1.0000000000
44653  32.366  -34.720  -28.238 1.0000000000
139687  37.011  -36.359  -22.819 0.6999999881
44593  36.654  -36.241  -23.623 0.6999999881
44605  36.392  -35.808  -24.614 0.6000000238
44632  36.003  -36.150  -26.039 0.6000000238
43777  35.856  -36.287  -26.784 0.6000000238
43785  35.691  -36.433  -27.633 0.6999999881
43799  35.506  -36.421  -29.358 0.6999999881
43792  35.538  -36.496  -28.463 0.6999999881
43809  35.848  -36.164  -30.285 0.6999999881
44668  36.812  -35.538  -31.277 0.6999999881
45608  35.878  -34.203  -30.626 0.8000000119
45607  36.907  -34.374  -31.559 0.8000000119
47600  36.421  -31.723  -31.531 0.8000000119
47604  36.468  -31.777  -32.311 0.8000000119
47609  36.147  -31.809  -32.502 0.8000000119
46608  34.757  -32.951  -31.865 0.8000000119
47610  35.178  -31.998  -32.129 0.8000000119
45618  33.649  -33.709  -31.301 1.0000000000
46609  33.737  -32.889  -31.345 1.0000000000
47605  34.104  -32.230  -31.559 0.6999999881
47606  33.360  -32.401  -31.097 0.8999999762
45619  32.796  -33.710  -30.717 1.0000000000
46603  32.382  -33.254  -30.279 1.0000000000
47595  32.537  -32.484  -29.633 1.0000000000
42899  31.555  -38.014  -26.703 1.0000000000
46597  32.027  -33.978  -29.965 1.0000000000
45597  32.402  -34.030  -28.655 1.0000000000
43786  32.140  -36.278  -27.536 1.0000000000
43779  31.845  -37.263  -27.142 1.0000000000
44645  31.828  -35.465  -28.582 1.0000000000
45591  35.435  -34.932  -27.259 0.6000000238
45596  35.285  -35.191  -28.225 0.6999999881
137595  35.391  -34.891  -29.974 0.6999999881
132341  35.259  -35.043  -29.237 0.6999999881
47601  36.266  -32.448  -31.050 0.6999999881
48607  36.333  -31.147  -32.216 0.6999999881
48608  36.147  -31.136  -32.385 0.6999999881
48609  35.500  -31.189  -32.252 0.6999999881
49692  33.752  -30.630  -31.393 0.8000000119
49696  34.727  -30.505  -31.882 0.6999999881
47607  32.822  -32.219  -30.535 0.8999999762
47602  32.374  -32.623  -30.098 1.0000000000
48600  32.800  -31.663  -29.788 1.0000000000
42898  32.159  -37.450  -26.095 1.0000000000
46591  32.466  -33.300  -29.136 1.0000000000
144189  32.606  -34.717  -27.651 1.0000000000
45548  36.677  -34.303  -23.971 0.6000000238
45559  36.308  -34.791  -24.845 0.6000000238
44619  35.924  -34.732  -25.779 0.6000000238
45584  36.041  -33.955  -26.043 0.6000000238
44633  35.664  -35.448  -26.454 0.6000000238
46573  35.936  -33.730  -26.736 0.6000000238
123738  35.427  -34.330  -27.878 0.6000000238
131632  35.307  -34.358  -28.824 0.6000000238
45602  35.358  -34.271  -29.749 0.6000000238
46595  35.455  -33.575  -29.381 0.6999999881
121021  36.235  -32.019  -30.359 0.6999999881
48602  36.371  -31.293  -30.705 0.6999999881
48604  36.445  -31.100  -31.818 0.6999999881
50670  36.288  -29.926  -32.096 0.6999999881
50671  36.024  -29.570  -32.234 0.6999999881
49695  35.753  -30.407  -32.278 0.6999999881
56992  39.170  -22.572  -27.799 0.3000000119
132398  33.972  -29.763  -31.573 0.6999999881
50672  34.969  -29.644  -31.981 0.6999999881
57954  39.690  -21.303  -28.147 0.3000000119
50669  33.384  -29.888  -31.142 0.8000000119
40954  29.801  -40.117  -24.495 0.8999999762
48603  32.890  -31.392  -30.339 1.0000000000
41929  30.981  -39.269  -24.944 1.0000000000
42887  31.737  -38.183  -25.528 1.0000000000
129595  31.288  -38.869  -25.455 1.0000000000
47589  32.902  -32.657  -28.698 1.0000000000
45592  33.174  -34.026  -26.817 1.0000000000
45593  32.762  -34.136  -27.703 1.0000000000
44644  32.436  -35.268  -27.681 1.0000000000
140978  32.352  -36.810  -26.580 1.0000000000
45586  32.839  -34.810  -27.010 1.0000000000
46551  36.888  -33.398  -24.097 0.6000000238
45571  36.229  -34.157  -25.420 0.6000000238
46561  36.413  -33.487  -25.597 0.6000000238
46572  36.330  -33.234  -26.334 0.6000000238
47571  36.650  -32.530  -26.672 0.6000000238
47581  36.703  -32.223  -27.530 0.6999999881
46589  36.031  -32.881  -27.906 0.6999999881
46583  35.769  -33.601  -27.478 0.6000000238
47587  35.807  -32.877  -28.870 0.6999999881
51534  40.743  -28.962  -27.889 0.3000000119
51549  40.641  -29.011  -28.504 0.3000000119
47593  36.245  -32.201  -29.294 0.6999999881
49689  36.393  -30.588  -31.068 0.6999999881
56158  39.605  -23.316  -27.619 0.3000000119
133720  38.687  -23.338  -27.953 0.4000000060
57007  38.256  -22.526  -28.342 0.4000000060
57008  37.064  -22.417  -29.197 0.4000000060
40018  29.151  -40.719  -24.645 0.6999999881
40019  28.476  -40.563  -24.263 0.6999999881
59825  36.090  -19.756  -29.037 0.3000000119
57955  38.753  -21.201  -28.248 0.3000000119
140678  33.551  -29.192  -31.275 0.6999999881
41916  29.655  -39.386  -23.841 0.8999999762
139631  36.477  -19.458  -29.153 0.3000000119
57956  37.511  -20.689  -28.763 0.3000000119
49690  33.165  -30.602  -30.415 0.8000000119
41915  30.904  -38.861  -24.348 0.8999999762
58868  36.238  -20.281  -29.187 0.3000000119
129641  36.450  -21.344  -29.241 0.3000000119
49687  33.382  -30.529  -29.722 0.8000000119
48591  33.622  -31.419  -28.474 1.0000000000
42886  32.349  -37.403  -24.967 1.0000000000
140416  33.614  -32.236  -27.386 1.0000000000
134641  32.682  -36.172  -26.376 1.0000000000
43778  32.592  -36.776  -25.686 1.0000000000
46584  33.188  -33.408  -27.385 1.0000000000
44635  33.015  -35.419  -26.165 1.0000000000
141635  33.436  -33.954  -26.101 1.0000000000
44634  33.274  -34.633  -26.122 1.0000000000
45572  33.524  -34.332  -25.354 1.0000000000
47580  37.093  -31.977  -26.997 0.6999999881
48579  37.632  -31.604  -27.692 0.6999999881
51524  40.082  -29.188  -26.343 0.3000000119
50626  40.331  -29.384  -27.337 0.4000000060
48580  37.026  -31.718  -28.102 0.6999999881
48590  36.790  -31.655  -28.749 0.6999999881
48598  36.487  -31.546  -29.641 0.6999999881
50653  40.305  -29.398  -28.409 0.4000000060
52420  40.059  -28.449  -28.601 0.3000000119
130804  39.987  -29.625  -28.505 0.5000000000
126940  36.506  -29.154  -31.120 0.6999999881
137323  36.404  -29.864  -31.615 0.6999999881
50666  36.285  -29.241  -32.008 0.6999999881
54195  38.985  -25.473  -27.833 0.4000000060
53295  37.734  -26.546  -28.866 0.6000000238
132787  37.444  -25.646  -29.261 0.5000000000
50667  36.054  -28.752  -32.084 0.6999999881
55264  38.896  -24.780  -27.795 0.3000000119
51564  35.208  -28.755  -31.991 0.6999999881
56985  36.547  -21.926  -27.160 0.4000000060
55298  36.642  -23.909  -30.189 0.4000000060
50668  34.123  -28.903  -31.649 0.6999999881
131620  27.686  -40.016  -23.977 0.6999999881
57936  36.179  -21.254  -27.642 0.4000000060
56177  37.777  -23.310  -28.770 0.4000000060
56178  36.876  -23.296  -29.642 0.4000000060
40020  27.677  -40.703  -24.367 0.6000000238
58855  35.861  -20.036  -28.831 0.3000000119
58845  35.589  -20.860  -28.892 0.3000000119
58844  35.816  -20.631  -28.311 0.4000000060
56192  36.157  -23.241  -30.504 0.4000000060
50665  33.300  -29.329  -31.034 0.6999999881
51556  33.550  -28.825  -30.714 0.6999999881
131606  29.201  -40.131  -24.117 0.6999999881
57957  35.420  -21.533  -28.917 0.4000000060
57016  36.101  -22.236  -29.607 0.4000000060
57024  35.700  -23.053  -30.157 0.4000000060
50663  33.429  -29.799  -30.372 0.8000000119
58869  35.791  -20.531  -29.089 0.3000000119
57974  35.724  -21.616  -29.317 0.3000000119
57017  35.726  -22.420  -29.576 0.4000000060
50657  33.824  -29.987  -29.430 0.8000000119
42875  31.747  -37.928  -24.532 1.0000000000
49682  33.878  -30.621  -28.761 0.8999999762
48582  33.829  -31.599  -27.666 1.0000000000
44620  33.328  -35.156  -25.234 1.0000000000
46562  33.677  -33.550  -25.587 1.0000000000
46574  33.512  -33.269  -26.535 1.0000000000
47573  33.741  -32.441  -26.687 1.0000000000
44606  33.138  -35.554  -24.394 1.0000000000
46553  33.785  -33.876  -23.949 1.0000000000
45549  33.234  -34.331  -23.468 1.0000000000
48568  37.603  -31.642  -26.773 0.6000000238
48578  38.374  -31.282  -27.423 0.6000000238
48588  38.541  -31.232  -28.144 0.6999999881
49654  39.544  -30.451  -27.449 0.5000000000
49668  39.197  -30.999  -27.923 0.6000000238
48589  37.622  -31.339  -28.383 0.6999999881
50641  40.127  -30.068  -27.888 0.5000000000
49667  39.707  -30.459  -28.157 0.4000000060
48597  37.069  -31.127  -29.048 0.6999999881
135206  36.584  -30.880  -29.965 0.6999999881
49679  39.608  -30.196  -28.402 0.6000000238
130771  37.495  -30.137  -29.246 0.6999999881
51554  38.990  -29.563  -28.602 0.6000000238
49686  36.640  -30.048  -30.300 0.6999999881
52421  38.860  -27.945  -28.425 0.6000000238
52422  37.960  -27.448  -28.738 0.6000000238
51560  36.188  -28.282  -31.688 0.6999999881
53300  37.034  -26.326  -29.675 0.6000000238
52425  36.730  -27.064  -30.172 0.6000000238
56150  37.031  -23.771  -26.046 0.4000000060
55286  37.450  -24.066  -29.293 0.4000000060
54225  36.772  -25.451  -30.176 0.4000000060
53301  36.536  -26.145  -30.646 0.5000000000
130842  36.321  -26.741  -31.128 0.6000000238
51561  35.527  -27.930  -31.853 0.6999999881
133104  36.757  -22.549  -26.729 0.4000000060
132825  36.485  -24.537  -30.704 0.5000000000
51562  34.317  -27.920  -31.625 0.6999999881
136971  35.919  -21.793  -27.912 0.4000000060
56151  36.694  -23.254  -26.754 0.5000000000
55299  36.104  -23.741  -31.024 0.4000000060
55309  35.674  -23.928  -31.147 0.4000000060
51563  33.617  -28.482  -31.232 0.6999999881
41903  28.982  -38.871  -23.557 0.8999999762
40936  28.429  -39.024  -23.632 0.6999999881
58870  35.569  -21.180  -29.080 0.4000000060
56194  35.468  -23.257  -29.893 0.4000000060
51553  34.599  -28.795  -29.009 0.6999999881
50662  33.946  -29.242  -29.699 0.6999999881
57009  35.314  -22.214  -29.000 0.4000000060
41901  31.176  -38.283  -24.048 0.8999999762
49670  34.052  -31.040  -27.989 0.8999999762
42863  31.497  -37.566  -23.891 0.8999999762
44621  33.006  -36.046  -25.260 1.0000000000
42862  32.031  -37.363  -24.219 1.0000000000
48570  33.974  -31.785  -26.938 1.0000000000
43765  32.690  -36.684  -24.869 1.0000000000
47560  33.905  -32.750  -25.900 1.0000000000
44607  32.783  -36.228  -24.342 1.0000000000
44595  32.327  -36.295  -23.810 1.0000000000
47549  34.020  -33.154  -24.791 1.0000000000
47524  33.104  -32.472  -22.530 0.8999999762
47537  33.897  -32.873  -23.011 1.0000000000
46541  33.515  -33.557  -23.222 1.0000000000
45550  32.542  -34.608  -23.256 1.0000000000
44594  32.980  -35.145  -23.702 1.0000000000
46528  33.283  -33.109  -22.776 1.0000000000
46542  32.888  -33.834  -22.923 1.0000000000
123273  32.139  -33.998  -22.875 0.8999999762
47525  32.502  -32.302  -22.479 1.0000000000
47538  31.782  -32.456  -22.611 0.8999999762
49680  39.116  -30.768  -28.263 0.6000000238
49681  38.059  -30.862  -28.653 0.6999999881
50655  38.607  -30.268  -28.660 0.6999999881
50664  36.879  -29.269  -29.932 0.6999999881
50660  38.145  -28.528  -28.764 0.6000000238
51557  37.158  -28.523  -29.609 0.6999999881
52428  36.751  -27.845  -30.160 0.6000000238
52429  36.410  -27.526  -31.072 0.6000000238
140681  35.859  -26.924  -31.632 0.6000000238
132383  37.520  -22.814  -24.852 0.3000000119
52424  37.306  -27.741  -29.408 0.6000000238
128655  37.337  -27.035  -29.312 0.6000000238
56143  37.295  -23.603  -25.194 0.4000000060
53304  36.088  -26.002  -31.383 0.6000000238
53306  35.693  -25.901  -31.569 0.5000000000
52432  34.796  -27.025  -31.676 0.6000000238
55315  35.465  -24.566  -31.368 0.4000000060
52433  34.119  -27.119  -31.329 0.6000000238
55251  36.648  -24.153  -26.726 0.5000000000
55300  35.218  -23.873  -29.965 0.4000000060
56206  35.421  -23.718  -30.661 0.4000000060
124200  34.063  -27.507  -30.389 0.6000000238
55265  36.198  -24.340  -27.696 0.5000000000
56179  35.363  -23.080  -29.258 0.4000000060
56160  35.609  -23.622  -28.532 0.4000000060
130659  35.269  -24.570  -29.283 0.4000000060
41902  30.433  -38.652  -23.838 0.8999999762
123361  34.810  -29.882  -27.821 0.8999999762
50656  34.391  -29.750  -28.653 0.8000000119
42865  29.814  -37.597  -23.517 0.8999999762
42864  30.724  -37.774  -23.657 0.8999999762
126605  31.003  -36.416  -23.481 0.8999999762
43741  31.906  -36.929  -23.807 0.8999999762
47572  34.141  -32.032  -26.243 1.0000000000
46540  34.059  -33.129  -23.704 1.0000000000
122335  32.217  -35.538  -23.499 1.0000000000
48519  32.100  -31.665  -22.416 1.0000000000
48536  31.175  -31.680  -22.858 1.0000000000
137582  31.559  -33.287  -22.821 0.8999999762
132061  31.534  -30.866  -22.569 1.0000000000
49621  30.677  -30.805  -23.272 0.8999999762
50661  37.830  -29.420  -29.027 0.6999999881
57899  37.659  -21.354  -24.722 0.3000000119
55229  37.283  -24.338  -24.570 0.3000000119
53307  35.032  -26.158  -31.623 0.6000000238
54167  36.947  -24.868  -25.199 0.5000000000
54151  37.084  -25.305  -24.395 0.4000000060
54238  34.526  -25.626  -31.292 0.5000000000
55301  34.835  -24.486  -30.790 0.5000000000
54232  34.387  -25.318  -31.041 0.5000000000
52430  33.876  -26.846  -31.023 0.5000000000
55243  36.806  -24.824  -26.034 0.5000000000
54227  34.632  -25.273  -30.379 0.5000000000
53302  34.744  -26.099  -29.780 0.5000000000
53278  36.422  -25.806  -26.926 0.5000000000
54226  35.117  -25.372  -29.462 0.5000000000
51555  34.032  -28.320  -30.052 0.6000000238
54197  36.103  -25.198  -27.718 0.5000000000
55266  35.636  -24.492  -28.476 0.5000000000
51552  35.153  -28.382  -28.267 0.6999999881
53264  36.289  -26.726  -26.847 0.5000000000
53279  35.971  -26.070  -27.730 0.5000000000
51535  35.365  -28.869  -27.291 0.6000000238
50628  34.934  -30.310  -27.112 0.8999999762
48569  34.373  -31.495  -26.554 0.8999999762
48581  34.355  -31.098  -27.222 0.8999999762
48548  34.827  -31.716  -24.965 0.8999999762
48517  33.635  -31.883  -22.476 0.8999999762
47522  34.303  -32.103  -22.854 0.8999999762
47548  34.473  -32.471  -24.332 0.8999999762
47559  34.343  -32.274  -25.384 1.0000000000
136362  31.736  -34.790  -23.199 0.8999999762
44596  31.688  -36.325  -23.581 0.8999999762
46543  31.236  -34.055  -23.102 0.8999999762
48518  32.928  -31.715  -22.283 0.8000000119
45552  30.784  -34.731  -23.321 0.8999999762
47539  30.881  -32.504  -23.099 0.8999999762
46544  30.642  -33.296  -23.266 0.8999999762
132738  37.763  -21.870  -23.854 0.3000000119
56967  37.678  -22.678  -24.010 0.3000000119
132881  37.658  -23.292  -23.428 0.4000000060
132882  37.651  -23.131  -22.626 0.3000000119
131080  37.556  -24.083  -23.656 0.3000000119
144299  37.500  -24.685  -23.098 0.4000000060
55222  37.397  -24.760  -23.818 0.4000000060
53308  34.288  -26.404  -31.317 0.6000000238
54168  36.731  -25.597  -25.431 0.5000000000
54152  36.775  -26.170  -24.624 0.4000000060
53296  35.394  -26.320  -28.662 0.5000000000
52427  34.389  -26.840  -30.143 0.5000000000
134942  36.490  -26.920  -25.822 0.5000000000
52423  34.703  -27.752  -29.340 0.5000000000
143106  35.772  -26.826  -27.733 0.5000000000
52407  35.370  -27.417  -28.287 0.5000000000
52395  35.833  -27.492  -27.248 0.5000000000
136236  35.505  -28.087  -27.565 0.5000000000
52394  36.247  -27.566  -26.316 0.5000000000
51526  35.690  -28.943  -26.311 0.6000000238
50642  35.337  -29.624  -26.693 0.6000000238
50605  35.833  -29.635  -24.835 0.6999999881
50617  35.579  -29.647  -25.795 0.6999999881
49656  34.776  -30.981  -26.436 0.6999999881
49634  35.434  -30.333  -25.203 0.6999999881
48547  35.233  -31.049  -24.560 0.8000000119
49647  35.068  -31.019  -25.576 0.8000000119
45551  31.168  -35.623  -23.384 0.8999999762
48516  34.885  -31.232  -22.848 0.8999999762
48534  35.252  -31.034  -23.602 0.8999999762
46545  30.310  -33.979  -23.436 0.8999999762
47540  30.052  -32.627  -23.585 0.8999999762
133502  37.546  -22.997  -21.867 0.3000000119
55215  37.438  -24.547  -22.331 0.4000000060
141657  37.378  -23.411  -21.557 0.3000000119
54139  37.281  -25.352  -23.438 0.4000000060
55207  37.252  -24.402  -21.708 0.3000000119
53234  37.032  -26.027  -23.764 0.4000000060
54130  37.262  -25.374  -22.563 0.4000000060
54131  36.984  -25.758  -21.910 0.4000000060
53249  36.601  -26.945  -24.901 0.4000000060
53221  36.895  -26.570  -23.139 0.4000000060
122351  36.608  -27.011  -22.408 0.4000000060
140598  36.584  -27.717  -24.253 0.4000000060
51512  36.373  -28.388  -24.905 0.5000000000
52384  36.460  -27.648  -25.345 0.5000000000
50590  35.641  -30.011  -23.010 0.6000000238
49620  35.367  -30.649  -23.121 0.8000000119
134360  34.213  -31.432  -22.467 0.6999999881
122100  32.579  -30.821  -22.059 0.6999999881
48537  30.208  -31.680  -23.551 0.8999999762
126931  29.563  -32.124  -23.961 0.8999999762
125772  30.315  -29.894  -23.670 0.8999999762
49635  29.610  -29.846  -24.288 0.8000000119
49622  29.866  -30.687  -23.897 0.8000000119
50606  30.074  -28.936  -24.115 0.6999999881
51503  29.695  -28.251  -24.690 0.8000000119
56094  36.760  -23.447  -20.735 0.3000000119
55208  36.817  -24.711  -21.223 0.3000000119
54123  36.640  -25.547  -21.379 0.3000000119
54111  36.170  -25.140  -20.766 0.4000000060
53206  36.514  -26.421  -21.677 0.4000000060
54124  36.098  -26.062  -21.007 0.4000000060
52338  36.129  -27.396  -21.787 0.5000000000
52353  36.651  -27.405  -23.264 0.5000000000
52345  35.689  -28.215  -21.831 0.5000000000
122058  35.405  -27.625  -21.376 0.5000000000
51485  36.238  -28.752  -23.082 0.5000000000
50568  35.193  -28.919  -21.805 0.5000000000
51486  35.874  -29.354  -22.826 0.5000000000
50577  35.288  -29.625  -22.278 0.6000000238
50578  34.699  -30.134  -22.100 0.6999999881
49598  34.102  -30.219  -21.861 0.6999999881
129308  32.651  -29.905  -21.817 0.6999999881
50580  32.121  -29.309  -22.127 0.6999999881
49609  31.854  -30.057  -22.307 0.6999999881
51479  31.753  -28.567  -22.473 0.6999999881
50592  30.770  -29.140  -23.425 0.8000000119
52354  31.102  -27.602  -23.452 0.6999999881
57845  37.566  -21.584  -21.209 0.3000000119
57828  36.721  -21.998  -20.356 0.3000000119
142077  36.106  -22.752  -20.108 0.4000000060
55196  36.488  -24.169  -20.728 0.3000000119
55197  35.724  -24.330  -20.437 0.4000000060
54112  35.538  -25.785  -20.670 0.4000000060
143683  35.523  -26.418  -20.861 0.4000000060
53199  34.988  -26.327  -20.647 0.3000000119
52330  35.122  -27.014  -20.916 0.5000000000
124360  35.088  -28.317  -21.479 0.6000000238
52331  34.422  -26.860  -20.771 0.3000000119
131401  34.462  -27.863  -21.127 0.5000000000
52339  33.616  -27.229  -20.980 0.4000000060
50569  34.617  -29.555  -21.799 0.6999999881
51471  34.530  -28.820  -21.521 0.6999999881
123480  33.439  -28.061  -21.258 0.6000000238
130946  33.545  -29.147  -21.523 0.6999999881
49608  33.619  -31.033  -22.092 0.6999999881
51473  33.133  -28.812  -21.507 0.6999999881
134854  32.078  -27.682  -22.282 0.6000000238
56096  35.168  -23.591  -20.200 0.3000000119
123236  35.426  -25.073  -20.514 0.3000000119
131798  34.144  -24.994  -20.553 0.3000000119
56097  34.272  -23.646  -20.386 0.3000000119
55199  33.819  -24.314  -20.628 0.3000000119
133589  33.069  -24.191  -21.300 0.3000000119
54114  33.924  -25.636  -20.659 0.3000000119
55209  33.458  -24.965  -20.945 0.4000000060
52340  32.814  -27.409  -21.505 0.5000000000
53209  32.981  -26.548  -21.354 0.5000000000
54126  32.539  -25.789  -22.116 0.5000000000
53212  32.374  -26.727  -22.134 0.6000000238
53213  31.792  -26.802  -22.748 0.6000000238
58748  36.148  -20.712  -19.713 0.4000000060
57824  35.570  -21.157  -19.623 0.3000000119
56926  35.481  -22.684  -19.951 0.3000000119
56927  34.711  -22.043  -19.876 0.3000000119
129114  34.540  -22.873  -20.133 0.3000000119
56928  33.831  -22.157  -20.454 0.3000000119
134282  33.855  -23.000  -20.508 0.3000000119
134618  33.279  -22.761  -21.037 0.3000000119
56111  32.873  -23.379  -21.580 0.3000000119
55210  32.831  -24.932  -21.726 0.4000000060
139139  32.565  -23.163  -22.326 0.4000000060
129235  32.055  -26.189  -22.626 0.6000000238
55216  32.327  -24.911  -22.604 0.4000000060
55223  32.067  -24.275  -23.165 0.4000000060
54140  31.902  -24.953  -23.190 0.5000000000
54133  31.629  -26.143  -23.171 0.6000000238
53238  29.875  -26.707  -25.014 0.6999999881
51514  29.086  -28.437  -25.253 0.8000000119
59714  35.857  -19.673  -19.579 0.4000000060
135186  34.848  -19.848  -19.659 0.3000000119
57830  34.202  -21.356  -20.089 0.3000000119
57846  33.552  -21.151  -20.759 0.3000000119
56946  33.113  -21.905  -21.320 0.3000000119
134417  32.774  -22.584  -21.822 0.4000000060
56954  32.432  -22.503  -22.672 0.4000000060
56124  32.191  -23.308  -23.121 0.4000000060
55224  31.587  -24.670  -23.698 0.4000000060
54141  31.564  -25.429  -23.521 0.5000000000
56125  31.597  -23.820  -23.827 0.4000000060
53222  31.360  -26.820  -23.371 0.6000000238
54153  31.157  -25.177  -24.229 0.4000000060
53237  30.511  -26.620  -24.402 0.6999999881
54154  30.586  -25.226  -24.824 0.4000000060
55244  30.364  -24.597  -25.214 0.4000000060
53250  30.257  -25.948  -24.927 0.6000000238
55245  29.793  -24.677  -25.772 0.5000000000
53251  29.720  -26.055  -25.471 0.6000000238
129270  29.382  -26.725  -25.542 0.6999999881
53265  29.132  -26.221  -26.020 0.6999999881
133383  35.850  -18.785  -19.538 0.3000000119
142134  34.135  -19.933  -20.025 0.3000000119
58756  33.802  -20.404  -20.418 0.3000000119
58775  33.270  -20.317  -21.180 0.3000000119
57847  32.930  -21.076  -21.675 0.3000000119
57860  32.530  -21.028  -22.540 0.4000000060
56962  32.027  -22.413  -23.367 0.3000000119
57869  31.819  -21.685  -23.632 0.3000000119
142261  31.620  -22.282  -23.890 0.3000000119
57879  31.396  -21.777  -24.264 0.3000000119
132722  31.144  -23.870  -24.495 0.4000000060
56968  31.258  -22.586  -24.409 0.3000000119
57880  31.005  -21.987  -24.740 0.3000000119
56144  30.655  -23.900  -25.014 0.3000000119
128789  30.417  -23.215  -25.308 0.3000000119
56145  30.086  -23.926  -25.549 0.3000000119
56981  29.807  -23.185  -25.909 0.4000000060
125914  29.496  -23.986  -26.188 0.5000000000
54170  29.484  -25.442  -25.936 0.5000000000
54180  28.882  -25.618  -26.581 0.5000000000
60601  34.449  -18.449  -19.745 0.3000000119
60608  33.762  -18.648  -20.230 0.3000000119
59737  33.590  -19.538  -20.583 0.3000000119
59738  33.021  -19.495  -21.542 0.3000000119
58776  32.772  -20.277  -22.037 0.3000000119
58802  31.584  -20.909  -24.046 0.3000000119
58816  31.058  -21.203  -24.814 0.3000000119
57900  30.588  -21.815  -25.227 0.3000000119
57920  30.051  -21.651  -25.813 0.3000000119
56152  29.181  -23.240  -26.641 0.4000000060
55252  29.186  -24.801  -26.433 0.5000000000
55267  28.878  -24.099  -26.939 0.5000000000
55253  28.579  -25.031  -27.309 0.5000000000
61482  33.910  -17.926  -19.986 0.3000000119
61496  33.459  -17.998  -20.531 0.3000000119
60622  33.245  -18.702  -21.019 0.3000000119
59755  32.599  -19.522  -22.426 0.3000000119
58801  31.936  -20.240  -23.559 0.3000000119
132084  31.283  -20.350  -24.671 0.3000000119
139859  30.885  -20.528  -25.180 0.3000000119
56986  29.512  -22.290  -26.341 0.4000000060
56161  28.697  -23.398  -27.509 0.4000000060
56162  28.347  -23.556  -28.271 0.4000000060
57010  28.211  -22.872  -28.464 0.4000000060
131006  28.261  -24.878  -28.109 0.5000000000
55288  28.147  -24.303  -28.405 0.4000000060
132948  35.051  -16.911  -19.441 0.3000000119
61481  34.598  -17.570  -19.616 0.3000000119
60623  32.764  -18.635  -22.007 0.3000000119
139654  32.504  -18.225  -22.725 0.3000000119
134967  32.069  -19.031  -23.498 0.3000000119
59771  31.805  -19.550  -23.819 0.3000000119
58827  31.019  -19.846  -25.190 0.3000000119
58828  30.503  -21.047  -25.459 0.3000000119
131110  29.873  -20.264  -26.322 0.3000000119
57921  29.600  -21.435  -26.379 0.3000000119
56995  28.869  -22.535  -27.198 0.4000000060
56996  28.565  -22.750  -28.039 0.3000000119
143056  33.846  -17.265  -19.917 0.3000000119
132336  33.293  -17.226  -20.564 0.3000000119
62425  33.078  -16.309  -20.728 0.3000000119
61497  33.003  -17.881  -21.293 0.3000000119
61515  32.669  -17.731  -22.170 0.3000000119
61531  32.435  -17.582  -22.991 0.3000000119
61532  32.004  -17.450  -23.730 0.3000000119
60659  32.140  -18.297  -23.462 0.3000000119
60660  31.727  -18.842  -24.022 0.3000000119
134711  31.683  -18.091  -24.172 0.3000000119
124281  30.425  -20.206  -25.712 0.3000000119
123630  33.479  -15.661  -20.149 0.3000000119
124883  32.770  -16.955  -21.547 0.3000000119
137681  32.947  -15.465  -20.883 0.3000000119
62445  32.562  -16.382  -22.301 0.3000000119
139347  31.415  -17.969  -24.729 0.3000000119
60679  31.133  -18.251  -25.214 0.3000000119
59804  30.049  -19.454  -26.267 0.3000000119
136842  33.272  -14.761  -20.415 0.3000000119
64292  32.838  -14.104  -21.059 0.3000000119
63400  32.527  -15.568  -22.192 0.3000000119
129581  32.543  -14.680  -21.905 0.4000000060
131626  32.459  -15.926  -22.906 0.3000000119
62460  31.863  -16.650  -24.061 0.3000000119
61545  31.584  -17.392  -24.437 0.3000000119
63416  32.426  -15.059  -23.026 0.4000000060
140477  32.538  -13.859  -21.854 0.4000000060
63417  32.200  -15.866  -23.640 0.4000000060
65170  32.694  -13.283  -21.408 0.3000000119
64312  32.416  -14.043  -22.674 0.4000000060
40094  34.424  -40.241  -31.553 1.0000000000
42003  34.494  -38.889  -31.399 1.0000000000
133108  31.067  -30.014  -22.997 0.6999999881
51488  30.624  -28.273  -23.736 0.8000000119
52369  30.036  -27.432  -24.599 0.8000000119
52355  30.555  -27.472  -24.043 0.6999999881
33031  34.247  -48.014  -28.184 0.6000000238
35029  35.495  -45.397  -29.854 0.6000000238
30139  35.410  -50.660  -26.358 0.5000000000
128356  36.094  -51.362  -26.435 0.5000000000
128612  37.895  -43.716  -33.783 0.8999999762
34987  35.466  -45.463  -25.850 0.5000000000
31972  37.999  -48.130  -26.471 0.4000000060
33993  37.423  -46.762  -26.119 0.5000000000
31984  37.942  -48.988  -26.520 0.4000000060
38055  36.617  -42.810  -30.258 0.6999999881
39072  40.922  -42.050  -33.886 0.8999999762
40064  36.317  -40.234  -26.659 0.6999999881
34986  38.115  -45.568  -26.240 0.5000000000
33991  39.188  -46.050  -26.975 0.5000000000
40079  38.198  -40.349  -29.209 0.8000000119
31024  38.685  -49.359  -26.971 0.4000000060
39059  39.597  -41.356  -31.531 0.8000000119
129362  36.701  -40.142  -27.457 0.6999999881
37007  39.371  -43.342  -25.811 0.4000000060
42021  40.123  -38.311  -34.102 0.8000000119
39998  36.596  -39.844  -23.922 0.6000000238
38977  39.605  -41.215  -24.625 0.4000000060
40093  35.123  -40.300  -31.974 1.0000000000
40014  39.430  -40.545  -24.064 0.5000000000
39997  37.903  -40.617  -23.392 0.5000000000
41025  33.387  -39.740  -30.705 1.0000000000
143732  37.254  -38.116  -22.619 0.6999999881
43801  31.474  -36.532  -29.218 1.0000000000
43812  31.869  -35.998  -29.744 1.0000000000
44679  38.235  -34.682  -32.529 0.8000000119
45609  32.984  -34.424  -30.834 1.0000000000
47608  36.405  -31.892  -32.401 0.8000000119
138766  34.764  -33.960  -31.920 1.0000000000
122700  34.785  -34.761  -31.971 1.0000000000
46602  35.751  -33.379  -30.358 0.6999999881
49693  33.221  -30.773  -30.874 0.8000000119
48592  33.134  -31.944  -29.046 1.0000000000
46585  32.819  -33.368  -28.241 1.0000000000
48599  33.323  -31.213  -29.305 1.0000000000
46582  36.246  -33.021  -27.086 0.6000000238
46590  35.545  -33.609  -28.385 0.6999999881
54194  39.743  -25.854  -27.858 0.4000000060
40968  30.411  -40.007  -25.276 1.0000000000
41914  31.384  -38.615  -24.753 1.0000000000
55285  38.298  -24.236  -28.297 0.4000000060
121377  33.730  -33.941  -24.770 1.0000000000
53294  39.556  -27.479  -28.330 0.4000000060
129309  38.242  -25.863  -28.370 0.5000000000
123058  38.514  -26.932  -28.329 0.5000000000
56993  36.194  -22.545  -27.635 0.4000000060
132034  35.541  -22.743  -28.560 0.4000000060
130240  36.014  -24.424  -31.356 0.5000000000
54179  36.610  -25.488  -26.268 0.5000000000
129880  35.786  -28.216  -26.765 0.5000000000
51513  36.011  -29.008  -25.410 0.6000000238
51500  36.393  -28.580  -23.977 0.5000000000
50589  36.047  -29.401  -23.744 0.5000000000
52344  36.279  -28.002  -22.520 0.5000000000
51487  31.182  -28.465  -23.137 0.6999999881
52346  31.535  -27.354  -22.952 0.6999999881
53236  31.158  -26.130  -23.894 0.6000000238
134709  32.111  -20.984  -23.292 0.3000000119
133555  40.903  -45.921  -34.188 0.5000000000
34054  40.884  -46.612  -34.653 0.5000000000
36031  40.641  -44.943  -34.499 0.5000000000
31075  41.189  -49.429  -34.968 0.5000000000
33077  40.919  -47.857  -34.948 0.5000000000
32035  39.619  -48.643  -33.376 0.5000000000
141740  40.655  -48.381  -34.178 0.5000000000
33072  41.012  -47.965  -34.747 0.5000000000
31071  38.751  -49.299  -32.896 0.5000000000
31066  37.497  -49.089  -32.140 0.4000000060
32036  38.349  -48.643  -32.508 0.5000000000
31067  36.545  -49.282  -31.598 0.4000000060
32029  37.532  -48.200  -32.000 0.5000000000
31068  35.721  -49.481  -31.126 0.5000000000
32030  36.722  -48.529  -31.567 0.5000000000
127328  29.987  -43.124  -26.608 0.6999999881
38010  31.457  -42.388  -26.773 0.8000000119
140823  32.683  -41.975  -28.028 0.8000000119
38009  32.189  -42.819  -27.069 0.8000000119
39047  32.634  -41.356  -28.306 0.8999999762
38012  29.496  -42.359  -26.456 0.6999999881
139293  32.127  -42.095  -27.142 0.8999999762
39012  30.771  -41.532  -26.656 0.8999999762
39033  32.337  -41.508  -27.577 0.8999999762
40066  32.363  -40.655  -27.952 0.8999999762
39014  29.264  -41.720  -26.102 0.6000000238
39013  29.938  -41.593  -26.340 0.8000000119
40067  31.668  -40.644  -27.351 0.8999999762
41000  31.765  -39.746  -27.805 0.8999999762
41966  31.784  -38.514  -28.679 0.8999999762
47521  38.160  -32.934  -22.566 0.5000000000
46527  37.830  -33.601  -22.574 0.5000000000
46539  37.185  -33.871  -23.229 0.5000000000
45536  38.202  -35.040  -21.956 0.6000000238
45537  37.618  -34.420  -22.523 0.5000000000
45547  37.012  -34.749  -23.137 0.5000000000
44581  37.647  -35.988  -22.305 0.6000000238
38981  28.968  -41.347  -25.385 0.6000000238
40049  29.684  -41.098  -25.980 0.8999999762
40047  31.010  -40.810  -26.853 0.8999999762
40048  30.410  -40.753  -26.408 0.8999999762
40987  30.989  -39.958  -27.027 0.8999999762
41001  31.304  -39.048  -27.490 0.8999999762
41012  31.561  -38.910  -28.091 0.8999999762
48546  37.536  -31.809  -24.752 0.5000000000
47557  37.082  -32.325  -25.358 0.5000000000
48532  38.375  -31.506  -23.264 0.5000000000
47547  36.745  -33.045  -25.028 0.5000000000
48531  39.113  -31.047  -22.988 0.5000000000
47536  37.526  -32.905  -23.279 0.5000000000
40034  29.714  -40.717  -25.245 0.8999999762
134435  30.636  -40.011  -26.302 0.8999999762
40986  31.084  -39.300  -26.791 0.8999999762
41955  31.335  -38.550  -27.235 0.8999999762
48556  37.954  -31.103  -25.150 0.5000000000
47570  37.043  -32.121  -26.250 0.5000000000
49633  38.492  -30.459  -24.454 0.5000000000
49618  38.998  -30.314  -23.651 0.5000000000
41946  30.918  -39.405  -25.908 0.8999999762
41945  31.284  -38.739  -26.312 0.8999999762
48557  37.508  -31.689  -25.780 0.5000000000
49645  38.550  -30.574  -25.661 0.5000000000
48567  38.110  -31.210  -26.306 0.5000000000
49632  39.001  -29.865  -25.062 0.5000000000
49644  39.223  -30.164  -26.248 0.4000000060
40956  27.708  -39.059  -23.776 0.6000000238
41917  27.358  -38.044  -23.822 0.6000000238
41904  28.247  -38.424  -23.619 0.8000000119
42867  28.146  -37.581  -23.659 0.6999999881
43755  27.349  -36.422  -24.203 0.6999999881
44609  26.862  -35.725  -24.564 0.6999999881
45564  26.395  -35.036  -24.942 0.6999999881
124703  28.895  -37.127  -23.575 0.8000000119
42866  28.980  -38.021  -23.521 0.8000000119
43746  28.076  -36.750  -23.805 0.6999999881
44608  27.703  -35.461  -24.341 0.6999999881
130753  27.181  -35.057  -24.627 0.6999999881
127863  27.752  -34.709  -24.503 0.6999999881
45563  27.137  -34.424  -24.849 0.6999999881
44598  29.431  -35.741  -23.616 0.8000000119
44599  28.537  -35.384  -24.005 0.8000000119
43743  30.468  -36.934  -23.507 0.8000000119
46555  27.828  -33.937  -24.664 0.6999999881
45562  28.497  -34.463  -24.236 0.6999999881
44597  30.320  -36.111  -23.455 0.8000000119
46554  28.561  -33.472  -24.386 0.6999999881
47550  29.274  -32.885  -24.063 0.8000000119
47561  28.236  -32.018  -24.983 0.6000000238
141672  29.968  -34.545  -23.532 0.8000000119
45561  29.373  -33.925  -23.842 0.8000000119
48550  28.752  -31.325  -24.696 0.6000000238
49648  27.997  -30.677  -25.671 0.6000000238
49657  27.794  -29.981  -26.155 0.6000000238
127018  28.950  -32.066  -24.393 0.8000000119
49637  28.579  -30.622  -25.059 0.6000000238
126353  28.378  -29.956  -25.516 0.6000000238
51527  28.041  -28.635  -26.590 0.6000000238
49636  29.181  -30.616  -24.481 0.6999999881
50618  28.719  -29.211  -25.345 0.6000000238
133096  28.811  -27.927  -25.752 0.6999999881
52386  28.391  -27.920  -26.410 0.6000000238
51515  28.508  -28.571  -25.868 0.6000000238
52396  28.276  -27.220  -26.930 0.6000000238
50608  28.922  -29.885  -24.854 0.6999999881
50607  29.352  -29.096  -24.739 0.6999999881
30194  35.105  -50.899  -31.100 0.4000000060
32031  36.067  -48.792  -31.202 0.5000000000
33059  36.057  -48.069  -31.050 0.5000000000
33066  38.605  -47.886  -32.531 0.5000000000
132403  39.936  -47.926  -33.501 0.5000000000
129003  32.587  -39.877  -29.049 0.8999999762
50616  39.574  -29.435  -25.700 0.3000000119
43744  29.612  -36.623  -23.522 0.8000000119
31076  40.302  -49.416  -33.966 0.5000000000
134537  37.903  -49.763  -32.507 0.5000000000
38011  30.414  -42.344  -26.575 0.8000000119
46526  38.600  -33.488  -22.151 0.5000000000
43745  28.752  -36.256  -23.726 0.8000000119
43754  28.055  -36.046  -24.025 0.6999999881
45553  29.296  -34.873  -23.744 0.8000000119
47552  27.851  -32.976  -24.918 0.6999999881
47551  28.565  -32.679  -24.538 0.6999999881
40951  40.667  -39.691  -24.563 0.4000000060
41911  41.352  -38.323  -24.439 0.4000000060
41912  40.734  -38.337  -23.835 0.4000000060
42859  39.715  -37.675  -22.790 0.5000000000
42884  41.782  -37.604  -24.651 0.4000000060
44579  39.314  -35.850  -22.001 0.5000000000
44580  38.515  -35.947  -21.893 0.5000000000
43738  40.526  -36.313  -23.063 0.5000000000
43737  41.179  -36.114  -23.645 0.4000000060
42873  40.484  -37.669  -23.388 0.4000000060
43763  42.142  -36.889  -24.943 0.4000000060
43751  41.604  -36.753  -24.230 0.4000000060
42872  41.206  -37.616  -23.983 0.4000000060
128328  42.663  -36.908  -25.542 0.4000000060
124177  38.914  -35.229  -21.785 0.5000000000
43725  39.807  -36.466  -22.463 0.5000000000
143229  41.893  -35.130  -24.221 0.4000000060
125520  42.302  -35.511  -24.763 0.4000000060
46558  44.364  -33.399  -26.332 0.4000000060
45569  43.370  -34.683  -25.674 0.4000000060
44617  42.789  -35.630  -25.324 0.4000000060
45583  44.255  -34.240  -26.710 0.4000000060
144309  43.714  -34.959  -26.348 0.4000000060
125148  39.639  -35.004  -22.023 0.5000000000
45546  40.553  -34.827  -22.730 0.5000000000
44591  40.747  -35.624  -23.152 0.4000000060
122466  48.171  -27.250  -27.567 0.3000000119
44590  41.329  -35.181  -23.596 0.4000000060
51532  47.714  -28.591  -27.839 0.3000000119
45557  42.295  -34.645  -24.522 0.4000000060
52403  48.374  -28.264  -28.001 0.3000000119
50638  46.886  -29.497  -27.691 0.3000000119
49666  46.069  -30.621  -27.425 0.3000000119
48566  45.087  -31.802  -26.575 0.3000000119
127159  44.485  -32.527  -26.026 0.4000000060
46571  43.770  -34.022  -25.861 0.4000000060
45570  42.862  -34.854  -25.153 0.4000000060
49665  46.707  -30.289  -28.075 0.3000000119
47568  45.737  -31.408  -27.483 0.3000000119
47569  44.893  -32.801  -26.860 0.4000000060
45534  39.947  -34.112  -22.134 0.4000000060
126265  40.608  -33.928  -22.658 0.4000000060
46537  41.716  -33.663  -23.659 0.4000000060
45545  41.192  -34.220  -23.249 0.4000000060
52390  47.380  -26.884  -27.108 0.3000000119
51520  46.298  -28.078  -26.575 0.3000000119
52404  47.564  -27.850  -27.457 0.3000000119
50623  46.335  -29.019  -26.935 0.3000000119
50625  45.187  -30.073  -26.067 0.3000000119
48554  44.458  -31.701  -25.702 0.4000000060
124600  43.952  -33.089  -25.588 0.4000000060
46559  43.355  -33.509  -25.207 0.4000000060
50639  46.265  -29.860  -27.236 0.3000000119
134951  45.763  -30.184  -26.789 0.3000000119
46525  39.452  -33.369  -22.057 0.4000000060
51508  44.524  -28.552  -25.308 0.3000000119
49630  43.172  -30.379  -24.376 0.3000000119
48544  43.012  -31.258  -24.328 0.4000000060
49631  42.437  -30.510  -23.853 0.4000000060
47533  42.028  -32.263  -23.686 0.4000000060
46538  41.051  -33.247  -22.957 0.4000000060
52392  46.021  -27.051  -26.319 0.3000000119
51507  45.108  -28.161  -25.711 0.3000000119
50615  43.877  -30.092  -24.927 0.3000000119
49643  43.626  -31.030  -24.843 0.4000000060
47544  42.804  -32.259  -24.371 0.4000000060
139431  41.688  -32.905  -23.467 0.4000000060
50613  45.172  -29.074  -25.824 0.3000000119
50614  44.524  -29.512  -25.377 0.3000000119
49642  44.216  -30.963  -25.343 0.4000000060
48543  43.491  -31.853  -24.848 0.4000000060
47545  42.309  -33.157  -24.138 0.4000000060
50624  45.754  -29.478  -26.525 0.3000000119
47543  43.433  -32.685  -25.016 0.4000000060
46548  42.939  -33.109  -24.708 0.4000000060
135143  39.591  -30.448  -23.195 0.4000000060
128250  40.252  -30.281  -23.162 0.4000000060
48514  39.596  -31.704  -22.534 0.4000000060
47520  38.902  -32.610  -22.324 0.4000000060
49616  42.060  -29.644  -23.783 0.3000000119
49617  41.056  -30.207  -23.338 0.4000000060
48530  40.900  -31.103  -23.020 0.4000000060
47519  39.813  -32.481  -22.294 0.4000000060
132968  42.696  -29.829  -24.063 0.4000000060
129464  41.707  -30.832  -23.460 0.4000000060
48529  41.654  -31.575  -23.385 0.4000000060
47518  40.543  -32.594  -22.605 0.4000000060
47562  27.082  -32.852  -25.533 0.6000000238
46564  26.420  -33.395  -25.680 0.6000000238
48560  27.598  -31.496  -25.662 0.5000000000
142940  27.559  -32.292  -25.385 0.5000000000
49649  27.275  -30.709  -26.363 0.5000000000
50630  27.654  -29.326  -26.672 0.5000000000
51538  27.510  -28.683  -27.190 0.5000000000
51537  27.924  -27.968  -27.104 0.5000000000
53280  28.163  -26.527  -27.457 0.4000000060
61563  30.383  -17.112  -26.204 0.3000000119
61568  29.869  -16.985  -26.915 0.3000000119
61569  29.594  -17.382  -27.708 0.3000000119
63432  31.690  -15.797  -24.502 0.3000000119
62475  31.414  -16.714  -24.822 0.3000000119
135128  30.995  -16.896  -25.527 0.3000000119
62484  30.709  -16.232  -25.998 0.3000000119
62495  29.763  -16.500  -27.513 0.3000000119
61572  29.467  -17.355  -28.953 0.3000000119
62499  29.672  -16.418  -29.290 0.3000000119
132961  31.785  -14.982  -24.604 0.3000000119
63442  31.426  -15.244  -25.171 0.3000000119
62483  31.224  -16.060  -25.325 0.3000000119
63443  30.992  -15.431  -25.833 0.3000000119
63449  30.400  -15.548  -26.488 0.3000000119
131659  30.146  -14.870  -27.056 0.3000000119
63452  29.755  -15.997  -28.283 0.3000000119
63458  29.812  -15.647  -29.098 0.3000000119
63470  29.451  -15.729  -30.340 0.3000000119
64329  32.300  -14.214  -23.626 0.3000000119
64345  31.576  -14.475  -25.027 0.3000000119
64355  31.216  -14.666  -25.672 0.3000000119
65225  31.381  -13.919  -25.509 0.3000000119
64359  30.707  -14.782  -26.284 0.3000000119
129223  30.501  -14.110  -26.761 0.3000000119
64362  30.091  -14.149  -27.656 0.3000000119
63457  29.888  -15.066  -28.206 0.3000000119
64366  29.859  -14.981  -29.407 0.3000000119
65184  32.374  -13.230  -23.302 0.3000000119
66069  31.901  -12.910  -24.705 0.3000000119
65215  31.730  -13.696  -24.851 0.3000000119
144350  31.213  -13.482  -25.940 0.3000000119
65242  30.415  -13.392  -27.220 0.3000000119
65247  30.123  -13.353  -28.192 0.3000000119
66068  32.287  -12.643  -24.055 0.3000000119
139486  32.067  -12.255  -24.601 0.3000000119
66079  31.508  -13.080  -25.432 0.3000000119
130295  31.475  -12.386  -25.763 0.3000000119
66103  30.465  -12.634  -27.637 0.3000000119
66920  32.341  -11.733  -24.151 0.3000000119
66921  32.019  -11.683  -24.912 0.3000000119
67720  32.184  -10.354  -25.163 0.3000000119
123369  31.499  -11.293  -26.328 0.3000000119
67713  32.256  -11.037  -24.642 0.3000000119
68579  32.382  -9.594  -24.575 0.3000000119
122341  32.408  -8.934  -23.982 0.3000000119
43775  43.074  -36.190  -25.794 0.4000000060
40950  41.382  -39.101  -24.877 0.4000000060
41928  41.909  -38.409  -25.103 0.4000000060
131270  43.138  -36.925  -26.091 0.4000000060
42883  42.329  -37.641  -25.312 0.4000000060
45589  44.577  -34.347  -27.568 0.4000000060
45590  44.218  -34.987  -27.181 0.4000000060
44631  43.468  -35.737  -26.287 0.4000000060
143673  49.028  -28.377  -28.339 0.3000000119
51547  48.230  -29.068  -28.425 0.3000000119
50637  47.525  -29.232  -28.102 0.3000000119
48577  46.370  -31.045  -28.313 0.3000000119
47579  45.428  -32.254  -27.559 0.3000000119
129094  44.698  -33.616  -27.198 0.3000000119
128256  49.023  -27.740  -28.004 0.3000000119
143956  45.464  -27.083  -25.963 0.3000000119
53257  46.629  -26.509  -26.666 0.3000000119
50588  39.621  -29.694  -23.674 0.4000000060
50587  40.466  -29.543  -23.556 0.4000000060
139691  41.270  -29.509  -23.626 0.4000000060
51496  42.921  -28.569  -24.382 0.3000000119
126076  43.945  -27.884  -24.952 0.3000000119
138908  39.069  -29.824  -24.218 0.4000000060
45573  26.431  -34.190  -25.323 0.6000000238
144156  32.454  -12.762  -22.843 0.3000000119
66058  32.470  -12.238  -23.277 0.3000000119
66909  32.498  -11.291  -23.400 0.3000000119
68566  32.461  -9.699  -23.743 0.3000000119
69502  32.517  -8.984  -23.136 0.3000000119
53273  48.947  -26.546  -27.569 0.3000000119
40931  40.279  -39.089  -23.771 0.4000000060
41887  39.110  -37.470  -22.387 0.5000000000
46550  42.157  -33.968  -24.238 0.4000000060
52391  46.846  -27.507  -26.886 0.3000000119
134818  40.338  -31.816  -22.616 0.4000000060
65214  32.156  -13.507  -24.173 0.3000000119
131952  29.933  -14.193  -28.742 0.3000000119
66090  31.205  -12.865  -26.145 0.3000000119
66946  30.836  -12.099  -27.161 0.3000000119
142001  32.445  -8.524  -23.591 0.3000000119
40030  40.757  -40.498  -25.179 0.3000000119
40966  41.335  -39.935  -25.308 0.3000000119
135089  33.386  -45.117  -31.700 0.6000000238
36015  32.934  -44.905  -31.140 0.6999999881
35030  32.624  -45.561  -30.747 0.6999999881
41927  42.548  -38.466  -25.773 0.3000000119
32000  39.828  -48.597  -27.638 0.3000000119
33014  39.495  -47.393  -27.381 0.3000000119
131786  32.178  -45.737  -27.926 0.6999999881
39009  41.357  -41.348  -26.131 0.3000000119
35016  32.407  -45.400  -28.694 0.6999999881
35024  32.437  -45.575  -29.849 0.6999999881
40045  41.861  -40.715  -26.228 0.3000000119
125723  41.789  -40.173  -25.812 0.3000000119
36006  32.705  -44.783  -30.355 0.6999999881
40983  42.987  -40.005  -26.758 0.3000000119
41953  43.679  -38.175  -27.254 0.3000000119
40998  43.472  -39.188  -27.106 0.3000000119
123418  42.783  -39.268  -26.300 0.3000000119
42907  44.112  -37.826  -27.932 0.3000000119
122638  43.805  -36.977  -27.194 0.3000000119
41942  43.180  -38.376  -26.475 0.3000000119
34006  39.657  -46.603  -27.410 0.3000000119
35955  40.182  -44.055  -26.750 0.4000000060
127410  32.431  -45.039  -27.694 0.6999999881
39030  41.428  -42.182  -26.641 0.3000000119
38006  40.689  -42.742  -26.420 0.3000000119
35989  32.648  -44.508  -28.333 0.6999999881
35997  32.617  -44.703  -29.328 0.6999999881
40044  42.484  -40.688  -26.705 0.3000000119
40062  43.077  -40.618  -27.227 0.3000000119
41008  43.949  -39.692  -27.938 0.3000000119
42896  42.909  -37.620  -25.945 0.3000000119
142208  44.568  -37.803  -29.008 0.3000000119
35972  40.240  -44.753  -27.192 0.4000000060
35961  32.080  -44.052  -26.846 0.6999999881
37023  42.011  -43.301  -27.745 0.3000000119
38005  41.213  -42.966  -26.903 0.3000000119
39028  43.256  -41.172  -27.700 0.3000000119
132455  42.181  -42.052  -27.206 0.3000000119
37042  32.732  -43.661  -28.231 0.6999999881
40061  43.588  -40.483  -27.764 0.3000000119
128322  32.712  -44.022  -28.933 0.6999999881
43783  44.005  -36.370  -27.395 0.3000000119
132097  43.449  -37.434  -26.687 0.3000000119
135839  44.425  -36.664  -28.421 0.3000000119
43789  44.301  -36.351  -27.997 0.3000000119
133030  32.507  -44.136  -27.481 0.6999999881
38025  42.415  -42.688  -27.752 0.3000000119
133197  32.716  -42.710  -28.289 0.6999999881
39051  44.084  -41.825  -28.963 0.3000000119
39042  43.526  -41.691  -28.303 0.3000000119
37049  32.752  -43.317  -29.069 0.6999999881
44651  44.676  -35.253  -28.560 0.3000000119
38038  43.067  -42.545  -28.268 0.3000000119
38041  32.734  -41.995  -28.705 0.6999999881
44641  44.321  -35.670  -27.769 0.3000000119
51498  41.233  -28.289  -24.351 0.3000000119
34052  34.875  -46.052  -32.720 0.5000000000
132174  32.546  -46.941  -31.119 0.6999999881
35036  33.554  -45.967  -32.009 0.6000000238
142917  32.916  -47.176  -31.612 0.6000000238
138453  34.257  -45.812  -32.397 0.6000000238
140788  31.672  -46.363  -27.618 0.6999999881
35000  31.957  -45.509  -27.264 0.6999999881
34005  40.280  -46.314  -27.777 0.3000000119
34990  31.593  -45.140  -26.763 0.6999999881
34998  40.410  -45.503  -27.634 0.4000000060
134665  31.399  -43.930  -26.599 0.6999999881
37040  41.892  -43.976  -27.978 0.4000000060
37025  40.783  -44.152  -27.280 0.4000000060
37013  30.952  -43.161  -26.590 0.6999999881
37039  42.588  -43.433  -28.329 0.3000000119
37038  43.394  -43.110  -28.835 0.3000000119
37045  43.913  -43.580  -29.550 0.3000000119
40029  41.329  -40.664  -25.704 0.3000000119
37012  31.784  -43.318  -26.755 0.6999999881
35037  32.955  -45.705  -31.375 0.6000000238
38045  44.008  -42.638  -29.256 0.3000000119
35986  42.371  -44.397  -28.576 0.3000000119
126511  40.853  -47.267  -35.048 0.5000000000
34056  37.513  -46.586  -33.904 0.5000000000
32041  37.760  -48.099  -34.262 0.5000000000
34060  40.781  -46.959  -35.093 0.4000000060
28538  31.335  -52.153  -30.768 0.4000000060
28540  29.759  -52.921  -29.774 0.5000000000
34062  38.649  -46.562  -34.430 0.4000000060
35055  39.570  -46.076  -34.603 0.5000000000
133758  36.939  -45.945  -33.632 0.5000000000
27687  27.558  -53.739  -30.296 0.4000000060
26755  27.163  -54.482  -30.570 0.4000000060
28539  30.672  -52.644  -30.187 0.5000000000
34058  35.598  -46.290  -33.106 0.4000000060
27688  26.608  -53.674  -30.378 0.4000000060
26756  26.202  -54.444  -30.589 0.4000000060
28541  28.698  -52.967  -29.733 0.4000000060
28525  30.115  -52.173  -29.581 0.5000000000
28526  29.231  -52.241  -29.470 0.4000000060
30188  31.599  -50.584  -30.222 0.5000000000
31062  32.192  -49.216  -31.015 0.4000000060
34053  34.232  -46.500  -32.484 0.5000000000
32032  33.136  -47.830  -31.895 0.4000000060
32033  32.702  -48.614  -31.576 0.4000000060
33068  33.520  -47.019  -32.123 0.4000000060
27689  25.658  -53.691  -30.382 0.4000000060
28531  22.762  -52.767  -29.057 0.4000000060
28542  27.835  -52.569  -29.875 0.4000000060
30180  23.936  -51.220  -28.819 0.4000000060
29311  29.647  -51.679  -29.266 0.5000000000
28527  28.253  -51.985  -29.591 0.4000000060
30179  24.746  -50.759  -29.014 0.4000000060
29310  30.443  -51.406  -29.288 0.5000000000
31042  25.659  -49.552  -28.784 0.4000000060
31055  25.144  -50.173  -28.915 0.4000000060
30172  31.060  -50.742  -29.357 0.5000000000
31051  31.504  -49.417  -29.506 0.5000000000
142089  25.905  -48.869  -28.480 0.4000000060
33033  25.751  -48.155  -28.047 0.4000000060
127457  31.752  -49.677  -30.273 0.5000000000
32025  31.846  -48.828  -30.224 0.6000000238
32024  32.186  -48.260  -30.841 0.6000000238
33061  32.586  -47.688  -31.294 0.5000000000
27674  23.152  -53.503  -29.503 0.4000000060
130057  24.195  -52.009  -29.344 0.4000000060
28544  26.050  -52.866  -30.226 0.4000000060
29316  24.819  -51.403  -29.361 0.4000000060
29312  28.920  -51.520  -29.220 0.5000000000
131485  28.182  -51.243  -29.383 0.4000000060
30178  25.488  -50.809  -29.370 0.4000000060
30174  29.614  -51.019  -28.851 0.5000000000
31054  26.333  -49.961  -29.125 0.4000000060
138334  25.777  -50.198  -29.173 0.4000000060
30173  30.445  -50.746  -28.894 0.5000000000
32017  31.616  -48.591  -29.413 0.5000000000
31991  26.441  -47.950  -27.818 0.4000000060
33052  31.918  -47.991  -30.098 0.6000000238
33051  32.246  -47.449  -30.643 0.6000000238
135508  24.454  -52.623  -29.659 0.4000000060
29324  27.310  -51.928  -29.842 0.4000000060
134753  24.964  -52.141  -29.704 0.4000000060
129844  26.092  -51.156  -29.692 0.4000000060
128930  26.816  -50.392  -29.366 0.4000000060
30159  30.087  -50.287  -28.493 0.5000000000
31053  27.148  -49.842  -28.911 0.4000000060
31041  26.434  -49.316  -28.687 0.4000000060
31036  31.186  -49.204  -28.667 0.5000000000
31990  26.973  -48.123  -27.780 0.4000000060
34040  32.327  -46.732  -30.480 0.6000000238
33042  32.022  -47.224  -29.930 0.6000000238
33043  31.733  -47.795  -29.281 0.6000000238
27690  24.754  -53.818  -30.271 0.4000000060
28528  25.606  -52.285  -29.969 0.4000000060
29314  26.846  -51.088  -29.681 0.4000000060
30177  26.225  -50.572  -29.449 0.4000000060
30160  29.133  -50.315  -28.484 0.5000000000
30175  28.566  -50.826  -28.980 0.5000000000
30161  28.143  -50.133  -28.688 0.5000000000
31039  28.738  -49.667  -28.132 0.5000000000
31040  27.814  -49.413  -28.298 0.5000000000
31037  30.493  -49.579  -28.226 0.5000000000
31038  29.646  -49.730  -28.073 0.5000000000
32004  29.266  -49.228  -27.719 0.5000000000
32006  27.501  -48.646  -27.883 0.4000000060
32002  31.379  -48.374  -28.541 0.6000000238
140355  27.497  -47.975  -27.536 0.5000000000
33021  26.938  -47.480  -27.516 0.4000000060
34032  32.183  -46.431  -29.731 0.6000000238
34033  31.807  -47.030  -29.126 0.6000000238
32003  30.838  -48.843  -27.932 0.6000000238
31027  30.041  -49.091  -27.678 0.5000000000
32005  28.470  -48.991  -27.721 0.5000000000
31986  31.089  -48.025  -27.769 0.6000000238
31987  30.345  -48.308  -27.434 0.6000000238
31988  29.295  -48.502  -27.342 0.5000000000
33017  31.304  -47.226  -27.637 0.6000000238
34023  32.019  -46.290  -28.711 0.6000000238
37014  28.655  -43.939  -27.021 0.5000000000
35964  29.269  -44.710  -26.648 0.6000000238
34993  29.001  -45.587  -26.538 0.5000000000
34991  30.829  -45.359  -26.531 0.6000000238
33999  29.698  -46.352  -26.477 0.6000000238
34000  28.779  -46.461  -26.557 0.5000000000
34010  27.984  -46.624  -26.778 0.5000000000
33018  30.696  -47.532  -27.201 0.6000000238
120692  28.867  -47.737  -26.911 0.5000000000
31989  28.232  -48.225  -27.394 0.5000000000
33020  27.893  -47.420  -27.121 0.5000000000
34011  27.231  -46.742  -27.175 0.5000000000
133179  29.611  -43.907  -26.669 0.5000000000
143556  28.954  -43.107  -26.758 0.5000000000
131078  30.544  -43.894  -26.533 0.6000000238
35963  30.215  -44.658  -26.500 0.6000000238
33008  29.381  -47.119  -26.627 0.6000000238
140883  28.582  -47.107  -26.720 0.5000000000
33997  31.345  -45.934  -26.863 0.6000000238
33998  30.580  -46.202  -26.583 0.6000000238
33075  35.785  -47.091  -33.283 0.4000000060
34059  34.973  -46.819  -32.893 0.4000000060
35052  35.996  -44.994  -33.132 0.5000000000
127867  36.184  -45.736  -33.316 0.4000000060
34009  31.057  -46.771  -26.975 0.6000000238
33078  40.340  -47.699  -35.069 0.5000000000
140686  36.754  -48.191  -33.770 0.5000000000
33073  38.550  -47.366  -34.464 0.5000000000
33074  36.901  -47.401  -33.732 0.5000000000
28524  30.980  -51.921  -29.910 0.5000000000
129541  27.914  -53.175  -30.060 0.4000000060
28543  27.070  -52.816  -30.162 0.4000000060
30162  24.242  -50.220  -28.544 0.4000000060
32008  25.244  -48.826  -28.390 0.4000000060
29325  26.349  -51.929  -29.972 0.4000000060
30176  27.590  -50.661  -29.304 0.4000000060
28529  25.107  -52.952  -30.037 0.4000000060
33007  30.273  -47.008  -26.703 0.6000000238
29317  23.290  -52.049  -28.950 0.3000000119
31043  24.838  -49.506  -28.534 0.3000000119
30163  23.224  -50.587  -28.285 0.3000000119
33034  24.868  -48.146  -27.946 0.3000000119
128717  24.178  -49.492  -28.188 0.3000000119
32009  24.507  -48.879  -28.089 0.3000000119
32010  23.699  -49.064  -27.727 0.3000000119
26757  25.294  -54.467  -30.562 0.4000000060
28530  23.683  -52.693  -29.406 0.4000000060
29286  35.200  -51.671  -26.480 0.5000000000
29287  34.423  -51.709  -26.641 0.5000000000
29288  33.967  -51.768  -26.835 0.5000000000
29293  33.724  -51.456  -27.214 0.5000000000
29302  33.492  -51.061  -27.968 0.6999999881
29309  31.183  -51.253  -29.776 0.5000000000
29313  27.615  -51.353  -29.591 0.4000000060
29315  25.551  -51.588  -29.716 0.4000000060
29323  31.506  -51.401  -30.508 0.4000000060
30138  36.283  -50.623  -26.310 0.5000000000
30140  34.643  -50.418  -26.565 0.5000000000
30171  33.732  -50.945  -29.025 0.6000000238
30186  35.178  -50.123  -30.783 0.4000000060
31023  39.301  -48.955  -27.331 0.3000000119
31044  23.473  -49.801  -28.010 0.3000000119
31052  30.965  -50.086  -28.846 0.5000000000
31982  39.357  -48.193  -27.337 0.3000000119
31985  33.998  -49.181  -27.364 0.6999999881
32001  34.062  -48.852  -28.197 0.6999999881
32007  26.570  -48.575  -28.199 0.4000000060
32023  34.888  -48.799  -29.936 0.6000000238
32040  40.919  -48.777  -34.614 0.5000000000
33003  37.209  -47.598  -26.055 0.5000000000
33013  40.145  -47.088  -27.791 0.3000000119
33019  29.829  -47.746  -26.954 0.5000000000
33032  31.533  -47.585  -28.427 0.6000000238
33041  34.631  -47.673  -28.946 0.6000000238
33058  36.749  -47.658  -31.488 0.5000000000
33060  32.965  -46.490  -31.555 0.6000000238
33065  39.278  -47.229  -32.855 0.6000000238
33070  40.941  -47.125  -34.912 0.5000000000
33071  41.151  -47.110  -34.575 0.5000000000
33985  36.657  -46.226  -25.743 0.5000000000
33992  38.339  -46.356  -26.534 0.5000000000
34007  38.978  -46.898  -26.946 0.4000000060
34022  34.554  -46.674  -27.855 0.6000000238
34024  31.669  -46.918  -28.312 0.6000000238
34039  35.566  -46.762  -30.250 0.6000000238
34044  37.725  -46.509  -31.933 0.6000000238
34046  32.572  -46.242  -30.987 0.6999999881
34049  40.750  -46.587  -33.875 0.5000000000
34055  40.924  -46.612  -34.646 0.5000000000
34057  36.434  -46.502  -33.484 0.4000000060
34061  39.787  -47.009  -34.844 0.5000000000
34976  36.547  -44.985  -25.555 0.4000000060
34977  35.870  -45.010  -25.602 0.5000000000
34984  39.694  -45.372  -27.102 0.4000000060
34985  38.973  -45.372  -26.639 0.5000000000
34989  32.159  -44.760  -27.050 0.6999999881
34992  29.947  -45.485  -26.448 0.6000000238
34999  34.802  -45.528  -27.138 0.6000000238
35013  40.841  -45.983  -28.186 0.3000000119
35028  36.006  -45.403  -30.630 0.8000000119
35041  40.463  -45.994  -33.605 0.6000000238
35046  33.984  -45.215  -32.175 0.6999999881
35047  40.783  -45.834  -34.406 0.6999999881
35050  37.941  -45.768  -34.058 0.5000000000
35053  40.735  -45.903  -34.512 0.5000000000
35946  35.624  -44.589  -25.758 0.5000000000
35958  37.473  -44.917  -25.703 0.5000000000
35959  35.276  -44.831  -26.142 0.6000000238
35962  31.089  -44.599  -26.532 0.6999999881
35971  40.896  -44.808  -27.684 0.4000000060
35988  35.278  -44.531  -28.490 0.6999999881
36013  36.685  -45.054  -31.225 0.8000000119
36020  39.534  -44.780  -32.771 0.6999999881
36022  35.279  -44.798  -32.732 0.8000000119
36026  41.111  -44.712  -34.240 0.6000000238
36995  36.623  -43.747  -25.224 0.4000000060
37006  40.734  -43.479  -26.846 0.4000000060
37008  38.907  -44.054  -25.942 0.4000000060
37009  35.328  -43.287  -26.503 0.6999999881
37011  32.268  -43.524  -27.099 0.6999999881
37024  41.383  -43.562  -27.400 0.3000000119
37026  35.293  -43.386  -27.448 0.6999999881
37027  32.540  -43.211  -27.585 0.6999999881
37046  43.116  -43.997  -29.008 0.3000000119
37056  35.761  -44.097  -30.003 0.8000000119
37077  41.351  -43.202  -34.102 0.6999999881
37085  39.645  -43.456  -34.419 0.8999999762
37994  37.840  -42.760  -24.706 0.4000000060
38026  41.746  -42.783  -27.303 0.3000000119
38028  32.478  -42.366  -27.584 0.8000000119
38037  43.621  -42.365  -28.713 0.3000000119
38048  35.631  -43.018  -28.954 0.6999999881
38049  32.746  -42.053  -29.649 0.8000000119
38057  32.915  -42.147  -30.572 0.8000000119
38061  40.303  -41.695  -32.469 0.8000000119
38076  41.262  -42.642  -33.998 0.8999999762
38077  40.568  -42.006  -34.169 0.8999999762
38078  39.947  -42.428  -34.350 0.8999999762
38083  41.215  -42.809  -34.167 0.8000000119
38084  40.834  -42.570  -34.308 0.8999999762
38980  36.730  -41.652  -24.364 0.6000000238
38993  39.375  -42.011  -25.015 0.4000000060
38996  35.900  -41.566  -25.401 0.6000000238
39008  41.990  -41.382  -26.676 0.3000000119
39010  40.741  -41.953  -25.967 0.3000000119
39029  42.636  -41.302  -27.203 0.3000000119
39031  36.138  -41.021  -27.812 0.6999999881
39032  35.583  -41.620  -27.253 0.6999999881
39034  31.596  -41.474  -27.008 0.8999999762
39043  42.856  -41.916  -27.725 0.3000000119
39044  36.728  -41.074  -28.684 0.6999999881
39073  40.565  -41.447  -33.380 0.8000000119
39996  38.743  -40.113  -23.306 0.5000000000
40017  36.425  -40.552  -24.538 0.6000000238
40033  30.130  -40.532  -25.921 0.8999999762
40065  35.794  -40.991  -26.929 0.6999999881
40915  37.704  -38.480  -22.532 0.5000000000
40952  39.791  -39.864  -23.879 0.4000000060
40953  30.410  -39.418  -24.381 0.8999999762
40955  28.634  -39.629  -23.768 0.6999999881
40965  42.020  -39.365  -25.627 0.3000000119
40984  42.333  -40.057  -26.224 0.3000000119
41011  32.150  -39.318  -28.506 0.8999999762
41017  38.484  -39.633  -29.157 0.8000000119
41023  39.381  -39.839  -31.275 0.8000000119
41024  39.075  -39.707  -30.323 0.8000000119
41027  39.566  -39.875  -32.287 0.8000000119
41029  35.574  -39.456  -32.185 1.0000000000
41030  34.808  -39.573  -31.669 1.0000000000
41036  39.929  -39.332  -33.494 0.8000000119
41038  38.178  -38.782  -33.763 0.8999999762
41043  40.043  -38.988  -34.054 0.8999999762
41899  36.958  -38.563  -22.846 0.6999999881
41943  37.134  -37.927  -27.082 0.8000000119
41967  31.396  -38.256  -28.064 0.8999999762
41978  37.028  -38.215  -29.771 0.6999999881
42012  40.175  -38.490  -34.043 0.8000000119
42848  39.574  -37.087  -22.510 0.5000000000
42849  38.447  -37.502  -22.284 0.5000000000
42850  37.649  -37.662  -22.433 0.6999999881
42857  40.890  -36.920  -23.569 0.4000000060
42858  40.208  -37.036  -22.948 0.5000000000
42902  43.840  -37.497  -27.394 0.3000000119
42906  44.452  -37.347  -28.621 0.3000000119
42908  37.385  -38.078  -27.958 0.8000000119
42915  32.256  -37.447  -29.865 1.0000000000
43726  38.976  -36.752  -22.088 0.5000000000
43742  31.244  -37.008  -23.629 0.8999999762
43753  32.393  -36.844  -24.249 1.0000000000
43762  42.490  -36.229  -25.180 0.4000000060
43764  36.349  -36.413  -25.377 0.6000000238
43774  43.536  -36.478  -26.621 0.4000000060
43790  44.132  -37.003  -27.866 0.3000000119
43798  44.657  -36.593  -29.077 0.3000000119
43821  39.323  -35.380  -33.559 0.6999999881
44578  40.124  -35.692  -22.479 0.5000000000
44592  36.964  -35.608  -22.968 0.6999999881
44604  41.734  -35.826  -24.207 0.4000000060
44616  43.228  -35.349  -25.745 0.4000000060
44618  36.060  -35.548  -25.499 0.6000000238
44642  43.869  -35.704  -26.932 0.4000000060
44643  35.371  -35.961  -28.110 0.6999999881
44652  35.290  -35.811  -28.846 0.6999999881
44659  35.417  -35.614  -29.703 0.6999999881
44660  31.526  -35.783  -29.190 1.0000000000
44669  35.900  -35.181  -30.540 0.6999999881
44671  32.425  -34.903  -30.383 1.0000000000
44688  38.931  -34.962  -33.551 0.8000000119
45535  38.988  -34.337  -21.810 0.5000000000
45558  41.780  -34.471  -23.923 0.4000000060
45560  33.477  -34.676  -24.335 1.0000000000
45585  35.702  -34.506  -26.536 0.6000000238
45598  31.916  -34.665  -29.010 1.0000000000
45603  32.134  -34.007  -29.480 1.0000000000
45617  35.655  -34.174  -32.588 1.0000000000
45624  38.518  -34.252  -33.250 0.8000000119
46524  40.258  -33.274  -22.360 0.4000000060
46529  32.500  -33.114  -22.644 1.0000000000
46549  42.749  -33.924  -24.758 0.4000000060
46552  36.496  -33.847  -24.822 0.6000000238
46560  43.238  -34.205  -25.320 0.4000000060
46563  27.155  -33.638  -25.170 0.6999999881
46596  32.205  -33.264  -29.861 1.0000000000
46610  33.036  -33.036  -30.875 1.0000000000
46613  38.211  -33.677  -33.149 0.8000000119
47523  33.660  -32.515  -22.722 1.0000000000
47534  41.203  -32.202  -23.034 0.4000000060
47535  38.189  -32.240  -22.853 0.5000000000
47546  37.210  -32.573  -24.373 0.5000000000
47556  43.989  -32.254  -25.373 0.4000000060
47558  36.657  -32.757  -25.873 0.5000000000
47582  33.267  -32.787  -27.841 1.0000000000
47586  36.464  -32.264  -28.381 0.6999999881
47588  33.417  -32.124  -28.177 1.0000000000
47594  35.737  -32.797  -29.919 0.6999999881
48515  38.877  -31.830  -22.621 0.5000000000
48528  42.321  -31.456  -23.808 0.4000000060
48533  37.745  -32.004  -23.711 0.5000000000
48535  34.878  -31.787  -23.775 0.8999999762
48545  38.017  -31.227  -24.116 0.5000000000
48549  29.411  -31.395  -24.170 0.8999999762
48555  43.958  -31.570  -25.217 0.4000000060
48558  34.598  -31.583  -25.889 0.8999999762
48559  28.261  -31.243  -25.233 0.6000000238
48605  34.433  -31.378  -31.722 0.6999999881
48606  33.438  -31.584  -31.144 0.8000000119
49599  33.368  -30.193  -21.762 0.6999999881
49605  39.981  -31.003  -22.735 0.4000000060
49606  35.083  -30.428  -22.559 0.6999999881
49607  34.449  -30.766  -22.278 0.6999999881
49619  38.532  -30.861  -23.641 0.5000000000
49646  35.208  -30.327  -26.159 0.6999999881
49652  45.469  -30.853  -26.697 0.3000000119
49653  44.840  -30.972  -25.942 0.4000000060
49655  38.836  -30.803  -26.875 0.5000000000
49669  34.428  -30.454  -27.909 0.8999999762
49685  37.117  -30.617  -29.360 0.6999999881
49688  32.981  -31.052  -29.938 0.8000000119
49691  36.418  -30.487  -31.991 0.6999999881
49694  36.203  -30.458  -32.238 0.6999999881
50570  33.903  -29.479  -21.600 0.6999999881
50571  33.225  -29.497  -21.604 0.6999999881
50579  32.709  -29.270  -21.724 0.6999999881
50586  41.629  -28.895  -23.921 0.4000000060
50591  31.423  -29.275  -22.714 0.6999999881
50601  43.189  -29.482  -24.392 0.4000000060
50602  42.445  -29.100  -24.078 0.3000000119
50603  40.082  -29.025  -23.924 0.4000000060
50604  39.614  -29.211  -24.561 0.4000000060
50627  39.829  -29.789  -26.843 0.4000000060
50629  28.177  -29.283  -26.015 0.6000000238
50640  40.406  -29.498  -28.205 0.3000000119
50654  40.071  -29.908  -28.335 0.4000000060
51472  33.856  -28.719  -21.397 0.6999999881
51477  35.783  -28.829  -22.342 0.5000000000
51478  32.396  -28.646  -21.903 0.6999999881
51484  40.785  -28.866  -23.896 0.4000000060
51501  36.198  -29.006  -24.575 0.6999999881
51502  30.201  -28.068  -24.243 0.8000000119
51509  43.799  -28.866  -24.771 0.3000000119
51521  45.738  -28.605  -26.266 0.3000000119
51525  36.181  -28.303  -25.852 0.6000000238
51533  47.017  -28.544  -27.344 0.3000000119
51536  34.956  -29.227  -28.068 0.6000000238
51546  49.021  -28.960  -28.655 0.3000000119
51548  41.149  -28.598  -28.544 0.3000000119
51550  40.429  -29.127  -28.491 0.4000000060
51551  39.448  -28.949  -28.574 0.6000000238
51558  36.606  -28.406  -30.652 0.6000000238
51559  33.651  -27.877  -30.922 0.6000000238
52370  29.392  -27.523  -25.259 0.6999999881
52385  28.807  -27.125  -26.042 0.6999999881
52426  34.992  -26.913  -29.251 0.5000000000
52431  33.817  -27.619  -31.181 0.6000000238
53200  34.383  -26.162  -20.628 0.3000000119
53207  35.809  -26.829  -21.265 0.4000000060
53208  33.733  -26.381  -20.810 0.3000000119
53211  36.952  -26.191  -22.418 0.4000000060
53220  37.136  -25.914  -23.050 0.4000000060
53223  30.934  -26.917  -23.844 0.6000000238
53235  36.798  -26.816  -23.991 0.4000000060
53256  47.103  -25.880  -26.903 0.3000000119
53263  36.543  -26.168  -26.110 0.5000000000
53266  28.608  -26.432  -26.724 0.5000000000
53277  39.131  -26.427  -27.980 0.5000000000
53303  34.241  -26.014  -30.732 0.5000000000
53305  34.166  -26.007  -31.120 0.6000000238
54113  34.752  -25.514  -20.513 0.3000000119
54122  37.136  -25.080  -21.815 0.3000000119
54125  33.202  -25.712  -21.210 0.5000000000
54132  31.983  -25.551  -22.881 0.5000000000
54169  30.065  -25.323  -25.375 0.5000000000
54181  28.467  -25.879  -27.260 0.4000000060
54196  36.520  -24.990  -26.889 0.5000000000
54214  38.441  -25.076  -28.149 0.5000000000
54215  37.809  -24.943  -28.833 0.5000000000
54216  35.561  -25.353  -28.519 0.5000000000
54231  36.289  -25.240  -31.137 0.5000000000
54236  35.875  -25.174  -31.517 0.5000000000
54237  35.228  -25.319  -31.504 0.5000000000
55198  34.774  -24.507  -20.388 0.3000000119
55230  31.289  -24.414  -24.212 0.4000000060
55231  30.883  -24.530  -24.683 0.4000000060
55242  37.045  -24.289  -25.534 0.4000000060
55268  28.490  -24.240  -27.894 0.5000000000
55287  35.337  -23.858  -29.155 0.4000000060
55310  35.167  -24.229  -31.121 0.4000000060
55311  34.827  -24.847  -31.229 0.5000000000
56095  36.083  -23.404  -20.307 0.4000000060
56109  37.131  -23.858  -21.254 0.3000000119
56110  33.472  -23.549  -20.832 0.3000000119
56116  37.508  -23.766  -22.004 0.3000000119
56117  32.553  -24.022  -22.295 0.4000000060
56123  37.632  -23.929  -22.845 0.4000000060
56133  37.541  -23.466  -24.274 0.3000000119
56159  36.206  -23.461  -27.679 0.5000000000
56193  35.866  -23.401  -30.742 0.4000000060
56916  35.473  -21.803  -19.720 0.3000000119
56924  37.217  -22.200  -20.821 0.3000000119
56925  36.633  -22.716  -20.461 0.3000000119
56961  37.746  -22.474  -23.206 0.4000000060
56969  30.728  -22.552  -24.998 0.3000000119
56979  37.476  -22.092  -25.343 0.3000000119
56980  30.188  -22.454  -25.587 0.3000000119
56994  35.532  -21.967  -28.542 0.4000000060
57018  35.493  -22.635  -29.407 0.4000000060
57829  34.925  -21.263  -19.680 0.3000000119
57868  32.296  -21.739  -22.987 0.3000000119
57935  39.478  -21.918  -27.887 0.3000000119
57937  35.627  -21.313  -28.478 0.4000000060
57938  29.044  -21.571  -27.106 0.4000000060
57939  28.693  -22.051  -27.799 0.3000000119
57975  35.438  -21.885  -29.130 0.4000000060
58749  35.305  -20.548  -19.599 0.4000000060
58755  34.436  -20.610  -19.874 0.3000000119
58793  32.385  -20.278  -22.872 0.3000000119
58837  36.455  -20.558  -27.306 0.4000000060
58838  29.977  -20.891  -26.041 0.3000000119
59722  34.270  -19.248  -19.880 0.3000000119
59770  32.234  -19.588  -23.208 0.3000000119
59787  31.436  -19.484  -24.545 0.3000000119
59793  31.093  -19.049  -25.203 0.3000000119
59794  30.635  -19.435  -25.613 0.3000000119
59813  36.185  -19.048  -28.914 0.3000000119
60643  32.418  -18.879  -22.905 0.3000000119
60672  31.424  -18.616  -24.666 0.3000000119
60708  36.419  -18.922  -29.086 0.3000000119
62419  33.648  -16.513  -19.994 0.3000000119
62426  32.703  -16.004  -21.508 0.3000000119
62459  32.367  -16.708  -23.189 0.3000000119
62492  30.119  -16.328  -26.692 0.3000000119
62496  29.626  -16.726  -28.349 0.3000000119
63383  32.680  -15.302  -21.519 0.4000000060
63431  32.196  -15.048  -24.012 0.3000000119
63451  29.928  -15.696  -27.328 0.3000000119
63463  29.744  -15.722  -29.907 0.3000000119
64344  31.974  -14.321  -24.384 0.3000000119
65233  31.009  -14.074  -26.107 0.3000000119
65234  30.853  -13.442  -26.476 0.3000000119
66041  32.489  -12.391  -22.375 0.3000000119
66091  30.798  -12.733  -26.818 0.3000000119
66932  31.674  -11.647  -25.656 0.3000000119
66945  31.253  -12.047  -26.427 0.3000000119
67703  32.491  -10.483  -23.529 0.3000000119
67714  31.994  -11.111  -25.237 0.3000000119
67721  31.797  -10.838  -25.824 0.3000000119
120250  32.456  -8.123  -23.171 0.3000000119
120599  30.158  -35.272  -23.461 0.8000000119
120857  39.123  -48.126  -34.728 0.5000000000
121024  29.713  -38.480  -23.600 0.8999999762
121863  36.633  -38.036  -25.086 0.6999999881
122393  32.581  -32.054  -30.094 1.0000000000
123170  36.611  -35.238  -23.848 0.6999999881
124002  35.593  -30.314  -24.044 0.6000000238
124697  31.364  -37.082  -28.755 1.0000000000
124719  37.844  -21.649  -28.571 0.3000000119
125779  31.756  -12.319  -25.170 0.3000000119
125943  35.816  -20.933  -29.235 0.3000000119
126854  40.887  -38.893  -24.316 0.4000000060
126892  36.533  -38.231  -24.183 0.6999999881
126894  31.479  -37.077  -28.072 1.0000000000
128609  27.295  -29.939  -26.730 0.5000000000
128810  36.955  -43.665  -33.418 0.8999999762
130012  43.709  -40.967  -28.134 0.3000000119
130066  32.660  -35.599  -26.969 1.0000000000
130265  30.328  -17.939  -26.150 0.3000000119
130740  44.530  -36.028  -28.547 0.3000000119
130877  32.425  -10.985  -24.027 0.3000000119
130994  32.387  -40.068  -28.379 0.8999999762
130995  36.292  -49.889  -31.623 0.5000000000
131074  37.473  -35.159  -22.514 0.5000000000
131101  34.942  -24.644  -30.056 0.5000000000
131131  34.756  -51.092  -26.528 0.5000000000
131470  30.742  -25.812  -24.466 0.4000000060
132687  36.337  -22.830  -29.872 0.4000000060
132701  38.744  -21.983  -28.076 0.4000000060
132711  38.713  -43.809  -34.193 0.6999999881
133164  41.330  -44.277  -27.687 0.4000000060
133306  40.113  -37.032  -33.698 0.6999999881
133339  44.533  -30.337  -25.510 0.3000000119
133381  31.419  -50.118  -29.607 0.5000000000
133483  32.731  -28.137  -21.611 0.6999999881
133601  37.089  -24.760  -29.729 0.4000000060
133623  36.471  -28.114  -23.393 0.5000000000
133730  35.611  -46.007  -30.226 0.6000000238
133841  31.489  -27.926  -22.858 0.6999999881
133845  31.603  -20.110  -24.130 0.3000000119
133908  34.195  -50.334  -26.873 0.5000000000
134157  30.931  -23.240  -24.759 0.3000000119
134483  32.388  -10.356  -24.292 0.3000000119
134596  35.938  -22.888  -30.215 0.4000000060
134617  31.666  -22.948  -23.817 0.3000000119
134619  31.332  -23.294  -24.280 0.3000000119
134669  33.230  -30.046  -30.854 0.8000000119
134710  32.649  -21.802  -22.184 0.4000000060
134913  39.213  -24.134  -27.678 0.3000000119
135017  29.907  -33.335  -23.621 0.8999999762
135084  37.559  -46.111  -26.104 0.5000000000
135239  43.439  -40.008  -27.336 0.3000000119
135404  39.838  -45.956  -27.416 0.3000000119
135499  44.525  -27.776  -25.356 0.3000000119
136068  38.902  -36.170  -34.059 0.8999999762
136466  35.133  -29.603  -27.404 0.6000000238
137137  33.708  -35.599  -31.209 1.0000000000
137257  37.152  -38.000  -28.750 0.8000000119
137463  39.310  -32.147  -22.400 0.4000000060
137707  34.361  -32.517  -23.458 1.0000000000
137799  32.033  -35.288  -30.009 1.0000000000
138036  44.510  -34.945  -27.890 0.3000000119
138108  38.250  -34.173  -22.106 0.5000000000
138266  42.042  -36.240  -24.686 0.4000000060
138328  37.628  -22.159  -24.533 0.3000000119
138469  35.469  -35.739  -27.403 0.6999999881
138822  40.318  -41.028  -25.075 0.4000000060
138878  39.606  -43.870  -26.337 0.5000000000
139755  37.318  -40.922  -23.650 0.5000000000
139802  45.616  -27.705  -26.049 0.3000000119
140257  38.750  -39.521  -29.665 0.8000000119
140293  34.302  -48.817  -26.774 0.6000000238
140303  33.970  -20.879  -20.265 0.3000000119
140330  27.077  -49.137  -28.442 0.4000000060
140538  31.721  -44.513  -26.715 0.6999999881
140541  37.261  -23.012  -21.121 0.3000000119
140894  32.568  -17.079  -22.450 0.3000000119
140930  32.752  -35.786  -23.865 1.0000000000
140980  34.738  -49.939  -30.207 0.6000000238
141103  32.416  -46.119  -30.404 0.6999999881
141373  35.491  -35.906  -32.366 1.0000000000
141869  28.130  -34.993  -24.303 0.6999999881
142254  36.198  -40.586  -27.214 0.6999999881
142534  39.616  -40.746  -31.265 0.8000000119
142601  35.314  -52.422  -26.568 0.5000000000
142604  32.807  -14.850  -21.138 0.3000000119
142962  30.205  -38.156  -23.612 0.8999999762
143064  33.617  -17.603  -20.232 0.3000000119
143456  27.518  -37.197  -23.896 0.6999999881
143626  35.632  -34.214  -27.144 0.6000000238
143812  36.905  -24.279  -26.093 0.5000000000
143992  33.465  -32.831  -27.161 1.0000000000
144046  33.074  -31.483  -30.679 0.8000000119
144347  32.242  -45.941  -29.299 0.6999999881
144362  36.603  -26.367  -25.377 0.5000000000
144464  33.661  -50.619  -28.466 0.6000000238
144565  41.724  -30.133  -23.568 0.3000000119
144888  43.318  -28.014  -24.633 0.3000000119
144893  33.510  -42.894  -31.494 0.8000000119
