#!ascii label  , from subject sub-v2s8x29177_ses-1 vox2ras=TkReg
634
42911  34.134  -10.802  42.856 0.0000000000
61990  46.796  7.526  21.422 0.0000000000
57240  54.314  2.883  20.330 0.0000000000
107151  50.653  4.039  31.715 0.0000000000
45894  37.801  -7.631  37.720 0.0000000000
44992  34.677  -9.896  38.208 0.0000000000
62014  52.451  7.535  19.484 0.0000000000
63718  52.550  10.270  24.693 0.0000000000
110718  47.969  -0.221  33.496 0.0000000000
46855  43.196  -7.462  39.003 0.0000000000
59205  58.465  5.086  13.168 0.0000000000
100324  53.986  1.781  15.974 0.0000000000
112303  46.124  3.288  28.030 0.0000000000
62794  47.407  8.577  27.468 0.0000000000
106187  34.267  -7.172  39.821 0.0000000000
102971  33.601  -9.273  40.732 0.0000000000
62004  49.323  6.939  20.800 0.0000000000
62875  53.541  8.928  21.886 0.0000000000
62853  49.839  9.056  22.666 0.0000000000
50088  48.887  -4.447  33.775 0.0000000000
46831  38.678  -7.408  41.302 0.0000000000
46877  40.422  -7.707  38.405 0.0000000000
45851  41.865  -9.083  40.410 0.0000000000
59207  56.406  4.098  12.182 0.0000000000
58221  58.742  4.129  14.983 0.0000000000
58223  56.212  2.978  14.509 0.0000000000
59131  53.631  5.730  17.613 0.0000000000
57290  52.487  2.957  16.590 0.0000000000
57256  54.151  2.344  18.786 0.0000000000
56327  57.868  2.200  18.621 0.0000000000
56284  58.048  1.677  21.214 0.0000000000
56153  48.938  1.851  32.994 0.0000000000
55199  47.715  0.772  30.350 0.0000000000
58998  48.231  4.450  31.546 0.0000000000
59970  46.612  5.670  28.546 0.0000000000
60901  49.246  7.326  31.821 0.0000000000
62780  50.452  9.775  29.845 0.0000000000
59960  50.965  5.953  30.622 0.0000000000
46860  35.931  -6.561  40.453 0.0000000000
61065  51.746  6.380  17.517 0.0000000000
60075  54.335  6.235  19.055 0.0000000000
60043  54.273  6.711  22.218 0.0000000000
61941  53.815  7.413  23.873 0.0000000000
50049  46.315  -4.577  36.538 0.0000000000
51173  48.173  -3.022  35.447 0.0000000000
53156  50.011  -1.819  33.716 0.0000000000
55184  51.178  0.439  31.173 0.0000000000
108444  50.665  2.002  29.297 0.0000000000
48009  43.803  -6.858  35.578 0.0000000000
47959  45.771  -6.482  38.401 0.0000000000
60141  59.929  5.828  12.945 0.0000000000
57340  54.352  2.056  14.134 0.0000000000
57288  57.484  2.371  17.114 0.0000000000
55360  58.779  1.540  18.102 0.0000000000
62828  47.360  8.596  24.479 0.0000000000
63708  49.809  10.200  26.083 0.0000000000
62803  52.036  9.729  27.881 0.0000000000
41839  34.549  -11.844  42.833 0.0000000000
43989  33.639  -9.423  41.997 0.0000000000
117543  34.374  -11.057  42.064 0.0000000000
61988  48.687  7.493  21.384 0.0000000000
62878  50.090  8.436  21.940 0.0000000000
106507  48.540  8.421  22.506 0.0000000000
102522  40.069  -8.715  40.592 0.0000000000
115185  55.901  3.586  12.607 0.0000000000
58239  56.829  3.928  13.306 0.0000000000
58251  55.506  3.136  13.095 0.0000000000
58150  53.439  3.745  19.469 0.0000000000
57257  53.191  2.894  18.225 0.0000000000
57255  54.986  2.345  19.960 0.0000000000
101548  56.426  2.116  20.051 0.0000000000
58004  49.885  3.447  32.640 0.0000000000
58005  48.966  3.556  32.799 0.0000000000
58981  48.947  4.544  32.690 0.0000000000
59934  48.327  6.159  31.845 0.0000000000
59932  49.560  5.804  32.567 0.0000000000
60900  50.098  7.255  31.702 0.0000000000
102562  50.710  5.459  31.389 0.0000000000
46861  35.265  -6.664  40.320 0.0000000000
45882  35.268  -7.110  40.510 0.0000000000
45880  36.824  -7.875  40.611 0.0000000000
61044  50.639  6.648  19.299 0.0000000000
61057  50.381  6.106  17.980 0.0000000000
61042  53.164  7.230  18.640 0.0000000000
61055  53.543  6.600  17.966 0.0000000000
61041  54.002  6.956  18.876 0.0000000000
112224  54.370  6.849  20.927 0.0000000000
62000  54.055  7.866  20.886 0.0000000000
63741  53.089  9.747  23.349 0.0000000000
62849  53.702  8.750  22.762 0.0000000000
61942  53.406  8.596  24.305 0.0000000000
109448  53.359  6.956  24.995 0.0000000000
62826  53.031  8.965  24.888 0.0000000000
50040  47.128  -4.933  37.358 0.0000000000
51159  47.205  -3.594  36.100 0.0000000000
50046  48.334  -4.220  36.198 0.0000000000
51194  49.601  -3.398  33.622 0.0000000000
53162  50.658  -1.290  32.491 0.0000000000
112702  42.336  -7.519  38.650 0.0000000000
114538  42.204  -7.986  36.637 0.0000000000
46896  43.776  -7.247  37.136 0.0000000000
47993  44.870  -6.363  37.078 0.0000000000
119153  44.553  -6.856  38.582 0.0000000000
60158  57.127  5.237  11.260 0.0000000000
60142  59.240  5.566  13.079 0.0000000000
58205  58.872  3.243  16.355 0.0000000000
57307  53.227  2.100  16.207 0.0000000000
57308  52.542  2.468  15.676 0.0000000000
56373  53.353  1.907  15.347 0.0000000000
56389  53.254  1.876  14.567 0.0000000000
119242  54.676  1.852  15.089 0.0000000000
57306  55.331  2.046  15.377 0.0000000000
56371  55.853  1.949  16.333 0.0000000000
56304  58.509  1.566  19.739 0.0000000000
56326  58.628  1.901  18.837 0.0000000000
52237  47.033  -1.653  33.793 0.0000000000
53173  47.133  -0.827  32.273 0.0000000000
107838  47.587  2.060  29.602 0.0000000000
55211  47.187  0.499  29.331 0.0000000000
61898  47.055  7.645  28.690 0.0000000000
120057  45.967  6.594  26.763 0.0000000000
61918  46.207  7.655  26.172 0.0000000000
112897  46.084  7.877  24.869 0.0000000000
62805  47.341  8.641  26.494 0.0000000000
63709  48.825  9.574  25.509 0.0000000000
62793  48.330  9.245  27.186 0.0000000000
61896  51.370  8.593  29.600 0.0000000000
62792  51.661  10.114  28.794 0.0000000000
61906  51.619  8.890  28.099 0.0000000000
61929  51.272  7.904  26.237 0.0000000000
45884  33.743  -7.743  39.876 0.0000000000
44025  34.169  -10.069  38.659 0.0000000000
42978  34.604  -11.056  38.133 0.0000000000
42959  34.219  -11.281  39.445 0.0000000000
62002  51.625  7.690  20.368 0.0000000000
61984  53.349  8.561  21.022 0.0000000000
62877  51.397  8.787  21.732 0.0000000000
62852  52.051  9.531  22.403 0.0000000000
114397  51.414  10.239  23.595 0.0000000000
46858  37.736  -6.934  40.141 0.0000000000
45893  38.817  -7.973  37.289 0.0000000000
103103  39.944  -7.603  39.908 0.0000000000
46841  41.094  -7.645  39.845 0.0000000000
46839  42.931  -7.945  39.486 0.0000000000
45863  44.298  -8.403  39.300 0.0000000000
44955  43.111  -9.443  40.106 0.0000000000
59206  57.378  4.570  12.662 0.0000000000
59197  58.728  4.642  14.228 0.0000000000
59198  57.878  4.542  13.589 0.0000000000
106971  58.357  3.700  15.368 0.0000000000
58206  57.905  3.300  15.741 0.0000000000
59152  52.538  5.574  16.741 0.0000000000
58178  52.460  4.340  16.971 0.0000000000
57268  52.777  3.004  17.470 0.0000000000
56329  54.457  1.801  17.411 0.0000000000
56328  55.892  1.783  17.969 0.0000000000
56306  55.104  1.918  18.593 0.0000000000
56305  58.154  1.784  20.100 0.0000000000
105036  48.720  0.995  33.063 0.0000000000
104764  47.962  0.384  32.497 0.0000000000
56164  48.674  2.056  32.480 0.0000000000
57129  48.220  2.782  31.103 0.0000000000
58047  47.498  3.487  29.824 0.0000000000
59030  46.503  4.827  28.261 0.0000000000
59017  47.363  5.284  30.022 0.0000000000
60914  47.145  6.585  29.675 0.0000000000
62772  47.784  8.382  29.400 0.0000000000
62781  49.176  9.560  29.108 0.0000000000
61886  49.435  8.628  30.808 0.0000000000
61884  51.044  8.247  30.440 0.0000000000
59969  50.583  6.306  28.855 0.0000000000
46883  34.344  -6.530  38.545 0.0000000000
46881  35.856  -6.640  39.057 0.0000000000
102920  37.311  -7.077  39.035 0.0000000000
45856  37.159  -6.945  41.371 0.0000000000
44958  37.884  -8.438  40.567 0.0000000000
60109  53.569  6.103  17.431 0.0000000000
112847  54.004  5.475  18.510 0.0000000000
58142  53.937  3.501  20.932 0.0000000000
59098  53.783  4.503  21.598 0.0000000000
59086  54.533  4.124  23.849 0.0000000000
60034  54.135  5.489  23.553 0.0000000000
61983  54.084  8.146  21.741 0.0000000000
60987  54.074  7.129  23.337 0.0000000000
50078  44.799  -4.810  34.069 0.0000000000
50076  46.156  -3.752  35.050 0.0000000000
52227  47.084  -2.627  35.074 0.0000000000
53139  48.001  -1.735  34.765 0.0000000000
50074  49.133  -3.930  34.835 0.0000000000
52225  49.266  -2.536  34.585 0.0000000000
54098  48.572  -0.494  33.698 0.0000000000
55158  49.500  0.437  33.099 0.0000000000
56151  50.439  1.305  32.284 0.0000000000
57122  51.230  2.018  31.035 0.0000000000
57128  51.055  2.531  30.218 0.0000000000
113957  50.944  0.849  29.890 0.0000000000
49036  44.854  -5.703  35.440 0.0000000000
49013  46.060  -5.562  37.816 0.0000000000
47973  47.171  -6.406  37.651 0.0000000000
45878  45.673  -7.984  38.760 0.0000000000
45900  46.302  -7.962  37.746 0.0000000000
61114  59.595  6.850  11.653 0.0000000000
57356  54.659  2.739  12.850 0.0000000000
57339  55.215  2.586  13.886 0.0000000000
57320  56.931  2.949  15.400 0.0000000000
57304  58.089  2.833  16.593 0.0000000000
56350  56.685  2.027  17.493 0.0000000000
57287  58.704  2.341  17.633 0.0000000000
56348  58.941  2.175  17.574 0.0000000000
103598  47.457  -0.040  30.785 0.0000000000
113412  45.907  7.994  22.700 0.0000000000
62856  46.715  8.131  22.661 0.0000000000
62839  48.828  9.203  23.706 0.0000000000
118679  49.918  10.090  24.396 0.0000000000
120105  51.177  10.778  25.410 0.0000000000
63684  50.390  10.306  28.452 0.0000000000
63695  51.652  10.895  27.371 0.0000000000
63706  52.315  10.430  26.566 0.0000000000
61928  52.138  8.185  25.983 0.0000000000
58046  50.942  3.966  29.954 0.0000000000
59029  50.014  4.632  28.595 0.0000000000
42926  34.358  -10.950  42.932 0.0000000000
41826  34.895  -12.374  43.872 0.0000000000
42910  34.400  -11.667  43.342 0.0000000000
42927  34.098  -10.269  42.495 0.0000000000
61989  47.727  7.492  21.419 0.0000000000
62880  48.108  8.023  21.932 0.0000000000
102666  53.795  2.784  19.255 0.0000000000
57239  55.534  2.499  21.196 0.0000000000
58019  49.383  4.017  32.818 0.0000000000
58018  50.107  4.125  32.453 0.0000000000
101517  49.142  5.401  32.785 0.0000000000
58979  50.311  4.651  32.119 0.0000000000
59931  50.255  5.360  32.125 0.0000000000
58997  50.678  4.737  31.488 0.0000000000
44975  34.864  -8.373  39.104 0.0000000000
44991  35.461  -9.804  37.999 0.0000000000
61043  51.816  7.083  18.907 0.0000000000
61027  53.574  7.585  19.425 0.0000000000
61026  53.980  7.532  19.938 0.0000000000
118683  53.714  7.813  19.945 0.0000000000
113187  52.799  10.163  23.978 0.0000000000
62838  53.346  9.166  23.505 0.0000000000
62825  53.107  9.333  24.281 0.0000000000
63717  52.761  9.826  24.794 0.0000000000
49024  47.625  -5.742  37.259 0.0000000000
50047  47.519  -4.230  36.606 0.0000000000
112382  48.064  -4.998  36.802 0.0000000000
46897  42.250  -7.738  37.592 0.0000000000
46875  42.908  -7.472  38.226 0.0000000000
45903  43.031  -7.662  37.090 0.0000000000
46874  43.765  -7.229  38.268 0.0000000000
47977  44.401  -6.781  37.725 0.0000000000
46854  44.173  -7.215  38.965 0.0000000000
59217  57.797  5.135  12.095 0.0000000000
60157  58.026  5.807  11.596 0.0000000000
60143  58.622  5.574  12.415 0.0000000000
56352  53.977  1.800  16.642 0.0000000000
120065  53.970  1.744  15.423 0.0000000000
56372  54.617  1.787  15.642 0.0000000000
56351  54.968  1.701  16.737 0.0000000000
55329  58.405  0.872  19.679 0.0000000000
55343  58.672  1.622  18.953 0.0000000000
53163  47.470  -0.870  33.378 0.0000000000
53164  46.716  -1.527  32.741 0.0000000000
54106  47.735  -0.218  32.824 0.0000000000
57148  46.679  2.716  28.551 0.0000000000
57157  46.007  2.488  27.914 0.0000000000
113005  46.800  7.856  27.735 0.0000000000
62795  46.670  8.075  26.843 0.0000000000
62817  46.672  8.226  26.102 0.0000000000
62804  48.053  9.156  26.007 0.0000000000
61897  50.726  7.166  28.612 0.0000000000
106568  51.659  9.283  29.129 0.0000000000
61907  50.960  7.862  28.131 0.0000000000
60946  49.907  6.996  27.033 0.0000000000
44959  33.401  -8.376  40.352 0.0000000000
44977  33.764  -9.096  39.567 0.0000000000
42960  33.927  -10.186  39.499 0.0000000000
61030  48.871  6.374  20.284 0.0000000000
62003  50.392  7.226  20.625 0.0000000000
61986  50.855  7.968  21.166 0.0000000000
102679  50.837  9.216  22.431 0.0000000000
63742  50.524  9.707  23.090 0.0000000000
120236  51.462  9.848  22.906 0.0000000000
46843  38.213  -7.028  41.034 0.0000000000
46857  38.766  -7.322  39.935 0.0000000000
120435  39.002  -7.363  40.832 0.0000000000
45852  40.916  -8.921  40.469 0.0000000000
45866  40.252  -8.030  40.471 0.0000000000
45865  41.450  -8.238  40.162 0.0000000000
46840  42.063  -7.872  39.676 0.0000000000
45864  42.532  -8.528  40.083 0.0000000000
104552  43.481  -8.522  39.720 0.0000000000
59218  56.857  4.659  11.697 0.0000000000
58240  56.228  3.341  13.821 0.0000000000
118997  56.996  3.719  14.026 0.0000000000
58222  57.176  3.464  14.719 0.0000000000
59151  52.956  5.568  17.095 0.0000000000
58161  52.965  4.367  17.748 0.0000000000
57267  53.791  2.175  17.888 0.0000000000
56283  58.217  1.198  20.622 0.0000000000
56135  49.127  1.099  33.040 0.0000000000
55172  48.424  1.122  32.617 0.0000000000
58030  48.507  3.626  31.875 0.0000000000
57123  48.667  2.855  32.240 0.0000000000
58031  47.962  3.544  30.781 0.0000000000
57130  47.789  2.705  30.118 0.0000000000
107459  47.679  4.370  30.437 0.0000000000
107392  47.167  4.277  29.498 0.0000000000
60902  48.173  7.072  31.477 0.0000000000
59948  47.682  6.151  30.882 0.0000000000
61876  47.884  7.589  30.774 0.0000000000
60924  47.422  7.442  29.764 0.0000000000
61887  48.224  8.275  30.428 0.0000000000
61875  48.755  7.904  31.222 0.0000000000
60899  50.629  6.992  31.221 0.0000000000
61873  50.562  7.803  31.045 0.0000000000
60912  51.030  7.193  30.534 0.0000000000
60923  51.143  7.345  29.662 0.0000000000
117441  50.998  6.445  29.749 0.0000000000
47960  33.788  -6.553  38.883 0.0000000000
46862  34.438  -6.674  39.766 0.0000000000
45869  35.718  -6.785  40.805 0.0000000000
109345  36.481  -6.696  39.459 0.0000000000
46859  36.733  -6.696  40.374 0.0000000000
45868  36.465  -6.834  41.094 0.0000000000
109599  51.139  6.614  18.425 0.0000000000
60110  52.325  6.005  16.857 0.0000000000
61064  52.952  6.306  17.339 0.0000000000
59130  54.037  6.278  18.075 0.0000000000
110309  53.864  4.826  19.938 0.0000000000
60060  54.319  6.039  20.344 0.0000000000
60044  54.039  5.858  22.012 0.0000000000
104351  53.859  8.368  21.335 0.0000000000
62874  53.820  8.619  22.111 0.0000000000
61955  53.777  8.333  23.472 0.0000000000
61954  54.118  7.906  23.080 0.0000000000
117878  53.965  6.216  24.106 0.0000000000
60009  53.859  5.808  24.646 0.0000000000
50061  45.879  -4.434  35.497 0.0000000000
50077  45.469  -4.326  34.511 0.0000000000
51174  47.633  -3.229  35.732 0.0000000000
52217  47.308  -3.031  35.559 0.0000000000
52216  47.660  -2.539  35.205 0.0000000000
52226  47.425  -1.968  34.647 0.0000000000
50059  48.774  -4.508  35.361 0.0000000000
50075  48.911  -4.537  34.538 0.0000000000
52236  49.890  -2.655  33.867 0.0000000000
53148  49.524  -1.989  34.206 0.0000000000
54088  49.264  -1.196  33.989 0.0000000000
54097  49.520  -0.368  33.403 0.0000000000
103458  49.964  -1.145  33.490 0.0000000000
54112  51.057  -0.388  31.489 0.0000000000
54105  50.848  -0.416  32.282 0.0000000000
116958  51.075  0.209  31.839 0.0000000000
56163  50.875  1.720  31.738 0.0000000000
116668  51.179  1.243  31.285 0.0000000000
56175  51.188  1.072  30.623 0.0000000000
55198  51.014  0.308  30.252 0.0000000000
45892  39.889  -8.122  37.324 0.0000000000
48021  43.478  -6.693  34.673 0.0000000000
48020  44.169  -6.233  35.012 0.0000000000
48008  44.550  -6.387  35.970 0.0000000000
47976  45.131  -6.300  38.263 0.0000000000
47992  45.545  -5.799  37.605 0.0000000000
49002  46.100  -5.929  38.199 0.0000000000
49012  46.496  -5.575  37.819 0.0000000000
47974  46.488  -6.293  38.135 0.0000000000
45862  45.079  -8.219  39.054 0.0000000000
46894  46.719  -7.507  37.201 0.0000000000
60156  59.236  6.093  12.169 0.0000000000
60134  60.345  5.230  13.436 0.0000000000
58195  52.089  4.041  16.568 0.0000000000
58196  51.735  4.253  16.273 0.0000000000
58207  51.979  3.302  15.929 0.0000000000
56403  53.578  1.888  13.995 0.0000000000
102149  54.113  2.270  13.422 0.0000000000
57322  54.877  2.084  14.661 0.0000000000
57305  56.508  2.434  15.944 0.0000000000
57321  55.797  2.490  14.913 0.0000000000
56325  58.904  2.078  18.355 0.0000000000
56349  58.393  2.283  18.162 0.0000000000
55186  47.884  0.595  31.563 0.0000000000
61919  45.822  6.803  26.173 0.0000000000
62829  46.662  8.219  24.753 0.0000000000
106027  45.693  7.749  23.617 0.0000000000
61956  46.371  8.114  23.408 0.0000000000
118226  47.007  8.296  23.276 0.0000000000
62855  47.622  8.301  22.722 0.0000000000
62827  48.063  8.971  24.087 0.0000000000
63720  49.600  10.046  24.975 0.0000000000
64568  50.602  10.455  24.764 0.0000000000
64556  50.583  10.534  25.645 0.0000000000
63685  49.234  9.732  28.273 0.0000000000
63674  50.183  10.088  29.152 0.0000000000
63683  51.538  10.537  28.270 0.0000000000
62791  51.895  10.439  27.964 0.0000000000
64548  52.104  10.858  27.061 0.0000000000
62802  52.249  10.106  27.243 0.0000000000
62813  52.403  9.390  26.215 0.0000000000
62814  51.953  8.953  26.765 0.0000000000
115428  51.034  3.341  30.348 0.0000000000
57135  50.657  3.000  29.378 0.0000000000
42941  34.044  -10.335  41.123 0.0000000000
62005  48.303  6.912  20.871 0.0000000000
61987  49.706  7.634  21.324 0.0000000000
62879  49.031  8.101  21.884 0.0000000000
119626  49.273  8.572  22.382 0.0000000000
44940  39.085  -8.510  41.027 0.0000000000
45853  39.330  -8.016  41.120 0.0000000000
44939  39.828  -9.066  40.573 0.0000000000
44938  40.562  -9.622  40.452 0.0000000000
118924  56.087  3.469  13.223 0.0000000000
58151  53.537  4.738  18.268 0.0000000000
58160  53.224  3.467  18.623 0.0000000000
119389  53.490  2.805  18.713 0.0000000000
118808  55.023  2.123  19.225 0.0000000000
56269  57.059  2.116  21.369 0.0000000000
57109  49.496  2.648  32.735 0.0000000000
57110  48.974  2.778  32.875 0.0000000000
120849  49.219  3.351  32.866 0.0000000000
58999  47.897  5.296  31.198 0.0000000000
58982  48.615  5.354  32.197 0.0000000000
59933  48.995  6.052  32.565 0.0000000000
60887  48.850  6.693  32.101 0.0000000000
59947  50.387  6.301  31.891 0.0000000000
59015  50.958  4.822  30.710 0.0000000000
45883  34.489  -7.049  40.050 0.0000000000
45881  35.925  -7.360  40.588 0.0000000000
119730  49.987  6.380  19.463 0.0000000000
61058  50.151  6.261  18.929 0.0000000000
61056  52.454  6.792  18.053 0.0000000000
109311  54.354  6.891  19.798 0.0000000000
61013  54.241  7.345  20.524 0.0000000000
61012  54.299  7.500  21.517 0.0000000000
62851  53.086  9.499  22.580 0.0000000000
62850  53.413  9.097  22.664 0.0000000000
106677  53.570  7.666  24.476 0.0000000000
60974  53.636  6.688  24.616 0.0000000000
61943  53.292  7.953  25.010 0.0000000000
61927  52.850  8.409  25.513 0.0000000000
50048  46.909  -4.296  36.735 0.0000000000
50060  46.620  -3.912  35.993 0.0000000000
119826  47.730  -3.697  36.175 0.0000000000
51158  48.087  -3.502  35.911 0.0000000000
50100  49.210  -3.931  33.406 0.0000000000
52235  50.210  -2.209  33.190 0.0000000000
53155  50.340  -1.547  33.102 0.0000000000
52246  50.543  -1.801  32.110 0.0000000000
53172  50.894  -1.160  31.793 0.0000000000
46876  41.446  -7.681  38.180 0.0000000000
45891  40.779  -8.122  37.223 0.0000000000
45904  41.565  -8.118  36.959 0.0000000000
46915  42.545  -7.863  35.853 0.0000000000
46914  43.433  -7.421  36.200 0.0000000000
47994  44.151  -6.891  36.579 0.0000000000
46853  45.021  -6.937  38.779 0.0000000000
104209  59.193  3.737  15.728 0.0000000000
57323  52.575  2.180  14.811 0.0000000000
56388  54.055  1.772  14.831 0.0000000000
119990  58.379  1.911  19.327 0.0000000000
102523  46.353  -2.258  33.161 0.0000000000
105037  47.492  1.326  29.499 0.0000000000
55212  46.963  1.101  28.696 0.0000000000
60925  46.797  6.659  28.867 0.0000000000
60937  46.155  6.273  27.302 0.0000000000
117996  46.525  7.016  27.943 0.0000000000
60948  46.243  7.221  26.998 0.0000000000
61931  45.801  7.377  25.364 0.0000000000
61930  46.359  8.036  25.474 0.0000000000
62816  47.182  8.551  25.468 0.0000000000
62815  47.974  9.088  25.003 0.0000000000
63697  49.070  9.731  26.580 0.0000000000
62769  50.850  9.142  30.186 0.0000000000
62779  51.257  9.739  29.607 0.0000000000
61916  51.508  8.607  27.173 0.0000000000
61917  50.700  7.810  26.945 0.0000000000
119104  34.008  -7.227  39.583 0.0000000000
45870  33.551  -7.772  39.712 0.0000000000
44976  34.170  -8.704  39.119 0.0000000000
116068  34.282  -10.948  38.673 0.0000000000
42940  34.303  -11.692  40.440 0.0000000000
61029  49.933  6.605  20.036 0.0000000000
61028  51.091  7.097  19.835 0.0000000000
62001  53.092  8.042  20.139 0.0000000000
61985  52.166  8.460  20.931 0.0000000000
62876  52.689  9.060  21.705 0.0000000000
111574  52.509  10.082  23.326 0.0000000000
63731  52.304  10.551  24.398 0.0000000000
49034  48.287  -5.802  35.599 0.0000000000
46879  38.300  -7.457  38.694 0.0000000000
46878  39.379  -7.663  38.550 0.0000000000
107945  40.985  -7.546  39.228 0.0000000000
46856  41.756  -7.571  39.202 0.0000000000
112836  42.470  -7.623  39.257 0.0000000000
113489  43.779  -7.796  39.248 0.0000000000
44954  43.978  -9.302  39.560 0.0000000000
58238  57.815  4.072  14.327 0.0000000000
59167  52.365  5.038  16.666 0.0000000000
57289  53.360  2.186  17.031 0.0000000000
103127  57.155  2.048  19.211 0.0000000000
55160  48.231  -0.156  33.452 0.0000000000
55173  48.256  0.360  33.121 0.0000000000
55185  48.157  1.433  31.479 0.0000000000
56176  48.321  2.194  31.525 0.0000000000
56177  47.920  1.863  30.459 0.0000000000
57136  47.287  2.699  29.318 0.0000000000
58048  46.931  3.454  29.081 0.0000000000
119671  46.550  3.524  28.484 0.0000000000
58061  46.697  4.173  28.739 0.0000000000
59018  46.862  5.008  29.046 0.0000000000
59962  46.924  5.886  29.362 0.0000000000
59961  47.296  6.140  30.043 0.0000000000
62782  47.511  8.441  28.414 0.0000000000
100659  48.231  9.126  28.225 0.0000000000
115450  48.250  8.983  29.017 0.0000000000
62771  48.993  9.127  29.948 0.0000000000
62770  50.144  9.182  30.425 0.0000000000
61874  49.874  7.992  31.340 0.0000000000
61885  50.462  8.598  30.791 0.0000000000
46898  37.333  -7.834  36.991 0.0000000000
46882  35.007  -6.422  39.075 0.0000000000
46899  36.424  -7.474  37.370 0.0000000000
46880  36.871  -7.236  38.191 0.0000000000
45855  37.873  -7.172  41.518 0.0000000000
45867  37.347  -7.373  41.250 0.0000000000
45854  38.218  -7.978  41.359 0.0000000000
116268  53.089  5.912  17.065 0.0000000000
57225  55.262  2.802  21.808 0.0000000000
58129  54.909  3.180  22.722 0.0000000000
117542  53.799  8.050  20.480 0.0000000000
61968  54.021  8.324  22.508 0.0000000000
61967  54.227  7.795  22.376 0.0000000000
60999  54.275  7.213  22.478 0.0000000000
60033  54.085  6.374  23.362 0.0000000000
50089  45.136  -4.204  33.644 0.0000000000
51185  46.422  -3.102  34.586 0.0000000000
104257  46.835  -3.235  35.516 0.0000000000
52238  46.713  -2.412  34.162 0.0000000000
53157  47.734  -1.239  34.229 0.0000000000
49033  48.557  -5.171  35.974 0.0000000000
51172  48.928  -3.141  35.028 0.0000000000
51184  49.492  -3.333  34.341 0.0000000000
52215  48.412  -2.391  35.000 0.0000000000
53149  48.782  -1.772  34.522 0.0000000000
54089  48.308  -1.109  34.222 0.0000000000
54099  47.978  -0.573  33.877 0.0000000000
55159  48.764  0.310  33.278 0.0000000000
54096  50.365  -0.778  33.002 0.0000000000
55157  49.938  0.880  32.763 0.0000000000
56152  49.570  1.714  32.732 0.0000000000
103846  50.228  2.068  32.336 0.0000000000
57108  50.661  2.691  32.036 0.0000000000
58029  50.558  3.519  32.034 0.0000000000
111361  51.022  3.176  31.215 0.0000000000
56186  51.039  1.578  30.014 0.0000000000
56195  50.528  1.090  29.183 0.0000000000
54136  50.607  -0.360  29.868 0.0000000000
55210  50.573  0.317  29.488 0.0000000000
45905  40.343  -8.609  36.454 0.0000000000
49049  44.497  -5.517  34.512 0.0000000000
49048  45.198  -5.032  34.939 0.0000000000
49035  45.589  -5.144  35.957 0.0000000000
49027  45.250  -5.796  36.496 0.0000000000
49026  45.909  -5.226  37.059 0.0000000000
49025  46.498  -4.998  37.297 0.0000000000
49011  46.950  -5.740  37.738 0.0000000000
47991  47.645  -6.510  36.908 0.0000000000
115149  45.302  -7.597  38.903 0.0000000000
46852  45.755  -7.311  38.648 0.0000000000
45877  46.176  -7.726  38.388 0.0000000000
46851  46.333  -7.055  38.370 0.0000000000
111465  46.777  -6.889  38.011 0.0000000000
60155  60.082  6.339  12.115 0.0000000000
57286  58.910  2.609  16.976 0.0000000000
56370  59.007  1.849  16.614 0.0000000000
61991  45.941  7.482  21.421 0.0000000000
54113  47.546  -0.161  31.839 0.0000000000
54114  46.998  -0.746  31.223 0.0000000000
61945  45.653  7.511  24.475 0.0000000000
61971  45.406  7.681  21.998 0.0000000000
61970  46.274  7.933  21.998 0.0000000000
61969  47.173  8.008  21.974 0.0000000000
109454  48.250  8.719  23.247 0.0000000000
62854  49.013  8.941  22.946 0.0000000000
63721  48.755  9.404  24.560 0.0000000000
110204  49.454  9.715  24.125 0.0000000000
63719  50.331  10.094  23.891 0.0000000000
64577  51.282  10.534  24.306 0.0000000000
64567  51.715  10.863  25.103 0.0000000000
117158  52.308  10.725  25.449 0.0000000000
110770  49.402  9.894  27.536 0.0000000000
63696  50.398  10.420  27.335 0.0000000000
63673  51.088  10.186  29.184 0.0000000000
63707  50.850  10.674  26.561 0.0000000000
64555  51.773  11.013  26.199 0.0000000000
64554  52.222  10.753  26.252 0.0000000000
63705  52.474  10.410  25.574 0.0000000000
62812  52.608  9.663  25.526 0.0000000000
60959  52.829  7.338  25.520 0.0000000000
58045  50.993  4.017  30.936 0.0000000000
59016  50.765  4.776  29.604 0.0000000000
115359  50.299  2.349  28.706 0.0000000000
58060  50.326  3.851  28.969 0.0000000000
111320  50.634  5.529  29.172 0.0000000000
46838  44.630  -7.606  39.067 0.0000000000
46842  39.329  -7.648  40.882 0.0000000000
46844  37.259  -6.884  41.114 0.0000000000
46863  33.872  -6.889  39.497 0.0000000000
46873  46.601  -7.416  37.912 0.0000000000
47975  45.738  -5.947  38.167 0.0000000000
50058  48.653  -3.701  35.531 0.0000000000
50087  49.309  -3.967  34.101 0.0000000000
55171  50.670  0.477  32.261 0.0000000000
56196  47.143  1.915  28.936 0.0000000000
58069  46.318  4.054  28.075 0.0000000000
58980  49.639  4.892  32.718 0.0000000000
60021  53.830  6.621  24.185 0.0000000000
60886  49.514  6.592  32.215 0.0000000000
60913  47.537  6.853  30.453 0.0000000000
61944  46.176  8.012  24.195 0.0000000000
62840  47.513  8.536  23.615 0.0000000000
63682  51.964  10.721  27.717 0.0000000000
63694  52.147  10.626  27.442 0.0000000000
63730  52.953  9.859  24.056 0.0000000000
63732  49.624  9.445  23.385 0.0000000000
105418  50.216  0.060  32.852 0.0000000000
108531  46.846  8.294  23.964 0.0000000000
109381  51.022  0.896  31.784 0.0000000000
116580  46.467  6.225  28.066 0.0000000000
117238  38.553  -7.708  41.375 0.0000000000
118856  53.372  5.956  17.258 0.0000000000
120024  50.430  -1.858  32.687 0.0000000000
