#!ascii label  , from subject sub-v2s8x29177_ses-1 vox2ras=TkReg
1482
2362  21.727  -68.695  -14.409 0.6999999881
2363  20.946  -68.231  -14.686 0.8000000119
2695  20.768  -67.316  -14.528 0.8000000119
3125  20.348  -66.526  -15.225 0.6999999881
2005  21.570  -69.641  -15.260 0.6000000238
2373  21.166  -69.000  -14.982 0.6000000238
2708  20.394  -67.656  -15.452 0.6000000238
1635  22.713  -70.605  -15.694 0.6000000238
3108  21.128  -66.926  -13.829 0.8000000119
113137  20.244  -65.532  -14.956 0.6999999881
101614  19.730  -65.211  -15.376 0.6999999881
1998  22.171  -69.344  -14.650 0.6000000238
2694  21.518  -67.786  -13.956 0.6999999881
3126  19.890  -65.776  -15.692 0.6999999881
1650  23.527  -70.849  -15.856 0.6000000238
1321  24.690  -70.934  -16.405 0.6000000238
1322  23.775  -71.164  -16.605 0.6000000238
116009  25.449  -70.648  -18.115 0.6000000238
1679  24.672  -70.796  -18.410 0.6000000238
3979  20.689  -64.728  -13.424 0.8000000119
112411  20.288  -64.413  -13.401 0.8000000119
3537  19.694  -64.735  -14.464 0.6999999881
3538  18.911  -64.938  -13.946 0.6999999881
111412  18.213  -65.490  -14.366 0.6999999881
3536  21.174  -65.420  -13.343 0.8000000119
3550  20.392  -65.031  -14.228 0.6999999881
3092  21.601  -66.337  -13.362 0.6999999881
3093  20.767  -65.978  -13.955 0.8000000119
3551  19.944  -64.901  -14.832 0.6999999881
2681  22.450  -67.545  -13.631 0.6999999881
1997  23.091  -69.457  -14.513 0.6999999881
2003  24.635  -69.955  -14.913 0.6000000238
1634  23.561  -70.210  -14.993 0.6000000238
1664  25.800  -70.581  -17.233 0.6000000238
1333  24.211  -71.170  -17.398 0.6000000238
101174  26.238  -70.288  -18.386 0.6000000238
1693  27.714  -70.448  -20.014 0.6999999881
1694  26.960  -70.439  -20.108 0.6000000238
1332  28.325  -71.400  -18.984 0.5000000000
1355  27.724  -71.001  -19.991 0.6000000238
1052  27.703  -72.058  -18.827 0.5000000000
3963  21.040  -64.094  -12.718 0.8999999762
3964  20.052  -63.964  -12.769 0.8000000119
108173  19.123  -64.225  -12.401 0.6999999881
3978  21.754  -64.878  -12.812 0.6999999881
3981  18.568  -64.726  -12.816 0.6999999881
3091  22.649  -66.614  -13.314 0.8000000119
3535  22.291  -65.691  -12.960 0.8000000119
2680  23.244  -67.250  -13.702 0.8000000119
2360  23.609  -68.636  -14.328 0.6999999881
2693  22.302  -68.221  -13.902 0.6999999881
1996  24.053  -69.397  -14.608 0.8000000119
1633  25.197  -70.315  -15.496 0.6999999881
1649  25.604  -70.522  -16.275 0.6999999881
1663  26.600  -70.158  -17.478 0.6000000238
2037  27.561  -69.912  -19.676 0.6999999881
1343  28.281  -70.749  -19.647 0.6999999881
4428  21.488  -63.367  -12.360 0.8999999762
4430  19.555  -63.630  -12.005 0.8000000119
3965  18.236  -64.262  -12.045 0.6999999881
3519  22.768  -64.935  -12.782 0.8000000119
3962  22.187  -64.153  -12.612 0.8000000119
3534  23.127  -65.691  -13.195 0.6999999881
2692  23.653  -67.781  -14.203 0.6999999881
104394  23.600  -67.076  -14.073 0.6000000238
2351  23.039  -68.069  -13.841 0.8000000119
2359  24.382  -68.787  -14.625 0.8000000119
2002  25.494  -69.619  -15.184 0.8000000119
1632  26.052  -69.977  -15.743 0.6999999881
2024  27.096  -69.650  -17.186 0.8000000119
1648  26.400  -70.153  -16.534 0.6999999881
2023  27.889  -69.065  -18.206 0.8000000119
2031  29.000  -69.525  -19.260 0.6999999881
2032  28.187  -69.418  -19.196 0.6999999881
2033  27.218  -69.715  -18.601 0.6999999881
1675  28.885  -70.357  -19.305 0.6999999881
1676  28.326  -69.944  -19.714 0.6999999881
4014  10.804  -65.290  -17.520 0.6000000238
112164  11.013  -64.478  -18.041 0.6000000238
3591  9.117  -65.019  -18.117 0.6000000238
4024  8.357  -64.294  -17.933 0.6999999881
4960  20.764  -62.798  -11.950 0.8999999762
4431  18.723  -63.757  -11.805 0.6999999881
3533  23.444  -65.689  -13.659 0.6000000238
3107  23.577  -66.609  -14.170 0.6000000238
2691  24.175  -68.278  -14.759 0.6999999881
2383  25.449  -68.312  -15.924 0.6999999881
2372  24.921  -68.660  -15.000 0.6999999881
4974  17.062  -62.212  -13.587 0.6999999881
114609  15.951  -63.229  -13.040 0.6999999881
2371  25.666  -68.967  -15.218 0.8000000119
5523  17.565  -61.864  -14.397 0.6000000238
108295  16.349  -62.642  -13.793 0.6000000238
4444  15.640  -63.080  -14.098 0.6999999881
4987  16.131  -62.631  -14.908 0.5000000000
4461  14.971  -63.553  -14.415 0.6999999881
2012  27.545  -68.878  -17.148 0.8000000119
2013  26.737  -69.521  -16.302 0.8000000119
4986  16.856  -62.234  -14.642 0.5000000000
2022  28.771  -68.842  -18.825 0.6999999881
5005  15.943  -62.688  -15.959 0.5000000000
5017  16.472  -62.354  -16.702 0.6000000238
5018  15.691  -62.648  -16.972 0.5000000000
4490  15.179  -63.069  -16.285 0.6000000238
4476  13.976  -64.040  -16.177 0.6999999881
4012  12.484  -64.737  -16.974 0.6999999881
5019  14.921  -62.945  -17.339 0.5000000000
4491  14.454  -63.490  -16.740 0.6000000238
4011  13.275  -64.409  -16.607 0.6000000238
4022  11.961  -64.338  -18.033 0.6000000238
5027  16.118  -62.218  -17.673 0.6000000238
4492  13.710  -63.859  -17.268 0.6000000238
4021  12.877  -64.150  -17.770 0.6000000238
5028  15.332  -62.398  -17.885 0.5000000000
4506  14.143  -63.262  -17.832 0.5000000000
4508  12.370  -63.576  -18.521 0.6000000238
108704  10.371  -63.813  -18.183 0.6000000238
4023  9.354  -63.900  -18.097 0.6999999881
4494  7.983  -63.393  -16.707 0.6000000238
4507  13.301  -63.491  -18.298 0.6000000238
4521  12.838  -62.860  -18.746 0.6000000238
4509  11.357  -63.566  -18.365 0.6000000238
4510  10.629  -63.103  -18.171 0.6999999881
115884  9.628  -62.671  -17.153 0.5000000000
4416  19.945  -63.043  -11.737 0.8999999762
3977  23.272  -64.894  -13.168 0.6000000238
3961  23.003  -64.158  -12.743 0.6999999881
4945  18.744  -62.589  -11.715 0.8000000119
3521  16.949  -64.844  -12.303 0.6999999881
4946  18.107  -62.748  -11.814 0.6999999881
4961  18.416  -62.234  -11.990 0.8000000119
114494  23.811  -67.679  -14.778 0.6999999881
5509  17.786  -61.808  -13.415 0.8000000119
4975  16.741  -62.806  -12.680 0.6000000238
5522  18.385  -61.533  -14.220 0.6999999881
111512  18.038  -61.715  -15.072 0.6000000238
104562  27.089  -68.679  -16.463 0.8000000119
119704  27.612  -68.257  -17.121 0.8000000119
5003  17.446  -61.974  -15.402 0.5000000000
2381  28.359  -67.958  -17.650 0.8000000119
5004  16.702  -62.329  -15.684 0.5000000000
5547  17.717  -61.702  -17.264 0.5000000000
5548  16.913  -61.955  -17.475 0.6000000238
5537  17.273  -62.042  -16.443 0.6000000238
105803  15.679  -61.898  -18.387 0.6000000238
4463  9.279  -63.603  -14.321 0.5000000000
5029  14.512  -62.578  -18.197 0.5000000000
4478  8.845  -63.357  -15.658 0.5000000000
4479  7.951  -63.658  -15.450 0.6000000238
5037  13.961  -62.001  -18.557 0.6000000238
4522  11.962  -62.864  -18.599 0.6999999881
117053  11.552  -62.130  -18.139 0.6999999881
111957  10.181  -62.677  -17.597 0.6999999881
5580  14.135  -61.257  -18.571 0.6000000238
5551  10.943  -62.096  -17.343 0.6000000238
5581  13.315  -61.270  -18.467 0.6999999881
5583  12.089  -61.466  -18.085 0.6000000238
5565  11.705  -61.515  -17.494 0.5000000000
4427  22.433  -63.394  -12.574 0.6999999881
4959  21.692  -62.551  -12.277 0.6999999881
4942  20.790  -62.116  -11.881 0.6999999881
5475  20.011  -61.963  -11.732 0.8000000119
5491  19.739  -61.515  -12.210 0.6999999881
5521  19.154  -61.296  -13.756 0.6999999881
5492  18.880  -61.672  -12.337 0.6999999881
4449  9.655  -63.582  -13.332 0.5000000000
6125  17.930  -61.180  -18.696 0.5000000000
5561  17.289  -61.427  -18.321 0.6000000238
4450  8.679  -63.601  -13.412 0.5000000000
6142  17.380  -60.788  -19.144 0.5000000000
5562  16.389  -61.660  -18.384 0.6000000238
5563  14.848  -61.750  -18.489 0.6000000238
5021  10.195  -62.320  -16.881 0.5000000000
6649  17.388  -59.483  -19.377 0.5000000000
5578  16.587  -60.930  -19.004 0.6000000238
5579  15.553  -60.970  -18.797 0.6000000238
6143  16.084  -60.039  -19.024 0.6000000238
4958  22.608  -62.691  -12.710 0.6999999881
111641  21.390  -61.814  -12.316 0.6999999881
5490  20.582  -61.596  -12.173 0.6999999881
6653  13.610  -59.819  -18.127 0.5000000000
101490  17.736  -58.327  -19.266 0.5000000000
5564  12.308  -60.962  -17.651 0.5000000000
106109  16.410  -59.023  -19.101 0.5000000000
102843  15.383  -59.885  -18.781 0.5000000000
6144  14.738  -60.115  -18.621 0.5000000000
6146  13.173  -60.371  -18.217 0.5000000000
6638  13.928  -59.516  -17.898 0.5000000000
6629  14.117  -59.528  -17.202 0.5000000000
7207  16.380  -57.847  -18.328 0.5000000000
7196  15.402  -58.462  -17.619 0.5000000000
6126  13.367  -60.000  -17.710 0.5000000000
7220  16.856  -58.015  -19.064 0.5000000000
7208  15.353  -58.514  -18.272 0.5000000000
6652  14.147  -59.480  -18.234 0.5000000000
7221  15.973  -58.194  -18.702 0.5000000000
7195  16.139  -58.097  -17.404 0.5000000000
5497  8.679  -61.933  -12.278 0.6000000238
5498  7.894  -62.306  -12.688 0.6000000238
4966  9.274  -62.790  -12.009 0.5000000000
6054  8.686  -60.752  -13.030 0.6999999881
5513  7.894  -61.292  -13.174 0.6000000238
5514  7.103  -62.046  -13.251 0.6000000238
6080  6.861  -59.936  -14.872 0.6999999881
6589  9.413  -59.532  -13.852 0.6000000238
6065  8.818  -60.064  -13.674 0.6999999881
5526  7.089  -60.703  -14.157 0.6999999881
107651  6.187  -60.387  -14.640 0.6999999881
6616  7.413  -58.519  -15.041 0.8000000119
6578  10.730  -59.505  -12.534 0.5000000000
120888  9.862  -60.518  -12.355 0.5000000000
6079  7.616  -59.838  -14.789 0.8000000119
6602  9.062  -59.090  -14.869 0.6000000238
7660  7.388  -57.882  -14.455 0.6999999881
6577  11.474  -59.028  -12.193 0.5000000000
6564  11.184  -60.016  -11.600 0.5000000000
7688  7.850  -57.831  -15.097 0.6999999881
7167  6.877  -58.424  -14.572 0.6999999881
7166  8.804  -58.655  -15.246 0.6999999881
6588  10.311  -59.175  -13.503 0.6999999881
7652  7.737  -57.609  -13.869 0.6999999881
7673  8.058  -57.271  -15.020 0.6999999881
7134  11.000  -58.790  -13.158 0.6000000238
7165  9.521  -58.489  -15.157 0.8000000119
119975  12.172  -52.797  -10.410 0.6999999881
9258  11.969  -54.273  -11.006 0.8000000119
8199  13.497  -56.671  -11.608 0.4000000060
7651  8.542  -57.370  -13.265 0.6999999881
7647  12.944  -57.136  -12.259 0.5000000000
7658  8.487  -56.842  -13.980 0.6999999881
7133  11.514  -58.388  -12.940 0.6000000238
7145  11.319  -58.160  -13.760 0.6000000238
7179  9.022  -58.073  -15.413 0.6999999881
7146  10.674  -58.516  -14.098 0.8000000119
7178  9.828  -57.759  -15.396 0.8000000119
11429  9.555  -50.476  -7.175 0.5000000000
12006  9.163  -49.895  -7.760 0.5000000000
12019  7.013  -49.301  -8.085 0.5000000000
101782  9.038  -49.901  -12.786 0.5000000000
10941  11.401  -51.228  -13.073 0.6000000238
120710  10.116  -50.387  -13.563 0.6000000238
11481  7.948  -49.935  -12.339 0.6000000238
12040  4.697  -48.992  -9.631 0.6000000238
10929  10.765  -51.312  -11.679 0.6999999881
10943  9.768  -51.099  -12.447 0.6999999881
10917  11.630  -51.591  -10.990 0.6999999881
10918  10.619  -51.752  -10.709 0.6999999881
8222  9.655  -55.637  -13.719 0.6999999881
8756  10.439  -55.102  -13.283 0.6999999881
8755  11.128  -55.088  -12.272 0.8000000119
8213  13.402  -56.524  -12.868 0.5000000000
8223  9.016  -56.066  -14.178 0.6999999881
7648  12.413  -57.512  -12.882 0.6000000238
8234  9.048  -55.922  -14.925 0.8000000119
7163  11.069  -57.864  -14.728 0.6999999881
8250  9.778  -55.970  -15.457 0.8000000119
7686  9.148  -57.264  -15.418 0.8000000119
11428  10.416  -50.340  -6.803 0.5000000000
12005  10.062  -49.888  -7.503 0.6000000238
12017  9.745  -49.325  -8.069 0.5000000000
12018  8.801  -49.169  -8.210 0.6000000238
99981  7.718  -48.859  -8.230 0.6000000238
100460  6.474  -48.508  -8.153 0.6000000238
12681  5.623  -47.432  -8.275 0.6000000238
12682  4.682  -47.873  -8.174 0.5000000000
12056  9.611  -49.494  -12.769 0.5000000000
120055  9.078  -49.249  -12.359 0.5000000000
11478  10.636  -50.663  -13.745 0.6000000238
12047  7.878  -49.198  -11.945 0.6000000238
12048  7.433  -49.690  -11.954 0.6999999881
12693  4.375  -48.384  -8.675 0.6000000238
105824  12.149  -51.542  -13.207 0.6000000238
10927  12.226  -51.589  -11.835 0.6999999881
107450  9.979  -51.404  -11.545 0.6999999881
10944  8.600  -50.945  -12.415 0.6999999881
10945  8.046  -50.734  -12.369 0.8000000119
12723  6.259  -48.964  -10.869 0.6999999881
10940  12.413  -51.788  -12.398 0.6999999881
10365  12.495  -52.057  -11.592 0.6999999881
10378  12.720  -52.491  -12.574 0.6999999881
9817  12.346  -53.640  -11.766 0.8000000119
9284  12.350  -54.124  -13.381 0.8000000119
9285  11.700  -54.418  -12.366 0.8000000119
8214  12.831  -56.894  -13.562 0.5000000000
8232  13.182  -56.208  -15.662 0.6000000238
8765  10.037  -55.079  -14.600 0.8000000119
103769  11.164  -54.639  -13.347 0.8000000119
7656  12.244  -57.192  -14.039 0.6000000238
8221  12.562  -56.564  -15.152 0.6999999881
8776  10.529  -55.361  -15.415 0.8000000119
7670  11.994  -56.954  -15.074 0.6999999881
8248  11.201  -56.340  -15.865 0.6999999881
7684  10.877  -56.814  -15.683 0.8000000119
11423  11.268  -50.083  -6.421 0.4000000060
12004  10.954  -49.853  -7.233 0.5000000000
12679  9.452  -48.555  -8.396 0.4000000060
12680  8.404  -48.209  -8.419 0.5000000000
13352  5.472  -46.296  -8.527 0.5000000000
11492  10.483  -50.070  -13.834 0.5000000000
12721  8.735  -48.711  -11.371 0.6000000238
12706  6.909  -48.161  -10.700 0.6000000238
13368  4.738  -47.323  -8.885 0.6000000238
10956  12.223  -51.716  -14.611 0.6000000238
12708  4.928  -48.083  -9.574 0.6999999881
9832  12.690  -53.387  -12.840 0.8000000119
8773  13.427  -55.810  -16.264 0.6999999881
8775  11.390  -55.815  -15.988 0.6999999881
8764  11.063  -54.943  -14.938 0.8000000119
9294  12.544  -54.863  -15.327 0.8000000119
8233  11.868  -56.400  -15.820 0.6999999881
12003  11.945  -49.593  -6.968 0.4000000060
11994  11.770  -49.501  -5.222 0.4000000060
12638  11.376  -48.621  -4.496 0.4000000060
12678  10.391  -48.815  -8.308 0.5000000000
12015  11.389  -49.438  -7.630 0.4000000060
13297  10.722  -48.116  -4.410 0.5000000000
13351  6.485  -46.567  -8.390 0.5000000000
14017  6.082  -45.347  -9.523 0.5000000000
13367  5.215  -46.551  -9.217 0.5000000000
14016  6.854  -45.269  -10.272 0.5000000000
13380  5.919  -47.048  -10.054 0.6999999881
10392  13.415  -52.984  -14.769 0.6000000238
9844  12.967  -54.137  -14.385 0.8000000119
8762  14.236  -55.735  -15.963 0.6000000238
8772  13.819  -55.435  -16.628 0.6000000238
9859  13.785  -54.885  -16.909 0.6999999881
9843  13.502  -54.027  -15.303 0.6999999881
9310  12.068  -55.489  -15.899 0.6999999881
118851  8.921  -46.153  -5.209 0.3000000119
117346  11.897  -48.714  -8.273 0.4000000060
12667  12.070  -49.152  -7.742 0.3000000119
11999  12.445  -49.233  -6.398 0.4000000060
12651  12.015  -48.694  -5.010 0.4000000060
112818  11.457  -47.927  -4.824 0.4000000060
13309  10.444  -47.161  -4.996 0.5000000000
13349  9.075  -47.494  -8.553 0.4000000060
13949  10.240  -46.233  -5.437 0.3000000119
13350  7.854  -47.054  -8.494 0.4000000060
116065  7.314  -46.535  -10.553 0.5000000000
13992  7.196  -45.773  -8.439 0.4000000060
13377  9.254  -47.339  -10.639 0.6000000238
13991  8.514  -46.264  -8.614 0.4000000060
14015  8.025  -46.176  -10.821 0.4000000060
14673  6.421  -44.444  -8.960 0.5000000000
9831  13.122  -53.132  -13.744 0.6999999881
9293  13.164  -55.251  -16.251 0.6999999881
13298  9.340  -47.135  -4.715 0.4000000060
13948  11.121  -46.537  -5.496 0.4000000060
14625  10.239  -45.413  -5.663 0.3000000119
13348  10.665  -47.504  -8.773 0.3000000119
14656  7.804  -45.089  -8.704 0.4000000060
14686  7.670  -44.718  -10.936 0.4000000060
15345  6.997  -44.198  -9.504 0.4000000060
12663  12.831  -48.712  -6.317 0.3000000119
12650  12.684  -48.377  -5.675 0.3000000119
13308  12.192  -47.792  -5.302 0.4000000060
13947  12.071  -46.910  -5.611 0.3000000119
14624  10.859  -45.854  -5.685 0.3000000119
12676  12.668  -48.635  -8.008 0.3000000119
13990  9.813  -46.773  -8.808 0.3000000119
14671  8.150  -44.544  -9.201 0.3000000119
14004  9.021  -45.476  -8.916 0.3000000119
15356  7.624  -44.086  -10.367 0.3000000119
13307  12.952  -47.545  -5.880 0.3000000119
13966  11.715  -45.926  -5.907 0.3000000119
13327  13.584  -47.738  -6.548 0.3000000119
13965  12.695  -46.518  -6.056 0.3000000119
14003  10.200  -45.823  -9.256 0.3000000119
107784  9.212  -44.838  -9.529 0.3000000119
15342  9.290  -44.311  -10.218 0.3000000119
14627  8.731  -45.558  -5.350 0.3000000119
12675  13.435  -48.272  -7.544 0.3000000119
13338  13.926  -47.759  -7.200 0.3000000119
118894  10.700  -45.632  -9.584 0.3000000119
4474  15.409  -63.081  -15.209 0.6000000238
4475  14.647  -63.641  -15.548 0.6999999881
4002  14.057  -64.155  -15.317 0.6999999881
4004  12.835  -64.905  -15.919 0.6999999881
13994  5.628  -45.506  -8.825 0.4000000060
13379  7.163  -47.282  -10.534 0.6000000238
14638  11.022  -45.176  -5.911 0.3000000119
2374  20.697  -68.591  -15.384 0.6999999881
3552  19.242  -64.999  -15.060 0.6999999881
2361  22.665  -68.774  -14.194 0.8000000119
1677  26.667  -70.075  -19.606 0.6000000238
3090  23.394  -66.441  -13.668 0.6000000238
3952  18.011  -63.676  -11.766 0.6999999881
2370  26.302  -69.303  -15.665 0.8000000119
115711  28.360  -68.491  -18.113 0.8000000119
4512  8.594  -63.485  -17.523 0.6999999881
108310  7.310  -63.607  -16.002 0.6000000238
5039  12.509  -61.997  -18.473 0.6999999881
5493  18.084  -61.946  -12.558 0.8000000119
5536  18.205  -61.659  -16.107 0.5000000000
8766  9.439  -55.516  -14.547 0.8000000119
1286  24.448  -71.971  -13.385 0.4000000060
1270  24.016  -71.247  -12.938 0.4000000060
998  26.537  -72.273  -14.048 0.3000000119
1000  24.658  -72.635  -13.883 0.4000000060
110016  23.791  -72.479  -13.564 0.4000000060
1287  23.469  -71.943  -13.111 0.4000000060
1265  28.461  -71.069  -12.673 0.4000000060
1266  27.964  -71.184  -12.408 0.5000000000
1267  27.435  -71.361  -12.710 0.5000000000
117966  27.936  -71.459  -13.050 0.3000000119
1283  27.503  -71.566  -13.203 0.4000000060
112185  26.061  -71.723  -13.149 0.4000000060
997  27.085  -72.000  -13.917 0.3000000119
1284  26.367  -72.015  -13.558 0.3000000119
1285  25.484  -72.120  -13.524 0.3000000119
1014  26.593  -72.500  -14.562 0.3000000119
1282  28.366  -71.352  -13.515 0.4000000060
1281  29.086  -70.810  -13.223 0.4000000060
1593  28.636  -70.779  -11.911 0.5000000000
1299  29.009  -71.027  -14.152 0.3000000119
119488  27.641  -71.929  -14.372 0.3000000119
1024  27.209  -72.442  -15.301 0.4000000060
1023  27.725  -72.014  -14.903 0.3000000119
117311  27.542  -72.400  -17.002 0.4000000060
1032  26.884  -72.769  -16.707 0.4000000060
1042  27.253  -72.526  -17.698 0.4000000060
101282  29.885  -70.256  -12.952 0.4000000060
1603  30.465  -69.824  -13.597 0.4000000060
1604  29.763  -70.418  -13.913 0.4000000060
1616  30.431  -69.930  -14.595 0.4000000060
1993  31.425  -68.610  -14.716 0.5000000000
107295  28.939  -71.209  -14.902 0.4000000060
118962  29.925  -70.478  -15.944 0.4000000060
103051  27.900  -72.037  -15.787 0.4000000060
1031  28.032  -72.009  -16.739 0.5000000000
1319  29.659  -70.683  -16.682 0.4000000060
1041  28.080  -71.905  -17.860 0.4000000060
1356  27.158  -70.935  -20.310 0.6000000238
1059  27.258  -71.725  -19.782 0.4000000060
2368  31.545  -68.069  -15.111 0.6000000238
2369  31.028  -68.050  -16.042 0.6000000238
1646  30.370  -69.891  -16.756 0.6000000238
2010  30.737  -69.067  -17.076 0.6000000238
2011  30.260  -69.411  -17.762 0.6000000238
2020  30.343  -68.675  -17.787 0.6999999881
1330  29.335  -70.863  -17.582 0.5000000000
1662  29.541  -70.090  -18.593 0.6000000238
2386  29.819  -68.282  -18.128 0.6999999881
2704  30.071  -67.132  -16.237 0.6999999881
2705  29.086  -66.876  -16.496 0.6999999881
2703  30.844  -67.600  -15.761 0.6000000238
2714  29.799  -67.159  -17.150 0.6999999881
2716  27.746  -67.365  -17.057 0.6999999881
2382  26.323  -68.553  -16.041 0.6999999881
2379  30.229  -67.898  -17.566 0.6999999881
2380  29.380  -67.696  -17.782 0.6999999881
115086  27.488  -66.363  -14.791 0.5000000000
3121  27.273  -66.491  -15.950 0.6000000238
2715  28.756  -67.091  -17.243 0.6999999881
3136  27.121  -66.857  -16.669 0.6000000238
2717  26.835  -67.535  -16.816 0.6999999881
3137  26.241  -67.019  -16.846 0.6999999881
2718  25.890  -67.600  -16.664 0.6999999881
3123  25.706  -66.454  -16.550 0.6000000238
3138  25.325  -67.255  -17.065 0.6000000238
3561  23.570  -67.163  -15.290 0.5000000000
3563  19.248  -65.285  -15.948 0.6000000238
2719  24.856  -67.682  -16.780 0.6000000238
2707  24.520  -68.135  -15.808 0.6000000238
3124  23.812  -67.877  -16.058 0.5000000000
3110  17.365  -66.173  -14.843 0.6000000238
3564  18.374  -65.421  -15.629 0.6000000238
2720  23.835  -67.750  -17.096 0.5000000000
3112  15.853  -66.799  -13.700 0.6000000238
3095  16.247  -66.349  -13.225 0.6000000238
3111  16.515  -66.565  -14.157 0.6000000238
2696  16.568  -66.685  -14.955 0.6000000238
3539  17.767  -65.347  -13.031 0.6000000238
3094  17.153  -66.046  -13.663 0.6000000238
3960  23.095  -63.399  -12.880 0.6000000238
3139  24.477  -67.521  -17.466 0.6000000238
3968  15.468  -64.694  -12.537 0.6000000238
3540  16.667  -65.672  -12.766 0.6000000238
3967  16.383  -64.174  -12.279 0.6000000238
3522  16.063  -65.044  -12.400 0.6000000238
4433  16.338  -63.515  -12.467 0.5000000000
3966  17.341  -63.997  -11.916 0.6000000238
4432  16.980  -63.385  -12.097 0.5000000000
2698  14.989  -67.627  -14.329 0.6999999881
2683  15.210  -67.157  -13.618 0.6000000238
3079  15.669  -65.775  -12.644 0.6000000238
4434  15.699  -63.926  -12.617 0.6000000238
4445  15.273  -63.656  -13.355 0.6000000238
3098  11.965  -67.361  -13.635 0.6000000238
3096  15.404  -66.574  -13.026 0.6000000238
3080  14.784  -66.038  -12.690 0.6000000238
3982  15.006  -64.313  -12.860 0.5000000000
3081  13.948  -66.266  -12.824 0.6000000238
3542  13.582  -65.648  -13.016 0.6000000238
3113  12.346  -66.731  -13.528 0.6000000238
3114  11.648  -66.946  -14.290 0.6000000238
3097  14.522  -66.797  -12.992 0.6000000238
4446  14.638  -64.034  -13.636 0.6000000238
3541  14.143  -65.119  -12.899 0.6000000238
3984  13.797  -64.862  -13.434 0.5000000000
3553  13.173  -65.164  -13.827 0.6000000238
3554  12.774  -65.940  -13.490 0.5000000000
3555  12.103  -66.118  -14.459 0.5000000000
3995  14.353  -64.025  -14.577 0.6000000238
3996  13.700  -64.527  -14.516 0.6000000238
114144  12.649  -65.470  -14.305 0.6000000238
3566  12.426  -65.433  -15.237 0.6000000238
3567  11.785  -65.930  -15.668 0.6999999881
3130  10.481  -66.936  -16.004 0.6999999881
3131  9.363  -67.223  -16.173 0.6999999881
3132  8.444  -67.173  -16.260 0.6999999881
3565  12.990  -64.923  -14.864 0.6000000238
118836  10.697  -65.767  -17.106 0.6999999881
3144  11.175  -66.348  -16.103 0.6999999881
112169  9.697  -66.531  -16.830 0.6999999881
3146  8.867  -66.797  -16.828 0.6000000238
4013  11.637  -65.031  -17.287 0.6000000238
3562  23.023  -66.479  -15.837 0.5000000000
3549  23.530  -65.902  -14.409 0.5000000000
4473  22.904  -64.079  -15.514 0.5000000000
4000  23.284  -64.911  -14.882 0.5000000000
120496  23.240  -63.999  -14.823 0.6000000238
4505  21.917  -63.630  -17.592 0.6000000238
117751  22.299  -64.124  -16.613 0.6000000238
5001  23.195  -63.303  -14.860 0.6000000238
4984  23.301  -62.840  -14.042 0.6000000238
4972  23.125  -62.688  -13.265 0.6000000238
5016  22.359  -62.673  -16.828 0.5000000000
5544  22.633  -61.775  -16.009 0.6000000238
5505  22.280  -61.558  -13.362 0.6000000238
6104  22.164  -61.124  -16.551 0.6000000238
6072  22.055  -60.987  -14.854 0.5000000000
5520  22.434  -61.390  -14.236 0.6000000238
117445  21.582  -61.279  -13.255 0.6000000238
6105  21.604  -60.778  -16.601 0.5000000000
5506  21.774  -61.126  -13.982 0.6000000238
103328  19.099  -61.337  -14.692 0.5000000000
6092  19.774  -61.147  -15.147 0.5000000000
6061  19.951  -61.131  -13.450 0.6000000238
6074  20.373  -61.015  -14.445 0.6000000238
1331  28.929  -71.070  -18.516 0.6000000238
2021  29.760  -69.021  -18.611 0.6999999881
3993  23.505  -64.865  -13.763 0.5000000000
108990  14.141  -64.368  -13.829 0.6000000238
3577  12.119  -65.313  -16.282 0.6999999881
113002  23.328  -64.083  -13.255 0.6000000238
6060  20.932  -61.038  -13.562 0.6000000238
6075  19.662  -61.189  -14.289 0.6000000238
999  25.750  -72.547  -14.064 0.3000000119
984  27.007  -71.790  -13.404 0.3000000119
1268  26.778  -71.582  -12.949 0.4000000060
1013  27.194  -72.215  -14.508 0.3000000119
1012  28.239  -71.613  -14.404 0.4000000060
1311  28.451  -71.604  -15.330 0.4000000060
1994  31.082  -69.267  -14.182 0.4000000060
1310  29.257  -71.052  -15.692 0.3000000119
1630  30.418  -69.946  -15.622 0.5000000000
103755  30.805  -69.253  -16.162 0.6000000238
1320  28.767  -71.444  -16.435 0.5000000000
1647  29.963  -70.126  -17.671 0.5000000000
100890  28.643  -71.510  -17.399 0.5000000000
115440  30.699  -68.338  -17.004 0.6000000238
2706  28.055  -66.831  -16.602 0.6999999881
3969  14.705  -64.928  -12.708 0.6000000238
3133  7.443  -66.982  -16.249 0.6000000238
5002  22.810  -62.985  -15.785 0.6000000238
5558  22.170  -61.478  -17.251 0.5000000000
102262  23.088  -62.303  -14.924 0.6000000238
5534  22.686  -61.489  -14.951 0.6000000238
6120  21.835  -60.910  -17.175 0.5000000000
6090  21.489  -60.783  -15.613 0.5000000000
6091  20.597  -60.850  -15.423 0.5000000000
599  17.297  -73.434  4.130 0.4000000060
598  18.379  -73.299  4.354 0.4000000060
610  18.769  -73.554  4.163 0.5000000000
601  15.234  -73.678  4.640 0.5000000000
602  14.586  -73.861  5.093 0.5000000000
388  13.541  -74.635  4.147 0.5000000000
375  15.956  -73.816  4.086 0.5000000000
600  16.092  -73.537  4.174 0.5000000000
844  19.717  -72.927  4.967 0.4000000060
113970  20.397  -72.847  4.953 0.4000000060
596  20.073  -73.093  4.806 0.5000000000
1568  23.039  -70.970  -10.526 0.3000000119
1553  24.659  -70.687  -9.222 0.3000000119
1242  23.686  -71.930  -10.678 0.3000000119
967  22.685  -71.969  -11.774 0.3000000119
848  15.180  -73.223  4.988 0.4000000060
588  14.697  -73.519  5.295 0.5000000000
589  14.053  -73.602  5.947 0.5000000000
1108  15.510  -72.312  4.871 0.4000000060
847  16.096  -72.909  4.355 0.4000000060
856  17.779  -72.538  3.969 0.3000000119
857  16.611  -72.121  3.795 0.3000000119
616  21.487  -73.105  3.168 0.4000000060
1106  20.207  -72.518  4.807 0.3000000119
843  20.996  -72.468  4.869 0.4000000060
854  20.737  -72.911  4.693 0.5000000000
1117  20.903  -71.664  4.571 0.3000000119
1554  23.394  -70.298  -9.730 0.3000000119
117465  25.515  -71.082  -8.817 0.3000000119
1254  22.617  -71.307  -11.802 0.3000000119
1272  22.675  -71.918  -12.208 0.3000000119
1099  15.235  -72.402  5.803 0.3000000119
838  14.596  -73.111  5.907 0.4000000060
106763  15.739  -71.695  4.988 0.3000000119
1118  19.517  -71.695  3.867 0.3000000119
852  22.557  -71.965  4.199 0.4000000060
866  22.677  -72.450  2.312 0.4000000060
1116  21.889  -71.760  4.749 0.4000000060
1426  20.099  -70.944  3.410 0.3000000119
1912  22.815  -68.614  -9.207 0.4000000060
1911  23.712  -69.076  -8.236 0.4000000060
1898  24.099  -69.262  -7.401 0.4000000060
1886  23.990  -69.523  -6.835 0.4000000060
1525  22.163  -70.228  -6.192 0.5000000000
1926  22.643  -69.296  -10.196 0.3000000119
116632  22.743  -70.112  -10.424 0.3000000119
1569  22.588  -70.607  -11.202 0.3000000119
1271  22.934  -71.389  -12.484 0.3000000119
1269  25.213  -71.465  -13.093 0.3000000119
1098  15.773  -71.627  6.126 0.3000000119
1423  23.844  -70.915  3.873 0.3000000119
1128  23.889  -71.367  3.073 0.3000000119
1156  23.207  -71.621  0.839 0.4000000060
110559  22.075  -71.801  0.956 0.4000000060
1440  20.483  -70.178  2.650 0.3000000119
1788  22.781  -70.184  4.027 0.3000000119
1439  21.699  -70.117  3.568 0.3000000119
119886  21.671  -71.314  4.603 0.3000000119
1867  20.022  -69.953  -3.747 0.5000000000
104510  20.085  -70.079  -2.802 0.5000000000
3026  22.183  -65.908  -8.879 0.3000000119
2616  22.395  -67.195  -8.687 0.3000000119
106421  22.434  -66.706  -9.153 0.3000000119
2288  22.678  -67.867  -8.631 0.3000000119
2287  23.143  -68.415  -8.171 0.4000000060
2263  20.591  -68.484  -5.671 0.5000000000
1880  20.485  -69.303  -5.380 0.5000000000
118445  22.610  -68.115  -9.439 0.3000000119
2269  23.502  -68.754  -7.588 0.4000000060
2261  22.511  -68.616  -6.769 0.4000000060
1888  21.760  -69.342  -6.348 0.5000000000
1889  20.933  -69.163  -6.026 0.5000000000
1951  22.731  -69.368  -11.168 0.3000000119
1580  22.998  -69.855  -11.731 0.3000000119
1596  23.535  -70.433  -12.379 0.3000000119
1595  24.828  -70.654  -12.653 0.3000000119
1594  26.113  -71.070  -12.619 0.4000000060
114339  24.153  -71.461  2.119 0.3000000119
1149  24.171  -71.409  0.694 0.4000000060
1451  19.628  -69.823  1.801 0.3000000119
1798  22.261  -69.528  3.126 0.3000000119
1797  23.382  -69.737  3.519 0.3000000119
1467  23.058  -70.870  -0.038 0.4000000060
1482  20.922  -70.366  -1.106 0.4000000060
1844  20.432  -70.202  -1.954 0.5000000000
1855  21.854  -69.377  -2.352 0.4000000060
111954  20.804  -69.607  -2.513 0.5000000000
3924  21.872  -64.300  -8.212 0.3000000119
2236  20.479  -68.897  -4.259 0.5000000000
2218  20.469  -69.400  -3.380 0.5000000000
3027  21.571  -65.714  -8.106 0.3000000119
118130  20.517  -68.042  -4.736 0.4000000060
2235  20.909  -68.628  -3.702 0.5000000000
103406  22.738  -66.114  -9.494 0.3000000119
2601  22.237  -67.367  -7.701 0.4000000060
114796  21.694  -67.221  -7.046 0.4000000060
2587  20.478  -67.655  -5.292 0.5000000000
2651  22.776  -67.652  -10.251 0.3000000119
2270  22.870  -68.224  -7.457 0.4000000060
2271  22.103  -67.852  -6.902 0.5000000000
2262  21.322  -68.402  -6.380 0.5000000000
2318  22.899  -68.449  -10.823 0.3000000119
1950  23.490  -68.994  -11.561 0.4000000060
1948  25.633  -69.165  -11.529 0.3000000119
1949  24.584  -69.315  -11.958 0.4000000060
1578  25.579  -70.042  -12.122 0.4000000060
1698  23.255  -70.259  -19.721 0.5000000000
1253  27.200  -71.087  -12.290 0.3000000119
2173  19.899  -68.606  0.805 0.3000000119
1811  21.619  -69.090  2.078 0.3000000119
1812  20.397  -69.344  1.614 0.3000000119
106090  24.383  -70.897  -0.237 0.3000000119
1842  22.549  -69.777  -1.650 0.5000000000
2216  22.333  -68.917  -2.877 0.4000000060
1854  22.967  -69.380  -2.318 0.3000000119
4377  22.731  -63.463  -7.717 0.3000000119
2234  21.710  -68.482  -3.389 0.5000000000
3471  21.465  -64.853  -8.055 0.3000000119
2579  21.243  -67.417  -4.157 0.4000000060
2561  21.273  -68.073  -3.859 0.4000000060
3010  21.094  -65.854  -7.230 0.4000000060
3001  20.703  -65.943  -6.373 0.4000000060
2990  20.574  -66.079  -5.560 0.4000000060
112916  20.545  -66.766  -5.233 0.4000000060
3045  22.731  -66.905  -9.858 0.3000000119
2650  23.367  -67.548  -10.658 0.3000000119
2593  21.161  -67.485  -6.533 0.4000000060
114894  20.673  -67.805  -5.991 0.5000000000
109565  24.710  -67.934  -11.068 0.3000000119
2316  25.711  -68.346  -10.874 0.4000000060
1699  22.126  -70.341  -19.186 0.5000000000
106317  26.664  -70.554  -11.983 0.4000000060
1947  26.591  -69.869  -11.465 0.5000000000
2172  20.979  -68.626  1.144 0.3000000119
3128  16.902  -66.442  -15.610 0.5000000000
2215  23.419  -68.938  -2.864 0.3000000119
1853  23.995  -69.516  -2.335 0.3000000119
3127  17.585  -65.876  -15.758 0.5000000000
2723  15.830  -67.274  -16.284 0.6000000238
116140  23.349  -63.206  -7.359 0.3000000119
4365  21.976  -63.884  -7.200 0.3000000119
3922  23.243  -63.735  -8.693 0.3000000119
3907  21.391  -64.496  -7.391 0.3000000119
3442  20.996  -64.756  -5.993 0.3000000119
2578  22.121  -67.100  -4.045 0.4000000060
2233  22.738  -68.395  -3.321 0.4000000060
2709  19.964  -66.691  -15.971 0.5000000000
2385  13.560  -68.803  -16.570 0.5000000000
3443  20.727  -65.271  -5.940 0.3000000119
3427  20.739  -65.650  -5.249 0.3000000119
3404  20.952  -65.760  -4.847 0.3000000119
2973  22.366  -66.346  -4.409 0.3000000119
2721  19.922  -67.574  -16.264 0.5000000000
3043  24.080  -66.113  -10.024 0.3000000119
2649  24.299  -67.357  -10.739 0.3000000119
2015  20.539  -69.495  -16.544 0.5000000000
2648  25.265  -67.578  -10.535 0.3000000119
1667  21.273  -70.603  -17.448 0.5000000000
2647  26.187  -67.766  -10.078 0.4000000060
1681  21.970  -70.860  -17.994 0.6000000238
2315  26.744  -68.484  -10.253 0.4000000060
113390  27.271  -69.097  -10.367 0.5000000000
1345  22.986  -70.911  -18.407 0.5000000000
1938  27.993  -69.471  -10.055 0.4000000060
1577  27.564  -70.533  -11.446 0.3000000119
1680  23.955  -70.645  -19.089 0.6000000238
1935  30.780  -69.156  -10.537 0.3000000119
1563  30.397  -69.634  -11.155 0.4000000060
1575  28.811  -70.501  -11.231 0.4000000060
1252  27.854  -70.983  -11.963 0.3000000119
108212  24.878  -70.369  -19.720 0.6000000238
1697  24.223  -70.225  -20.454 0.5000000000
2328  31.028  -68.569  -11.098 0.3000000119
1946  31.203  -68.890  -11.450 0.5000000000
1591  30.119  -70.020  -12.049 0.4000000060
1592  29.253  -70.586  -12.322 0.4000000060
1696  25.195  -70.356  -20.595 0.6000000238
2327  31.988  -68.204  -11.745 0.3000000119
1964  31.017  -69.229  -12.139 0.4000000060
114407  30.515  -69.726  -12.753 0.4000000060
2344  32.806  -67.753  -12.469 0.4000000060
107420  31.671  -68.729  -12.783 0.5000000000
1977  31.109  -69.239  -13.181 0.4000000060
1976  31.796  -68.526  -13.646 0.5000000000
2710  16.186  -66.976  -15.533 0.6000000238
2375  15.115  -67.799  -16.257 0.6000000238
4882  24.045  -62.835  -7.357 0.3000000119
106443  22.790  -63.594  -6.935 0.3000000119
3892  23.136  -64.053  -6.203 0.3000000119
3893  22.228  -64.127  -6.402 0.3000000119
2711  15.449  -67.505  -15.396 0.6000000238
2376  14.606  -68.112  -15.201 0.6000000238
116555  23.957  -63.062  -8.384 0.3000000119
3879  22.632  -64.577  -5.713 0.3000000119
3402  22.738  -65.682  -4.814 0.3000000119
2377  13.918  -68.714  -15.465 0.6000000238
4390  25.515  -63.369  -8.433 0.3000000119
3426  21.075  -65.155  -5.320 0.3000000119
3403  21.658  -65.675  -4.754 0.3000000119
2008  12.809  -69.961  -15.150 0.6000000238
2634  24.628  -66.712  -10.258 0.3000000119
1610  11.812  -70.142  -13.942 0.6000000238
1621  12.240  -70.396  -14.553 0.6000000238
1622  11.474  -70.974  -14.671 0.6000000238
105626  10.140  -70.904  -14.143 0.5000000000
1925  28.594  -68.947  -9.248 0.4000000060
1564  29.565  -70.067  -10.742 0.4000000060
104751  32.296  -68.258  -12.892 0.5000000000
4362  25.243  -62.598  -6.625 0.3000000119
4346  25.198  -63.202  -6.118 0.3000000119
4364  23.701  -63.404  -6.664 0.3000000119
4348  23.886  -64.112  -6.006 0.3000000119
3878  23.656  -64.808  -5.597 0.3000000119
3424  23.925  -65.797  -5.076 0.3000000119
2989  24.791  -66.361  -4.944 0.3000000119
2697  15.836  -67.085  -14.554 0.5000000000
4896  24.426  -62.691  -7.834 0.3000000119
4391  24.630  -63.334  -8.602 0.3000000119
2364  14.241  -68.134  -14.020 0.5000000000
4914  25.019  -62.710  -8.131 0.3000000119
2972  23.322  -66.323  -4.585 0.3000000119
101909  13.931  -68.555  -14.545 0.6000000238
104514  26.013  -62.738  -8.065 0.3000000119
1999  12.721  -69.582  -14.006 0.6000000238
104391  28.736  -68.301  -8.686 0.3000000119
2301  27.915  -68.151  -8.926 0.3000000119
1611  10.941  -70.657  -14.181 0.6000000238
1986  9.354  -69.580  -13.743 0.6000000238
2365  13.432  -68.657  -13.809 0.6000000238
2353  13.050  -68.057  -13.397 0.5000000000
2354  12.364  -68.400  -13.485 0.6000000238
1983  12.170  -69.233  -13.626 0.6000000238
1984  11.573  -69.464  -13.723 0.6000000238
104942  10.162  -70.223  -13.913 0.6000000238
117067  9.529  -68.664  -13.938 0.6000000238
102362  10.245  -69.257  -13.955 0.6000000238
103329  9.003  -68.076  -13.605 0.5000000000
2684  14.398  -67.503  -13.489 0.5000000000
108767  13.566  -67.171  -13.097 0.5000000000
2355  11.721  -68.796  -13.608 0.5000000000
2367  10.318  -68.491  -14.390 0.6000000238
3099  8.234  -66.827  -13.250 0.5000000000
3116  7.579  -67.010  -14.986 0.6000000238
105310  7.872  -66.700  -13.921 0.6000000238
3100  7.478  -66.457  -13.159 0.5000000000
3117  6.779  -66.606  -14.458 0.6000000238
3101  6.389  -66.126  -13.328 0.6000000238
2685  12.614  -67.466  -13.332 0.5000000000
2699  10.562  -67.930  -14.784 0.5000000000
2700  9.857  -68.141  -14.860 0.5000000000
2687  9.383  -68.160  -14.255 0.6000000238
2712  9.881  -67.734  -15.428 0.6000000238
2701  9.140  -67.862  -14.715 0.5000000000
2688  8.669  -67.523  -13.593 0.5000000000
2713  8.871  -67.587  -15.464 0.6000000238
3579  9.980  -65.694  -17.498 0.6000000238
115900  8.178  -67.263  -15.473 0.6000000238
3118  5.495  -66.255  -14.693 0.5000000000
6025  8.658  -60.152  -9.665 0.5000000000
3543  13.112  -66.536  -13.077 0.5000000000
109590  11.324  -67.653  -14.299 0.5000000000
3115  10.935  -67.351  -15.111 0.6000000238
107703  9.663  -59.453  -8.219 0.5000000000
7050  9.366  -58.655  -7.217 0.6000000238
6536  9.472  -59.511  -9.191 0.6000000238
6554  9.080  -59.436  -10.067 0.6000000238
6012  9.138  -60.133  -8.657 0.5000000000
6555  8.334  -59.706  -10.786 0.5000000000
6038  7.417  -60.158  -11.229 0.5000000000
3545  3.966  -65.444  -14.524 0.5000000000
3556  4.499  -65.986  -14.956 0.5000000000
9272  11.566  -54.890  -11.469 0.6000000238
101045  11.697  -54.891  -10.550 0.6999999881
8183  11.294  -56.040  -10.495 0.6000000238
8706  11.343  -55.346  -9.364 0.6999999881
8145  10.712  -56.556  -8.617 0.6000000238
7580  9.586  -57.222  -7.845 0.6000000238
8184  11.059  -56.637  -10.171 0.6000000238
8162  11.064  -56.639  -9.126 0.6000000238
8747  10.745  -55.666  -12.161 0.6000000238
8200  10.773  -56.313  -11.423 0.6000000238
7614  10.654  -57.423  -9.757 0.6000000238
7594  10.655  -57.339  -8.716 0.5000000000
7565  9.112  -57.868  -7.415 0.6000000238
8215  10.181  -56.084  -12.586 0.6000000238
7632  10.408  -57.089  -10.990 0.6000000238
7080  10.408  -58.135  -9.100 0.5000000000
7060  9.844  -57.958  -7.720 0.6000000238
7633  9.729  -57.412  -11.767 0.6000000238
7102  10.128  -58.112  -9.970 0.6000000238
7634  8.989  -57.707  -12.343 0.6000000238
7116  9.373  -58.133  -11.378 0.6000000238
7104  9.069  -58.890  -10.872 0.6000000238
6565  8.364  -59.073  -11.514 0.5000000000
6039  6.578  -60.429  -11.593 0.5000000000
6055  6.066  -60.002  -12.480 0.5000000000
6056  5.140  -60.233  -12.932 0.5000000000
6057  4.225  -60.728  -12.950 0.5000000000
8707  11.027  -55.214  -8.959 0.6000000238
117884  10.030  -55.672  -8.570 0.6999999881
7650  9.355  -56.748  -12.990 0.5000000000
7135  8.223  -58.059  -12.843 0.6000000238
7118  7.927  -58.752  -12.332 0.6000000238
6567  6.865  -59.731  -12.120 0.5000000000
6581  6.310  -59.317  -13.104 0.6000000238
6582  5.663  -59.605  -13.373 0.5000000000
7149  5.824  -59.270  -14.250 0.6000000238
6067  5.200  -59.695  -13.950 0.6000000238
10408  14.404  -53.378  -17.272 0.4000000060
116859  10.757  -52.452  -9.998 0.6999999881
10358  8.221  -52.819  -10.769 0.5000000000
9260  8.004  -54.094  -10.114 0.5000000000
9858  14.265  -54.232  -17.143 0.6000000238
107430  13.806  -53.896  -16.258 0.5000000000
9784  8.951  -53.856  -9.692 0.6000000238
9238  8.622  -54.686  -9.490 0.5000000000
9307  15.120  -54.599  -17.096 0.5000000000
10355  11.614  -52.382  -10.217 0.6000000238
9783  9.966  -53.660  -9.439 0.8000000119
9802  11.851  -53.297  -9.951 0.6999999881
9236  10.756  -54.346  -9.173 0.8000000119
8709  8.538  -55.406  -9.179 0.6999999881
7147  6.938  -58.241  -14.118 0.6000000238
7148  6.340  -58.749  -14.220 0.6000000238
9818  6.669  -53.075  -11.328 0.5000000000
10955  13.012  -52.448  -14.826 0.5000000000
10919  9.540  -51.739  -11.093 0.6999999881
9807  6.482  -53.855  -11.050 0.5000000000
9857  15.398  -53.940  -16.258 0.4000000060
9875  15.030  -54.179  -17.525 0.4000000060
9291  15.259  -54.940  -16.132 0.4000000060
9292  14.933  -55.411  -15.332 0.5000000000
8753  14.395  -55.702  -14.438 0.4000000060
10367  7.417  -52.633  -11.321 0.5000000000
9819  5.826  -53.374  -11.347 0.5000000000
99966  13.731  -52.471  -16.772 0.3000000119
10964  12.937  -52.078  -15.889 0.3000000119
10366  8.138  -52.133  -11.386 0.6000000238
9842  15.310  -54.575  -14.310 0.4000000060
9283  14.922  -55.100  -13.597 0.4000000060
8220  13.284  -56.410  -14.379 0.4000000060
120273  7.590  -51.102  -12.101 0.6000000238
10931  8.223  -51.431  -11.984 0.6000000238
102119  14.399  -55.501  -12.809 0.4000000060
10933  6.034  -50.703  -11.319 0.5000000000
114101  6.314  -51.695  -11.554 0.5000000000
11515  14.950  -50.897  -17.279 0.3000000119
10976  13.356  -51.597  -16.757 0.3000000119
10965  12.096  -51.321  -15.953 0.3000000119
11491  11.116  -50.450  -14.285 0.4000000060
8745  13.944  -56.034  -12.150 0.4000000060
12082  11.521  -50.178  -14.903 0.4000000060
11469  6.685  -49.911  -11.566 0.6000000238
118710  5.528  -51.295  -11.130 0.4000000060
12069  11.138  -49.730  -14.155 0.4000000060
11502  15.071  -50.194  -16.416 0.3000000119
112020  14.125  -50.017  -17.436 0.3000000119
11470  5.520  -49.695  -10.662 0.5000000000
12054  10.863  -49.373  -13.345 0.4000000060
12735  9.667  -48.822  -11.790 0.4000000060
12705  8.143  -48.024  -10.674 0.5000000000
12719  10.374  -48.399  -11.048 0.4000000060
12720  9.655  -48.367  -10.857 0.4000000060
14035  10.576  -46.022  -12.108 0.3000000119
14702  9.157  -45.185  -12.251 0.3000000119
109444  10.808  -46.839  -11.242 0.3000000119
14014  9.103  -46.329  -10.908 0.3000000119
14703  8.509  -44.536  -11.736 0.3000000119
11987  11.427  -49.305  -4.523 0.4000000060
14720  9.696  -44.881  -12.846 0.3000000119
2577  23.204  -66.963  -4.164 0.3000000119
2314  27.581  -68.705  -9.712 0.4000000060
12702  10.662  -47.971  -10.840 0.3000000119
7181  6.611  -59.000  -14.831 0.6000000238
12641  9.209  -47.721  -4.132 0.4000000060
109477  14.643  -55.419  -16.454 0.5000000000
13376  10.205  -47.260  -10.789 0.3000000119
1251  28.261  -70.813  -11.722 0.3000000119
1574  29.453  -70.317  -11.495 0.4000000060
2366  11.117  -68.318  -14.151 0.5000000000
846  17.542  -73.089  4.370 0.4000000060
374  16.962  -73.749  3.952 0.5000000000
377  14.207  -74.261  4.691 0.5000000000
607  21.019  -73.191  3.886 0.5000000000
1543  24.207  -69.841  -8.747 0.4000000060
1107  15.986  -71.825  4.233 0.4000000060
853  21.583  -72.564  4.316 0.4000000060
875  21.795  -72.474  1.659 0.4000000060
115438  23.165  -69.458  -9.328 0.4000000060
1897  24.701  -69.775  -7.832 0.4000000060
1533  24.819  -69.919  -7.145 0.4000000060
832  14.538  -72.736  6.755 0.3000000119
1441  19.299  -70.519  2.321 0.3000000119
114014  22.707  -71.386  4.557 0.3000000119
1141  23.504  -71.932  2.218 0.4000000060
105525  22.955  -72.056  1.553 0.4000000060
2303  22.590  -68.403  -10.098 0.3000000119
2319  22.633  -69.070  -10.670 0.4000000060
1150  23.861  -71.691  1.444 0.4000000060
1468  21.640  -70.726  -0.312 0.4000000060
2256  20.352  -68.593  -4.950 0.5000000000
1682  21.166  -70.393  -18.437 0.5000000000
1810  22.878  -69.058  2.623 0.3000000119
1481  22.126  -70.225  -0.926 0.4000000060
1843  21.375  -69.838  -1.723 0.5000000000
2217  21.275  -69.048  -3.026 0.5000000000
115556  21.189  -65.191  -7.569 0.3000000119
3044  23.246  -66.398  -10.035 0.3000000119
2317  23.800  -68.080  -11.177 0.3000000119
1841  23.636  -69.886  -1.690 0.3000000119
1480  23.346  -70.332  -0.952 0.4000000060
2974  21.239  -66.467  -4.480 0.3000000119
1652  20.797  -70.184  -16.914 0.5000000000
1939  26.575  -69.099  -10.915 0.4000000060
2214  24.375  -69.085  -2.854 0.3000000119
1923  30.412  -69.125  -9.683 0.4000000060
1565  28.908  -70.227  -10.570 0.4000000060
1576  28.299  -70.583  -11.242 0.4000000060
2663  31.688  -68.083  -11.202 0.3000000119
3877  24.500  -64.701  -5.646 0.3000000119
1982  12.736  -68.793  -13.609 0.6000000238
1924  29.608  -69.225  -9.311 0.3000000119
3423  24.838  -65.664  -5.315 0.3000000119
2988  25.496  -66.371  -5.034 0.3000000119
4389  26.824  -63.429  -8.167 0.3000000119
106449  8.423  -67.242  -14.406 0.6000000238
9235  11.330  -54.626  -9.405 0.6999999881
9237  9.698  -54.445  -9.196 0.6999999881
9782  10.774  -53.562  -9.429 0.6999999881
9804  9.207  -53.016  -10.077 0.6000000238
10986  14.292  -51.603  -17.318 0.3000000119
11526  13.728  -50.823  -17.195 0.3000000119
1323  22.843  -71.077  -16.603 0.5000000000
1636  21.856  -70.325  -15.769 0.5000000000
3119  29.320  -66.950  -15.376 0.6000000238
3129  11.392  -66.632  -15.287 0.5000000000
103644  6.735  -66.818  -15.628 0.5000000000
3580  8.796  -66.012  -17.546 0.5000000000
3147  8.040  -66.664  -17.087 0.5000000000
3148  7.168  -66.329  -17.171 0.5000000000
3135  5.848  -66.462  -15.707 0.5000000000
3134  6.373  -66.287  -16.645 0.5000000000
3590  10.078  -64.699  -18.019 0.5000000000
3569  4.939  -65.829  -15.822 0.4000000060
3592  8.273  -65.181  -17.917 0.5000000000
3582  6.604  -65.363  -17.467 0.5000000000
3584  5.363  -65.236  -16.559 0.5000000000
4008  3.922  -64.755  -15.419 0.5000000000
3593  7.475  -64.714  -17.759 0.6000000238
4007  4.663  -64.941  -15.885 0.5000000000
6083  4.153  -60.646  -14.143 0.5000000000
4016  6.728  -64.330  -17.295 0.6000000238
4992  3.685  -62.331  -14.645 0.5000000000
5529  4.097  -61.426  -14.499 0.5000000000
4005  6.162  -64.145  -16.680 0.6000000238
4468  4.201  -64.147  -15.485 0.6000000238
110989  3.557  -64.118  -15.172 0.5000000000
4015  7.635  -63.878  -17.403 0.6000000238
102684  6.554  -63.693  -15.825 0.6000000238
4480  5.715  -63.919  -15.880 0.6000000238
4991  4.440  -62.331  -14.639 0.6000000238
4466  6.350  -63.487  -14.823 0.6000000238
5528  4.791  -61.114  -14.514 0.5000000000
6605  5.281  -59.836  -14.341 0.5000000000
116251  5.464  -63.606  -15.295 0.6000000238
4467  4.811  -63.423  -15.062 0.6000000238
7581  8.613  -57.240  -7.839 0.5000000000
8163  8.252  -56.080  -8.907 0.5000000000
8697  9.236  -55.856  -8.594 0.5000000000
6095  6.387  -59.635  -14.761 0.6000000238
4452  6.446  -63.254  -13.948 0.6000000238
5527  5.457  -60.906  -14.528 0.6000000238
4979  5.549  -62.885  -14.370 0.6000000238
5516  5.320  -61.977  -14.254 0.6000000238
4978  6.495  -62.712  -13.606 0.6000000238
12746  11.947  -48.957  -13.250 0.3000000119
11410  11.223  -49.995  -4.699 0.3000000119
2358  31.890  -68.049  -14.269 0.4000000060
2702  31.380  -67.802  -15.223 0.5000000000
1710  26.397  -70.856  -20.610 0.5000000000
1695  26.018  -70.428  -20.324 0.5000000000
1678  25.629  -70.323  -19.321 0.4000000060
104625  28.167  -66.391  -14.173 0.4000000060
1666  21.997  -70.948  -17.054 0.4000000060
1334  23.358  -71.217  -17.441 0.4000000060
1335  22.597  -71.104  -17.493 0.4000000060
114889  23.816  -71.094  -18.129 0.4000000060
3991  26.284  -64.425  -14.756 0.4000000060
3547  26.411  -65.166  -14.614 0.4000000060
3122  26.440  -66.349  -16.137 0.4000000060
2014  21.097  -70.013  -16.066 0.4000000060
3546  27.203  -65.450  -14.180 0.4000000060
3106  26.773  -65.908  -14.851 0.4000000060
3570  25.029  -66.637  -17.049 0.5000000000
110258  7.074  -63.482  -13.974 0.5000000000
4464  8.309  -63.738  -14.422 0.5000000000
4451  7.253  -63.238  -13.409 0.5000000000
101608  7.798  -63.576  -13.684 0.5000000000
4437  9.122  -63.332  -12.573 0.5000000000
4439  7.535  -62.854  -12.931 0.5000000000
4967  8.408  -62.889  -12.452 0.5000000000
8710  7.595  -55.523  -9.613 0.4000000060
9239  7.683  -54.799  -9.920 0.4000000060
4438  8.094  -63.309  -12.949 0.5000000000
5515  6.152  -61.509  -13.986 0.5000000000
3120  28.292  -66.708  -15.451 0.5000000000
3105  27.483  -66.035  -14.235 0.4000000060
3558  26.031  -65.524  -15.378 0.4000000060
387  14.612  -74.366  3.875 0.4000000060
246  16.414  -75.433  -1.832 0.4000000060
376  15.128  -74.039  4.437 0.4000000060
113341  14.994  -74.269  2.985 0.4000000060
442  16.414  -74.222  -2.188 0.4000000060
664  17.770  -73.679  -2.250 0.4000000060
656  16.186  -73.378  -1.808 0.4000000060
431  15.303  -73.793  -1.062 0.4000000060
385  16.455  -74.117  3.544 0.5000000000
395  16.622  -74.280  2.744 0.4000000060
113401  15.902  -74.325  3.083 0.4000000060
645  15.671  -72.981  -0.804 0.4000000060
611  17.926  -73.640  4.035 0.5000000000
113426  18.273  -73.867  3.652 0.5000000000
384  17.441  -74.082  3.353 0.5000000000
408  16.795  -74.063  1.826 0.4000000060
396  15.624  -73.941  2.138 0.4000000060
113923  18.223  -74.206  2.049 0.4000000060
394  17.513  -74.235  2.372 0.4000000060
428  19.417  -73.884  -0.198 0.4000000060
115323  18.151  -73.536  -0.785 0.4000000060
633  17.180  -73.116  -0.446 0.4000000060
634  16.217  -72.913  -0.123 0.4000000060
635  15.452  -73.231  0.272 0.4000000060
643  17.946  -73.411  -1.743 0.4000000060
644  16.546  -72.845  -1.210 0.4000000060
406  18.628  -74.187  1.387 0.5000000000
407  17.777  -74.156  1.507 0.4000000060
625  15.926  -73.367  0.978 0.4000000060
116062  19.277  -73.917  0.627 0.5000000000
416  19.031  -74.114  0.618 0.4000000060
417  18.193  -73.959  0.456 0.4000000060
418  16.985  -73.592  0.717 0.4000000060
654  19.936  -73.460  -0.614 0.3000000119
653  21.007  -73.682  -1.695 0.3000000119
889  20.170  -72.677  -1.017 0.4000000060
642  19.522  -73.589  0.029 0.3000000119
882  19.940  -72.358  -0.259 0.4000000060
105438  19.726  -72.894  0.448 0.4000000060
120036  21.818  -72.259  -3.468 0.3000000119
908  20.976  -72.463  -2.507 0.4000000060
898  20.732  -72.751  -1.744 0.4000000060
1165  19.972  -71.672  -1.077 0.4000000060
106998  20.373  -71.765  -2.909 0.4000000060
1172  20.252  -71.866  -2.291 0.4000000060
1173  19.929  -71.255  -2.094 0.4000000060
1469  20.596  -70.936  -0.582 0.3000000119
415  19.420  -73.729  0.270 0.3000000119
1151  20.835  -71.939  0.812 0.3000000119
1152  20.179  -72.255  0.468 0.4000000060
917  21.525  -71.881  -4.206 0.4000000060
120472  20.147  -71.235  -0.831 0.3000000119
1181  19.992  -71.329  -2.766 0.4000000060
1496  19.880  -70.754  -3.013 0.4000000060
1483  20.085  -70.872  -1.402 0.4000000060
404  19.526  -73.733  1.222 0.4000000060
632  19.673  -73.416  0.972 0.4000000060
916  22.763  -72.587  -3.519 0.4000000060
1157  21.198  -71.285  0.234 0.3000000119
1200  20.920  -71.380  -5.013 0.4000000060
109006  21.860  -71.603  -4.994 0.4000000060
113450  20.752  -70.749  -5.350 0.4000000060
1505  20.289  -70.797  -4.714 0.4000000060
1180  20.078  -71.306  -3.431 0.4000000060
405  19.208  -74.004  1.346 0.4000000060
623  20.194  -73.517  1.853 0.4000000060
121063  21.300  -72.884  1.913 0.3000000119
868  20.476  -72.767  1.352 0.4000000060
1515  21.650  -71.007  -5.608 0.4000000060
1215  22.743  -70.856  -5.922 0.4000000060
1874  20.258  -69.461  -4.561 0.4000000060
102377  19.896  -70.711  -3.910 0.4000000060
383  18.941  -73.877  3.445 0.4000000060
622  21.007  -73.200  2.263 0.3000000119
609  19.560  -73.488  4.184 0.4000000060
392  18.969  -74.051  2.305 0.4000000060
608  20.336  -73.393  4.034 0.4000000060
624  19.734  -73.807  2.110 0.4000000060
117026  20.569  -73.519  2.905 0.4000000060
1187  20.430  -71.423  -4.224 0.4000000060
382  19.729  -73.778  3.180 0.4000000060
386  15.574  -74.192  3.737 0.4000000060
393  18.226  -74.098  2.856 0.5000000000
430  18.957  -74.065  -0.115 0.4000000060
443  15.763  -74.443  -1.659 0.4000000060
597  19.285  -73.172  4.661 0.4000000060
655  17.048  -73.065  -2.027 0.4000000060
845  18.726  -73.026  4.679 0.4000000060
862  22.314  -72.596  3.299 0.4000000060
867  21.846  -72.897  2.388 0.4000000060
907  22.153  -72.831  -2.794 0.3000000119
996  27.661  -71.762  -13.815 0.3000000119
1115  23.281  -71.416  4.021 0.3000000119
1129  23.136  -72.059  3.213 0.4000000060
1158  20.299  -71.615  -0.187 0.3000000119
1179  20.902  -71.985  -3.410 0.4000000060
1234  24.138  -71.295  -9.988 0.3000000119
1243  22.823  -71.519  -11.236 0.3000000119
1344  27.906  -71.403  -19.534 0.5000000000
1424  23.198  -70.870  4.433 0.3000000119
1425  22.250  -70.916  4.540 0.3000000119
1427  19.335  -71.087  2.902 0.3000000119
1491  19.943  -70.644  -2.262 0.4000000060
1516  21.033  -70.060  -5.855 0.5000000000
1517  20.325  -70.098  -5.097 0.4000000060
1542  25.209  -70.434  -8.373 0.3000000119
1566  28.242  -70.143  -10.632 0.4000000060
1567  27.396  -69.752  -10.785 0.5000000000
1579  24.444  -69.960  -12.299 0.4000000060
1581  22.658  -70.062  -11.355 0.3000000119
1597  22.689  -70.719  -11.863 0.3000000119
1623  10.631  -71.257  -14.552 0.6000000238
1624  9.695  -71.257  -14.376 0.5000000000
1631  29.699  -70.609  -14.972 0.3000000119
1651  21.478  -70.526  -16.561 0.5000000000
1665  25.015  -70.964  -17.379 0.6000000238
1787  23.551  -70.404  4.007 0.3000000119
1799  21.257  -69.615  2.563 0.3000000119
1887  22.923  -69.427  -6.623 0.4000000060
1899  23.448  -68.869  -7.060 0.4000000060
1936  29.624  -69.764  -10.005 0.4000000060
1937  28.869  -69.766  -9.882 0.4000000060
1940  22.581  -69.740  -10.886 0.3000000119
1963  31.904  -68.466  -12.211 0.4000000060
1965  23.739  -69.659  -12.046 0.4000000060
1985  10.962  -69.824  -13.886 0.6000000238
1995  24.906  -69.219  -14.778 0.8000000119
2004  22.468  -70.010  -15.046 0.6999999881
2006  20.837  -69.286  -15.699 0.6999999881
2007  13.414  -69.176  -14.670 0.6000000238
2329  24.636  -68.567  -11.495 0.3000000119
2352  13.719  -67.892  -13.494 0.6000000238
2356  10.986  -69.044  -13.924 0.5000000000
2378  30.515  -67.602  -16.729 0.6000000238
2387  29.120  -68.348  -18.300 0.6999999881
2560  21.982  -67.862  -3.719 0.4000000060
2580  20.768  -68.017  -4.274 0.4000000060
2594  20.572  -66.911  -5.974 0.4000000060
2602  21.595  -66.590  -7.559 0.4000000060
2617  22.028  -66.603  -8.379 0.3000000119
2635  22.577  -67.554  -9.509 0.3000000119
2682  21.816  -67.107  -13.532 0.6999999881
2686  11.873  -68.010  -13.578 0.6000000238
2975  20.681  -66.230  -4.923 0.3000000119
3000  21.084  -66.658  -6.793 0.4000000060
3011  20.897  -65.193  -6.839 0.3000000119
3058  23.730  -66.811  -10.432 0.3000000119
3059  23.094  -67.041  -10.307 0.3000000119
3109  20.646  -66.465  -14.474 0.6999999881
3141  19.536  -65.879  -16.386 0.6000000238
3145  10.586  -66.198  -16.706 0.6999999881
3425  22.084  -65.051  -5.198 0.3000000119
3520  17.746  -64.683  -12.345 0.6999999881
3523  15.045  -65.325  -12.585 0.6000000238
3524  14.348  -65.540  -12.740 0.6000000238
3557  4.130  -65.395  -15.389 0.4000000060
3568  5.597  -65.880  -16.458 0.5000000000
3578  11.309  -65.740  -16.687 0.6999999881
3581  7.694  -65.764  -17.618 0.5000000000
3583  5.884  -65.483  -16.969 0.5000000000
3880  21.636  -64.613  -5.832 0.3000000119
3894  21.449  -64.408  -6.572 0.3000000119
3895  20.997  -64.782  -6.508 0.3000000119
3980  19.636  -64.476  -13.563 0.8000000119
3983  14.385  -64.609  -13.108 0.5000000000
3994  20.126  -64.660  -14.165 0.6999999881
4003  13.507  -64.510  -15.589 0.6999999881
4006  5.429  -64.586  -16.410 0.6000000238
4017  5.929  -64.803  -17.061 0.6000000238
4347  24.468  -63.700  -6.097 0.3000000119
4363  24.540  -62.937  -6.678 0.3000000119
4392  23.207  -63.332  -8.222 0.3000000119
4393  22.526  -63.765  -8.291 0.3000000119
4394  22.000  -63.890  -7.816 0.3000000119
4417  19.119  -63.141  -11.640 0.8000000119
4418  18.343  -63.165  -11.684 0.8000000119
4419  17.675  -63.233  -11.830 0.6999999881
4429  20.476  -63.428  -12.209 0.8999999762
4443  23.328  -63.356  -13.444 0.6000000238
4453  5.758  -63.264  -14.678 0.6000000238
4460  23.458  -63.863  -14.073 0.6000000238
4465  7.361  -63.663  -14.737 0.6000000238
4481  4.956  -64.156  -15.704 0.6000000238
4493  8.945  -62.954  -16.962 0.6000000238
4495  6.993  -63.740  -16.798 0.6999999881
4511  9.396  -63.071  -17.632 0.6999999881
4523  11.264  -62.875  -18.354 0.6999999881
4881  24.867  -62.539  -7.192 0.3000000119
4897  23.594  -62.981  -7.898 0.3000000119
4943  20.209  -62.480  -11.718 0.6999999881
4944  19.521  -62.504  -11.670 0.8000000119
4962  17.596  -62.648  -12.149 0.8000000119
4973  22.749  -62.144  -13.094 0.6999999881
4985  23.009  -61.940  -13.935 0.6000000238
5007  9.613  -62.730  -16.364 0.5000000000
5030  13.685  -62.784  -18.512 0.6000000238
5031  10.880  -62.543  -17.925 0.6999999881
5038  13.247  -62.211  -18.610 0.6999999881
5476  19.216  -61.978  -11.823 0.8000000119
5488  22.163  -62.008  -12.620 0.6999999881
5489  21.739  -61.569  -12.801 0.6999999881
5507  19.339  -61.307  -12.892 0.6000000238
5508  18.565  -61.488  -13.137 0.6999999881
5530  3.510  -61.633  -14.355 0.5000000000
5582  12.634  -61.008  -18.201 0.5000000000
6049  21.127  -61.354  -12.729 0.6999999881
6050  20.363  -61.245  -12.752 0.6000000238
6052  10.439  -60.319  -12.034 0.5000000000
6053  9.347  -60.244  -13.000 0.6000000238
6066  8.102  -60.331  -13.918 0.6999999881
6068  4.476  -60.328  -13.761 0.5000000000
6073  21.242  -60.856  -14.659 0.5000000000
6081  5.514  -60.177  -14.507 0.6000000238
6082  4.619  -60.586  -14.334 0.5000000000
6089  22.196  -61.057  -15.754 0.5000000000
6127  12.794  -60.481  -17.884 0.5000000000
6145  13.894  -60.357  -18.427 0.5000000000
6492  9.272  -59.195  -6.951 0.6000000238
6503  9.501  -59.313  -7.393 0.6000000238
6553  9.763  -58.792  -9.780 0.6000000238
6566  7.685  -59.425  -11.764 0.5000000000
6579  10.009  -59.837  -12.842 0.5000000000
6580  7.098  -59.032  -12.751 0.6000000238
6590  8.521  -59.657  -14.457 0.8000000119
6591  5.874  -59.112  -13.915 0.5000000000
6601  9.905  -58.859  -14.475 0.8000000119
6603  8.109  -59.105  -15.134 0.6999999881
6604  5.983  -59.428  -14.544 0.6000000238
6606  4.740  -60.194  -14.155 0.6000000238
6617  7.133  -59.330  -14.997 0.8000000119
6637  14.616  -58.989  -17.836 0.5000000000
6650  15.624  -59.028  -18.789 0.5000000000
6651  14.882  -59.190  -18.447 0.5000000000
7061  9.895  -58.682  -7.798 0.6000000238
7081  10.040  -58.806  -8.676 0.5000000000
7103  9.661  -58.356  -10.568 0.6000000238
7117  8.669  -58.452  -11.867 0.6000000238
7132  11.994  -58.224  -12.418 0.6000000238
7136  7.360  -58.354  -13.337 0.6000000238
7137  6.538  -58.703  -13.700 0.6000000238
7164  10.329  -58.213  -14.955 0.8000000119
7168  6.304  -58.947  -14.498 0.6000000238
7180  8.257  -58.327  -15.258 0.6999999881
7579  10.257  -57.264  -8.183 0.5000000000
7615  10.001  -57.777  -10.752 0.6000000238
7649  11.853  -57.804  -13.349 0.6000000238
7657  11.681  -57.505  -14.386 0.6999999881
7659  8.053  -57.252  -14.597 0.6999999881
7671  11.405  -57.067  -15.441 0.6999999881
7672  10.662  -57.464  -15.385 0.8000000119
7674  7.516  -57.796  -14.841 0.6999999881
7685  10.020  -56.845  -15.557 0.8000000119
7687  8.452  -57.600  -15.270 0.6999999881
8144  11.130  -55.920  -8.901 0.6000000238
8146  10.042  -56.429  -8.290 0.5000000000
8147  8.973  -56.556  -8.208 0.5000000000
8161  11.323  -56.016  -9.574 0.6999999881
8201  10.114  -56.777  -11.991 0.6000000238
8224  8.613  -56.505  -14.584 0.8000000119
8235  8.501  -56.656  -14.964 0.6999999881
8249  10.563  -56.318  -15.705 0.8000000119
8251  8.565  -56.963  -15.197 0.6999999881
8696  10.670  -55.833  -8.661 0.6000000238
8708  10.366  -55.113  -8.843 0.6999999881
8728  11.513  -55.479  -10.118 0.6999999881
8746  11.316  -55.544  -11.244 0.6000000238
8754  13.885  -56.074  -13.603 0.4000000060
8763  13.761  -56.080  -15.199 0.6000000238
8774  12.572  -55.934  -16.134 0.6999999881
8777  9.813  -55.446  -15.149 0.8000000119
8792  10.554  -55.781  -15.707 0.8000000119
9259  11.829  -54.171  -9.970 0.6999999881
9261  7.094  -54.341  -10.566 0.4000000060
9295  11.885  -54.606  -14.204 0.8000000119
9308  14.673  -54.889  -17.159 0.5000000000
9309  12.974  -55.637  -16.409 0.6999999881
9324  15.034  -54.489  -17.497 0.4000000060
9781  11.357  -53.835  -9.545 0.6999999881
9801  12.148  -53.464  -10.572 0.8000000119
9803  10.321  -52.973  -9.700 0.6999999881
9805  8.351  -53.456  -10.299 0.6000000238
9806  7.436  -53.474  -10.802 0.5000000000
9864  15.146  -54.267  -17.268 0.4000000060
9865  14.895  -54.241  -17.539 0.4000000060
10345  11.208  -53.067  -9.667 0.6999999881
10354  12.214  -52.098  -10.804 0.6999999881
10356  9.887  -52.326  -10.331 0.6999999881
10357  8.938  -52.277  -10.831 0.6000000238
10368  6.030  -52.578  -11.453 0.5000000000
10377  12.719  -52.262  -13.577 0.6999999881
10409  13.720  -52.987  -16.092 0.5000000000
10424  14.391  -52.440  -17.243 0.3000000119
10916  12.124  -51.649  -11.324 0.6999999881
10928  11.676  -51.335  -11.906 0.6999999881
10930  9.124  -51.309  -11.985 0.6999999881
10932  7.337  -51.792  -11.755 0.6000000238
10942  10.409  -51.070  -12.980 0.6000000238
10957  11.317  -51.119  -14.121 0.6000000238
10985  14.862  -52.136  -17.471 0.3000000119
11417  11.353  -50.105  -5.523 0.4000000060
11461  5.054  -50.630  -10.590 0.4000000060
11468  7.436  -50.404  -12.103 0.8000000119
11479  9.641  -50.367  -13.133 0.5000000000
11480  8.532  -50.301  -12.576 0.6000000238
11503  11.863  -50.501  -15.774 0.4000000060
11504  11.503  -50.923  -15.048 0.4000000060
11525  14.649  -51.058  -17.419 0.3000000119
11993  12.387  -49.092  -5.720 0.4000000060
12000  11.959  -49.664  -6.002 0.4000000060
12007  8.046  -49.854  -8.013 0.5000000000
12016  10.610  -49.410  -7.870 0.5000000000
12039  5.408  -48.747  -10.294 0.6999999881
12055  10.049  -49.753  -13.387 0.5000000000
12057  8.505  -49.499  -12.359 0.5000000000
12649  13.170  -48.204  -6.215 0.3000000119
12665  13.355  -48.309  -6.795 0.3000000119
12666  12.775  -48.916  -7.088 0.3000000119
12677  11.269  -49.032  -8.144 0.4000000060
12683  4.638  -47.838  -8.358 0.6000000238
12703  9.954  -47.958  -10.678 0.3000000119
12704  9.140  -48.013  -10.608 0.4000000060
12707  5.714  -48.061  -10.272 0.6999999881
12722  7.141  -49.084  -11.457 0.6999999881
12734  10.511  -48.952  -12.310 0.4000000060
13310  9.493  -46.532  -5.141 0.3000000119
13353  4.865  -47.323  -8.471 0.5000000000
13378  8.293  -47.396  -10.598 0.6000000238
13381  5.228  -47.372  -9.567 0.6000000238
13950  9.489  -45.816  -5.438 0.3000000119
13993  6.077  -45.463  -8.526 0.4000000060
13995  5.173  -46.494  -8.771 0.5000000000
14005  5.464  -45.658  -9.063 0.4000000060
14026  9.765  -46.212  -11.453 0.3000000119
14027  8.767  -45.453  -11.696 0.3000000119
14657  6.652  -44.797  -8.654 0.5000000000
14658  6.047  -44.903  -8.798 0.5000000000
14669  11.043  -45.383  -9.894 0.3000000119
14670  10.184  -45.055  -9.747 0.3000000119
14672  7.183  -44.281  -8.957 0.4000000060
14674  5.903  -44.931  -9.004 0.5000000000
14685  8.228  -45.288  -11.368 0.3000000119
14687  6.493  -44.643  -9.486 0.5000000000
15343  8.299  -44.192  -9.946 0.3000000119
15344  7.595  -44.190  -9.541 0.3000000119
100313  14.645  -60.914  -18.638 0.6000000238
100755  7.150  -47.810  -8.363 0.5000000000
100972  11.599  -54.895  -9.802 0.6999999881
101039  14.629  -50.147  -17.309 0.3000000119
101154  5.272  -48.346  -8.033 0.6000000238
101279  7.130  -44.527  -10.110 0.4000000060
101997  10.115  -47.954  -8.585 0.5000000000
102086  11.480  -47.258  -5.261 0.4000000060
102428  9.436  -55.176  -8.930 0.6999999881
104239  11.150  -48.299  -8.532 0.4000000060
104807  18.563  -61.526  -15.166 0.6000000238
104935  17.411  -62.259  -12.794 0.6000000238
105273  27.359  -72.476  -16.182 0.4000000060
106574  6.892  -50.953  -11.855 0.6000000238
106731  20.675  -67.172  -4.727 0.4000000060
107568  3.927  -63.245  -15.035 0.6000000238
108427  10.333  -58.019  -8.205 0.6000000238
109353  6.410  -46.157  -10.112 0.5000000000
109873  23.035  -65.150  -5.249 0.3000000119
109917  9.944  -63.262  -18.018 0.6999999881
110406  9.087  -50.695  -12.679 0.6999999881
110603  12.429  -52.781  -11.059 0.6999999881
110653  21.210  -70.807  4.041 0.3000000119
110754  24.284  -70.579  -15.525 0.6000000238
110810  20.094  -71.999  -1.640 0.4000000060
111363  22.148  -70.737  -16.317 0.5000000000
111458  5.765  -46.074  -9.517 0.5000000000
111530  12.093  -51.447  -12.357 0.6999999881
112335  30.936  -69.291  -15.180 0.5000000000
113101  9.065  -56.458  -15.297 0.8000000119
113192  22.273  -71.226  0.382 0.4000000060
113501  12.625  -52.839  -11.868 0.8000000119
114331  15.768  -58.073  -18.196 0.5000000000
115034  7.774  -48.617  -11.123 0.6000000238
115705  31.128  -68.630  -15.648 0.6000000238
117055  8.107  -55.118  -9.564 0.4000000060
117288  30.201  -69.561  -10.364 0.4000000060
117342  16.803  -60.115  -19.180 0.6000000238
117551  5.023  -47.041  -8.431 0.5000000000
117658  9.934  -47.679  -4.457 0.5000000000
117679  6.771  -52.379  -11.551 0.5000000000
117682  3.942  -61.020  -14.339 0.5000000000
118286  24.972  -67.150  -10.393 0.3000000119
118612  22.621  -71.327  -12.081 0.3000000119
118863  17.295  -73.008  -1.380 0.4000000060
118965  30.906  -68.668  -16.424 0.6000000238
119059  8.768  -51.767  -11.463 0.6000000238
119194  25.271  -70.826  -16.800 0.6999999881
119283  24.065  -70.983  -16.053 0.6000000238
119299  22.870  -69.808  -9.918 0.4000000060
119333  28.704  -70.918  -19.209 0.6999999881
119439  15.532  -65.193  -12.497 0.6000000238
119682  21.632  -69.199  -14.805 0.6000000238
119706  24.257  -65.283  -5.420 0.3000000119
119857  29.949  -69.664  -18.237 0.6000000238
120133  25.453  -70.239  -20.126 0.6000000238
120293  20.059  -70.169  -4.364 0.4000000060
120979  19.845  -61.247  -12.774 0.6999999881
