#!ascii label  , from subject sub-v2s8x29181_ses-1 vox2ras=TkReg
934
70454  -25.921  -8.946  -28.948 0.5555555820
70457  -26.460  -8.454  -29.503 0.6666666865
70461  -27.028  -7.988  -30.060 0.7777777910
71446  -27.728  -7.640  -30.502 0.7777777910
72401  -27.127  -6.291  -30.926 0.8888888955
72406  -30.333  -6.481  -31.516 0.8888888955
69516  -24.807  -9.529  -28.292 0.5555555820
70453  -24.809  -8.782  -28.703 0.5555555820
71443  -26.107  -7.691  -29.905 0.6666666865
71447  -28.626  -7.439  -30.855 0.8888888955
72404  -27.958  -6.109  -31.270 0.8888888955
74283  -28.675  -5.074  -31.767 1.0000000000
128436  -31.137  -5.968  -31.560 0.8888888955
74285  -30.698  -4.719  -32.062 1.0000000000
70455  -24.225  -7.848  -29.155 0.7777777910
72400  -25.348  -6.419  -30.340 1.0000000000
74273  -25.269  -4.765  -30.707 1.0000000000
73316  -26.588  -5.669  -30.929 1.0000000000
74282  -26.829  -4.449  -31.370 1.0000000000
74274  -26.218  -4.980  -30.986 1.0000000000
75267  -28.279  -4.339  -31.869 1.0000000000
75265  -26.613  -3.637  -31.506 1.0000000000
75266  -27.558  -3.866  -31.751 1.0000000000
75274  -28.495  -3.602  -32.166 1.0000000000
74289  -30.863  -3.866  -32.179 1.0000000000
75273  -27.859  -3.199  -32.070 1.0000000000
130598  -29.368  -3.637  -32.336 1.0000000000
75276  -31.060  -2.991  -32.219 1.0000000000
76209  -29.906  -2.406  -32.537 1.0000000000
76211  -31.204  -2.263  -32.243 0.7777777910
131931  -24.009  -3.886  -30.498 0.8888888955
74281  -25.976  -4.208  -31.144 1.0000000000
76198  -27.188  -3.025  -31.835 1.0000000000
75264  -25.821  -3.503  -31.298 1.0000000000
126168  -26.234  -2.745  -31.614 1.0000000000
130729  -28.469  -2.264  -32.434 1.0000000000
132557  -29.299  -1.941  -32.594 1.0000000000
77114  -30.143  -1.676  -32.603 1.0000000000
77115  -30.930  -1.593  -32.452 1.0000000000
77105  -31.495  -1.699  -32.072 0.8888888955
78022  -31.170  -0.828  -32.408 1.0000000000
78011  -31.598  -0.845  -31.977 0.7777777910
77997  -31.791  -0.673  -31.170 0.7777777910
76186  -23.630  -2.713  -30.736 0.5555555820
78009  -24.746  -0.745  -31.680 0.7777777910
77102  -24.568  -1.572  -31.457 0.8888888955
77104  -26.261  -1.734  -31.863 1.0000000000
131520  -27.042  -2.175  -32.032 1.0000000000
77103  -25.491  -1.237  -31.744 0.8888888955
77111  -27.049  -1.339  -32.255 1.0000000000
127151  -27.874  -0.954  -32.522 1.0000000000
78021  -30.387  -0.755  -32.720 1.0000000000
129725  -30.272  0.033  -32.969 1.0000000000
120633  -30.893  -0.035  -32.731 0.8888888955
78975  -32.254  1.231  -31.369 0.7777777910
78945  -32.808  0.931  -29.988 0.6666666865
79925  -32.704  1.491  -30.604 0.6666666865
78007  -22.155  -0.282  -30.725 0.4444444478
122944  -23.799  -0.963  -31.409 0.7777777910
78008  -23.190  -0.163  -31.359 0.6666666865
78017  -25.539  0.318  -32.235 0.7777777910
78010  -25.543  -0.428  -31.993 0.8888888955
78018  -27.112  -0.528  -32.441 0.8888888955
78019  -28.768  -0.562  -32.757 1.0000000000
78984  -27.213  0.301  -32.604 1.0000000000
78985  -28.895  0.322  -33.018 1.0000000000
78986  -29.817  0.488  -33.167 1.0000000000
78987  -30.545  0.649  -33.012 0.8888888955
79939  -31.763  1.217  -32.019 0.7777777910
79907  -33.085  1.696  -29.805 0.5555555820
128579  -32.595  2.004  -31.177 0.7777777910
79926  -32.907  2.215  -30.418 0.6666666865
79934  -23.163  1.515  -31.608 0.6666666865
78972  -23.215  0.712  -31.537 0.6666666865
78981  -24.767  0.719  -32.071 0.7777777910
79935  -23.989  1.127  -31.873 0.7777777910
78983  -26.347  0.808  -32.536 0.8888888955
123594  -28.040  0.591  -32.754 0.8888888955
79949  -27.449  1.182  -32.780 1.0000000000
79950  -28.478  1.096  -33.065 1.0000000000
78992  -29.333  1.053  -33.302 1.0000000000
80926  -31.145  2.292  -32.822 0.8888888955
80915  -32.364  2.557  -31.612 0.8888888955
79940  -32.062  1.869  -31.820 0.7777777910
80936  -30.653  2.212  -33.178 0.8888888955
80927  -31.756  2.542  -32.236 0.7777777910
144377  -32.153  2.980  -31.917 0.7777777910
80899  -33.046  2.807  -30.309 0.7777777910
118780  -33.289  3.270  -29.886 0.6666666865
79933  -22.296  1.915  -31.205 0.6666666865
124049  -22.549  1.088  -31.318 0.5555555820
79947  -23.875  1.966  -31.930 0.7777777910
120315  -24.818  1.577  -32.268 0.8888888955
79948  -26.639  1.550  -32.702 0.8888888955
79958  -27.183  1.987  -32.948 1.0000000000
79959  -28.099  1.793  -33.170 1.0000000000
127977  -30.191  2.205  -33.385 1.0000000000
79962  -30.308  1.743  -33.286 0.8888888955
119138  -32.493  3.313  -31.532 0.7777777910
119048  -32.703  4.045  -31.081 0.7777777910
118795  -33.204  4.071  -30.119 0.6666666865
119219  -33.503  4.327  -29.379 0.5555555820
118782  -33.468  3.747  -29.454 0.5555555820
80908  -23.033  2.481  -31.608 0.7777777910
80920  -23.683  2.789  -31.909 0.6666666865
80921  -24.444  2.538  -32.248 0.8888888955
80923  -26.316  2.182  -32.741 1.0000000000
80934  -28.809  2.388  -33.475 1.0000000000
118809  -30.723  3.300  -33.344 0.8888888955
80937  -30.964  2.852  -33.153 0.8888888955
118800  -31.667  4.040  -32.627 0.8888888955
119424  -31.359  2.954  -32.740 0.8888888955
119070  -32.577  4.627  -31.489 0.7777777910
135897  -32.636  5.245  -31.356 0.7777777910
136021  -32.880  4.753  -30.692 0.7777777910
135859  -32.346  4.969  -32.147 0.7777777910
135885  -33.039  5.500  -30.553 0.5555555820
135860  -33.645  5.573  -29.149 0.5555555820
136033  -33.092  6.095  -30.506 0.6666666865
82835  -22.175  5.447  -31.272 0.4444444478
81891  -22.963  3.703  -31.606 0.5555555820
126189  -25.361  4.000  -32.672 0.7777777910
80932  -26.885  2.712  -33.050 1.0000000000
81907  -24.914  3.263  -32.484 0.8888888955
139505  -27.411  3.135  -33.271 1.0000000000
118814  -29.279  3.267  -33.562 0.8888888955
118805  -29.734  3.983  -33.571 0.8888888955
118811  -30.112  3.330  -33.518 0.8888888955
136040  -31.323  4.275  -33.150 0.8888888955
135898  -31.782  4.656  -32.623 0.8888888955
118948  -33.405  5.855  -29.922 0.5555555820
83796  -25.689  5.246  -32.894 0.6666666865
82854  -24.844  5.060  -32.582 0.6666666865
118794  -27.732  4.490  -33.468 0.7777777910
119042  -28.242  4.076  -33.508 0.8888888955
121990  -28.714  4.690  -33.610 0.7777777910
136038  -30.072  4.761  -33.631 0.7777777910
135867  -30.688  5.324  -33.538 0.7777777910
119097  -30.927  4.738  -33.436 0.8888888955
136039  -31.251  5.696  -33.376 0.7777777910
118973  -31.857  5.464  -32.771 0.7777777910
118964  -32.428  5.675  -32.103 0.6666666865
135886  -32.010  6.625  -32.777 0.6666666865
135944  -32.483  6.469  -31.974 0.6666666865
86480  -32.313  7.836  -32.222 0.6666666865
136924  -32.313  7.115  -32.317 0.5555555820
85625  -32.610  7.396  -31.394 0.5555555820
118980  -33.352  6.540  -30.120 0.4444444478
118823  -27.332  5.644  -33.314 0.3333333433
118822  -26.564  5.478  -33.227 0.3333333433
121712  -27.419  5.315  -33.468 0.5555555820
119283  -28.082  5.086  -33.560 0.6666666865
119625  -28.646  6.091  -33.697 0.5555555820
118815  -28.918  5.493  -33.713 0.7777777910
135900  -29.910  5.558  -33.693 0.7777777910
118972  -30.251  6.253  -33.684 0.6666666865
118981  -30.665  5.844  -33.559 0.6666666865
135896  -31.049  6.348  -33.529 0.6666666865
85631  -31.520  6.814  -33.300 0.6666666865
85632  -31.911  7.343  -32.867 0.6666666865
86474  -32.537  8.268  -31.489 0.5555555820
87229  -32.615  9.079  -31.111 0.5555555820
87237  -32.227  8.798  -32.027 0.6666666865
119358  -27.807  6.147  -33.699 0.4444444478
118817  -28.654  7.189  -33.780 0.5555555820
119260  -29.801  6.818  -33.810 0.6666666865
119120  -29.399  6.180  -33.761 0.6666666865
118812  -30.553  6.783  -33.696 0.6666666865
85639  -31.025  6.991  -33.637 0.6666666865
143736  -31.340  7.656  -33.501 0.6666666865
86487  -31.855  8.211  -32.850 0.6666666865
141819  -32.102  9.409  -32.193 0.6666666865
122484  -32.349  9.672  -31.664 0.5555555820
118820  -27.898  7.077  -33.665 0.4444444478
119135  -29.319  7.334  -33.920 0.6666666865
124996  -30.385  7.530  -33.880 0.6666666865
87246  -31.799  9.110  -32.702 0.6666666865
131365  -26.793  -7.146  -30.531 0.8888888955
71442  -25.671  -7.008  -30.277 1.0000000000
71445  -26.193  -6.374  -30.613 1.0000000000
73317  -27.376  -5.593  -31.243 1.0000000000
74284  -29.757  -4.934  -32.029 1.0000000000
78971  -22.405  0.443  -31.118 0.5555555820
79951  -30.800  1.484  -33.003 0.8888888955
80907  -22.217  3.194  -31.218 0.5555555820
82836  -22.983  5.487  -31.535 0.5555555820
80933  -27.766  2.533  -33.258 1.0000000000
82818  -22.266  5.258  -31.273 0.2222222239
118997  -32.700  5.931  -31.202 0.6666666865
118810  -29.408  5.034  -33.664 0.7777777910
135861  -32.824  6.622  -30.871 0.4444444478
118816  -28.796  6.695  -33.753 0.6666666865
86495  -29.510  8.044  -34.023 0.6666666865
125112  -21.952  1.049  -30.928 0.4444444478
87984  -32.678  10.038  -30.830 0.5555555820
87230  -32.991  9.348  -30.086 0.5555555820
118832  -27.606  5.484  -32.750 0.2222222239
68687  -26.423  -10.648  -28.420 0.5555555820
69518  -27.134  -9.988  -28.790 0.5555555820
69520  -26.802  -9.213  -29.153 0.6666666865
70458  -27.306  -8.699  -29.655 0.5555555820
70459  -28.064  -8.860  -29.826 0.5555555820
71451  -29.739  -7.370  -31.191 0.7777777910
71452  -30.882  -7.399  -31.264 0.8888888955
119388  -25.416  -10.879  -28.021 0.5555555820
131665  -28.390  -8.123  -30.440 0.6666666865
122234  -29.298  -8.107  -30.706 0.6666666865
72407  -31.380  -6.669  -31.287 0.7777777910
73323  -31.660  -5.844  -31.246 0.7777777910
74286  -31.363  -4.461  -31.809 0.8888888955
68686  -24.447  -10.187  -27.809 0.4444444478
70452  -23.689  -8.383  -28.579 0.5555555820
71440  -23.422  -7.098  -29.107 0.2222222239
72397  -24.780  -6.796  -29.995 0.6666666865
76187  -31.950  -3.019  -31.457 0.8888888955
77093  -31.885  -2.173  -31.449 0.6666666865
124369  -31.760  -1.392  -31.495 0.7777777910
77998  -32.178  -0.500  -30.521 0.6666666865
73313  -23.515  -5.048  -29.844 0.5555555820
75242  -22.282  -3.979  -29.644 0.4444444478
77985  -32.855  0.277  -29.371 0.5555555820
125852  -33.538  1.861  -29.025 0.5555555820
127739  -21.418  -1.901  -29.994 0.2222222239
78953  -21.812  0.337  -30.577 0.4444444478
118776  -33.595  3.162  -29.196 0.5555555820
79902  -20.488  2.156  -29.113 0.3333333433
118960  -33.684  3.927  -28.765 0.5555555820
81890  -22.085  4.429  -31.074 0.4444444478
119277  -34.002  5.311  -28.425 0.4444444478
82798  -21.536  4.650  -30.696 0.3333333433
136000  -33.595  6.944  -29.660 0.4444444478
118829  -25.821  5.642  -32.829 0.3333333433
119360  -24.937  5.933  -32.542 0.4444444478
135850  -33.185  7.359  -30.256 0.4444444478
87985  -33.060  10.469  -30.033 0.2222222239
118825  -28.601  7.656  -33.756 0.6666666865
86496  -30.290  8.452  -34.024 0.6666666865
143794  -30.897  8.232  -33.837 0.6666666865
87245  -31.334  8.705  -33.448 0.6666666865
128024  -31.485  9.709  -33.195 0.6666666865
87999  -32.015  10.031  -32.386 0.6666666865
87993  -32.454  10.577  -31.558 0.4444444478
125148  -25.503  -9.395  -28.557 0.5555555820
69517  -26.249  -9.691  -28.642 0.5555555820
69521  -27.647  -9.447  -29.357 0.6666666865
70462  -27.777  -8.304  -30.138 0.7777777910
72402  -27.839  -6.867  -30.927 0.8888888955
73321  -29.456  -5.738  -31.692 1.0000000000
72405  -28.907  -6.559  -31.335 0.8888888955
120320  -25.497  -10.049  -28.267 0.5555555820
70456  -25.472  -8.206  -29.334 0.6666666865
71441  -25.109  -7.442  -29.706 0.8888888955
73320  -28.584  -5.800  -31.521 1.0000000000
73322  -30.512  -5.518  -31.804 1.0000000000
137165  -28.030  -5.495  -31.486 1.0000000000
127075  -31.255  -5.272  -31.701 1.0000000000
74288  -30.007  -4.139  -32.290 1.0000000000
136723  -24.236  -7.145  -29.572 0.6666666865
72399  -24.636  -6.103  -30.111 0.8888888955
73315  -25.565  -5.671  -30.584 0.8888888955
73314  -24.506  -5.335  -30.268 0.8888888955
74272  -24.262  -4.551  -30.400 1.0000000000
73319  -26.933  -5.117  -31.234 1.0000000000
121824  -27.655  -4.852  -31.545 1.0000000000
74287  -29.083  -4.307  -32.140 1.0000000000
74290  -31.534  -3.546  -31.809 0.8888888955
75275  -30.182  -3.189  -32.416 1.0000000000
137179  -28.328  -2.914  -32.289 1.0000000000
76207  -27.767  -2.568  -32.199 1.0000000000
76208  -29.135  -2.871  -32.449 1.0000000000
76210  -30.629  -2.353  -32.440 1.0000000000
76199  -31.550  -2.633  -31.912 0.8888888955
75254  -24.273  -3.215  -30.793 1.0000000000
75255  -24.999  -3.864  -30.851 1.0000000000
74271  -23.246  -4.322  -30.075 0.5555555820
75263  -25.195  -2.983  -31.240 1.0000000000
76206  -27.782  -1.778  -32.363 1.0000000000
77112  -28.600  -1.422  -32.588 1.0000000000
77113  -29.476  -1.073  -32.731 1.0000000000
125566  -31.417  -0.112  -32.284 0.8888888955
78961  -31.939  0.140  -30.997 0.7777777910
119367  -32.506  0.158  -30.228 0.6666666865
76185  -22.638  -2.609  -30.396 0.5555555820
75253  -23.127  -3.456  -30.320 0.5555555820
76195  -23.445  -1.872  -30.968 0.6666666865
76196  -24.434  -2.419  -31.168 0.7777777910
137566  -24.122  -0.291  -31.643 0.6666666865
78016  -24.791  0.001  -31.897 0.8888888955
76197  -25.377  -2.119  -31.532 0.8888888955
77110  -26.300  -0.891  -32.124 0.8888888955
78020  -29.619  -0.248  -32.946 1.0000000000
78988  -31.283  0.759  -32.574 0.8888888955
78974  -31.772  0.545  -31.782 0.8888888955
78962  -32.438  0.776  -30.754 0.7777777910
78946  -33.214  1.076  -29.176 0.5555555820
77993  -21.628  -0.297  -30.258 0.3333333433
77091  -21.710  -1.088  -30.272 0.3333333433
77101  -22.693  -1.010  -30.891 0.4444444478
78973  -24.020  0.354  -31.745 0.7777777910
136680  -26.332  -0.090  -32.368 0.8888888955
121738  -27.997  -0.117  -32.630 1.0000000000
79952  -31.468  1.686  -32.449 0.7777777910
81880  -32.772  2.700  -30.967 0.7777777910
80881  -33.331  2.508  -29.651 0.5555555820
78982  -25.458  0.973  -32.361 0.8888888955
79960  -28.880  1.591  -33.379 1.0000000000
135997  -32.908  3.360  -30.626 0.7777777910
79915  -21.695  1.810  -30.702 0.4444444478
80935  -29.759  2.628  -33.497 0.8888888955
119365  -31.837  3.396  -32.314 0.7777777910
119089  -33.693  4.798  -28.927 0.5555555820
81906  -23.947  3.505  -32.126 0.6666666865
80922  -25.385  2.340  -32.518 0.8888888955
119352  -31.241  3.551  -33.092 0.8888888955
118801  -33.394  5.000  -29.807 0.6666666865
131406  -22.531  4.755  -31.370 0.5555555820
127852  -23.376  4.603  -31.820 0.5555555820
81919  -26.737  3.442  -33.170 1.0000000000
81918  -26.109  3.837  -33.036 0.7777777910
121698  -24.344  4.307  -32.352 0.7777777910
135982  -28.951  3.967  -33.619 0.8888888955
119238  -27.493  3.782  -33.372 0.7777777910
135913  -33.637  6.333  -29.413 0.5555555820
118830  -24.738  5.886  -32.508 0.5555555820
137455  -24.263  5.751  -32.329 0.5555555820
119134  -26.594  5.292  -33.278 0.4444444478
119414  -26.379  4.857  -33.227 0.6666666865
118818  -27.144  4.891  -33.406 0.6666666865
82855  -25.840  4.540  -32.991 0.7777777910
82853  -23.779  5.439  -32.086 0.7777777910
82869  -26.749  4.258  -33.277 0.7777777910
135899  -31.677  6.161  -33.138 0.6666666865
136022  -32.138  6.065  -32.644 0.6666666865
86475  -32.830  8.275  -30.650 0.4444444478
118826  -25.700  5.583  -32.823 0.4444444478
118819  -27.284  5.579  -33.439 0.5555555820
80891  -21.799  2.664  -30.862 0.4444444478
83772  -23.102  5.833  -31.542 0.3333333433
78952  -21.673  1.039  -30.571 0.4444444478
79914  -21.457  1.841  -30.509 0.4444444478
88753  -32.814  10.993  -30.717 0.3333333433
140098  -31.906  -4.166  -31.328 0.7777777910
119270  -23.596  -10.717  -27.382 0.3333333433
69515  -23.711  -9.169  -28.095 0.4444444478
77094  -32.120  -1.476  -30.608 0.6666666865
73308  -23.814  -5.750  -29.692 0.7777777910
77092  -22.193  -1.819  -30.424 0.3333333433
76184  -21.604  -2.467  -29.862 0.3333333433
76171  -21.238  -2.929  -29.270 0.1111111119
77090  -21.352  -1.751  -29.815 0.1111111119
78937  -20.745  1.778  -29.508 0.4444444478
128489  -20.410  2.620  -29.708 0.3333333433
130641  -21.530  3.794  -30.689 0.3333333433
84745  -24.175  7.350  -31.329 0.3333333433
68690  -30.612  -10.900  -28.410 0.4444444478
126723  -31.322  -10.243  -26.288 0.2222222239
68688  -27.460  -10.827  -28.654 0.4444444478
68689  -28.284  -10.999  -28.830 0.4444444478
68692  -28.021  -10.254  -29.088 0.4444444478
68695  -28.928  -10.139  -29.460 0.4444444478
68693  -29.882  -10.392  -29.401 0.4444444478
136277  -31.152  -9.901  -29.468 0.4444444478
70450  -31.440  -8.882  -27.785 0.2222222239
134231  -29.295  -9.421  -29.967 0.4444444478
69525  -30.053  -9.631  -29.960 0.4444444478
69526  -30.823  -9.288  -30.233 0.4444444478
121802  -31.465  -7.963  -27.642 0.1111111119
124578  -31.304  -7.768  -26.507 0.1111111119
69527  -31.392  -8.948  -30.234 0.4444444478
71439  -31.630  -8.728  -28.820 0.3333333433
70463  -28.818  -8.765  -30.191 0.4444444478
70464  -29.982  -8.861  -30.471 0.4444444478
70460  -31.635  -8.867  -29.801 0.3333333433
134794  -31.909  -8.139  -29.737 0.3333333433
70465  -31.023  -8.643  -30.639 0.4444444478
70466  -31.674  -8.265  -30.423 0.3333333433
143330  -31.948  -6.510  -29.493 0.2222222239
72393  -31.781  -6.339  -28.686 0.1111111119
141181  -31.791  -5.336  -27.512 0.1111111119
72398  -32.041  -6.607  -30.172 0.3333333433
140481  -31.873  -5.401  -31.083 0.5555555820
74275  -32.036  -4.872  -30.844 0.6666666865
74264  -32.426  -4.232  -29.508 0.4444444478
76145  -32.671  -2.865  -28.145 0.3333333433
124566  -32.208  -3.474  -31.005 0.6666666865
76175  -32.419  -2.722  -29.858 0.5555555820
144691  -31.909  -3.561  -31.441 0.6666666865
132893  -32.340  -2.087  -30.041 0.5555555820
131110  -32.489  -2.082  -29.299 0.5555555820
76161  -32.499  -2.792  -29.013 0.4444444478
77066  -32.739  -1.297  -28.856 0.3333333433
76188  -32.260  -2.626  -30.746 0.5555555820
77965  -32.961  -0.387  -28.760 0.4444444478
127964  -32.444  -1.524  -29.692 0.4444444478
78927  -33.338  0.396  -28.584 0.4444444478
87256  -30.815  8.948  -33.912 0.5555555820
132943  -31.102  9.461  -33.698 0.5555555820
87998  -31.648  10.655  -33.034 0.5555555820
67835  -29.662  -11.108  -28.933 0.4444444478
122565  -31.248  -10.163  -27.122 0.2222222239
71436  -31.601  -7.066  -28.157 0.2222222239
72386  -31.573  -6.250  -27.671 0.1111111119
73309  -32.059  -5.957  -29.517 0.4444444478
130101  -32.255  -5.063  -29.358 0.3333333433
73318  -32.073  -5.677  -30.497 0.4444444478
74276  -32.315  -4.066  -30.432 0.6666666865
131461  -33.163  -0.868  -28.243 0.3333333433
79882  -33.904  2.151  -28.155 0.4444444478
88005  -30.665  9.758  -33.985 0.5555555820
144274  -30.084  9.992  -34.097 0.5555555820
75212  -32.508  -3.646  -27.865 0.2222222239
118646  -28.403  -12.848  -28.297 0.4444444478
118640  -29.291  -12.195  -28.244 0.4444444478
66942  -29.803  -12.128  -27.797 0.4444444478
68684  -31.130  -10.884  -26.914 0.2222222239
135295  -31.220  -11.032  -26.261 0.2222222239
68679  -31.361  -10.776  -25.607 0.1111111119
118652  -26.994  -11.599  -28.452 0.4444444478
118647  -28.219  -12.335  -28.498 0.4444444478
69513  -31.356  -9.501  -26.599 0.1111111119
70448  -31.366  -8.684  -26.798 0.1111111119
121248  -31.435  -9.948  -25.487 0.1111111119
71430  -31.309  -6.872  -26.886 0.1111111119
72368  -31.440  -6.186  -25.983 0.1111111119
73267  -32.128  -4.644  -26.655 0.1111111119
74234  -32.241  -4.426  -27.653 0.1111111119
125879  -32.705  -2.109  -28.480 0.1111111119
77050  -33.060  -1.486  -28.007 0.2222222239
77966  -33.480  -0.264  -28.064 0.3333333433
79892  -33.684  1.191  -28.382 0.4444444478
142166  -33.687  2.539  -28.911 0.4444444478
80867  -33.850  3.078  -28.450 0.3333333433
83795  -23.918  6.124  -32.058 0.4444444478
86467  -33.344  8.341  -29.758 0.3333333433
88777  -32.187  11.053  -32.300 0.5555555820
127382  -29.631  8.786  -33.971 0.5555555820
87255  -30.171  9.261  -34.070 0.5555555820
88006  -31.133  10.358  -33.736 0.5555555820
88789  -31.367  11.161  -33.618 0.5555555820
87254  -29.300  9.675  -33.844 0.5555555820
71448  -30.387  -8.089  -30.950 0.5555555820
129673  -31.673  -5.032  -31.379 0.6666666865
77984  -32.538  -0.674  -29.705 0.4444444478
71450  -31.557  -7.458  -30.898 0.3333333433
71449  -31.217  -8.016  -30.952 0.3333333433
67836  -30.206  -10.927  -28.968 0.4444444478
136105  -31.001  -10.724  -27.601 0.4444444478
68694  -30.757  -10.407  -29.195 0.4444444478
118648  -27.874  -11.638  -28.626 0.4444444478
142150  -28.537  -10.663  -29.093 0.4444444478
67831  -28.624  -11.648  -28.669 0.4444444478
67834  -29.058  -10.983  -29.054 0.4444444478
68697  -28.845  -9.804  -29.600 0.4444444478
68696  -29.347  -9.869  -29.676 0.4444444478
69523  -30.733  -9.857  -29.721 0.4444444478
68685  -31.137  -10.214  -27.993 0.4444444478
69519  -31.394  -9.606  -28.440 0.4444444478
69524  -31.271  -9.423  -29.841 0.4444444478
69514  -31.356  -9.496  -27.420 0.2222222239
70431  -31.323  -8.305  -25.719 0.1111111119
130974  -31.861  -7.148  -29.414 0.3333333433
71444  -31.912  -7.454  -30.356 0.3333333433
142592  -31.675  -7.812  -28.754 0.2222222239
73300  -31.962  -5.557  -28.603 0.1111111119
141623  -31.751  -5.879  -28.098 0.1111111119
74251  -32.160  -4.921  -28.361 0.1111111119
73266  -31.720  -5.409  -26.326 0.1111111119
72403  -31.820  -6.673  -30.829 0.3333333433
129009  -32.292  -4.799  -30.162 0.4444444478
75231  -32.489  -3.570  -28.786 0.3333333433
74252  -32.375  -4.309  -28.600 0.3333333433
75244  -32.459  -3.467  -29.658 0.4444444478
75256  -32.381  -3.294  -30.360 0.5555555820
67832  -29.225  -11.620  -28.639 0.4444444478
132136  -30.217  -11.593  -27.901 0.4444444478
72367  -31.472  -5.991  -26.846 0.1111111119
88004  -29.766  10.689  -34.161 0.5555555820
118639  -29.350  -12.749  -27.670 0.4444444478
118642  -28.784  -12.260  -28.417 0.4444444478
118626  -30.349  -12.022  -27.252 0.4444444478
67828  -30.876  -11.688  -26.609 0.2222222239
67830  -30.688  -11.326  -27.471 0.4444444478
135328  -27.496  -12.408  -28.489 0.4444444478
118651  -26.604  -12.542  -28.362 0.4444444478
69509  -31.326  -9.009  -26.089 0.1111111119
69510  -31.360  -9.545  -25.995 0.1111111119
71405  -31.377  -7.174  -25.659 0.1111111119
62708  -28.178  -16.676  -22.457 0.1111111119
62734  -26.426  -16.603  -26.908 0.3333333433
62723  -27.188  -16.348  -24.617 0.2222222239
62707  -27.525  -16.744  -23.151 0.2222222239
63810  -28.626  -15.762  -22.717 0.1111111119
64857  -24.946  -15.225  -27.915 0.3333333433
62743  -25.452  -16.440  -27.500 0.3333333433
62733  -25.776  -16.935  -27.143 0.3333333433
63842  -27.361  -15.541  -26.939 0.3333333433
63843  -27.810  -15.087  -26.167 0.3333333433
63831  -27.699  -15.625  -24.495 0.2222222239
63837  -28.018  -15.018  -25.138 0.2222222239
63824  -27.942  -15.632  -23.849 0.2222222239
63825  -28.488  -15.369  -23.490 0.1111111119
63832  -28.290  -15.109  -24.300 0.2222222239
127103  -23.696  -13.931  -27.527 0.2222222239
64861  -24.790  -14.216  -27.980 0.2222222239
63850  -25.808  -15.661  -27.847 0.3333333433
138562  -26.531  -15.655  -27.727 0.3333333433
63841  -26.821  -15.934  -27.271 0.3333333433
64829  -28.930  -14.717  -23.866 0.1111111119
119324  -25.043  -12.594  -27.836 0.2222222239
118655  -25.860  -13.079  -28.210 0.3333333433
134311  -25.789  -13.980  -28.286 0.3333333433
136037  -26.689  -13.708  -28.425 0.3333333433
64863  -26.402  -14.481  -28.330 0.3333333433
123290  -27.084  -14.540  -28.294 0.3333333433
64859  -28.365  -14.095  -27.515 0.3333333433
64864  -27.724  -14.379  -27.983 0.3333333433
123428  -28.915  -14.044  -25.987 0.3333333433
65879  -28.935  -13.790  -26.870 0.3333333433
65866  -29.755  -13.867  -24.657 0.1111111119
118624  -29.530  -13.733  -25.477 0.2222222239
136001  -24.564  -11.921  -27.615 0.2222222239
118994  -25.294  -11.733  -27.873 0.3333333433
119096  -27.538  -13.802  -28.320 0.3333333433
64865  -28.254  -13.546  -28.088 0.3333333433
119246  -28.869  -13.392  -27.584 0.3333333433
118641  -28.810  -12.851  -28.088 0.3333333433
118630  -29.469  -13.510  -26.275 0.3333333433
121736  -29.936  -13.299  -25.824 0.1111111119
119166  -23.684  -11.634  -27.284 0.3333333433
118659  -24.557  -11.174  -27.643 0.3333333433
119146  -27.907  -13.081  -28.405 0.3333333433
118638  -29.453  -13.213  -27.021 0.3333333433
118635  -29.891  -12.611  -27.111 0.3333333433
118625  -30.413  -12.449  -26.508 0.3333333433
78928  -33.825  0.443  -27.844 0.2222222239
118806  -34.013  4.535  -28.237 0.3333333433
136032  -34.044  3.784  -27.988 0.2222222239
62727  -27.050  -16.284  -25.638 0.3333333433
62719  -27.981  -16.016  -23.172 0.2222222239
63826  -29.147  -15.077  -23.105 0.1111111119
65883  -24.354  -13.298  -27.741 0.3333333433
64862  -25.723  -14.819  -28.192 0.3333333433
63851  -27.188  -15.203  -27.788 0.3333333433
64858  -27.821  -14.807  -27.248 0.3333333433
118656  -25.796  -12.293  -28.111 0.3333333433
119254  -29.948  -13.000  -26.415 0.3333333433
61658  -27.731  -17.344  -22.784 0.1111111119
61659  -28.402  -17.763  -22.392 0.1111111119
61695  -25.022  -17.180  -27.270 0.3333333433
61689  -26.031  -17.247  -26.476 0.3333333433
62722  -26.666  -16.910  -25.113 0.3333333433
133340  -27.211  -16.777  -23.811 0.3333333433
62689  -28.770  -17.200  -21.758 0.1111111119
62709  -28.958  -16.201  -22.029 0.1111111119
121234  -25.059  -15.938  -27.719 0.3333333433
63811  -29.291  -15.461  -22.476 0.1111111119
64812  -29.852  -14.806  -22.651 0.1111111119
122000  -23.535  -13.101  -27.218 0.2222222239
64838  -29.432  -14.261  -24.142 0.1111111119
118617  -30.438  -13.492  -24.380 0.1111111119
66941  -24.038  -12.498  -27.493 0.2222222239
118620  -30.200  -13.386  -25.186 0.1111111119
122069  -30.465  -12.888  -25.746 0.1111111119
118621  -30.851  -12.304  -25.875 0.1111111119
118674  -22.966  -11.035  -26.839 0.1111111119
119634  -34.193  2.229  -27.095 0.2222222239
135994  -34.357  5.002  -27.758 0.2222222239
119187  -23.242  -9.883  -27.475 0.2222222239
72396  -23.851  -6.487  -29.560 0.5555555820
119354  -26.099  -11.603  -28.213 0.4444444478
80852  -34.107  3.023  -27.611 0.2222222239
62735  -26.946  -16.180  -26.556 0.3333333433
62744  -26.192  -16.246  -27.437 0.3333333433
62726  -26.550  -16.786  -26.063 0.3333333433
64856  -23.996  -14.823  -27.634 0.2222222239
62742  -24.620  -16.479  -27.455 0.2222222239
127607  -27.341  -15.759  -26.146 0.3333333433
63836  -27.495  -15.656  -25.344 0.3333333433
123982  -28.389  -14.584  -25.764 0.2222222239
63855  -26.513  -15.117  -28.145 0.3333333433
64830  -29.612  -14.476  -23.466 0.1111111119
64845  -28.876  -14.391  -24.911 0.1111111119
65884  -25.178  -13.422  -28.034 0.3333333433
136019  -27.277  -13.153  -28.444 0.3333333433
64851  -28.402  -14.422  -26.646 0.3333333433
60599  -27.921  -18.170  -22.897 0.1111111119
61672  -26.879  -17.180  -24.270 0.2222222239
61688  -25.408  -17.630  -26.769 0.3333333433
61678  -25.756  -17.940  -26.062 0.3333333433
61679  -26.247  -17.456  -25.627 0.3333333433
63849  -24.280  -15.678  -27.554 0.2222222239
62741  -23.666  -16.220  -27.291 0.2222222239
79883  -34.081  1.244  -27.455 0.1111111119
144890  -34.292  0.933  -26.872 0.1111111119
79859  -34.871  1.369  -25.479 0.1111111119
79870  -34.423  1.464  -26.569 0.1111111119
80827  -34.719  2.313  -26.224 0.1111111119
81822  -35.214  3.293  -25.999 0.1111111119
118777  -34.403  3.768  -27.298 0.1111111119
135995  -34.845  3.797  -26.680 0.1111111119
118942  -33.913  6.907  -28.993 0.2222222239
119271  -34.312  4.332  -27.667 0.1111111119
135881  -34.748  4.544  -27.069 0.1111111119
135871  -34.175  7.640  -28.602 0.1111111119
118947  -33.702  7.580  -29.393 0.2222222239
87222  -33.580  9.210  -29.224 0.1111111119
87214  -34.061  9.156  -28.517 0.1111111119
87252  -27.668  8.601  -33.233 0.4444444478
86494  -28.662  8.533  -33.682 0.4444444478
131295  -33.444  10.100  -29.361 0.1111111119
88012  -30.499  10.557  -34.152 0.4444444478
88765  -32.591  11.620  -31.445 0.3333333433
88754  -33.341  11.332  -30.043 0.1111111119
88796  -30.266  11.359  -34.373 0.4444444478
88797  -30.961  11.227  -34.121 0.4444444478
142782  -31.700  12.424  -33.223 0.4444444478
89588  -32.110  12.428  -32.537 0.2222222239
89578  -32.505  12.474  -31.793 0.2222222239
89579  -32.972  12.554  -31.059 0.2222222239
92730  -33.145  16.308  -33.591 0.1111111119
91947  -33.683  15.859  -32.905 0.1111111119
90371  -34.036  13.490  -30.608 0.1111111119
87244  -27.847  9.341  -33.089 0.4444444478
87997  -28.452  10.044  -33.312 0.4444444478
88787  -28.993  10.812  -33.794 0.3333333433
88788  -29.389  11.655  -34.255 0.4444444478
137640  -30.029  12.067  -34.561 0.4444444478
89609  -30.941  12.759  -34.357 0.4444444478
89587  -31.326  11.990  -33.900 0.4444444478
90417  -30.480  13.485  -34.635 0.3333333433
130947  -31.409  12.938  -33.770 0.3333333433
90408  -32.129  14.167  -32.818 0.1111111119
90396  -32.514  13.859  -32.198 0.1111111119
129501  -32.903  13.376  -31.518 0.2222222239
90383  -33.194  14.381  -31.751 0.1111111119
87996  -27.848  10.018  -32.687 0.2222222239
89596  -28.692  12.377  -33.920 0.3333333433
89608  -30.259  12.732  -34.623 0.3333333433
132510  -30.644  14.124  -34.639 0.2222222239
90418  -31.033  13.584  -34.275 0.2222222239
90407  -31.550  13.915  -33.497 0.2222222239
91175  -32.070  14.990  -33.360 0.1111111119
91191  -30.623  14.910  -34.837 0.1111111119
91174  -31.217  14.490  -34.195 0.1111111119
91945  -31.489  15.431  -34.387 0.1111111119
91938  -32.945  15.666  -32.920 0.1111111119
91946  -32.411  16.023  -33.826 0.1111111119
88775  -28.274  11.095  -32.992 0.3333333433
141082  -28.691  11.625  -33.681 0.3333333433
129571  -28.249  12.171  -33.161 0.3333333433
89595  -28.310  12.977  -33.455 0.3333333433
89607  -29.362  12.701  -34.451 0.3333333433
90416  -29.753  13.509  -34.690 0.3333333433
91190  -30.063  14.349  -34.882 0.2222222239
91957  -31.762  16.240  -34.750 0.1111111119
93555  -32.811  17.458  -35.451 0.1111111119
89576  -27.739  11.980  -31.070 0.1111111119
89577  -27.907  12.617  -31.701 0.1111111119
89586  -28.006  12.703  -32.556 0.2222222239
90395  -28.346  13.621  -33.075 0.2222222239
90406  -28.547  13.601  -33.824 0.3333333433
91173  -28.602  14.101  -33.652 0.2222222239
91188  -28.808  14.205  -34.171 0.3333333433
91953  -29.069  14.938  -34.442 0.2222222239
91954  -29.192  15.738  -34.844 0.1111111119
91955  -29.973  15.421  -35.155 0.1111111119
91965  -30.029  16.310  -35.457 0.1111111119
91956  -30.771  15.910  -35.271 0.1111111119
92741  -31.274  16.896  -35.535 0.1111111119
92742  -32.562  16.854  -34.703 0.1111111119
92743  -33.316  16.748  -34.366 0.1111111119
92744  -34.144  16.573  -34.623 0.1111111119
89568  -28.147  12.629  -30.665 0.1111111119
90360  -28.745  13.270  -30.284 0.1111111119
90382  -28.260  13.369  -32.140 0.1111111119
90370  -28.944  13.893  -31.499 0.1111111119
91931  -29.555  15.319  -32.176 0.1111111119
91165  -29.005  14.835  -32.715 0.1111111119
91943  -28.779  14.715  -33.885 0.2222222239
131182  -29.134  15.542  -33.160 0.1111111119
91944  -28.914  15.558  -34.101 0.1111111119
93545  -29.039  17.339  -34.500 0.1111111119
92740  -29.092  16.493  -35.008 0.1111111119
93551  -29.045  17.119  -35.077 0.1111111119
135451  -29.434  13.797  -30.129 0.1111111119
137451  -29.988  14.244  -30.081 0.1111111119
91932  -30.202  15.798  -31.646 0.1111111119
91937  -29.652  16.122  -32.637 0.1111111119
92722  -29.701  17.022  -33.139 0.1111111119
91151  -30.289  14.762  -30.440 0.1111111119
91924  -30.929  15.104  -30.054 0.1111111119
125985  -30.601  15.436  -30.801 0.1111111119
78910  -34.496  0.637  -26.305 0.1111111119
80828  -35.239  2.495  -25.301 0.1111111119
119046  -34.736  5.459  -27.243 0.1111111119
135906  -34.351  5.827  -27.924 0.1111111119
87253  -28.373  9.243  -33.426 0.4444444478
88776  -31.786  11.636  -32.969 0.4444444478
125432  -32.260  11.827  -32.218 0.3333333433
88766  -33.134  11.872  -30.594 0.1111111119
87973  -33.619  10.919  -29.456 0.1111111119
91166  -32.711  14.772  -32.457 0.1111111119
91158  -33.982  14.654  -31.480 0.1111111119
91164  -28.650  14.399  -33.242 0.2222222239
91150  -29.598  14.297  -30.831 0.1111111119
92704  -30.947  16.271  -31.068 0.1111111119
121708  -35.262  1.934  -24.651 0.1111111119
133203  -30.719  12.005  -34.412 0.4444444478
90356  -29.547  13.120  -28.704 0.1111111119
91146  -30.563  14.472  -29.710 0.1111111119
91157  -29.950  15.024  -31.249 0.1111111119
131594  -35.199  1.171  -24.330 0.1111111119
78919  -34.154  0.445  -27.096 0.1111111119
79850  -35.649  1.980  -23.715 0.1111111119
80820  -35.535  2.762  -24.031 0.1111111119
119029  -35.402  3.878  -25.335 0.1111111119
82769  -35.466  4.574  -24.967 0.1111111119
138495  -35.262  4.303  -26.119 0.1111111119
119052  -34.698  6.293  -27.345 0.1111111119
135996  -35.034  5.964  -26.699 0.1111111119
135987  -35.128  5.170  -26.519 0.1111111119
138401  -34.777  7.136  -27.225 0.1111111119
118786  -34.592  7.784  -27.775 0.1111111119
136345  -34.463  9.122  -27.947 0.1111111119
87215  -34.432  9.795  -28.081 0.1111111119
87959  -33.896  9.947  -28.690 0.1111111119
127741  -33.673  12.029  -30.023 0.1111111119
87974  -34.222  11.232  -28.964 0.1111111119
90372  -34.880  13.645  -30.393 0.1111111119
90385  -34.395  14.140  -30.928 0.1111111119
144707  -27.535  10.007  -32.254 0.2222222239
88774  -27.672  10.986  -32.141 0.2222222239
130081  -27.871  11.880  -32.465 0.2222222239
91933  -34.475  15.194  -31.909 0.1111111119
88764  -27.548  11.356  -31.446 0.1111111119
92731  -33.880  16.278  -33.636 0.1111111119
91958  -34.760  16.070  -34.020 0.1111111119
88752  -27.478  11.716  -30.538 0.1111111119
88740  -27.532  12.043  -29.239 0.1111111119
89556  -28.794  12.780  -28.896 0.1111111119
144751  -33.601  17.081  -35.175 0.1111111119
90357  -30.367  13.487  -28.478 0.1111111119
93552  -29.153  17.965  -35.301 0.1111111119
93563  -30.036  17.721  -36.247 0.1111111119
93564  -30.947  18.156  -37.516 0.1111111119
93565  -31.881  17.876  -37.820 0.1111111119
91142  -30.804  14.144  -28.944 0.1111111119
92712  -30.348  16.642  -32.053 0.1111111119
93537  -29.844  18.114  -33.606 0.1111111119
118793  -33.936  6.123  -28.644 0.1111111119
86457  -33.907  8.378  -28.994 0.2222222239
80838  -34.484  3.074  -26.800 0.1111111119
137240  -35.446  3.262  -25.034 0.1111111119
135870  -34.351  6.810  -28.086 0.1111111119
86458  -34.336  8.448  -28.230 0.1111111119
139899  -33.895  10.589  -28.940 0.1111111119
88741  -33.967  11.669  -29.531 0.1111111119
89597  -31.940  13.249  -32.854 0.2222222239
142890  -32.376  13.074  -32.146 0.1111111119
127468  -33.417  13.220  -30.914 0.2222222239
89569  -33.680  12.697  -30.399 0.1111111119
91939  -33.582  15.243  -32.194 0.1111111119
91940  -34.253  15.585  -32.482 0.1111111119
89570  -34.383  13.117  -30.144 0.1111111119
90384  -33.628  13.916  -31.149 0.2222222239
89606  -28.669  13.062  -34.074 0.3333333433
91189  -29.331  14.252  -34.647 0.2222222239
93554  -31.826  17.686  -36.041 0.1111111119
89567  -27.606  12.146  -30.101 0.1111111119
90415  -28.989  13.566  -34.378 0.3333333433
129602  -29.518  14.935  -34.862 0.1111111119
92729  -29.005  16.459  -34.633 0.1111111119
91964  -29.495  16.139  -35.224 0.1111111119
92757  -30.456  16.971  -35.731 0.1111111119
93553  -30.666  17.716  -36.607 0.1111111119
140492  -28.561  13.231  -31.174 0.1111111119
143795  -29.084  13.717  -30.773 0.1111111119
128152  -28.230  12.660  -29.613 0.1111111119
91155  -28.731  14.117  -32.411 0.1111111119
91156  -29.333  14.570  -31.788 0.1111111119
91936  -28.851  15.011  -33.469 0.1111111119
92721  -29.079  16.352  -33.783 0.1111111119
92755  -29.403  16.774  -35.375 0.1111111119
93562  -29.446  17.536  -35.622 0.1111111119
90361  -29.131  13.273  -29.480 0.1111111119
90362  -30.025  13.768  -29.371 0.1111111119
141373  -34.725  0.576  -25.594 0.1111111119
122045  -29.224  18.350  -34.758 0.1111111119
92713  -31.028  17.164  -31.601 0.1111111119
86446  -34.775  8.659  -27.548 0.1111111119
91159  -34.783  14.643  -31.326 0.1111111119
91941  -35.039  15.458  -32.538 0.1111111119
89585  -27.606  11.981  -31.941 0.1111111119
87983  -26.709  10.399  -30.370 0.1111111119
91948  -34.526  15.827  -33.130 0.1111111119
94368  -29.680  18.294  -36.165 0.1111111119
93530  -30.428  17.509  -32.430 0.1111111119
93538  -30.487  18.275  -32.635 0.1111111119
60618  -26.057  -18.216  -25.306 0.2222222239
74263  -22.571  -4.698  -29.490 0.2222222239
144743  -23.348  -6.037  -29.317 0.3333333433
119262  -27.722  7.880  -33.406 0.3333333433
87242  -25.723  8.107  -32.048 0.1111111119
87243  -27.422  9.018  -32.826 0.1111111119
86472  -25.033  7.104  -31.322 0.2222222239
84737  -23.447  6.769  -31.362 0.1111111119
72395  -23.020  -6.337  -28.927 0.2222222239
84738  -24.116  7.043  -30.861 0.1111111119
136008  -26.717  7.508  -32.356 0.1111111119
144786  -25.882  7.994  -31.812 0.1111111119
87235  -26.144  8.601  -31.628 0.1111111119
87236  -26.262  9.023  -31.736 0.1111111119
118779  -28.096  6.647  -33.686 0.1111111119
70451  -22.904  -8.369  -28.111 0.2222222239
72392  -22.831  -7.078  -28.526 0.2222222239
122869  -21.643  0.078  -30.378 0.2222222239
77974  -21.397  -1.062  -29.296 0.1111111119
125257  -21.332  1.209  -29.561 0.3333333433
86486  -27.285  8.242  -33.092 0.3333333433
119373  -27.553  7.628  -33.350 0.1111111119
136011  -26.230  7.966  -32.154 0.1111111119
135955  -28.549  6.068  -32.759 0.1111111119
121556  -27.605  7.385  -32.621 0.1111111119
74215  -32.448  -3.821  -26.859 0.1111111119
60617  -25.555  -18.666  -25.730 0.1111111119
132215  -26.915  -18.108  -24.127 0.1111111119
59523  -24.319  -19.127  -26.202 0.1111111119
135172  -24.640  -18.586  -26.386 0.1111111119
61687  -24.616  -17.923  -26.755 0.1111111119
61686  -23.966  -17.131  -27.049 0.1111111119
118675  -22.759  -9.077  -27.563 0.1111111119
124390  -21.780  -4.357  -29.250 0.1111111119
74262  -21.784  -5.048  -29.089 0.1111111119
73307  -22.900  -5.480  -29.241 0.1111111119
127940  -20.165  4.490  -29.498 0.2222222239
82817  -21.601  4.427  -30.787 0.2222222239
81864  -21.308  4.523  -28.635 0.2222222239
81876  -22.393  4.176  -29.335 0.2222222239
75241  -21.464  -3.660  -29.174 0.1111111119
75252  -21.945  -3.200  -29.732 0.1111111119
59514  -23.966  -19.767  -25.974 0.1111111119
59517  -25.949  -19.035  -25.099 0.1111111119
61671  -26.499  -17.704  -24.817 0.1111111119
59522  -23.561  -19.081  -26.207 0.1111111119
60626  -24.029  -18.517  -26.494 0.1111111119
133389  -23.753  -17.871  -26.685 0.1111111119
62740  -22.865  -15.955  -27.014 0.1111111119
63848  -23.349  -15.387  -27.338 0.1111111119
70449  -22.704  -8.426  -27.861 0.1111111119
74243  -22.098  -5.033  -29.085 0.1111111119
80879  -22.249  3.271  -29.068 0.2222222239
81877  -23.477  3.653  -30.183 0.2222222239
130265  -23.772  4.333  -30.621 0.1111111119
61665  -27.315  -17.555  -23.470 0.1111111119
59506  -25.746  -19.796  -24.884 0.1111111119
130576  -22.635  5.015  -30.106 0.2222222239
83773  -23.245  5.888  -31.534 0.1111111119
71438  -23.143  -7.700  -28.577 0.1111111119
80877  -19.901  2.893  -28.646 0.2222222239
136808  -23.117  -12.955  -26.732 0.1111111119
66940  -23.315  -12.358  -26.984 0.1111111119
60627  -25.197  -18.333  -26.364 0.1111111119
60612  -26.471  -18.590  -24.655 0.1111111119
73306  -22.623  -5.520  -28.943 0.1111111119
72394  -22.855  -6.608  -28.600 0.1111111119
59524  -24.979  -18.979  -26.022 0.1111111119
59516  -25.360  -19.399  -25.481 0.1111111119
59515  -24.692  -19.636  -25.768 0.1111111119
121596  -22.592  -9.274  -27.389 0.1111111119
137913  -23.133  -16.650  -26.950 0.1111111119
118678  -22.502  -9.787  -27.086 0.1111111119
71437  -22.678  -7.749  -28.171 0.1111111119
82820  -24.686  4.398  -31.279 0.1111111119
118824  -25.955  5.973  -31.841 0.1111111119
79903  -21.418  1.989  -29.128 0.1111111119
84739  -24.717  5.992  -31.234 0.1111111119
119072  -26.569  5.548  -33.241 0.1111111119
62718  -27.540  -16.177  -23.819 0.2222222239
65853  -30.012  -13.966  -23.904 0.1111111119
67833  -29.840  -11.503  -28.476 0.4444444478
67837  -29.097  -9.910  -29.622 0.4444444478
67838  -29.162  -9.844  -29.676 0.4444444478
68691  -31.212  -10.231  -28.980 0.4444444478
68698  -29.026  -9.783  -29.672 0.4444444478
69522  -28.576  -9.542  -29.638 0.4444444478
77992  -21.576  -0.806  -30.148 0.1111111119
78993  -30.111  1.174  -33.293 0.8888888955
79901  -20.079  2.206  -29.103 0.3333333433
79913  -20.602  2.011  -29.683 0.4444444478
79961  -29.648  1.792  -33.420 1.0000000000
80864  -19.347  3.146  -29.186 0.3333333433
80865  -19.623  3.374  -29.127 0.3333333433
80876  -19.517  2.900  -29.218 0.3333333433
80878  -21.115  3.256  -28.554 0.2222222239
80890  -21.414  2.740  -30.573 0.4444444478
81847  -20.045  3.250  -29.523 0.3333333433
81848  -19.889  3.462  -29.472 0.3333333433
81849  -19.383  3.634  -28.982 0.2222222239
81862  -20.437  3.366  -29.843 0.3333333433
81863  -20.103  4.048  -28.668 0.2222222239
81875  -21.125  3.818  -30.459 0.3333333433
81908  -25.968  3.071  -32.799 1.0000000000
81920  -28.277  3.293  -33.454 1.0000000000
82784  -20.280  3.665  -29.707 0.2222222239
82785  -20.085  3.899  -29.567 0.2222222239
82796  -20.377  3.944  -29.795 0.2222222239
82797  -21.121  4.508  -30.467 0.2222222239
82815  -20.519  4.177  -29.907 0.2222222239
82816  -20.728  4.904  -30.321 0.3333333433
83750  -20.024  3.987  -29.541 0.2222222239
83751  -20.303  4.085  -29.715 0.2222222239
83774  -23.810  6.520  -30.852 0.1111111119
83785  -23.414  5.962  -31.693 0.6666666865
84736  -23.289  6.150  -31.538 0.1111111119
84744  -23.555  6.211  -31.712 0.4444444478
85619  -24.729  7.198  -31.215 0.2222222239
85624  -24.751  7.311  -31.268 0.2222222239
92756  -29.858  17.060  -35.683 0.1111111119
118781  -30.617  3.993  -33.442 0.8888888955
118828  -25.211  6.960  -31.501 0.2222222239
118831  -24.188  6.226  -32.203 0.3333333433
119996  -25.828  1.554  -32.532 0.8888888955
120189  -28.043  5.641  -33.590 0.5555555820
120537  -30.441  2.747  -33.367 0.8888888955
131044  -31.686  -0.179  -31.697 0.7777777910
131186  -31.423  -9.534  -29.334 0.4444444478
135915  -31.315  4.894  -33.255 0.7777777910
136023  -32.295  4.160  -32.043 0.8888888955
136476  -28.245  -8.503  -30.163 0.6666666865
136925  -24.516  7.357  -31.614 0.3333333433
140817  -25.167  6.489  -31.475 0.2222222239
142247  -20.728  2.485  -28.772 0.2222222239
143019  -32.113  0.692  -31.241 0.7777777910
143687  -29.380  4.507  -33.609 0.8888888955
