#!ascii label  , from subject sub-v2s8x29181_ses-1 vox2ras=TkReg
1340
35071  33.191  -37.079  -24.669 0.8999999762
35087  33.022  -37.779  -24.867 0.8000000119
35086  33.630  -37.273  -25.123 0.8000000119
33141  32.712  -39.600  -26.108 0.6999999881
33140  33.146  -39.103  -26.566 0.8000000119
35073  31.904  -37.770  -24.411 0.8999999762
36110  34.173  -36.624  -25.349 1.0000000000
35085  34.020  -37.356  -25.841 0.8999999762
35101  33.802  -37.947  -26.452 0.8000000119
34151  33.596  -38.138  -27.776 0.8000000119
35107  33.867  -37.745  -27.275 0.8999999762
34152  33.242  -38.753  -27.948 0.8000000119
35116  33.316  -38.104  -28.427 0.6999999881
34169  32.365  -38.578  -29.337 0.6999999881
36097  30.773  -37.074  -24.358 0.8000000119
124622  32.120  -36.430  -24.141 0.8999999762
37213  32.595  -35.663  -23.999 0.8999999762
37214  31.700  -35.669  -24.054 0.8999999762
36112  28.705  -36.541  -25.452 0.8999999762
36096  33.672  -36.504  -24.730 0.8999999762
36095  34.295  -35.843  -24.859 1.0000000000
35106  34.173  -37.250  -26.714 0.8999999762
37242  34.854  -35.922  -26.586 1.0000000000
36136  34.508  -36.574  -27.105 0.8999999762
35114  34.162  -37.121  -27.474 0.8999999762
35115  33.833  -37.451  -28.115 0.8000000119
126158  32.744  -37.568  -29.861 0.6999999881
127729  33.010  -34.901  -23.877 0.8999999762
38346  32.152  -34.937  -23.876 0.8999999762
128447  31.261  -34.932  -24.233 0.8999999762
37216  30.072  -35.630  -24.719 0.8999999762
129361  28.848  -35.698  -25.580 0.8999999762
37212  33.532  -35.595  -24.311 0.8999999762
37227  34.695  -35.933  -25.645 1.0000000000
36144  34.336  -36.558  -28.103 0.8000000119
36145  33.813  -36.908  -28.857 0.8000000119
35136  33.121  -37.027  -30.152 0.8000000119
36165  33.592  -36.410  -30.466 0.8000000119
36166  32.948  -36.873  -30.918 0.8000000119
36188  32.936  -36.693  -31.727 0.8000000119
133025  31.687  -34.195  -24.016 0.8999999762
37228  29.528  -35.051  -25.340 0.8999999762
38378  28.910  -34.510  -26.042 0.8999999762
140150  33.404  -34.171  -23.917 0.8999999762
38358  29.380  -33.914  -25.784 0.8999999762
37243  28.276  -34.813  -27.365 0.8000000119
142476  33.701  -34.782  -24.170 0.8999999762
39478  29.088  -32.801  -26.244 0.6999999881
130138  28.644  -34.104  -26.899 0.6999999881
38392  28.335  -33.329  -27.954 0.6999999881
38356  34.916  -34.383  -24.862 0.8999999762
39496  28.082  -32.308  -27.761 0.6999999881
39512  27.236  -32.473  -29.082 0.6999999881
39464  35.416  -33.781  -25.328 1.0000000000
40593  27.333  -32.422  -28.556 0.6000000238
38355  35.325  -34.519  -25.621 1.0000000000
38376  35.530  -34.529  -26.452 1.0000000000
37251  34.822  -35.854  -27.538 1.0000000000
37250  35.275  -35.211  -26.993 1.0000000000
38391  35.164  -35.123  -27.891 0.8999999762
37255  34.681  -35.684  -28.431 0.8000000119
36153  34.193  -36.176  -29.039 0.8000000119
36164  34.072  -35.911  -29.919 0.8000000119
37281  33.983  -35.734  -30.941 0.8000000119
134056  33.451  -36.361  -31.206 0.8000000119
37303  34.179  -35.435  -31.691 0.8000000119
37317  34.074  -35.506  -32.392 0.8000000119
132791  32.569  -34.193  -23.806 0.8999999762
128591  30.820  -34.171  -24.479 0.8999999762
39455  32.108  -33.420  -23.898 0.8999999762
39456  31.241  -33.399  -24.295 0.8999999762
38357  30.032  -34.126  -25.065 0.8999999762
39466  29.741  -33.158  -25.500 0.8999999762
39453  33.907  -33.415  -24.094 0.8999999762
123341  28.584  -33.039  -27.307 0.6999999881
39452  34.840  -33.465  -24.628 0.8999999762
40558  28.434  -31.786  -26.537 0.6000000238
40559  27.839  -31.826  -27.200 0.6000000238
127919  35.493  -33.121  -25.116 1.0000000000
39480  27.163  -32.713  -27.050 0.5000000000
142089  35.677  -33.965  -25.981 1.0000000000
39477  35.835  -33.765  -26.676 1.0000000000
39495  35.769  -33.527  -27.500 1.0000000000
38390  35.547  -34.393  -27.409 1.0000000000
131357  34.922  -34.927  -28.679 0.8999999762
37265  34.488  -35.425  -29.274 0.8000000119
124530  35.047  -34.064  -28.779 0.8999999762
38417  34.655  -34.665  -29.481 0.8000000119
37280  34.383  -35.196  -30.170 0.8000000119
128641  34.584  -33.811  -29.800 0.8999999762
135707  34.504  -34.521  -30.270 0.8000000119
125314  34.425  -34.862  -31.104 0.8000000119
37302  34.494  -34.905  -32.029 0.8000000119
38451  34.581  -34.185  -31.687 0.8000000119
38460  34.647  -34.349  -32.419 0.8000000119
39465  30.438  -33.315  -24.819 0.8999999762
39454  33.005  -33.421  -23.800 0.8999999762
40529  32.511  -32.570  -23.938 0.8999999762
40547  30.071  -32.409  -25.244 0.6999999881
40548  29.262  -32.123  -25.871 0.8000000119
40527  34.377  -32.628  -24.331 0.8999999762
40528  33.444  -32.585  -24.000 0.8999999762
41595  28.651  -31.180  -25.988 0.6999999881
41610  28.079  -31.493  -26.482 0.6000000238
39497  27.700  -32.048  -27.535 0.6000000238
41596  28.346  -31.096  -25.971 0.6999999881
41611  28.016  -31.318  -26.239 0.6000000238
40549  27.600  -31.955  -26.020 0.5000000000
40532  27.449  -31.796  -25.259 0.5000000000
40550  26.865  -32.576  -25.396 0.5000000000
123727  35.931  -33.154  -25.893 1.0000000000
40557  36.140  -32.920  -26.825 1.0000000000
40575  35.827  -32.741  -27.710 1.0000000000
40574  36.171  -32.162  -27.226 1.0000000000
141626  35.795  -32.061  -27.869 0.8999999762
39510  35.445  -33.323  -28.280 0.8999999762
39522  34.913  -33.164  -29.058 0.8999999762
40591  35.323  -32.413  -28.510 0.8999999762
40604  34.357  -32.843  -29.779 0.8999999762
39534  34.240  -33.189  -30.512 0.8999999762
38434  34.491  -34.018  -30.791 0.8999999762
40592  34.729  -32.424  -29.231 0.8999999762
129043  34.431  -33.407  -31.378 0.8999999762
136779  33.919  -32.373  -30.375 0.8999999762
40530  31.608  -32.566  -24.191 0.8999999762
41577  31.021  -31.636  -24.556 0.8999999762
41576  31.959  -31.727  -24.156 0.8999999762
143045  30.333  -31.785  -25.022 1.0000000000
41594  29.610  -31.454  -25.561 0.8000000119
41575  32.950  -31.626  -24.072 0.8999999762
39451  35.170  -32.607  -24.735 0.8999999762
40526  34.824  -31.845  -24.515 0.8999999762
42725  28.370  -30.690  -25.535 0.6999999881
41597  28.052  -31.121  -25.731 0.5000000000
40546  35.720  -32.490  -25.277 1.0000000000
41579  26.927  -31.553  -24.477 0.5000000000
40533  26.605  -32.117  -24.815 0.5000000000
141065  36.155  -32.310  -25.848 1.0000000000
41609  36.339  -31.546  -26.048 1.0000000000
42735  36.394  -30.593  -26.433 1.0000000000
41628  36.349  -31.462  -26.858 1.0000000000
41629  36.028  -31.461  -27.617 1.0000000000
42750  36.253  -30.708  -27.369 1.0000000000
127466  36.383  -29.817  -27.190 1.0000000000
41641  35.534  -31.543  -28.309 0.8999999762
41642  34.880  -31.671  -29.042 0.8999999762
145497  34.380  -31.466  -29.454 0.8999999762
40636  35.315  -32.329  -34.581 0.6999999881
41692  35.246  -31.770  -33.982 0.8000000119
41685  35.009  -31.634  -33.233 0.8000000119
41574  33.681  -31.040  -24.220 0.8999999762
42681  32.986  -30.757  -24.152 1.0000000000
42702  32.168  -30.777  -24.191 1.0000000000
42703  31.243  -30.281  -24.453 1.0000000000
41578  30.073  -30.826  -25.200 0.6999999881
122899  29.192  -30.656  -25.693 0.6999999881
134417  34.357  -31.270  -24.359 0.8999999762
42724  28.722  -30.524  -25.689 0.6999999881
42707  27.746  -31.202  -24.885 0.6000000238
40545  35.889  -31.667  -25.328 1.0000000000
41593  35.732  -30.959  -25.086 0.8999999762
41573  34.862  -31.112  -24.523 0.8999999762
41580  26.017  -31.717  -24.528 0.4000000060
42722  36.143  -30.882  -25.605 1.0000000000
134943  36.102  -30.062  -27.973 1.0000000000
146556  35.617  -30.303  -28.500 1.0000000000
131467  34.590  -31.446  -32.261 0.8999999762
40642  36.055  -32.296  -35.577 0.6000000238
40643  35.500  -32.320  -35.074 0.6000000238
41691  35.587  -31.540  -34.422 0.8000000119
41684  35.222  -31.028  -33.710 0.8000000119
42680  33.499  -30.232  -24.163 0.8999999762
141909  30.316  -30.018  -24.911 0.8000000119
42705  29.283  -29.898  -25.438 0.6999999881
42706  28.667  -29.904  -25.260 0.6999999881
42684  28.055  -30.185  -23.986 0.6000000238
42708  26.333  -30.943  -23.989 0.4000000060
42723  35.808  -30.286  -25.245 1.0000000000
42700  35.244  -30.521  -24.724 0.8999999762
130378  36.220  -30.160  -25.776 1.0000000000
43827  36.403  -29.485  -26.267 1.0000000000
43841  36.453  -28.915  -27.049 1.0000000000
43842  36.210  -29.124  -27.942 1.0000000000
136524  35.718  -28.918  -28.633 1.0000000000
41669  33.898  -31.360  -31.381 0.8999999762
42789  33.306  -30.648  -31.102 0.8999999762
133320  34.668  -30.031  -32.733 0.8999999762
42798  34.224  -30.508  -31.957 0.8999999762
41703  36.954  -31.884  -35.916 0.6000000238
41698  36.529  -31.421  -35.315 0.6000000238
41699  35.975  -31.763  -34.981 0.6000000238
41690  36.146  -30.948  -34.760 0.8000000119
42807  34.815  -30.775  -32.880 0.8999999762
134206  32.665  -30.056  -24.079 0.8999999762
42682  31.806  -29.793  -24.134 0.8999999762
42683  30.741  -29.203  -24.418 0.6999999881
43780  32.341  -29.258  -23.840 0.8999999762
43801  29.089  -29.212  -25.095 0.6000000238
42701  34.395  -30.497  -24.360 1.0000000000
43800  34.094  -29.574  -24.183 1.0000000000
43783  29.004  -28.915  -24.380 0.6000000238
43802  28.762  -29.369  -24.727 0.6000000238
42685  27.075  -30.340  -23.587 0.5000000000
43816  35.468  -29.645  -24.966 1.0000000000
135453  35.195  -29.043  -24.765 1.0000000000
43815  36.002  -29.528  -25.519 1.0000000000
44938  36.224  -28.848  -25.794 1.0000000000
44952  36.433  -28.543  -26.298 1.0000000000
44967  36.423  -28.268  -26.911 1.0000000000
44968  36.283  -28.335  -27.575 1.0000000000
44977  35.937  -28.335  -28.277 1.0000000000
44988  35.415  -28.387  -28.909 1.0000000000
134462  35.108  -29.187  -29.181 1.0000000000
136391  34.362  -29.089  -29.641 1.0000000000
43862  34.276  -29.856  -29.585 1.0000000000
43863  33.483  -29.620  -30.167 1.0000000000
42773  33.584  -30.505  -29.963 0.8999999762
41670  33.422  -31.215  -30.794 0.8999999762
41702  37.718  -31.395  -36.304 0.6000000238
42824  36.695  -30.553  -35.179 0.6000000238
42816  35.659  -30.363  -34.155 0.8000000119
42806  35.120  -30.146  -33.399 0.8000000119
43779  33.203  -29.432  -23.943 0.8999999762
145146  31.125  -28.515  -23.942 0.6999999881
42704  29.711  -29.342  -24.966 0.6000000238
43782  29.700  -28.847  -24.502 0.6000000238
44908  33.810  -28.758  -23.897 0.8999999762
43784  28.326  -29.409  -23.543 0.6000000238
43799  34.868  -29.686  -24.510 1.0000000000
44939  35.729  -28.762  -25.255 1.0000000000
44923  35.321  -28.328  -24.768 0.8999999762
46015  36.232  -28.019  -25.706 1.0000000000
46028  36.391  -27.801  -26.416 1.0000000000
46041  36.282  -27.823  -27.186 1.0000000000
46042  36.012  -27.684  -27.849 1.0000000000
47069  35.553  -26.994  -28.122 1.0000000000
46053  35.557  -27.726  -28.540 1.0000000000
44989  34.823  -28.410  -29.416 1.0000000000
44990  34.074  -28.512  -29.934 1.0000000000
43873  32.615  -29.616  -30.911 0.8999999762
43881  32.696  -29.779  -31.175 0.8999999762
42799  33.390  -30.092  -31.565 0.8999999762
45018  33.639  -28.954  -32.486 0.8999999762
42831  37.828  -30.409  -36.223 0.6000000238
41697  37.215  -30.947  -35.674 0.6000000238
42815  36.310  -30.106  -34.705 0.6999999881
43899  35.423  -29.407  -33.784 0.6999999881
43900  34.840  -29.362  -33.145 0.8000000119
45030  34.375  -28.687  -33.071 0.8999999762
41701  38.422  -30.990  -36.771 0.6000000238
45029  35.082  -28.590  -33.625 0.6999999881
44911  30.425  -28.345  -23.885 0.6999999881
44912  29.476  -28.484  -23.693 0.6000000238
133463  33.527  -27.986  -23.502 0.8999999762
135599  32.880  -28.643  -23.558 0.8000000119
131476  31.902  -28.493  -23.480 0.6999999881
133064  34.671  -28.779  -24.351 0.8999999762
44924  34.978  -27.975  -24.396 0.8000000119
46007  35.500  -27.423  -24.713 0.8999999762
47036  36.193  -27.049  -25.868 1.0000000000
47046  35.750  -26.285  -26.473 1.0000000000
46029  35.969  -27.110  -27.060 1.0000000000
47057  35.399  -26.260  -27.471 1.0000000000
46054  35.058  -27.198  -28.871 1.0000000000
46066  34.562  -27.621  -29.536 1.0000000000
45000  33.135  -28.774  -30.485 1.0000000000
43874  32.236  -29.354  -31.377 0.8999999762
43890  33.116  -29.556  -31.831 0.8999999762
136868  36.724  -29.919  -35.125 0.6000000238
45038  35.654  -28.679  -34.195 0.6999999881
43926  37.990  -29.618  -36.736 0.6000000238
46101  35.291  -28.123  -34.139 0.6999999881
46102  34.593  -27.934  -33.723 0.6999999881
44909  32.640  -27.921  -23.150 0.8000000119
44910  31.178  -28.135  -23.371 0.6999999881
44894  30.664  -27.937  -22.987 0.6999999881
45997  34.191  -27.297  -23.530 0.6999999881
47030  35.364  -26.523  -24.227 0.6999999881
48065  35.695  -25.607  -25.176 0.8000000119
128241  35.837  -26.232  -25.666 0.8000000119
48070  35.660  -25.526  -26.029 0.8000000119
47070  34.757  -26.248  -28.451 1.0000000000
47081  34.558  -26.856  -29.211 1.0000000000
46067  33.785  -27.750  -30.177 1.0000000000
46077  32.856  -27.923  -30.694 1.0000000000
47071  34.095  -26.293  -29.227 1.0000000000
47082  34.085  -26.966  -29.744 1.0000000000
45001  32.272  -28.897  -31.047 1.0000000000
45011  31.761  -29.111  -31.687 0.8999999762
43882  32.095  -29.323  -31.575 0.8999999762
43918  37.472  -29.532  -36.015 0.6000000238
42823  37.192  -30.123  -35.540 0.6000000238
43908  36.439  -29.382  -34.891 0.6000000238
45037  36.120  -28.796  -34.653 0.6999999881
45019  32.404  -29.082  -32.227 0.8999999762
46103  33.662  -28.259  -32.982 0.8999999762
46114  35.116  -27.710  -34.557 0.6999999881
133803  32.700  -28.042  -32.956 0.8999999762
45999  32.503  -27.223  -22.823 0.6999999881
46000  31.872  -27.741  -22.946 0.6000000238
45987  31.197  -27.274  -22.711 0.6000000238
44895  29.869  -28.009  -22.883 0.6000000238
47021  33.948  -26.613  -23.154 0.6999999881
47011  32.340  -26.499  -22.649 0.6000000238
130390  34.486  -26.012  -23.263 0.6999999881
48059  35.503  -25.680  -24.366 0.6999999881
49140  35.597  -24.824  -25.570 0.8000000119
48082  35.344  -25.520  -26.894 0.8000000119
49154  35.000  -24.822  -27.213 0.8000000119
48083  34.907  -25.500  -27.657 0.8000000119
48097  34.374  -25.385  -28.103 0.8000000119
138808  33.631  -26.424  -29.740 1.0000000000
47094  33.402  -26.978  -30.276 1.0000000000
47083  32.994  -26.210  -30.098 1.0000000000
47095  32.536  -26.919  -30.834 1.0000000000
46078  32.098  -28.120  -31.303 1.0000000000
46087  31.400  -28.223  -31.747 1.0000000000
43919  36.890  -29.396  -35.443 0.6000000238
137665  37.521  -29.084  -36.628 0.6000000238
45047  36.977  -28.738  -36.058 0.6000000238
45048  36.456  -28.689  -35.236 0.6999999881
46094  31.704  -28.787  -32.363 0.8999999762
45049  35.838  -28.139  -34.790 0.6999999881
122308  34.289  -27.480  -34.495 0.6999999881
46116  32.410  -27.472  -33.835 0.8999999762
45988  30.173  -27.176  -22.513 0.5000000000
47022  33.117  -26.581  -22.797 0.6000000238
47012  31.612  -26.465  -22.556 0.5000000000
48051  33.745  -25.936  -22.873 0.6999999881
135774  35.287  -24.836  -23.740 0.6999999881
134497  35.590  -24.109  -25.138 0.6999999881
49145  35.394  -24.810  -26.445 0.8000000119
49146  35.212  -24.152  -26.880 0.8000000119
49155  34.526  -24.217  -27.586 0.8000000119
133395  34.511  -24.903  -27.715 0.8000000119
49168  33.893  -24.732  -28.139 0.8000000119
48098  33.923  -25.569  -28.657 0.8999999762
48109  33.309  -25.701  -29.359 1.0000000000
48123  32.225  -25.937  -30.412 1.0000000000
46088  30.905  -27.894  -32.057 1.0000000000
45012  31.325  -28.702  -32.151 0.8999999762
45020  31.529  -29.122  -32.002 0.8999999762
123962  31.227  -28.431  -32.416 0.8999999762
46095  30.839  -28.117  -32.537 0.8999999762
142200  36.711  -28.165  -36.656 0.6000000238
45056  36.259  -28.013  -35.815 0.6000000238
46115  33.594  -27.627  -33.738 0.8000000119
45055  37.257  -28.535  -37.012 0.6000000238
46126  34.706  -27.381  -35.275 0.6999999881
136552  34.003  -27.265  -35.230 0.6999999881
122697  31.307  -27.751  -33.397 0.8999999762
121530  33.266  -27.273  -34.821 0.6999999881
127865  31.522  -27.318  -34.290 0.8999999762
48052  32.922  -25.831  -22.641 0.5000000000
131554  31.294  -25.816  -22.447 0.5000000000
136654  33.518  -25.313  -22.724 0.6999999881
48041  32.040  -25.639  -22.516 0.5000000000
48050  34.415  -25.244  -23.081 0.6999999881
134615  35.198  -23.989  -23.666 0.6999999881
49126  34.581  -24.287  -23.169 0.6999999881
49135  35.512  -24.078  -24.244 0.6999999881
50346  35.543  -23.388  -24.788 0.6999999881
50353  35.540  -23.426  -25.680 0.6999999881
128138  35.493  -24.122  -26.039 0.6999999881
50362  34.996  -23.526  -27.249 0.8000000119
50363  34.286  -23.488  -27.801 0.8000000119
49156  33.838  -23.997  -28.051 0.8000000119
48099  33.169  -24.950  -28.706 0.8000000119
48110  32.512  -25.039  -29.252 0.8999999762
141644  32.579  -25.573  -29.795 1.0000000000
131418  31.789  -26.456  -31.064 1.0000000000
47103  31.864  -27.310  -31.365 1.0000000000
49169  33.224  -24.197  -28.441 0.8000000119
49170  32.564  -24.369  -28.925 0.8000000119
47096  31.017  -26.204  -31.196 1.0000000000
47104  31.270  -27.113  -31.600 1.0000000000
48124  31.406  -25.676  -30.577 0.8999999762
47105  30.508  -26.873  -31.860 1.0000000000
46089  30.473  -27.637  -32.393 1.0000000000
46096  30.137  -27.880  -32.905 1.0000000000
46105  30.529  -27.995  -33.028 0.8999999762
122398  35.493  -27.622  -35.414 0.6999999881
129394  35.711  -27.507  -36.226 0.6000000238
46117  30.524  -27.478  -34.087 0.8999999762
46138  34.943  -27.212  -36.252 0.6999999881
46127  33.467  -27.113  -35.707 0.6999999881
46128  32.121  -27.142  -34.991 0.6999999881
47135  32.641  -26.995  -35.865 0.6999999881
46118  29.544  -27.581  -34.204 0.8999999762
46129  31.081  -27.128  -35.164 0.6999999881
49128  32.808  -24.997  -22.558 0.5000000000
49127  33.669  -24.570  -22.732 0.5000000000
50340  35.342  -23.341  -23.971 0.6999999881
51492  35.540  -22.740  -25.396 0.6999999881
51501  35.489  -22.770  -26.220 0.6999999881
50354  35.387  -23.467  -26.521 0.6999999881
135306  35.418  -22.017  -26.703 0.6999999881
51502  35.280  -22.852  -26.987 0.6999999881
145678  34.764  -23.001  -27.508 0.8000000119
50378  33.492  -23.386  -28.365 0.8000000119
50379  32.763  -23.733  -28.758 0.8000000119
51528  33.553  -22.480  -28.562 0.8000000119
51529  32.798  -22.997  -28.940 0.8000000119
49182  31.999  -24.515  -29.367 0.8000000119
49196  30.851  -24.920  -30.298 0.8999999762
48125  30.713  -25.524  -30.768 0.8999999762
48134  30.285  -25.895  -31.288 1.0000000000
50391  32.035  -23.612  -29.345 0.8000000119
47111  29.916  -27.243  -32.483 1.0000000000
47106  29.739  -26.378  -31.910 1.0000000000
46136  36.206  -27.584  -36.917 0.6000000238
46139  34.100  -27.121  -35.984 0.6999999881
47150  33.213  -26.752  -36.643 0.6999999881
46106  29.754  -27.720  -33.489 0.8999999762
46097  29.436  -27.569  -33.207 1.0000000000
47136  31.630  -26.915  -36.026 0.8000000119
46130  29.967  -27.110  -35.235 0.8000000119
51482  35.406  -22.658  -24.545 0.6999999881
129149  35.154  -21.884  -24.373 0.6999999881
129571  35.476  -22.021  -25.216 0.6999999881
135511  35.545  -22.178  -25.908 0.6999999881
51512  34.914  -22.374  -27.500 0.6999999881
52541  35.070  -21.574  -27.504 0.6999999881
51527  34.360  -21.999  -28.099 0.8000000119
51513  34.211  -22.793  -27.983 0.8000000119
52552  33.753  -21.612  -28.705 0.8000000119
51540  32.271  -22.685  -29.439 0.8000000119
49184  30.637  -24.058  -30.243 0.8999999762
50392  31.190  -23.439  -30.018 0.8000000119
49197  30.175  -24.526  -30.522 0.8999999762
47148  34.831  -26.797  -37.180 0.6000000238
49198  29.443  -24.592  -30.884 0.8999999762
48135  29.541  -25.511  -31.347 0.8999999762
47162  35.257  -26.509  -37.808 0.6000000238
47112  29.204  -26.847  -32.645 0.8999999762
47151  32.095  -26.447  -36.795 0.6999999881
47118  28.667  -27.303  -33.417 0.8999999762
47137  30.686  -26.792  -36.158 0.8000000119
46119  29.009  -27.333  -34.714 0.8999999762
46108  28.303  -27.495  -34.272 0.8000000119
52507  35.337  -21.244  -25.050 0.6999999881
52521  35.535  -21.367  -25.962 0.6999999881
52533  35.432  -21.084  -26.843 0.6999999881
52551  34.583  -21.080  -28.176 0.6999999881
145422  35.178  -20.854  -27.499 0.6999999881
51541  31.621  -22.727  -29.849 0.8000000119
51542  30.975  -22.697  -30.230 0.8000000119
50404  30.446  -23.206  -30.383 0.8000000119
47149  34.141  -26.775  -36.940 0.6000000238
50405  29.890  -23.845  -30.543 0.8000000119
50406  29.133  -23.644  -30.871 0.8999999762
48136  28.738  -25.088  -31.520 0.8999999762
48141  28.937  -26.001  -32.064 0.8999999762
47163  34.381  -26.226  -37.816 0.6000000238
130490  28.388  -26.597  -32.863 0.8999999762
137298  31.238  -26.362  -36.630 0.6999999881
143038  27.993  -27.103  -33.571 0.8000000119
47138  29.912  -26.565  -36.238 0.6999999881
47126  28.420  -27.068  -34.966 0.8000000119
53439  35.381  -20.546  -25.561 0.6999999881
53460  35.370  -20.298  -27.095 0.6999999881
53461  35.025  -20.248  -27.845 0.6999999881
138807  32.007  -22.003  -29.766 0.8000000119
52565  31.263  -21.912  -30.207 0.8000000119
51553  30.299  -22.219  -30.493 0.8000000119
134500  29.661  -22.964  -30.639 0.8000000119
49199  28.714  -24.256  -31.239 0.8999999762
49207  27.945  -24.514  -31.760 0.8999999762
47164  33.407  -25.964  -37.726 0.6000000238
48142  27.956  -25.650  -32.396 0.8999999762
47165  32.633  -26.092  -37.363 0.6999999881
47166  31.423  -25.540  -37.084 0.6999999881
47153  29.580  -26.010  -36.395 0.6999999881
47139  29.077  -26.694  -35.803 0.8000000119
122926  27.439  -27.054  -33.961 0.8000000119
47154  28.896  -25.787  -36.230 0.6999999881
47127  27.729  -27.107  -34.496 0.8000000119
47140  28.150  -26.397  -35.516 0.8000000119
54436  35.354  -19.820  -25.876 0.6999999881
54450  35.364  -19.649  -26.650 0.6000000238
48176  34.022  -25.236  -38.288 0.6000000238
51555  28.884  -22.768  -30.951 0.8000000119
50415  28.295  -23.462  -31.335 0.8999999762
48178  32.606  -25.105  -37.760 0.6000000238
49218  27.318  -25.027  -32.446 0.8999999762
47152  30.492  -25.714  -36.671 0.8000000119
48143  26.863  -25.668  -33.293 0.8999999762
47128  27.059  -26.583  -34.364 0.8000000119
48161  28.829  -25.042  -36.240 0.6999999881
48153  26.895  -25.811  -34.789 0.8000000119
48148  26.241  -25.680  -34.029 0.8000000119
48179  31.962  -24.658  -37.404 0.6999999881
49270  31.505  -24.458  -37.032 0.5000000000
48169  31.119  -24.807  -37.065 0.6000000238
48170  30.641  -24.788  -36.642 0.6000000238
49271  29.667  -25.173  -36.466 0.6999999881
49219  26.546  -24.852  -32.926 0.8000000119
143779  29.372  -24.796  -36.232 0.6000000238
123304  28.782  -24.705  -35.998 0.6000000238
48163  27.667  -25.668  -35.498 0.6999999881
48154  26.206  -25.430  -34.346 0.8000000119
47120  26.845  -26.383  -33.938 0.8000000119
49248  27.336  -25.032  -35.243 0.6000000238
145582  27.641  -22.978  -31.522 0.8000000119
125799  26.889  -23.006  -31.901 0.8000000119
50430  26.422  -23.925  -32.519 0.8999999762
49260  30.937  -24.526  -36.480 0.6000000238
49234  25.578  -24.913  -34.095 0.8000000119
48144  26.017  -25.263  -33.741 0.8000000119
50431  25.348  -23.822  -33.333 0.8000000119
123852  26.660  -24.719  -34.781 0.6000000238
51569  27.307  -22.296  -31.539 0.8000000119
50417  25.927  -23.019  -32.501 0.8000000119
49261  29.590  -24.590  -35.776 0.6000000238
49246  29.093  -24.590  -34.913 0.6000000238
49221  24.999  -24.387  -34.003 0.8000000119
49247  28.105  -24.673  -35.491 0.6000000238
49235  24.991  -24.171  -34.193 0.6999999881
135541  24.946  -22.964  -33.197 0.8000000119
50439  27.108  -23.552  -34.275 0.6000000238
50441  25.273  -23.663  -34.489 0.6000000238
51606  24.444  -22.883  -34.173 0.6999999881
49232  28.610  -24.371  -34.244 0.6000000238
49233  27.349  -24.403  -34.832 0.6000000238
52588  27.127  -20.818  -31.657 0.8000000119
51570  26.381  -22.265  -31.929 0.8000000119
122987  30.453  -24.589  -35.622 0.6000000238
52589  26.740  -21.572  -31.697 0.8000000119
49244  31.018  -24.761  -34.418 0.5000000000
51585  24.585  -22.120  -33.119 0.8000000119
51584  25.443  -22.226  -32.504 0.8000000119
49245  30.077  -24.681  -34.541 0.6000000238
51586  24.245  -22.016  -33.699 0.6000000238
49230  31.566  -24.580  -33.508 0.5000000000
49231  29.666  -24.491  -33.833 0.6000000238
145528  28.252  -23.809  -33.767 0.6000000238
132106  26.078  -23.270  -34.481 0.6000000238
50438  29.278  -24.003  -33.412 0.6000000238
51595  27.063  -22.617  -33.697 0.6000000238
51596  26.176  -22.413  -34.024 0.6000000238
53514  26.515  -20.210  -32.172 0.8000000119
53505  25.824  -20.957  -32.175 0.8000000119
53504  27.601  -20.063  -31.831 0.8000000119
54528  27.025  -19.494  -32.368 0.6999999881
132204  25.269  -20.188  -32.640 0.6999999881
50437  30.205  -24.131  -33.147 0.6000000238
52619  24.325  -22.335  -34.088 0.6000000238
53528  23.827  -20.424  -33.959 0.6000000238
52604  24.237  -21.370  -33.335 0.6999999881
50429  29.803  -23.434  -32.836 0.5000000000
52611  25.497  -21.737  -34.073 0.6000000238
51593  28.943  -23.260  -33.045 0.5000000000
51594  28.029  -22.932  -33.350 0.6000000238
52610  26.866  -21.743  -33.543 0.6000000238
142759  29.525  -22.681  -32.717 0.5000000000
55591  27.420  -18.724  -32.646 0.6999999881
142460  26.028  -19.645  -32.579 0.6000000238
54530  24.231  -20.045  -33.459 0.6000000238
53515  24.481  -20.772  -32.875 0.6000000238
54557  23.748  -19.731  -34.086 0.6000000238
54529  25.044  -19.449  -33.194 0.6000000238
51583  28.845  -22.193  -32.836 0.5000000000
128403  27.851  -21.997  -33.135 0.6000000238
128823  26.420  -20.934  -33.699 0.6000000238
53534  24.083  -20.207  -34.249 0.6000000238
54543  24.054  -19.288  -33.902 0.6000000238
133417  28.553  -21.375  -33.096 0.6000000238
53525  27.709  -20.986  -33.397 0.6000000238
52601  29.786  -21.863  -32.669 0.5000000000
52609  29.324  -21.190  -32.933 0.5000000000
52608  30.063  -21.069  -32.792 0.4000000060
53523  29.834  -20.306  -33.276 0.5000000000
135524  26.158  -18.920  -32.973 0.6000000238
55600  25.744  -18.265  -33.518 0.6000000238
53526  26.009  -20.140  -34.312 0.6000000238
54556  24.285  -19.259  -34.403 0.6000000238
54542  24.875  -18.673  -33.676 0.6000000238
54541  27.073  -20.317  -33.866 0.6000000238
54554  26.844  -19.572  -34.448 0.6000000238
53524  28.800  -20.579  -33.371 0.5000000000
54540  28.030  -19.935  -33.823 0.6000000238
54539  29.054  -19.722  -33.739 0.5000000000
54538  29.951  -19.320  -33.787 0.4000000060
55615  24.848  -18.394  -35.002 0.6000000238
128010  24.633  -18.006  -34.737 0.5000000000
140071  25.971  -17.737  -33.703 0.5000000000
55599  26.748  -18.211  -33.240 0.5000000000
54555  25.473  -19.271  -34.701 0.6000000238
55629  24.722  -17.718  -35.004 0.5000000000
54553  27.839  -19.148  -34.489 0.6000000238
144099  28.533  -19.428  -34.094 0.5000000000
54552  29.003  -18.906  -34.420 0.4000000060
56621  26.841  -17.446  -33.567 0.4000000060
55614  26.353  -18.565  -35.108 0.6000000238
55628  25.488  -17.646  -35.365 0.5000000000
55613  27.910  -18.441  -35.023 0.4000000060
55627  26.937  -17.769  -35.602 0.6000000238
56644  25.268  -16.993  -35.206 0.4000000060
144832  28.803  -18.306  -35.044 0.4000000060
55626  28.263  -17.932  -35.549 0.4000000060
57543  25.582  -16.425  -35.040 0.4000000060
56643  26.347  -17.005  -35.787 0.4000000060
55612  29.418  -18.293  -34.854 0.4000000060
56642  27.729  -17.323  -36.043 0.4000000060
121421  27.483  -15.498  -34.131 0.4000000060
57535  26.713  -15.894  -34.432 0.4000000060
57552  25.911  -16.388  -35.412 0.4000000060
145255  29.281  -17.201  -36.339 0.4000000060
56653  27.506  -16.701  -36.277 0.4000000060
58586  26.921  -15.299  -34.768 0.4000000060
132113  26.109  -15.821  -34.955 0.4000000060
56651  29.381  -16.674  -36.839 0.3000000119
57558  27.315  -16.060  -36.378 0.4000000060
57559  26.500  -15.858  -35.620 0.4000000060
59773  27.978  -14.397  -34.738 0.4000000060
58595  26.672  -15.391  -35.219 0.4000000060
40629  35.134  -32.457  -33.847 0.8000000119
40621  34.822  -32.439  -32.643 0.8999999762
39546  34.750  -33.522  -32.363 0.8999999762
42765  35.268  -30.896  -28.715 0.8999999762
43861  35.035  -30.175  -29.083 1.0000000000
43852  35.681  -29.617  -28.585 1.0000000000
131817  34.156  -31.966  -29.700 0.8999999762
41653  33.903  -31.179  -29.762 0.8999999762
40609  34.068  -32.646  -31.110 0.8999999762
41660  33.650  -31.620  -30.306 0.8999999762
42772  34.275  -30.534  -29.520 1.0000000000
40615  34.307  -32.093  -31.700 0.8999999762
41661  33.450  -31.003  -30.302 0.8999999762
56623  24.985  -17.882  -34.245 0.4000000060
56632  25.062  -17.183  -34.899 0.4000000060
56622  25.786  -17.151  -34.249 0.4000000060
57534  27.632  -16.159  -33.723 0.4000000060
127783  32.951  -36.429  -24.336 0.8999999762
36127  34.484  -36.655  -26.174 1.0000000000
35126  32.854  -37.973  -29.218 0.8000000119
36111  29.486  -36.198  -25.005 0.8999999762
36154  33.709  -36.598  -29.644 0.8000000119
38403  35.500  -33.978  -28.051 0.8999999762
40556  36.296  -32.196  -26.493 1.0000000000
143888  34.528  -32.815  -31.848 0.8999999762
123760  33.743  -31.914  -30.946 0.8999999762
144527  31.473  -31.064  -24.402 1.0000000000
127398  28.059  -30.606  -24.730 0.6000000238
130405  27.409  -30.925  -24.130 0.4000000060
42751  35.824  -30.821  -28.080 1.0000000000
42766  34.629  -30.984  -29.256 0.8999999762
125038  34.904  -33.143  -34.400 0.6999999881
137287  35.188  -32.703  -35.695 0.6000000238
43889  34.106  -29.562  -32.393 0.8999999762
43909  35.963  -29.438  -34.361 0.6999999881
46065  35.133  -27.849  -29.111 1.0000000000
42780  33.156  -30.418  -30.703 0.8999999762
44907  34.376  -28.027  -23.976 0.8000000119
44913  28.659  -28.762  -23.166 0.5000000000
141191  35.773  -27.968  -25.166 1.0000000000
47020  34.782  -26.565  -23.614 0.6999999881
47029  35.782  -26.557  -25.041 0.8000000119
45998  33.314  -27.289  -23.081 0.8000000119
45986  31.908  -27.084  -22.719 0.6000000238
48060  35.117  -25.784  -23.666 0.6999999881
126504  35.589  -24.851  -24.651 0.6999999881
46104  31.840  -28.055  -32.940 0.8999999762
47013  30.818  -26.389  -22.453 0.6000000238
45989  29.255  -27.457  -22.469 0.5000000000
49115  31.951  -24.700  -22.467 0.5000000000
50328  34.707  -23.424  -23.419 0.6999999881
48111  31.814  -25.139  -29.874 0.8999999762
46107  28.862  -27.695  -33.872 0.8999999762
50316  32.740  -23.974  -22.548 0.5000000000
49183  31.365  -24.297  -29.799 0.8999999762
48126  30.131  -25.155  -30.758 0.8999999762
47113  27.548  -26.469  -33.354 0.8999999762
53454  35.467  -20.463  -26.348 0.6999999881
48162  28.295  -25.503  -36.041 0.6999999881
50416  27.414  -23.700  -31.793 0.8999999762
49249  25.827  -24.620  -34.449 0.6999999881
50440  26.271  -24.102  -34.668 0.6000000238
51597  24.432  -22.726  -33.754 0.8000000119
51604  25.323  -22.777  -34.443 0.6000000238
52603  24.962  -21.486  -32.576 0.6999999881
53527  25.071  -20.722  -34.188 0.6000000238
55616  24.482  -18.546  -34.560 0.6000000238
129446  26.719  -16.624  -34.025 0.4000000060
57536  25.794  -16.379  -34.759 0.4000000060
59765  27.815  -14.863  -34.252 0.4000000060
58599  27.968  -15.559  -36.827 0.4000000060
28086  28.016  -44.736  -26.119 0.4000000060
29092  26.947  -44.037  -25.460 0.4000000060
29093  25.261  -43.361  -24.827 0.4000000060
28085  28.711  -44.529  -26.482 0.4000000060
29091  27.429  -43.473  -25.776 0.4000000060
139473  25.771  -43.007  -25.303 0.4000000060
29111  30.294  -43.051  -26.628 0.3000000119
30101  30.763  -43.031  -27.180 0.4000000060
30108  31.290  -42.248  -28.129 0.4000000060
31108  30.945  -41.940  -29.203 0.4000000060
145596  30.760  -40.658  -30.065 0.4000000060
136690  27.179  -42.690  -25.924 0.5000000000
129443  25.755  -42.381  -25.891 0.4000000060
30087  28.788  -43.012  -26.080 0.4000000060
30088  27.915  -42.921  -25.974 0.4000000060
30100  31.217  -42.377  -27.232 0.5000000000
31098  31.641  -41.684  -27.510 0.4000000060
31107  31.496  -41.407  -28.543 0.4000000060
33174  31.674  -39.598  -29.392 0.5000000000
33193  31.258  -39.302  -30.151 0.5000000000
34188  31.476  -38.584  -30.422 0.6000000238
34189  30.870  -38.973  -30.812 0.5000000000
34208  30.543  -38.669  -31.487 0.6000000238
35157  30.916  -38.055  -31.838 0.4000000060
31089  27.438  -42.051  -26.103 0.5000000000
30089  26.506  -42.053  -26.238 0.5000000000
128845  25.601  -41.698  -26.539 0.5000000000
30091  24.250  -41.820  -26.307 0.5000000000
143513  29.983  -41.943  -25.739 0.6000000238
31088  28.425  -42.219  -25.926 0.6000000238
31087  30.809  -41.919  -26.077 0.5000000000
31078  31.111  -41.332  -25.764 0.6000000238
31086  31.382  -41.712  -26.541 0.5000000000
32153  32.031  -41.100  -26.966 0.5000000000
32165  32.320  -40.237  -28.100 0.4000000060
33160  32.130  -39.782  -28.708 0.6000000238
34170  31.806  -38.868  -29.697 0.6000000238
34187  32.171  -38.137  -29.980 0.6000000238
35138  31.769  -37.922  -30.799 0.6000000238
35155  32.180  -37.317  -31.410 0.6000000238
34207  31.177  -38.358  -31.143 0.6000000238
35156  31.488  -37.820  -31.463 0.6000000238
125384  31.481  -37.419  -32.193 0.6000000238
142869  31.770  -37.021  -32.694 0.6000000238
138598  27.470  -41.313  -26.145 0.5000000000
125735  26.846  -41.368  -26.434 0.5000000000
31090  26.131  -41.270  -26.704 0.5000000000
31092  23.853  -41.583  -26.951 0.5000000000
31080  29.825  -41.477  -25.526 0.6000000238
31081  28.866  -41.337  -25.609 0.6000000238
32142  31.809  -40.913  -26.099 0.6000000238
32130  31.410  -40.525  -25.404 0.6000000238
32129  32.149  -40.119  -25.701 0.6000000238
32152  32.641  -39.952  -27.421 0.6000000238
128405  32.681  -39.444  -28.197 0.6000000238
35137  32.459  -37.477  -30.524 0.6000000238
36204  32.968  -36.488  -32.578 0.6000000238
36220  32.903  -36.196  -33.412 0.6999999881
32144  26.515  -40.817  -26.723 0.6000000238
32154  25.958  -40.623  -27.068 0.5000000000
32156  24.810  -40.931  -27.634 0.5000000000
32132  29.588  -40.661  -25.249 0.6000000238
31082  27.953  -40.850  -25.818 0.6000000238
32155  25.314  -40.381  -27.699 0.5000000000
32167  25.017  -39.973  -28.389 0.5000000000
125771  30.169  -40.045  -24.923 0.6000000238
33149  33.057  -39.283  -27.351 0.6000000238
36203  33.555  -35.979  -32.815 0.6999999881
32134  27.726  -40.012  -25.950 0.6000000238
138787  27.153  -39.894  -26.458 0.6000000238
135962  25.904  -40.028  -27.363 0.6000000238
132118  29.412  -39.893  -25.114 0.6000000238
33142  27.476  -39.271  -26.192 0.6000000238
33150  26.225  -39.445  -27.285 0.6000000238
33151  25.554  -39.525  -27.979 0.6000000238
33161  25.001  -39.367  -28.793 0.6000000238
33133  28.941  -39.273  -25.242 0.6000000238
33176  24.480  -39.467  -29.462 0.5000000000
33131  30.978  -39.990  -24.904 0.6000000238
34171  24.958  -38.579  -29.465 0.6000000238
145259  33.927  -35.508  -33.017 0.6999999881
33134  28.159  -39.279  -25.661 0.6000000238
34131  26.588  -38.752  -27.115 0.6000000238
33120  29.234  -38.539  -24.976 0.6000000238
34117  28.515  -38.521  -25.419 0.6000000238
34130  27.195  -38.594  -26.529 0.6000000238
123644  26.449  -38.247  -27.561 0.6000000238
34154  25.550  -38.669  -28.583 0.6000000238
33119  30.540  -39.296  -24.698 0.6000000238
35118  25.723  -37.630  -29.212 0.6000000238
33118  31.353  -39.181  -24.707 0.6000000238
34115  33.452  -38.092  -25.575 0.6000000238
37316  34.372  -34.966  -32.914 0.6999999881
38470  34.710  -34.185  -33.228 0.6999999881
34101  30.871  -38.522  -24.512 0.6000000238
35102  27.534  -37.643  -26.316 0.6999999881
35103  26.866  -37.993  -27.001 0.6999999881
34100  31.668  -38.409  -24.537 0.6000000238
35090  28.185  -37.765  -25.631 0.6999999881
35075  30.373  -37.794  -24.507 0.6999999881
35088  29.546  -37.799  -24.780 0.6999999881
36113  28.078  -36.945  -25.820 0.6999999881
35108  27.186  -37.174  -27.181 0.6999999881
34153  26.108  -38.014  -28.254 0.6000000238
35117  26.415  -37.096  -28.653 0.6999999881
36147  26.917  -36.124  -29.000 0.6000000238
35128  25.704  -36.882  -29.962 0.5000000000
134810  29.904  -37.038  -24.632 0.6999999881
139583  28.577  -37.229  -25.413 0.6999999881
36128  28.263  -36.105  -25.991 0.6999999881
36137  27.414  -36.422  -27.485 0.6999999881
36155  25.862  -35.924  -30.393 0.5000000000
37244  27.752  -35.737  -27.363 0.6999999881
36146  27.467  -35.752  -28.322 0.6000000238
37257  26.858  -35.141  -29.866 0.6000000238
52553  32.860  -22.024  -29.238 0.6999999881
144073  31.777  -21.531  -30.026 0.6999999881
132196  33.945  -20.878  -28.796 0.6000000238
52573  30.586  -21.184  -30.533 0.6999999881
51554  29.371  -22.123  -30.774 0.6999999881
52576  28.680  -22.034  -31.072 0.6999999881
53472  33.728  -20.276  -29.143 0.6000000238
52564  32.327  -21.170  -29.789 0.6999999881
53480  31.521  -21.058  -30.247 0.6999999881
146236  35.058  -18.911  -27.747 0.6000000238
52574  29.792  -21.521  -30.715 0.6999999881
52575  28.997  -21.309  -31.057 0.6999999881
52587  27.905  -21.577  -31.346 0.6999999881
53471  34.414  -20.276  -28.517 0.6000000238
54479  32.674  -19.453  -29.927 0.6000000238
53490  32.034  -20.191  -30.223 0.6999999881
53492  29.807  -20.828  -30.873 0.6999999881
53503  29.194  -20.399  -31.288 0.6999999881
135165  28.243  -20.658  -31.432 0.6999999881
134522  34.848  -19.529  -28.162 0.6000000238
54465  34.235  -19.511  -28.839 0.6000000238
55545  33.194  -18.649  -29.656 0.5000000000
54497  31.467  -19.569  -30.618 0.5000000000
53502  30.007  -20.085  -31.161 0.6999999881
54518  29.493  -19.579  -31.523 0.6999999881
124264  28.596  -19.847  -31.651 0.6999999881
58585  31.258  -15.920  -34.718 0.3000000119
57542  30.869  -16.744  -34.963 0.3000000119
55625  29.172  -17.964  -35.441 0.3000000119
27066  26.410  -44.810  -25.156 0.4000000060
28066  25.498  -44.287  -24.665 0.3000000119
28056  23.362  -44.225  -24.166 0.4000000060
28100  29.077  -45.016  -26.891 0.3000000119
29078  23.805  -43.553  -24.395 0.4000000060
29133  30.648  -43.570  -27.927 0.4000000060
30075  25.040  -42.639  -25.350 0.4000000060
30109  30.840  -42.880  -28.616 0.4000000060
30117  30.524  -42.504  -29.448 0.4000000060
31120  30.442  -41.081  -30.211 0.4000000060
33194  30.672  -39.708  -30.596 0.5000000000
34209  29.898  -38.985  -31.843 0.4000000060
30077  23.312  -42.305  -25.568 0.4000000060
35177  30.571  -37.630  -32.601 0.5000000000
31093  23.055  -41.749  -26.958 0.5000000000
36205  32.120  -36.655  -33.207 0.6000000238
133059  24.039  -41.193  -27.844 0.5000000000
32168  24.516  -40.515  -28.410 0.5000000000
32169  23.644  -40.830  -28.768 0.5000000000
37327  33.459  -35.700  -33.517 0.6000000238
32176  23.996  -40.186  -29.393 0.5000000000
33196  24.281  -38.942  -30.113 0.4000000060
146008  33.929  -35.260  -33.477 0.6999999881
35129  25.165  -37.586  -30.011 0.5000000000
39552  34.988  -33.300  -33.459 0.6999999881
38477  34.453  -33.912  -34.381 0.8000000119
36168  25.629  -34.718  -31.322 0.5000000000
36167  26.317  -34.844  -30.586 0.6000000238
51483  34.921  -22.604  -23.785 0.6000000238
124059  35.223  -19.543  -27.426 0.6000000238
137120  34.659  -18.761  -28.386 0.5000000000
55553  32.464  -18.681  -30.223 0.5000000000
55554  31.763  -18.754  -30.650 0.5000000000
55572  30.606  -18.422  -31.514 0.5000000000
55573  29.829  -18.757  -31.761 0.5000000000
55589  29.357  -18.247  -32.272 0.5000000000
58593  31.003  -16.026  -35.639 0.3000000119
57551  29.915  -16.978  -36.246 0.3000000119
34116  32.745  -38.554  -25.100 0.6000000238
33129  32.419  -39.323  -25.350 0.6000000238
135117  32.820  -39.676  -26.813 0.6000000238
131391  28.089  -35.713  -26.668 0.8000000119
36187  33.656  -36.071  -31.924 0.6999999881
52563  33.277  -21.076  -29.277 0.6999999881
51568  28.154  -22.492  -31.292 0.6999999881
54519  28.062  -19.312  -32.168 0.6000000238
56639  30.285  -17.282  -35.369 0.3000000119
133811  27.594  -44.220  -25.787 0.4000000060
30086  29.625  -43.011  -26.253 0.4000000060
29125  30.268  -43.655  -27.184 0.3000000119
30085  30.812  -42.428  -26.572 0.5000000000
30076  24.123  -42.280  -25.489 0.5000000000
32190  29.988  -40.756  -30.793 0.3000000119
34222  30.187  -38.306  -32.195 0.4000000060
30093  22.793  -42.115  -26.173 0.5000000000
35127  26.276  -36.311  -29.670 0.6000000238
129855  30.434  -20.461  -30.787 0.6999999881
53479  32.894  -20.283  -29.631 0.6999999881
54478  33.481  -19.487  -29.428 0.6000000238
53491  31.126  -20.377  -30.559 0.6999999881
54496  32.093  -19.338  -30.368 0.6000000238
54498  30.741  -19.802  -30.930 0.6999999881
126367  34.050  -18.664  -29.101 0.5000000000
54517  30.319  -19.284  -31.364 0.5000000000
55574  28.998  -19.062  -31.985 0.6999999881
55533  34.432  -17.921  -28.509 0.5000000000
56583  32.149  -17.948  -30.536 0.5000000000
55571  31.395  -18.005  -31.128 0.5000000000
56595  30.102  -17.955  -31.987 0.5000000000
39567  33.824  -33.102  -35.932 0.5000000000
39560  33.711  -33.684  -35.276 0.6000000238
39559  34.314  -33.210  -35.265 0.6000000238
39574  34.846  -33.251  -36.598 0.5000000000
40650  34.513  -32.907  -36.066 0.5000000000
40644  34.837  -32.824  -35.435 0.6000000238
39524  26.605  -32.463  -29.846 0.5000000000
39573  35.985  -33.324  -36.779 0.5000000000
38406  26.944  -32.340  -29.147 0.4000000060
141103  26.348  -32.708  -29.374 0.4000000060
38394  26.800  -32.946  -27.992 0.4000000060
40649  35.428  -32.834  -36.160 0.5000000000
40655  37.004  -33.145  -37.000 0.5000000000
40648  36.514  -32.658  -36.304 0.5000000000
38379  26.410  -33.725  -26.456 0.4000000060
40647  37.423  -32.309  -36.591 0.5000000000
39469  26.112  -33.143  -25.489 0.4000000060
44897  27.890  -29.010  -22.806 0.4000000060
43785  27.547  -29.671  -23.235 0.4000000060
43786  26.652  -29.649  -23.255 0.4000000060
42686  26.267  -30.179  -23.617 0.3000000119
48043  30.583  -25.421  -22.385 0.4000000060
129704  28.205  -28.261  -22.564 0.4000000060
49117  30.228  -24.565  -22.486 0.4000000060
47014  28.553  -26.868  -22.282 0.4000000060
44898  27.381  -28.302  -22.562 0.4000000060
128749  27.754  -26.518  -22.361 0.4000000060
45991  27.755  -27.446  -22.372 0.4000000060
43767  27.069  -29.056  -22.811 0.4000000060
133214  26.321  -29.018  -23.060 0.4000000060
129298  29.911  -26.181  -22.324 0.4000000060
128826  29.036  -26.112  -22.257 0.4000000060
136044  29.373  -26.755  -22.326 0.4000000060
49116  31.087  -24.582  -22.454 0.4000000060
48044  29.534  -25.269  -22.372 0.4000000060
48045  28.635  -25.440  -22.412 0.4000000060
131769  28.342  -26.123  -22.309 0.4000000060
45992  26.860  -27.561  -22.549 0.4000000060
48053  27.113  -25.278  -22.868 0.4000000060
47023  26.387  -26.760  -22.778 0.4000000060
44914  26.548  -28.349  -22.758 0.4000000060
50329  33.804  -23.661  -22.866 0.4000000060
50318  30.742  -23.842  -22.616 0.4000000060
50319  30.032  -23.892  -22.715 0.4000000060
126444  28.932  -24.769  -22.536 0.4000000060
134054  33.064  -23.140  -22.777 0.4000000060
123485  32.176  -23.115  -22.735 0.4000000060
50330  31.218  -23.114  -22.933 0.4000000060
50332  29.436  -23.641  -23.145 0.4000000060
136814  28.844  -24.117  -22.969 0.4000000060
49119  28.205  -24.748  -22.754 0.4000000060
48046  27.804  -25.598  -22.529 0.4000000060
144588  27.630  -25.016  -22.774 0.4000000060
48054  26.301  -25.728  -23.118 0.4000000060
52497  34.362  -21.795  -23.741 0.5000000000
51469  33.870  -22.673  -23.235 0.5000000000
51470  32.705  -22.457  -23.139 0.5000000000
50331  30.216  -23.156  -23.250 0.4000000060
52498  33.267  -21.744  -23.494 0.5000000000
51471  31.724  -22.438  -23.277 0.4000000060
52499  32.222  -21.741  -23.542 0.4000000060
52500  31.340  -21.795  -23.741 0.4000000060
51472  30.835  -22.419  -23.534 0.4000000060
51473  29.980  -22.278  -23.878 0.4000000060
53432  32.074  -20.458  -24.483 0.4000000060
53433  31.196  -20.790  -24.517 0.4000000060
52512  30.514  -21.142  -24.519 0.4000000060
53434  29.829  -20.903  -24.779 0.4000000060
52508  34.680  -21.119  -24.367 0.5000000000
53431  33.139  -20.418  -24.350 0.5000000000
53442  30.535  -20.359  -24.927 0.4000000060
53443  29.675  -20.313  -25.251 0.3000000119
52510  32.677  -21.047  -23.913 0.5000000000
136770  31.064  -21.363  -24.232 0.4000000060
52501  30.591  -21.761  -24.070 0.4000000060
51484  29.893  -21.599  -24.425 0.4000000060
52511  31.738  -21.196  -24.082 0.4000000060
53430  34.117  -20.447  -24.488 0.5000000000
54413  32.698  -19.767  -24.714 0.5000000000
53441  31.325  -20.183  -24.810 0.4000000060
54418  34.791  -19.432  -25.391 0.5000000000
54412  33.632  -19.825  -24.697 0.5000000000
54414  31.835  -19.753  -24.938 0.4000000060
144639  31.668  -19.381  -25.263 0.4000000060
54421  31.093  -19.620  -25.269 0.4000000060
54422  30.190  -19.671  -25.460 0.3000000119
54423  29.389  -19.680  -25.593 0.3000000119
53444  28.861  -20.353  -25.419 0.3000000119
55470  34.207  -18.789  -25.500 0.5000000000
54437  35.168  -19.044  -26.067 0.4000000060
54420  32.320  -19.149  -25.238 0.3000000119
142556  28.758  -19.647  -25.680 0.3000000119
55471  33.165  -18.551  -25.456 0.3000000119
55496  34.759  -18.294  -26.208 0.4000000060
55519  34.837  -18.001  -26.900 0.4000000060
55473  31.525  -18.934  -25.523 0.3000000119
55474  30.662  -18.923  -25.692 0.3000000119
55475  29.793  -18.972  -25.827 0.3000000119
54438  29.028  -19.034  -25.928 0.3000000119
54439  28.295  -19.177  -25.926 0.3000000119
54440  27.534  -19.444  -25.796 0.3000000119
55503  27.619  -18.579  -26.273 0.3000000119
55497  33.885  -18.009  -25.857 0.3000000119
56540  34.464  -17.315  -27.121 0.3000000119
55532  34.860  -18.109  -27.676 0.4000000060
55544  33.729  -17.701  -29.237 0.4000000060
134348  32.831  -17.870  -29.904 0.4000000060
54516  31.090  -18.988  -31.092 0.4000000060
54441  26.978  -18.992  -25.949 0.3000000119
55498  32.365  -17.577  -26.074 0.3000000119
55472  32.261  -18.354  -25.642 0.3000000119
132515  33.064  -17.888  -25.787 0.3000000119
56541  33.874  -16.687  -27.052 0.3000000119
56561  34.492  -17.393  -27.883 0.3000000119
56562  34.105  -17.108  -28.421 0.4000000060
57473  33.657  -16.312  -28.251 0.3000000119
56574  33.669  -16.837  -28.934 0.4000000060
56575  33.129  -17.026  -29.554 0.4000000060
136248  32.489  -17.143  -30.232 0.4000000060
56584  31.807  -17.179  -30.765 0.4000000060
56593  31.284  -17.137  -31.281 0.4000000060
56523  33.538  -17.237  -26.386 0.3000000119
57489  33.315  -16.256  -29.075 0.3000000119
57490  32.721  -16.354  -29.769 0.3000000119
57502  32.154  -16.388  -30.442 0.4000000060
57515  30.777  -16.513  -31.643 0.4000000060
56609  30.161  -17.124  -32.123 0.4000000060
56611  28.777  -17.540  -32.736 0.4000000060
55590  28.457  -18.485  -32.479 0.5000000000
58526  33.192  -15.751  -28.543 0.3000000119
58540  32.429  -15.618  -29.944 0.3000000119
57503  31.516  -16.414  -31.022 0.4000000060
58555  31.211  -15.607  -31.295 0.4000000060
58556  30.471  -15.513  -31.867 0.3000000119
57524  29.997  -16.219  -32.253 0.4000000060
56610  29.439  -16.837  -32.571 0.3000000119
56612  27.775  -17.949  -33.044 0.4000000060
57525  28.601  -16.546  -33.110 0.3000000119
56620  27.817  -17.075  -33.386 0.3000000119
134404  32.564  -15.069  -29.351 0.3000000119
59728  32.153  -14.732  -29.966 0.3000000119
58541  31.820  -15.604  -30.594 0.3000000119
59742  30.891  -14.774  -31.506 0.3000000119
58567  29.754  -15.288  -32.415 0.3000000119
131008  29.210  -15.920  -32.768 0.3000000119
59713  32.395  -14.416  -29.050 0.3000000119
59741  31.519  -14.801  -30.814 0.3000000119
124433  30.575  -14.137  -31.710 0.3000000119
59752  30.216  -14.669  -32.062 0.3000000119
59753  29.568  -14.414  -32.590 0.3000000119
58568  29.057  -14.988  -32.985 0.3000000119
58578  28.355  -15.533  -33.467 0.3000000119
123982  28.505  -14.723  -33.581 0.3000000119
59764  28.376  -14.213  -34.072 0.3000000119
38471  34.189  -34.749  -33.843 0.6000000238
38478  33.597  -34.426  -34.772 0.5000000000
39568  33.212  -33.257  -35.909 0.5000000000
135803  27.728  -34.447  -28.964 0.6000000238
37266  27.265  -34.154  -29.863 0.6000000238
38418  27.396  -33.180  -29.564 0.6000000238
38435  26.290  -32.856  -30.583 0.5000000000
38420  26.101  -32.687  -30.360 0.5000000000
37268  25.586  -32.974  -30.097 0.5000000000
37258  25.686  -34.093  -28.687 0.4000000060
38395  26.064  -34.336  -26.946 0.4000000060
38380  25.804  -34.604  -26.122 0.4000000060
38359  25.766  -33.968  -25.769 0.4000000060
41581  25.363  -31.094  -24.390 0.3000000119
42709  25.535  -30.315  -23.988 0.3000000119
43787  25.728  -29.476  -23.561 0.4000000060
135801  25.746  -27.046  -23.133 0.4000000060
44915  25.705  -28.452  -23.275 0.4000000060
140766  28.814  -23.542  -23.453 0.4000000060
49131  25.932  -25.095  -23.645 0.4000000060
49129  28.222  -23.956  -23.401 0.4000000060
51474  29.198  -22.861  -23.714 0.4000000060
50334  27.541  -23.648  -23.808 0.4000000060
52522  29.239  -20.797  -25.051 0.4000000060
51485  29.234  -22.083  -24.352 0.4000000060
52513  29.227  -21.364  -24.723 0.4000000060
54424  28.161  -19.973  -25.630 0.3000000119
53445  28.069  -20.768  -25.381 0.3000000119
39580  36.585  -33.781  -37.490 0.5000000000
40534  25.865  -32.533  -24.991 0.4000000060
47024  25.709  -26.390  -23.301 0.4000000060
50333  28.319  -23.190  -23.826 0.4000000060
48042  31.387  -25.219  -22.435 0.4000000060
53429  34.970  -20.482  -24.849 0.5000000000
54451  35.161  -18.766  -26.979 0.5000000000
50317  31.653  -23.861  -22.526 0.4000000060
53440  35.105  -19.973  -25.242 0.5000000000
144657  29.609  -17.559  -32.359 0.4000000060
56594  30.736  -17.529  -31.615 0.4000000060
47015  27.141  -26.887  -22.467 0.4000000060
48047  27.062  -26.126  -22.618 0.4000000060
46001  26.086  -27.624  -22.893 0.4000000060
142895  27.453  -24.523  -23.261 0.4000000060
52509  33.725  -21.040  -23.973 0.5000000000
145983  34.086  -19.385  -25.045 0.5000000000
54411  34.494  -19.876  -24.875 0.5000000000
54419  33.323  -19.205  -25.043 0.4000000060
56522  34.370  -17.697  -26.419 0.3000000119
58527  32.875  -15.655  -29.220 0.3000000119
59714  31.964  -13.860  -29.531 0.3000000119
60944  31.238  -13.915  -31.067 0.3000000119
59763  28.971  -14.100  -33.296 0.3000000119
49130  26.584  -24.827  -23.409 0.4000000060
34172  24.616  -38.211  -30.213 0.4000000060
35140  24.554  -37.296  -30.811 0.4000000060
35141  23.704  -37.486  -31.462 0.4000000060
121582  24.107  -36.521  -31.622 0.3000000119
36169  24.799  -35.816  -31.434 0.4000000060
36190  24.033  -35.057  -32.444 0.3000000119
140628  32.189  -36.151  -34.019 0.5000000000
37282  26.034  -33.440  -31.186 0.5000000000
37304  24.293  -33.412  -32.683 0.3000000119
37330  32.758  -35.680  -34.224 0.5000000000
36227  31.153  -36.235  -34.162 0.5000000000
37267  26.672  -33.760  -30.494 0.5000000000
38436  25.551  -32.838  -31.137 0.4000000060
37329  33.488  -35.214  -34.188 0.5000000000
37331  31.447  -35.346  -34.969 0.5000000000
38479  32.480  -34.753  -35.159 0.4000000060
38485  31.223  -34.304  -36.122 0.3000000119
37337  31.250  -34.449  -35.794 0.3000000119
38491  31.801  -33.901  -36.388 0.3000000119
38484  31.722  -33.873  -35.980 0.3000000119
39583  33.202  -33.603  -36.757 0.3000000119
38490  32.356  -33.671  -36.606 0.3000000119
39569  32.358  -33.554  -36.187 0.4000000060
38483  32.782  -33.786  -35.658 0.4000000060
37253  25.634  -34.960  -27.416 0.3000000119
39582  34.296  -33.758  -36.958 0.4000000060
39576  32.987  -33.330  -36.222 0.4000000060
39470  25.368  -33.327  -25.449 0.3000000119
46002  25.406  -27.616  -23.400 0.3000000119
44916  25.011  -28.171  -23.744 0.3000000119
47025  25.199  -26.900  -23.594 0.3000000119
46003  24.791  -27.530  -23.997 0.3000000119
47031  25.188  -26.265  -23.802 0.3000000119
50335  26.848  -24.129  -23.750 0.3000000119
49136  26.074  -24.318  -24.117 0.3000000119
132658  25.431  -25.046  -24.278 0.3000000119
48066  24.897  -25.202  -25.062 0.3000000119
50341  28.485  -22.497  -24.304 0.3000000119
50342  27.681  -22.902  -24.311 0.3000000119
50343  26.780  -23.435  -24.383 0.3000000119
52514  28.566  -21.776  -24.700 0.3000000119
51486  27.844  -22.179  -24.700 0.3000000119
51487  27.080  -22.592  -24.774 0.3000000119
51493  27.246  -21.878  -25.052 0.3000000119
51494  26.636  -22.256  -25.116 0.3000000119
52523  28.652  -21.091  -25.070 0.3000000119
52524  27.963  -21.485  -25.064 0.3000000119
35176  31.080  -36.957  -33.149 0.5000000000
39575  33.837  -33.232  -36.363 0.4000000060
49141  25.409  -24.340  -25.114 0.3000000119
38437  24.603  -32.931  -31.880 0.3000000119
38421  25.233  -32.728  -31.072 0.3000000119
37259  25.077  -34.568  -29.289 0.3000000119
30079  22.010  -42.803  -25.434 0.4000000060
30080  21.230  -42.782  -25.842 0.4000000060
30094  21.419  -42.329  -26.694 0.4000000060
30105  19.666  -42.538  -27.859 0.4000000060
30110  21.014  -41.824  -28.149 0.3000000119
31101  22.686  -41.590  -27.742 0.4000000060
31102  21.881  -41.703  -27.968 0.4000000060
132339  22.465  -41.379  -28.547 0.4000000060
33219  30.289  -39.363  -31.213 0.3000000119
31109  23.206  -41.279  -28.266 0.4000000060
32178  22.324  -40.720  -30.046 0.3000000119
32192  22.645  -40.317  -30.526 0.3000000119
31110  22.970  -41.083  -28.933 0.4000000060
33221  22.923  -39.093  -31.468 0.3000000119
32193  22.027  -40.684  -30.791 0.3000000119
34210  22.536  -38.398  -31.879 0.3000000119
32177  23.039  -40.592  -29.605 0.4000000060
33197  23.524  -39.188  -30.735 0.3000000119
34191  23.296  -38.418  -31.455 0.3000000119
30095  20.703  -42.593  -26.644 0.4000000060
140465  21.002  -42.304  -27.064 0.4000000060
35159  22.840  -37.482  -32.094 0.3000000119
29095  23.392  -42.799  -24.850 0.3000000119
34211  21.803  -38.254  -32.057 0.3000000119
28055  24.064  -44.274  -24.211 0.4000000060
28065  27.313  -44.860  -25.681 0.4000000060
28084  29.374  -44.358  -26.793 0.3000000119
29077  24.629  -43.838  -24.447 0.4000000060
29094  24.369  -42.967  -24.745 0.4000000060
29112  29.768  -43.674  -26.701 0.3000000119
29113  29.099  -43.750  -26.371 0.4000000060
29114  20.344  -43.142  -26.145 0.4000000060
29126  29.826  -44.174  -27.133 0.3000000119
29140  30.505  -43.532  -28.754 0.4000000060
30072  30.232  -42.345  -26.062 0.5000000000
30073  29.414  -42.201  -25.843 0.6000000238
30074  26.581  -43.009  -25.613 0.4000000060
30078  22.667  -42.558  -25.437 0.4000000060
30090  24.937  -42.040  -26.118 0.5000000000
30092  23.567  -41.915  -26.190 0.5000000000
30102  22.171  -41.972  -27.020 0.4000000060
30103  21.347  -42.060  -27.410 0.4000000060
30104  20.529  -42.287  -27.477 0.4000000060
30111  20.191  -42.050  -28.400 0.3000000119
31079  30.431  -41.665  -25.722 0.6000000238
31091  24.731  -41.459  -26.955 0.5000000000
31099  25.438  -41.071  -27.132 0.5000000000
31100  23.364  -41.485  -27.578 0.5000000000
31119  31.027  -41.020  -29.559 0.4000000060
31121  30.289  -41.888  -30.012 0.4000000060
31122  22.349  -41.076  -29.356 0.4000000060
32131  30.536  -40.863  -25.283 0.6000000238
32133  28.652  -40.178  -25.481 0.6000000238
32141  32.414  -40.324  -26.609 0.6000000238
32143  27.161  -40.640  -26.390 0.6000000238
32166  32.035  -40.976  -27.911 0.4000000060
32175  31.683  -40.446  -28.878 0.4000000060
32189  30.503  -40.400  -30.446 0.5000000000
32191  23.329  -39.939  -30.223 0.3000000119
33117  32.082  -38.930  -24.792 0.6000000238
33130  31.742  -39.710  -25.064 0.6000000238
33132  29.715  -39.287  -24.854 0.6000000238
33143  26.851  -39.360  -26.728 0.6000000238
33162  24.625  -39.943  -28.923 0.5000000000
33173  32.253  -39.171  -29.021 0.6999999881
33175  31.090  -40.163  -29.911 0.4000000060
33177  23.914  -39.558  -29.973 0.4000000060
33195  30.111  -40.072  -30.992 0.3000000119
33198  22.851  -39.730  -31.085 0.3000000119
34099  32.349  -38.151  -24.652 0.8000000119
34102  30.025  -38.550  -24.647 0.6000000238
34118  27.791  -38.498  -25.887 0.6000000238
34128  33.448  -38.537  -26.286 0.8000000119
34129  33.026  -38.885  -25.808 0.6000000238
34140  33.527  -38.536  -27.100 0.8000000119
34141  26.058  -38.789  -27.771 0.6000000238
34190  23.993  -38.311  -30.749 0.4000000060
35072  32.479  -37.267  -24.459 0.8999999762
35074  31.212  -37.787  -24.383 0.8999999762
35089  28.830  -37.817  -25.168 0.6999999881
35109  26.641  -37.565  -27.753 0.6000000238
35125  33.304  -37.255  -29.427 0.8000000119
35139  25.305  -36.461  -30.597 0.5000000000
35158  23.316  -36.387  -32.273 0.3000000119
35175  32.264  -36.950  -32.299 0.6000000238
36098  30.355  -36.323  -24.510 0.8999999762
36129  27.697  -36.536  -26.603 0.6999999881
36138  26.986  -36.723  -28.072 0.6999999881
36189  24.906  -34.237  -32.113 0.3000000119
37215  30.816  -35.642  -24.377 0.8999999762
37226  35.192  -35.245  -26.049 1.0000000000
37229  28.545  -35.186  -26.285 0.8000000119
37252  27.857  -35.021  -28.064 0.8000000119
37256  27.338  -35.222  -29.269 0.6000000238
37283  25.083  -33.204  -32.012 0.3000000119
38347  30.393  -34.938  -24.671 0.8999999762
38377  28.887  -33.490  -26.543 0.6999999881
38393  28.121  -34.151  -28.302 0.6000000238
38404  35.294  -34.513  -28.179 0.8999999762
38405  27.828  -33.209  -28.794 0.6999999881
38419  26.891  -32.968  -30.230 0.5000000000
38438  24.078  -32.885  -32.469 0.3000000119
38452  24.192  -32.971  -32.593 0.3000000119
38461  23.708  -33.177  -32.860 0.3000000119
39467  27.389  -32.364  -26.429 0.5000000000
39468  26.671  -33.206  -25.907 0.4000000060
39479  28.502  -32.386  -27.023 0.6000000238
39498  27.478  -32.324  -28.232 0.6000000238
39511  27.686  -32.496  -28.380 0.6999999881
39523  26.842  -32.460  -29.755 0.5000000000
40531  30.783  -32.538  -24.628 0.8999999762
40576  27.729  -32.237  -27.856 0.6000000238
41572  35.364  -31.368  -24.802 0.8999999762
43781  31.584  -29.018  -24.000 0.8000000119
44896  29.007  -28.143  -22.772 0.5000000000
45063  36.909  -27.900  -37.426 0.6000000238
45990  28.536  -27.645  -22.429 0.4000000060
46008  34.959  -27.307  -24.045 0.8000000119
46016  35.952  -27.385  -25.315 1.0000000000
46137  35.467  -27.141  -36.999 0.6000000238
47119  28.048  -27.558  -33.943 0.8000000119
47141  27.382  -26.439  -34.963 0.8000000119
49118  29.496  -24.373  -22.621 0.4000000060
49208  27.181  -24.373  -32.241 0.8999999762
49220  25.686  -24.631  -33.543 0.8000000119
49262  28.153  -24.974  -35.907 0.6999999881
50442  24.618  -23.654  -33.973 0.8000000119
50443  24.421  -23.056  -34.097 0.6999999881
50450  24.684  -23.423  -34.271 0.6999999881
51598  24.245  -22.453  -34.012 0.6000000238
51605  24.712  -22.959  -34.366 0.6999999881
52602  25.906  -21.664  -32.140 0.8000000119
52612  24.277  -21.358  -34.084 0.6000000238
52613  24.089  -21.503  -33.882 0.6000000238
52618  24.708  -22.307  -34.284 0.6000000238
53516  23.911  -20.621  -33.701 0.6000000238
53533  24.901  -19.907  -34.469 0.6000000238
54544  23.719  -19.861  -34.019 0.6000000238
55502  28.539  -18.447  -26.324 0.3000000119
55601  24.401  -18.659  -34.316 0.5000000000
55602  24.086  -19.313  -34.222 0.6000000238
56631  29.850  -17.870  -35.070 0.4000000060
56640  29.580  -17.505  -35.774 0.3000000119
56641  28.794  -17.544  -36.026 0.4000000060
56652  28.539  -17.004  -36.483 0.3000000119
56654  26.659  -16.411  -35.948 0.4000000060
58596  26.020  -15.953  -35.139 0.4000000060
59772  31.436  -15.092  -34.479 0.3000000119
59781  27.399  -14.821  -35.676 0.4000000060
124085  32.782  -38.676  -28.693 0.6999999881
124117  26.125  -43.731  -25.051 0.4000000060
124160  33.949  -31.835  -24.206 0.8999999762
125571  34.206  -34.223  -24.328 0.8999999762
125648  30.635  -24.548  -33.633 0.6000000238
126040  31.230  -36.376  -24.246 0.8000000119
127181  34.989  -32.781  -34.766 0.6000000238
127784  26.544  -25.144  -34.743 0.8000000119
129090  34.877  -35.172  -25.193 1.0000000000
129220  34.300  -35.012  -24.569 0.8999999762
129617  28.215  -43.847  -26.067 0.4000000060
130012  31.626  -37.120  -24.286 0.8999999762
130485  28.046  -41.581  -25.909 0.6000000238
131873  26.521  -40.127  -26.855 0.6000000238
132987  22.030  -42.377  -26.048 0.5000000000
134651  29.131  -37.094  -25.024 0.6999999881
136997  27.942  -31.637  -27.052 0.6000000238
137201  26.583  -26.042  -34.262 0.8000000119
137685  33.443  -37.521  -28.811 0.8000000119
138443  35.446  -32.012  -24.872 0.8999999762
139619  26.097  -33.771  -28.040 0.4000000060
140910  30.082  -24.677  -36.301 0.6000000238
141489  31.027  -42.879  -27.772 0.4000000060
142481  26.501  -32.586  -30.129 0.5000000000
142700  30.701  -17.320  -34.781 0.3000000119
142837  32.336  -40.553  -27.402 0.6000000238
143583  30.845  -30.786  -24.675 1.0000000000
144036  28.918  -35.128  -25.764 0.8000000119
144301  36.187  -32.662  -26.252 1.0000000000
145551  30.662  -41.465  -29.774 0.4000000060
146352  32.103  -25.576  -37.350 0.6999999881
