#!ascii label  , from subject sub-v2s8x29212_ses-1 vox2ras=TkReg
1638
51866  -32.689  -23.046  54.932 0.0000000000
63550  -47.651  -9.312  35.665 0.0000000000
59466  -38.480  -14.462  45.542 0.0000000000
44060  -5.127  -32.706  54.425 0.0000000000
50195  -20.827  -24.831  51.200 0.0000000000
51019  -7.825  -23.136  54.987 0.0000000000
50970  -6.591  -23.886  62.531 0.0000000000
60331  -43.149  -12.902  40.050 0.0000000000
54519  -8.906  -20.455  48.283 0.0000000000
41431  -4.814  -35.384  61.063 0.0000000000
52786  -34.638  -22.303  48.340 0.0000000000
47412  -29.604  -26.586  51.668 0.0000000000
51032  -27.918  -23.746  53.982 0.0000000000
65157  -49.546  -7.332  33.660 0.0000000000
61143  -40.327  -11.785  42.394 0.0000000000
44915  -18.007  -30.237  49.267 0.0000000000
56117  -4.370  -19.291  51.707 0.0000000000
47378  -8.124  -28.659  55.030 0.0000000000
47444  -9.032  -28.475  50.885 0.0000000000
44914  -5.279  -31.906  49.910 0.0000000000
44840  -11.159  -31.126  60.702 0.0000000000
45623  -8.470  -30.271  63.447 0.0000000000
125520  -37.146  -16.987  47.747 0.0000000000
111091  -23.575  -21.393  54.161 0.0000000000
51081  -23.835  -24.096  48.188 0.0000000000
118618  -7.469  -23.347  59.234 0.0000000000
47354  -5.775  -29.236  58.844 0.0000000000
61195  -45.785  -12.038  38.581 0.0000000000
44853  -13.760  -30.348  57.377 0.0000000000
129587  -15.446  -29.836  53.597 0.0000000000
52770  -8.430  -22.060  51.688 0.0000000000
49323  -9.409  -26.513  47.130 0.0000000000
50954  -9.227  -24.062  63.824 0.0000000000
123624  -5.406  -29.661  62.133 0.0000000000
118532  -3.961  -34.005  58.262 0.0000000000
52739  -34.395  -21.924  54.544 0.0000000000
50182  -33.376  -24.209  52.901 0.0000000000
51882  -34.060  -22.538  53.106 0.0000000000
126786  -31.055  -25.094  54.109 0.0000000000
47415  -31.744  -26.151  51.115 0.0000000000
49246  -29.925  -24.633  55.359 0.0000000000
64343  -48.386  -8.278  34.498 0.0000000000
62003  -44.641  -10.774  35.260 0.0000000000
63563  -45.238  -9.184  33.395 0.0000000000
110887  -46.471  -8.665  31.994 0.0000000000
60294  -38.875  -13.040  43.721 0.0000000000
57894  -36.086  -16.284  44.601 0.0000000000
58696  -36.221  -14.982  42.851 0.0000000000
59501  -37.082  -13.503  41.508 0.0000000000
46471  -5.592  -30.994  54.513 0.0000000000
47405  -5.970  -30.392  52.502 0.0000000000
44899  -5.371  -32.149  51.889 0.0000000000
113480  -5.613  -33.825  49.705 0.0000000000
41517  -5.458  -34.809  51.429 0.0000000000
42337  -10.948  -33.870  59.125 0.0000000000
43165  -10.244  -33.403  61.336 0.0000000000
57002  -37.289  -17.550  49.714 0.0000000000
54507  -34.477  -20.454  51.133 0.0000000000
54522  -33.544  -20.819  48.586 0.0000000000
56154  -34.323  -18.159  49.888 0.0000000000
57028  -34.298  -17.570  47.866 0.0000000000
53584  -24.609  -20.996  56.371 0.0000000000
48390  -27.112  -25.843  50.187 0.0000000000
51050  -26.684  -23.948  51.032 0.0000000000
64369  -49.513  -8.396  29.369 0.0000000000
65186  -50.281  -6.895  28.141 0.0000000000
50977  -7.205  -23.624  60.944 0.0000000000
49236  -8.303  -26.394  59.500 0.0000000000
128045  -6.984  -26.444  60.761 0.0000000000
60348  -44.219  -12.678  39.665 0.0000000000
59515  -40.347  -13.174  38.815 0.0000000000
59525  -41.843  -13.119  38.223 0.0000000000
60360  -42.688  -12.599  37.342 0.0000000000
46444  -15.945  -28.374  59.598 0.0000000000
45645  -16.809  -28.638  58.216 0.0000000000
52741  -5.412  -22.030  54.610 0.0000000000
53626  -5.322  -21.259  52.850 0.0000000000
51879  -8.671  -22.884  53.340 0.0000000000
47469  -6.279  -29.853  48.031 0.0000000000
49298  -9.170  -27.598  48.448 0.0000000000
114497  -7.316  -28.641  46.602 0.0000000000
50960  -10.838  -24.485  63.391 0.0000000000
44010  -6.686  -32.475  63.414 0.0000000000
45618  -6.482  -30.305  63.420 0.0000000000
44836  -5.094  -31.972  62.112 0.0000000000
126321  -4.420  -31.803  60.346 0.0000000000
109773  -3.971  -35.085  59.935 0.0000000000
53639  -34.722  -20.828  51.865 0.0000000000
53586  -26.485  -21.428  56.355 0.0000000000
51852  -28.317  -23.013  55.861 0.0000000000
48365  -28.563  -25.595  52.698 0.0000000000
65998  -51.047  -6.794  31.529 0.0000000000
64361  -48.576  -8.502  30.577 0.0000000000
61158  -41.913  -12.475  40.670 0.0000000000
60342  -39.051  -13.046  39.755 0.0000000000
48426  -20.361  -27.107  48.823 0.0000000000
47445  -19.524  -27.794  50.577 0.0000000000
54510  -6.222  -20.318  49.750 0.0000000000
49244  -10.320  -26.668  55.994 0.0000000000
50179  -10.379  -25.483  53.408 0.0000000000
47407  -8.532  -28.701  52.641 0.0000000000
47440  -6.297  -30.139  49.876 0.0000000000
45722  -4.842  -31.116  47.657 0.0000000000
48308  -12.169  -27.779  60.883 0.0000000000
48302  -10.102  -27.368  62.703 0.0000000000
45627  -10.092  -30.940  62.185 0.0000000000
43157  -8.811  -33.356  63.145 0.0000000000
57883  -37.720  -15.837  46.227 0.0000000000
57055  -35.570  -17.350  45.756 0.0000000000
112005  -22.167  -22.419  51.735 0.0000000000
114229  -26.399  -21.769  54.366 0.0000000000
52773  -24.972  -21.669  51.032 0.0000000000
127364  -21.839  -23.304  49.615 0.0000000000
51842  -5.738  -22.274  56.550 0.0000000000
52703  -5.916  -22.080  57.991 0.0000000000
50996  -7.745  -23.547  57.032 0.0000000000
49240  -9.754  -26.654  57.609 0.0000000000
47362  -7.042  -28.469  57.133 0.0000000000
112021  -5.111  -31.198  56.307 0.0000000000
61999  -46.034  -11.043  37.323 0.0000000000
60367  -43.148  -12.253  36.454 0.0000000000
48319  -14.008  -27.905  60.180 0.0000000000
44847  -12.866  -30.461  58.847 0.0000000000
42355  -11.626  -33.674  57.405 0.0000000000
45690  -19.024  -28.591  52.506 0.0000000000
110192  -18.539  -28.363  54.602 0.0000000000
45655  -17.350  -28.391  56.148 0.0000000000
44860  -14.563  -30.408  55.402 0.0000000000
42376  -12.323  -33.404  55.293 0.0000000000
55303  -4.394  -19.790  53.325 0.0000000000
53640  -5.597  -20.753  51.437 0.0000000000
53647  -8.453  -21.223  50.037 0.0000000000
50194  -10.588  -25.312  51.033 0.0000000000
51066  -10.624  -24.368  49.919 0.0000000000
51923  -10.491  -23.336  47.745 0.0000000000
51790  -7.463  -23.422  64.030 0.0000000000
48298  -8.443  -27.203  64.058 0.0000000000
49203  -6.765  -26.525  64.008 0.0000000000
115341  -6.039  -26.292  62.576 0.0000000000
47338  -5.280  -29.351  60.781 0.0000000000
45641  -4.506  -31.298  58.410 0.0000000000
118013  -4.422  -33.061  56.248 0.0000000000
38850  -3.679  -38.661  60.086 0.0000000000
108821  -4.310  -37.972  58.203 0.0000000000
41503  -5.306  -35.318  54.257 0.0000000000
52738  -33.749  -22.198  54.731 0.0000000000
109572  -32.667  -22.020  55.751 0.0000000000
51033  -33.112  -23.499  54.096 0.0000000000
51875  -33.978  -22.661  53.859 0.0000000000
50169  -32.032  -24.147  54.647 0.0000000000
49261  -32.645  -24.645  53.512 0.0000000000
51005  -31.830  -23.208  55.806 0.0000000000
50160  -31.300  -23.983  55.502 0.0000000000
64337  -48.077  -8.795  35.155 0.0000000000
62794  -46.281  -10.118  35.886 0.0000000000
62800  -45.141  -10.110  34.751 0.0000000000
63557  -46.423  -9.234  34.537 0.0000000000
63565  -46.933  -8.731  34.054 0.0000000000
60284  -38.526  -13.678  44.300 0.0000000000
60274  -39.729  -12.940  45.138 0.0000000000
125294  -39.585  -13.448  45.781 0.0000000000
57903  -35.738  -16.087  43.712 0.0000000000
58689  -37.470  -14.682  44.369 0.0000000000
59491  -37.699  -13.904  43.296 0.0000000000
45664  -5.260  -31.801  54.116 0.0000000000
45676  -5.373  -31.807  53.106 0.0000000000
44088  -5.378  -32.404  52.648 0.0000000000
43248  -5.357  -32.745  52.014 0.0000000000
43233  -5.376  -32.996  52.928 0.0000000000
122087  -10.782  -34.852  58.029 0.0000000000
41447  -10.157  -34.946  59.585 0.0000000000
55318  -35.428  -19.079  51.940 0.0000000000
55326  -34.401  -19.371  50.937 0.0000000000
56140  -35.341  -18.223  50.843 0.0000000000
128420  -35.329  -17.754  49.822 0.0000000000
65176  -50.827  -7.442  29.529 0.0000000000
64374  -49.900  -7.671  28.450 0.0000000000
66009  -51.721  -5.861  28.902 0.0000000000
120630  -6.759  -23.726  61.861 0.0000000000
49219  -7.179  -25.611  61.123 0.0000000000
50140  -6.571  -25.388  62.000 0.0000000000
114913  -43.582  -12.806  39.728 0.0000000000
60333  -44.985  -12.653  40.318 0.0000000000
60345  -41.698  -13.042  39.357 0.0000000000
59516  -41.118  -13.170  38.814 0.0000000000
60346  -42.447  -12.996  39.427 0.0000000000
60352  -43.395  -12.792  39.203 0.0000000000
46451  -17.781  -28.279  59.160 0.0000000000
46452  -18.281  -28.211  58.695 0.0000000000
122715  -21.212  -24.248  52.148 0.0000000000
117864  -20.178  -25.461  51.872 0.0000000000
54525  -7.005  -19.807  47.854 0.0000000000
51869  -6.500  -22.505  54.885 0.0000000000
51877  -7.209  -22.499  53.947 0.0000000000
51871  -7.954  -22.853  54.280 0.0000000000
46544  -5.798  -29.979  46.809 0.0000000000
48436  -7.177  -28.894  47.133 0.0000000000
46556  -5.881  -29.786  46.118 0.0000000000
51799  -12.331  -23.880  63.281 0.0000000000
50130  -12.181  -25.136  62.510 0.0000000000
42327  -5.429  -34.058  62.401 0.0000000000
43153  -5.470  -33.068  62.620 0.0000000000
43161  -4.932  -33.578  61.961 0.0000000000
43164  -4.489  -33.480  60.772 0.0000000000
122089  -4.268  -35.390  60.374 0.0000000000
52750  -35.056  -21.689  53.898 0.0000000000
52767  -34.454  -21.851  52.280 0.0000000000
53632  -35.183  -20.666  52.802 0.0000000000
54494  -35.623  -19.795  52.887 0.0000000000
48357  -29.604  -25.718  53.866 0.0000000000
49250  -29.149  -25.109  54.685 0.0000000000
48366  -28.954  -26.185  52.630 0.0000000000
129773  -28.420  -26.341  51.430 0.0000000000
65158  -50.165  -6.958  33.041 0.0000000000
64352  -48.424  -7.902  32.432 0.0000000000
63575  -47.107  -8.649  31.437 0.0000000000
64353  -48.955  -7.804  31.781 0.0000000000
64358  -49.160  -8.102  31.034 0.0000000000
61157  -40.980  -12.142  41.248 0.0000000000
61144  -42.021  -11.953  41.479 0.0000000000
61950  -40.929  -11.418  43.092 0.0000000000
60302  -38.824  -12.732  42.092 0.0000000000
60325  -37.822  -13.230  41.065 0.0000000000
60312  -39.252  -12.741  41.053 0.0000000000
60313  -40.267  -12.540  40.630 0.0000000000
56129  -4.621  -19.246  50.741 0.0000000000
122720  -5.439  -19.972  49.742 0.0000000000
54508  -5.105  -20.146  50.568 0.0000000000
48348  -9.711  -27.721  55.561 0.0000000000
48353  -10.039  -27.583  54.825 0.0000000000
47385  -7.916  -28.880  54.139 0.0000000000
46491  -5.574  -30.785  50.988 0.0000000000
47420  -5.890  -30.497  51.558 0.0000000000
46504  -5.514  -30.895  50.261 0.0000000000
46518  -5.511  -30.790  49.195 0.0000000000
113458  -5.129  -31.557  48.684 0.0000000000
44139  -5.128  -32.176  48.461 0.0000000000
46438  -11.696  -29.454  60.888 0.0000000000
46436  -11.136  -29.358  61.546 0.0000000000
45631  -10.956  -30.789  61.186 0.0000000000
123612  -9.191  -34.707  61.382 0.0000000000
42328  -9.293  -33.862  62.332 0.0000000000
127187  -8.605  -34.619  62.229 0.0000000000
41429  -7.943  -34.575  62.653 0.0000000000
57871  -37.341  -16.403  46.648 0.0000000000
57030  -36.136  -17.463  47.651 0.0000000000
57029  -35.278  -17.575  47.154 0.0000000000
127150  -36.562  -17.092  46.704 0.0000000000
57057  -36.653  -16.755  46.177 0.0000000000
53621  -22.659  -21.473  53.683 0.0000000000
52755  -22.130  -21.691  53.071 0.0000000000
53622  -23.553  -21.453  53.151 0.0000000000
51865  -27.472  -22.996  55.165 0.0000000000
52722  -26.426  -21.706  55.793 0.0000000000
52748  -27.127  -22.498  54.189 0.0000000000
51058  -25.339  -23.524  49.526 0.0000000000
52774  -26.061  -22.136  51.211 0.0000000000
51902  -24.420  -22.478  49.541 0.0000000000
52778  -23.392  -22.102  50.242 0.0000000000
51911  -23.182  -22.907  48.923 0.0000000000
50228  -20.771  -24.726  48.344 0.0000000000
52700  -6.605  -22.411  59.345 0.0000000000
51824  -7.102  -23.094  58.429 0.0000000000
51830  -6.559  -22.688  57.835 0.0000000000
50988  -7.867  -23.580  58.325 0.0000000000
50998  -9.476  -24.635  57.806 0.0000000000
50990  -9.359  -25.246  58.706 0.0000000000
48328  -7.168  -27.430  59.170 0.0000000000
48333  -7.433  -27.668  58.496 0.0000000000
47361  -6.258  -28.897  57.444 0.0000000000
47368  -6.001  -29.745  56.880 0.0000000000
122045  -5.666  -30.068  57.511 0.0000000000
61993  -46.453  -11.498  38.158 0.0000000000
61994  -47.527  -11.221  38.557 0.0000000000
61988  -46.795  -11.848  38.990 0.0000000000
61190  -44.187  -12.443  38.363 0.0000000000
60361  -43.179  -12.344  37.162 0.0000000000
61198  -44.449  -11.906  37.443 0.0000000000
61998  -45.064  -11.315  36.974 0.0000000000
48311  -15.723  -27.381  60.971 0.0000000000
45640  -14.655  -29.203  58.681 0.0000000000
46448  -14.319  -29.056  59.178 0.0000000000
44850  -13.212  -30.349  58.168 0.0000000000
44028  -12.102  -32.188  58.240 0.0000000000
113921  -12.462  -32.019  57.378 0.0000000000
45705  -19.102  -29.083  50.255 0.0000000000
120576  -19.383  -28.123  51.839 0.0000000000
45696  -18.740  -29.301  50.574 0.0000000000
44891  -16.233  -29.857  52.122 0.0000000000
44882  -17.116  -29.363  52.477 0.0000000000
45666  -16.928  -28.761  53.892 0.0000000000
45660  -17.981  -28.335  55.339 0.0000000000
45665  -16.125  -28.956  54.333 0.0000000000
45654  -16.257  -28.753  55.951 0.0000000000
44870  -14.697  -30.494  54.599 0.0000000000
43211  -12.674  -32.865  54.244 0.0000000000
55297  -4.465  -19.649  54.012 0.0000000000
52761  -7.273  -22.086  52.587 0.0000000000
111176  -5.331  -20.951  52.234 0.0000000000
53635  -6.813  -21.380  51.570 0.0000000000
111639  -7.060  -21.123  50.886 0.0000000000
52777  -8.491  -21.692  50.905 0.0000000000
48389  -10.448  -27.076  51.974 0.0000000000
119013  -10.333  -25.327  52.578 0.0000000000
48402  -10.342  -27.132  50.937 0.0000000000
117900  -9.088  -27.161  47.240 0.0000000000
50214  -10.169  -26.118  48.573 0.0000000000
50225  -9.845  -25.893  47.731 0.0000000000
51078  -10.623  -24.368  48.857 0.0000000000
130772  -9.908  -24.881  47.179 0.0000000000
51087  -9.820  -24.693  46.683 0.0000000000
115554  -7.700  -24.062  64.279 0.0000000000
46432  -9.291  -29.486  62.788 0.0000000000
48300  -9.541  -27.159  63.171 0.0000000000
47326  -8.432  -28.815  63.806 0.0000000000
46430  -5.744  -29.463  62.844 0.0000000000
128304  -6.827  -28.686  63.824 0.0000000000
47325  -5.830  -28.284  63.060 0.0000000000
127968  -6.490  -25.644  63.445 0.0000000000
111071  -5.631  -28.171  62.385 0.0000000000
48306  -5.713  -27.701  61.640 0.0000000000
47332  -5.314  -29.310  61.354 0.0000000000
44023  -4.034  -33.166  59.316 0.0000000000
44844  -4.332  -31.861  59.624 0.0000000000
117730  -4.167  -32.488  58.133 0.0000000000
116264  -4.185  -32.376  57.346 0.0000000000
117545  -4.149  -33.814  57.443 0.0000000000
38045  -3.562  -39.647  59.134 0.0000000000
38857  -4.000  -38.282  59.240 0.0000000000
53601  -35.402  -20.868  54.698 0.0000000000
49272  -33.455  -24.968  51.794 0.0000000000
50190  -33.738  -23.746  51.833 0.0000000000
50183  -33.595  -23.667  52.713 0.0000000000
52749  -34.487  -22.194  54.124 0.0000000000
48368  -30.318  -26.098  53.154 0.0000000000
48370  -31.578  -25.735  52.689 0.0000000000
123280  -32.805  -24.964  52.872 0.0000000000
50168  -30.884  -24.749  54.756 0.0000000000
65156  -48.995  -7.745  34.122 0.0000000000
116678  -44.045  -9.761  32.821 0.0000000000
63569  -45.137  -9.055  32.474 0.0000000000
63574  -45.711  -8.948  31.739 0.0000000000
63570  -45.887  -8.751  32.616 0.0000000000
64348  -47.591  -8.356  33.703 0.0000000000
61142  -39.328  -12.316  42.920 0.0000000000
61938  -40.673  -11.584  44.005 0.0000000000
61131  -40.241  -12.159  44.541 0.0000000000
61121  -40.611  -12.498  45.464 0.0000000000
108831  -35.056  -17.083  44.049 0.0000000000
57079  -35.172  -16.658  43.560 0.0000000000
57915  -35.014  -15.996  42.433 0.0000000000
58703  -35.445  -15.229  42.182 0.0000000000
110489  -35.899  -14.431  41.716 0.0000000000
120322  -36.589  -14.211  42.285 0.0000000000
60301  -37.977  -13.326  42.585 0.0000000000
47376  -6.507  -29.510  55.124 0.0000000000
47393  -6.643  -29.736  53.435 0.0000000000
47383  -5.797  -30.691  53.825 0.0000000000
46483  -5.434  -31.389  52.369 0.0000000000
44907  -5.385  -32.225  50.900 0.0000000000
43285  -5.338  -32.452  49.750 0.0000000000
43267  -5.356  -32.503  50.784 0.0000000000
42422  -5.516  -34.078  50.648 0.0000000000
43169  -11.266  -32.495  59.935 0.0000000000
44019  -10.889  -31.932  60.951 0.0000000000
42332  -10.481  -33.646  60.766 0.0000000000
115989  -37.482  -17.399  49.048 0.0000000000
53643  -34.236  -21.105  50.391 0.0000000000
53655  -34.530  -21.852  48.229 0.0000000000
54513  -33.966  -20.670  49.813 0.0000000000
55331  -33.675  -19.768  49.905 0.0000000000
56165  -32.605  -18.783  48.618 0.0000000000
56999  -33.891  -17.961  49.321 0.0000000000
57017  -36.064  -17.519  48.533 0.0000000000
53599  -24.233  -21.244  55.754 0.0000000000
50181  -27.808  -24.550  52.336 0.0000000000
51045  -27.138  -23.855  52.061 0.0000000000
50196  -26.861  -24.863  50.842 0.0000000000
116092  -25.683  -24.581  49.508 0.0000000000
64379  -48.359  -8.257  27.784 0.0000000000
64380  -48.788  -7.557  27.545 0.0000000000
65193  -49.291  -6.822  27.276 0.0000000000
66023  -49.026  -6.310  26.735 0.0000000000
114364  -7.665  -23.874  60.110 0.0000000000
50983  -8.740  -24.902  59.387 0.0000000000
50144  -7.772  -25.500  60.391 0.0000000000
49234  -7.360  -26.811  59.913 0.0000000000
126111  -6.540  -27.690  59.662 0.0000000000
61191  -45.085  -12.398  38.913 0.0000000000
60334  -45.919  -12.484  40.406 0.0000000000
59532  -40.703  -13.330  37.592 0.0000000000
58725  -40.618  -13.381  36.895 0.0000000000
59541  -41.656  -13.036  36.841 0.0000000000
58727  -41.759  -13.089  37.546 0.0000000000
60353  -43.552  -12.654  38.682 0.0000000000
47336  -16.188  -27.839  60.607 0.0000000000
47344  -17.357  -27.824  60.232 0.0000000000
46450  -16.205  -28.540  59.053 0.0000000000
45643  -14.976  -29.242  58.152 0.0000000000
112910  -15.337  -31.268  50.750 0.0000000000
44077  -14.322  -31.216  53.312 0.0000000000
53603  -4.521  -20.964  54.414 0.0000000000
111608  -4.684  -20.959  53.472 0.0000000000
52752  -5.553  -21.879  53.916 0.0000000000
51883  -7.204  -22.321  53.253 0.0000000000
51884  -8.154  -22.477  52.909 0.0000000000
47457  -7.877  -28.945  49.215 0.0000000000
124414  -9.096  -28.204  49.955 0.0000000000
48411  -8.064  -28.628  48.324 0.0000000000
48424  -8.300  -28.215  47.577 0.0000000000
49333  -8.362  -27.701  46.549 0.0000000000
52677  -12.807  -22.067  63.729 0.0000000000
52684  -11.846  -23.133  63.485 0.0000000000
50955  -10.099  -24.297  63.608 0.0000000000
44006  -7.847  -31.909  63.512 0.0000000000
45619  -7.330  -30.340  63.637 0.0000000000
44831  -6.345  -31.665  63.341 0.0000000000
121246  -5.505  -30.928  62.674 0.0000000000
45626  -4.958  -30.846  61.831 0.0000000000
45630  -4.798  -30.682  61.434 0.0000000000
44835  -4.660  -31.811  61.223 0.0000000000
44020  -4.217  -32.977  60.113 0.0000000000
117057  -3.874  -34.135  59.117 0.0000000000
52787  -34.934  -22.799  48.662 0.0000000000
51052  -34.054  -22.893  50.660 0.0000000000
51904  -34.132  -22.211  50.429 0.0000000000
52781  -34.232  -22.027  49.989 0.0000000000
53638  -34.591  -20.548  51.497 0.0000000000
114869  -35.509  -19.568  52.511 0.0000000000
51024  -27.874  -23.584  54.767 0.0000000000
51013  -29.392  -23.913  55.895 0.0000000000
50165  -28.563  -24.521  54.661 0.0000000000
50173  -28.135  -24.264  53.473 0.0000000000
49270  -27.752  -25.260  51.697 0.0000000000
63577  -46.444  -9.320  30.298 0.0000000000
64368  -48.742  -8.704  29.724 0.0000000000
64359  -49.963  -7.888  30.666 0.0000000000
61173  -42.410  -12.738  40.377 0.0000000000
61160  -43.541  -12.469  41.104 0.0000000000
61145  -43.006  -11.929  41.684 0.0000000000
59507  -36.234  -13.648  40.832 0.0000000000
60343  -40.045  -13.016  39.433 0.0000000000
60329  -41.474  -12.926  39.797 0.0000000000
49301  -20.288  -25.834  50.044 0.0000000000
111169  -19.764  -26.437  50.544 0.0000000000
48414  -19.833  -27.336  50.076 0.0000000000
123474  -19.397  -28.953  48.841 0.0000000000
128562  -6.118  -19.849  48.542 0.0000000000
54517  -7.311  -20.075  48.688 0.0000000000
50161  -10.036  -24.884  55.394 0.0000000000
50171  -9.986  -24.766  54.592 0.0000000000
48354  -10.460  -26.939  54.437 0.0000000000
48376  -9.923  -27.849  53.272 0.0000000000
47424  -9.260  -28.432  52.003 0.0000000000
108911  -6.972  -29.204  52.945 0.0000000000
47422  -7.379  -29.019  51.508 0.0000000000
127488  -7.223  -29.183  50.773 0.0000000000
47455  -6.283  -30.098  48.938 0.0000000000
49210  -11.302  -26.378  62.294 0.0000000000
48307  -11.391  -27.733  61.586 0.0000000000
46435  -10.447  -29.249  62.101 0.0000000000
45625  -9.457  -30.984  62.718 0.0000000000
44016  -10.060  -32.493  62.017 0.0000000000
44012  -9.317  -32.814  62.889 0.0000000000
44011  -8.780  -32.411  63.249 0.0000000000
43156  -8.044  -33.453  63.345 0.0000000000
42321  -6.853  -34.312  62.843 0.0000000000
41432  -5.895  -35.764  62.187 0.0000000000
58670  -38.136  -15.210  45.845 0.0000000000
58671  -38.858  -14.725  46.278 0.0000000000
58661  -39.294  -15.007  47.043 0.0000000000
53660  -34.528  -21.937  47.580 0.0000000000
109853  -34.258  -17.699  44.670 0.0000000000
57881  -36.381  -16.473  45.366 0.0000000000
51887  -21.707  -23.024  52.080 0.0000000000
51894  -21.863  -22.825  51.337 0.0000000000
53585  -25.604  -21.194  56.326 0.0000000000
53600  -25.331  -21.364  55.923 0.0000000000
53624  -25.374  -21.418  54.172 0.0000000000
51889  -27.059  -23.112  52.598 0.0000000000
122043  -26.097  -21.680  52.829 0.0000000000
53630  -24.438  -21.427  52.648 0.0000000000
115945  -23.714  -21.778  51.153 0.0000000000
51900  -22.302  -22.642  50.409 0.0000000000
51057  -21.219  -24.045  50.641 0.0000000000
50217  -20.826  -24.493  49.165 0.0000000000
66848  -49.634  -5.004  26.120 0.0000000000
67669  -49.619  -4.284  25.434 0.0000000000
68460  -50.309  -3.870  25.196 0.0000000000
52729  -5.286  -22.082  55.269 0.0000000000
51857  -6.397  -22.535  55.609 0.0000000000
110424  -5.494  -21.919  57.330 0.0000000000
121009  -6.764  -22.848  56.997 0.0000000000
51007  -8.650  -23.923  56.334 0.0000000000
51008  -9.550  -24.493  56.794 0.0000000000
49243  -10.084  -26.899  56.795 0.0000000000
48343  -8.946  -27.868  56.704 0.0000000000
116481  -8.900  -26.643  58.758 0.0000000000
48339  -8.668  -27.637  57.488 0.0000000000
47370  -7.338  -28.607  56.287 0.0000000000
119588  -6.344  -29.765  55.905 0.0000000000
120512  -5.346  -31.232  55.328 0.0000000000
44868  -4.846  -31.986  54.842 0.0000000000
62795  -47.148  -9.824  36.220 0.0000000000
59549  -41.571  -13.029  36.116 0.0000000000
59550  -42.111  -12.759  36.018 0.0000000000
61209  -42.902  -12.262  35.319 0.0000000000
62002  -44.162  -11.471  35.750 0.0000000000
62788  -45.683  -10.698  36.457 0.0000000000
48309  -13.090  -27.824  60.315 0.0000000000
46439  -12.393  -29.451  60.304 0.0000000000
108744  -14.960  -28.509  59.560 0.0000000000
45636  -13.430  -29.533  59.409 0.0000000000
44843  -12.239  -30.493  59.707 0.0000000000
43173  -11.643  -33.095  58.250 0.0000000000
115553  -19.612  -27.077  52.060 0.0000000000
47409  -19.865  -27.805  53.143 0.0000000000
46486  -19.804  -28.013  53.442 0.0000000000
45688  -17.986  -29.434  51.547 0.0000000000
45680  -19.351  -28.317  53.312 0.0000000000
46472  -19.809  -27.881  54.313 0.0000000000
108515  -19.346  -27.933  55.543 0.0000000000
114374  -18.953  -27.929  57.066 0.0000000000
109037  -18.491  -28.154  57.732 0.0000000000
45650  -17.318  -28.574  57.777 0.0000000000
115275  -15.665  -28.812  56.737 0.0000000000
44856  -13.905  -30.646  56.485 0.0000000000
112284  -13.619  -31.727  54.670 0.0000000000
44047  -13.503  -31.618  55.429 0.0000000000
44037  -12.912  -32.189  55.922 0.0000000000
42364  -12.242  -33.356  55.968 0.0000000000
125736  -4.308  -19.532  52.376 0.0000000000
121664  -4.691  -20.550  52.723 0.0000000000
54496  -4.613  -20.341  52.243 0.0000000000
54503  -4.793  -20.261  51.434 0.0000000000
54505  -5.882  -20.566  50.615 0.0000000000
53646  -7.405  -20.901  50.148 0.0000000000
53653  -8.727  -20.781  49.115 0.0000000000
130525  -9.429  -23.949  53.667 0.0000000000
51042  -9.554  -23.680  52.767 0.0000000000
51047  -9.634  -23.364  52.173 0.0000000000
49287  -10.216  -27.105  49.921 0.0000000000
50204  -10.633  -25.319  50.177 0.0000000000
51897  -9.866  -22.857  51.136 0.0000000000
51907  -10.043  -22.670  50.523 0.0000000000
52785  -10.419  -22.159  48.949 0.0000000000
52788  -10.181  -21.539  48.534 0.0000000000
52793  -10.472  -22.628  47.110 0.0000000000
49208  -10.663  -26.118  62.831 0.0000000000
49207  -9.431  -26.474  63.451 0.0000000000
117880  -8.457  -25.640  64.186 0.0000000000
47322  -7.587  -28.750  64.135 0.0000000000
48297  -7.912  -27.213  64.385 0.0000000000
50117  -7.799  -25.493  64.348 0.0000000000
113169  -7.241  -24.621  63.937 0.0000000000
129314  -6.890  -24.700  63.522 0.0000000000
50128  -6.497  -24.749  62.697 0.0000000000
49218  -6.153  -26.275  62.055 0.0000000000
48317  -5.808  -27.916  60.977 0.0000000000
47348  -5.710  -29.044  59.730 0.0000000000
127910  -4.713  -30.417  60.816 0.0000000000
46447  -4.968  -29.958  59.615 0.0000000000
46455  -5.112  -30.189  58.811 0.0000000000
46460  -4.929  -30.937  57.259 0.0000000000
44858  -4.435  -32.275  56.435 0.0000000000
44046  -4.726  -32.738  55.443 0.0000000000
39710  -4.773  -37.085  61.350 0.0000000000
38030  -4.154  -39.350  61.172 0.0000000000
109716  -4.164  -37.290  60.796 0.0000000000
124347  -4.054  -36.220  60.166 0.0000000000
110412  -4.238  -36.113  59.173 0.0000000000
41464  -4.284  -35.474  57.929 0.0000000000
39757  -4.540  -37.406  56.684 0.0000000000
41473  -4.421  -35.216  57.120 0.0000000000
41483  -4.750  -35.036  56.366 0.0000000000
42384  -5.201  -34.527  54.806 0.0000000000
42395  -5.275  -34.265  53.939 0.0000000000
126064  -5.401  -34.867  53.232 0.0000000000
40667  -5.549  -36.675  51.393 0.0000000000
51855  -32.886  -22.461  55.152 0.0000000000
52725  -32.828  -22.281  55.372 0.0000000000
51028  -32.923  -23.239  54.519 0.0000000000
51867  -33.284  -22.709  54.619 0.0000000000
51027  -32.381  -23.571  54.848 0.0000000000
50170  -32.640  -23.805  54.368 0.0000000000
51854  -32.436  -22.869  55.370 0.0000000000
51018  -32.120  -23.381  55.310 0.0000000000
52717  -32.139  -22.605  55.907 0.0000000000
63551  -48.489  -8.966  35.994 0.0000000000
63549  -46.789  -9.549  35.360 0.0000000000
62801  -45.920  -9.756  35.072 0.0000000000
63558  -47.276  -9.071  34.865 0.0000000000
121562  -38.136  -14.256  44.788 0.0000000000
59475  -38.941  -13.721  45.184 0.0000000000
58679  -37.769  -14.934  45.129 0.0000000000
58678  -37.056  -15.301  44.713 0.0000000000
44878  -5.243  -32.174  54.056 0.0000000000
120082  -5.313  -32.381  53.686 0.0000000000
44075  -5.336  -32.672  53.548 0.0000000000
41465  -10.417  -35.253  57.772 0.0000000000
56125  -35.667  -18.481  51.490 0.0000000000
51808  -6.486  -23.034  62.121 0.0000000000
124046  -6.680  -24.466  62.217 0.0000000000
60332  -44.095  -12.717  40.202 0.0000000000
60314  -43.854  -12.663  40.627 0.0000000000
60330  -42.324  -12.976  39.945 0.0000000000
60347  -43.038  -12.924  39.469 0.0000000000
47346  -19.241  -27.550  59.720 0.0000000000
47350  -18.437  -27.916  59.386 0.0000000000
47351  -18.851  -27.892  58.864 0.0000000000
51049  -21.251  -24.189  51.533 0.0000000000
120475  -20.817  -24.791  52.075 0.0000000000
54527  -8.200  -19.960  47.688 0.0000000000
54526  -7.443  -19.761  47.085 0.0000000000
51870  -7.203  -22.651  54.622 0.0000000000
51029  -8.610  -23.519  54.590 0.0000000000
47483  -6.264  -29.567  46.683 0.0000000000
108372  -5.195  -35.538  61.592 0.0000000000
42326  -4.987  -34.590  61.575 0.0000000000
42325  -4.594  -34.882  60.746 0.0000000000
41438  -4.474  -35.808  60.754 0.0000000000
53615  -35.470  -20.957  54.117 0.0000000000
128600  -35.281  -21.025  53.535 0.0000000000
128755  -35.715  -20.163  53.557 0.0000000000
120728  -29.763  -26.105  53.293 0.0000000000
108568  -29.313  -25.979  53.335 0.0000000000
47398  -29.243  -26.492  52.166 0.0000000000
65161  -49.378  -7.451  32.524 0.0000000000
65160  -48.896  -7.650  33.238 0.0000000000
121610  -41.258  -11.642  42.148 0.0000000000
61156  -39.777  -12.260  41.647 0.0000000000
56967  -4.656  -18.301  51.919 0.0000000000
110196  -4.567  -18.726  51.247 0.0000000000
55320  -4.651  -19.868  51.089 0.0000000000
47379  -8.992  -28.299  55.298 0.0000000000
47386  -8.825  -28.535  54.428 0.0000000000
46503  -5.424  -31.207  50.562 0.0000000000
45703  -5.336  -31.481  49.933 0.0000000000
46517  -5.468  -30.919  49.866 0.0000000000
124460  -5.275  -31.627  49.367 0.0000000000
44921  -4.978  -31.985  48.225 0.0000000000
117932  -5.232  -31.925  49.070 0.0000000000
45632  -11.597  -30.253  60.641 0.0000000000
114111  -11.160  -30.090  61.306 0.0000000000
41439  -8.960  -34.657  61.768 0.0000000000
57044  -36.998  -16.852  47.032 0.0000000000
57863  -37.721  -16.626  47.660 0.0000000000
57033  -38.363  -16.723  48.606 0.0000000000
52791  -35.080  -23.182  48.049 0.0000000000
114873  -36.171  -17.407  46.868 0.0000000000
115484  -23.630  -21.321  55.071 0.0000000000
51873  -27.551  -23.155  54.409 0.0000000000
51070  -24.995  -23.901  48.939 0.0000000000
51912  -24.307  -22.951  48.983 0.0000000000
51918  -23.180  -23.367  48.472 0.0000000000
51080  -22.578  -23.713  48.131 0.0000000000
51090  -23.206  -24.311  47.434 0.0000000000
51817  -6.839  -22.775  59.068 0.0000000000
50989  -8.794  -24.301  58.599 0.0000000000
48332  -6.591  -27.985  58.792 0.0000000000
47355  -6.177  -28.721  58.377 0.0000000000
47360  -5.832  -29.387  57.910 0.0000000000
61992  -45.426  -11.689  37.793 0.0000000000
61194  -44.914  -12.126  38.130 0.0000000000
118229  -43.833  -12.290  37.636 0.0000000000
45642  -14.162  -29.795  58.194 0.0000000000
44852  -12.771  -31.048  57.436 0.0000000000
45704  -18.778  -29.491  49.543 0.0000000000
44910  -18.293  -29.775  49.834 0.0000000000
44880  -15.580  -29.936  52.970 0.0000000000
44881  -16.547  -29.300  52.994 0.0000000000
44872  -15.924  -29.269  53.616 0.0000000000
44871  -15.425  -29.719  54.253 0.0000000000
44879  -14.908  -30.466  53.670 0.0000000000
52762  -8.006  -22.178  52.299 0.0000000000
52769  -7.453  -21.791  51.971 0.0000000000
52776  -7.647  -21.563  51.302 0.0000000000
113699  -9.889  -27.862  51.430 0.0000000000
48401  -9.763  -27.812  50.412 0.0000000000
49311  -9.490  -26.828  47.897 0.0000000000
50226  -10.166  -24.928  47.767 0.0000000000
50238  -9.640  -25.579  46.999 0.0000000000
50237  -9.252  -26.409  46.516 0.0000000000
50953  -8.354  -24.102  64.249 0.0000000000
46431  -8.683  -29.496  63.361 0.0000000000
47327  -8.987  -28.561  63.153 0.0000000000
121273  -5.604  -28.933  62.458 0.0000000000
47329  -5.466  -29.039  61.915 0.0000000000
47333  -5.556  -28.368  61.766 0.0000000000
128770  -5.214  -29.713  61.649 0.0000000000
43172  -3.905  -33.540  58.727 0.0000000000
44026  -4.072  -32.976  58.454 0.0000000000
43179  -4.044  -33.345  57.948 0.0000000000
123183  -3.308  -41.426  58.764 0.0000000000
117457  -3.428  -40.522  58.974 0.0000000000
117645  -34.811  -21.434  54.745 0.0000000000
50188  -33.345  -24.734  52.341 0.0000000000
116445  -33.543  -24.370  52.191 0.0000000000
51868  -33.900  -22.428  54.377 0.0000000000
53614  -34.975  -21.546  54.388 0.0000000000
48359  -30.673  -25.592  53.649 0.0000000000
48369  -30.936  -25.924  52.940 0.0000000000
48360  -31.309  -25.463  53.438 0.0000000000
49266  -33.066  -24.435  53.263 0.0000000000
126589  -33.154  -24.723  52.695 0.0000000000
49271  -33.079  -25.217  52.170 0.0000000000
110065  -31.389  -24.250  55.034 0.0000000000
50159  -30.899  -24.286  55.441 0.0000000000
65153  -49.756  -7.426  34.761 0.0000000000
64344  -49.192  -7.979  34.928 0.0000000000
62009  -44.016  -11.232  34.912 0.0000000000
62008  -43.236  -11.631  34.572 0.0000000000
63556  -45.588  -9.475  34.233 0.0000000000
110573  -44.859  -9.785  33.921 0.0000000000
62807  -44.570  -9.412  33.057 0.0000000000
128338  -45.516  -8.864  33.009 0.0000000000
126796  -47.661  -8.655  34.468 0.0000000000
64349  -48.270  -7.951  33.486 0.0000000000
61130  -39.522  -12.551  44.098 0.0000000000
60275  -40.244  -13.063  46.032 0.0000000000
60276  -40.983  -12.735  46.383 0.0000000000
57080  -35.555  -16.695  44.267 0.0000000000
58687  -36.253  -15.355  43.432 0.0000000000
57910  -35.262  -16.216  43.093 0.0000000000
57911  -35.681  -15.563  42.884 0.0000000000
58704  -35.948  -14.916  42.422 0.0000000000
58697  -36.713  -14.695  43.151 0.0000000000
60293  -38.243  -13.520  43.472 0.0000000000
117090  -38.581  -12.919  42.959 0.0000000000
130792  -5.841  -30.677  54.574 0.0000000000
128509  -6.175  -30.370  54.231 0.0000000000
44888  -5.375  -32.162  52.844 0.0000000000
45687  -5.389  -31.746  51.925 0.0000000000
128011  -5.410  -31.850  51.274 0.0000000000
44101  -5.394  -32.292  51.211 0.0000000000
42413  -5.370  -33.890  51.658 0.0000000000
43249  -5.350  -33.165  51.313 0.0000000000
108837  -5.579  -35.351  50.437 0.0000000000
124981  -5.512  -35.795  51.173 0.0000000000
43171  -11.144  -33.233  59.600 0.0000000000
43168  -10.941  -33.184  60.356 0.0000000000
42335  -10.671  -33.874  59.984 0.0000000000
54514  -34.165  -20.873  50.203 0.0000000000
54506  -34.168  -20.107  50.626 0.0000000000
56139  -34.487  -18.639  50.509 0.0000000000
55325  -34.043  -19.362  50.405 0.0000000000
56153  -33.718  -18.782  49.802 0.0000000000
55334  -32.998  -19.342  49.203 0.0000000000
56166  -33.128  -18.409  49.038 0.0000000000
125687  -36.553  -17.638  49.763 0.0000000000
57001  -35.793  -17.604  49.407 0.0000000000
53583  -23.673  -20.807  56.309 0.0000000000
50187  -27.348  -24.974  51.573 0.0000000000
50186  -27.213  -24.481  51.748 0.0000000000
49280  -26.843  -25.441  50.340 0.0000000000
64373  -48.817  -8.731  28.901 0.0000000000
63598  -48.191  -8.855  28.327 0.0000000000
130056  -49.538  -8.250  28.766 0.0000000000
65185  -49.571  -7.285  27.846 0.0000000000
66017  -49.974  -6.533  27.565 0.0000000000
50978  -7.564  -24.652  60.771 0.0000000000
49231  -7.495  -26.136  60.482 0.0000000000
48318  -6.368  -27.205  60.651 0.0000000000
60354  -44.354  -12.577  39.129 0.0000000000
60349  -45.259  -12.527  39.712 0.0000000000
59522  -39.764  -13.218  38.143 0.0000000000
59524  -41.237  -13.230  38.232 0.0000000000
59533  -41.245  -13.262  37.584 0.0000000000
125256  -42.935  -12.814  38.626 0.0000000000
129358  -43.873  -12.675  39.201 0.0000000000
115717  -17.990  -27.597  60.354 0.0000000000
119478  -17.114  -28.541  58.781 0.0000000000
46445  -16.988  -28.293  59.594 0.0000000000
46457  -16.318  -28.616  58.563 0.0000000000
46456  -15.536  -28.795  58.613 0.0000000000
45644  -15.830  -28.773  58.132 0.0000000000
114758  -14.782  -31.482  51.259 0.0000000000
44102  -14.152  -31.960  51.433 0.0000000000
52740  -4.704  -21.380  54.616 0.0000000000
52751  -5.019  -21.620  54.221 0.0000000000
51878  -8.005  -22.648  53.616 0.0000000000
52753  -6.353  -22.178  53.679 0.0000000000
47456  -7.328  -29.248  48.567 0.0000000000
47470  -6.945  -29.313  47.828 0.0000000000
48435  -6.810  -29.081  46.621 0.0000000000
48437  -7.871  -28.293  46.968 0.0000000000
48447  -7.696  -28.232  46.320 0.0000000000
111828  -7.025  -28.780  46.064 0.0000000000
124480  -11.518  -23.922  63.380 0.0000000000
51798  -10.831  -23.562  63.521 0.0000000000
43151  -7.550  -32.630  63.491 0.0000000000
44005  -7.179  -31.795  63.523 0.0000000000
44008  -5.334  -32.115  62.458 0.0000000000
44830  -5.661  -31.530  62.906 0.0000000000
44829  -5.246  -31.408  62.316 0.0000000000
45620  -5.158  -31.001  62.189 0.0000000000
119901  -4.964  -31.298  61.867 0.0000000000
44838  -4.796  -31.246  61.537 0.0000000000
44014  -4.762  -32.216  61.483 0.0000000000
42330  -4.327  -34.283  60.455 0.0000000000
43167  -4.221  -33.591  60.303 0.0000000000
125967  -4.037  -34.243  60.095 0.0000000000
43170  -3.944  -33.778  59.707 0.0000000000
42333  -3.911  -34.512  59.777 0.0000000000
51919  -35.077  -23.088  48.255 0.0000000000
51913  -34.911  -22.923  49.098 0.0000000000
125334  -33.904  -23.440  51.126 0.0000000000
51051  -33.882  -22.936  51.684 0.0000000000
120174  -34.734  -21.260  52.301 0.0000000000
51896  -34.111  -22.253  51.497 0.0000000000
52775  -34.333  -21.559  51.349 0.0000000000
53644  -34.267  -21.204  50.767 0.0000000000
115761  -31.191  -26.469  50.784 0.0000000000
51011  -27.947  -23.403  55.273 0.0000000000
51014  -29.950  -23.937  56.131 0.0000000000
50157  -29.646  -24.310  55.608 0.0000000000
49257  -29.029  -25.421  54.125 0.0000000000
49249  -28.791  -25.019  54.422 0.0000000000
50174  -28.462  -24.718  54.017 0.0000000000
49255  -28.330  -24.901  53.069 0.0000000000
49264  -28.160  -25.130  52.281 0.0000000000
48392  -28.142  -26.408  50.943 0.0000000000
62815  -45.588  -9.326  30.870 0.0000000000
109553  -46.406  -8.956  31.119 0.0000000000
63579  -47.809  -8.598  30.994 0.0000000000
63578  -47.165  -8.971  30.588 0.0000000000
63585  -47.953  -8.908  30.129 0.0000000000
63591  -48.134  -9.104  29.314 0.0000000000
65165  -49.665  -7.600  31.526 0.0000000000
65166  -50.516  -7.392  31.150 0.0000000000
127077  -51.226  -7.089  30.797 0.0000000000
61159  -42.693  -12.433  40.904 0.0000000000
61951  -42.137  -11.368  42.688 0.0000000000
61952  -43.411  -11.575  42.567 0.0000000000
61132  -41.005  -11.826  44.798 0.0000000000
61939  -41.413  -11.297  43.906 0.0000000000
59500  -36.542  -13.741  41.467 0.0000000000
60326  -38.720  -13.013  40.593 0.0000000000
61171  -41.227  -12.653  40.325 0.0000000000
60328  -40.625  -12.848  39.879 0.0000000000
61172  -41.906  -12.824  40.174 0.0000000000
48413  -20.278  -26.598  49.554 0.0000000000
129579  -20.196  -27.287  49.430 0.0000000000
109071  -4.959  -19.315  48.926 0.0000000000
54516  -5.802  -19.827  48.947 0.0000000000
127148  -6.052  -20.033  49.217 0.0000000000
131085  -6.555  -19.957  48.783 0.0000000000
54511  -6.941  -20.406  49.532 0.0000000000
50162  -10.340  -25.767  55.740 0.0000000000
130191  -10.322  -25.486  55.023 0.0000000000
49247  -10.431  -26.311  55.140 0.0000000000
47396  -9.434  -28.258  53.835 0.0000000000
48361  -10.016  -27.735  54.102 0.0000000000
47408  -9.339  -28.328  52.953 0.0000000000
109700  -6.455  -29.838  52.722 0.0000000000
108438  -6.324  -30.086  50.872 0.0000000000
109705  -6.392  -29.996  51.843 0.0000000000
47421  -6.801  -29.483  51.223 0.0000000000
47441  -6.829  -29.561  50.206 0.0000000000
46531  -5.371  -30.862  48.866 0.0000000000
46532  -5.456  -30.617  48.308 0.0000000000
43286  -5.567  -33.198  49.199 0.0000000000
43304  -5.373  -32.577  48.718 0.0000000000
42432  -5.606  -34.295  48.795 0.0000000000
48304  -11.955  -26.821  61.512 0.0000000000
120945  -10.786  -29.912  61.791 0.0000000000
120942  -10.319  -30.109  62.152 0.0000000000
120547  -9.699  -30.235  62.537 0.0000000000
44017  -10.465  -32.038  61.555 0.0000000000
43162  -10.001  -33.091  61.837 0.0000000000
42324  -8.932  -33.936  62.706 0.0000000000
43158  -9.288  -33.499  62.670 0.0000000000
44833  -9.228  -31.839  62.923 0.0000000000
43152  -8.250  -32.655  63.427 0.0000000000
42323  -8.449  -34.038  62.941 0.0000000000
41434  -7.658  -35.379  62.287 0.0000000000
41428  -7.362  -34.929  62.589 0.0000000000
41433  -6.857  -35.883  62.339 0.0000000000
41427  -6.455  -35.079  62.537 0.0000000000
58660  -38.504  -15.437  46.640 0.0000000000
53654  -34.417  -21.555  48.269 0.0000000000
57041  -34.898  -17.618  46.312 0.0000000000
57054  -34.674  -17.617  45.347 0.0000000000
57882  -37.008  -16.191  45.810 0.0000000000
58669  -37.358  -15.572  45.470 0.0000000000
52764  -22.023  -22.161  52.409 0.0000000000
51893  -21.507  -23.646  51.815 0.0000000000
112800  -26.032  -21.654  55.254 0.0000000000
126849  -25.725  -21.559  54.748 0.0000000000
53613  -25.158  -21.425  55.119 0.0000000000
51888  -26.703  -23.082  51.596 0.0000000000
52780  -25.481  -22.251  50.502 0.0000000000
53637  -25.451  -21.573  52.060 0.0000000000
53631  -25.313  -21.420  53.138 0.0000000000
53636  -24.406  -21.547  51.793 0.0000000000
53629  -23.575  -21.590  52.190 0.0000000000
51910  -22.344  -22.933  49.630 0.0000000000
51909  -21.672  -23.257  50.169 0.0000000000
50205  -20.774  -24.896  50.105 0.0000000000
120206  -20.835  -24.979  47.541 0.0000000000
50227  -20.437  -25.576  48.097 0.0000000000
126385  -50.184  -5.700  26.895 0.0000000000
66844  -49.647  -5.700  26.621 0.0000000000
66849  -50.356  -5.236  26.547 0.0000000000
68461  -51.221  -3.804  25.276 0.0000000000
52718  -4.834  -21.606  56.149 0.0000000000
52719  -5.243  -22.023  55.980 0.0000000000
51856  -5.772  -22.299  55.808 0.0000000000
53551  -6.160  -21.743  58.580 0.0000000000
51829  -5.884  -22.269  57.401 0.0000000000
51831  -7.149  -23.171  57.725 0.0000000000
51844  -6.981  -22.862  56.181 0.0000000000
50152  -9.841  -25.753  57.991 0.0000000000
123543  -10.101  -26.178  57.270 0.0000000000
48344  -9.639  -27.529  56.428 0.0000000000
48340  -9.463  -27.335  57.211 0.0000000000
50147  -8.341  -25.619  59.828 0.0000000000
50148  -9.007  -25.867  59.271 0.0000000000
48338  -7.697  -27.897  57.695 0.0000000000
48342  -8.009  -28.157  56.886 0.0000000000
47377  -6.731  -29.018  55.658 0.0000000000
47369  -6.465  -28.989  56.514 0.0000000000
47367  -5.595  -30.443  56.797 0.0000000000
47374  -5.516  -30.877  56.088 0.0000000000
45657  -5.021  -31.611  55.015 0.0000000000
130373  -4.960  -31.547  55.811 0.0000000000
62789  -46.629  -10.414  36.775 0.0000000000
62790  -47.545  -10.094  37.143 0.0000000000
62785  -47.085  -10.841  37.649 0.0000000000
59455  -39.586  -14.266  46.715 0.0000000000
59542  -42.122  -12.774  36.738 0.0000000000
60366  -42.629  -12.520  36.611 0.0000000000
61202  -42.690  -12.477  35.938 0.0000000000
126006  -43.185  -12.192  35.887 0.0000000000
61210  -43.529  -11.832  35.466 0.0000000000
61203  -43.646  -11.920  36.185 0.0000000000
126777  -44.846  -11.064  36.101 0.0000000000
48310  -14.042  -27.174  60.604 0.0000000000
47340  -13.317  -28.593  59.966 0.0000000000
47343  -16.532  -28.079  60.158 0.0000000000
47342  -15.640  -28.197  60.081 0.0000000000
45639  -13.661  -29.799  58.866 0.0000000000
45638  -12.865  -30.196  59.319 0.0000000000
45635  -12.778  -29.946  59.683 0.0000000000
44846  -12.199  -30.960  59.220 0.0000000000
44024  -11.564  -31.710  59.499 0.0000000000
43181  -12.130  -32.855  57.452 0.0000000000
42354  -11.168  -34.405  57.780 0.0000000000
41467  -11.270  -34.359  56.933 0.0000000000
48403  -19.460  -27.084  51.062 0.0000000000
47425  -19.464  -27.694  51.632 0.0000000000
46493  -19.255  -28.361  52.149 0.0000000000
122173  -19.621  -27.805  52.421 0.0000000000
46494  -19.632  -28.052  52.743 0.0000000000
46485  -19.572  -28.206  53.018 0.0000000000
44901  -17.335  -29.876  50.942 0.0000000000
44892  -17.199  -29.622  51.789 0.0000000000
110092  -18.250  -28.702  53.197 0.0000000000
45668  -18.897  -28.394  53.781 0.0000000000
130313  -19.547  -28.123  53.962 0.0000000000
46467  -19.349  -28.101  54.684 0.0000000000
45656  -18.278  -28.191  56.306 0.0000000000
124484  -18.464  -28.179  57.136 0.0000000000
45651  -17.826  -28.419  57.249 0.0000000000
46461  -17.889  -28.522  57.879 0.0000000000
45653  -15.217  -29.536  55.834 0.0000000000
118784  -14.970  -29.500  56.642 0.0000000000
44857  -14.466  -30.203  56.161 0.0000000000
43223  -13.383  -32.309  53.380 0.0000000000
44061  -13.748  -31.770  53.794 0.0000000000
43200  -12.654  -32.817  54.874 0.0000000000
43201  -13.068  -32.246  55.149 0.0000000000
113244  -12.604  -32.822  55.564 0.0000000000
43190  -12.498  -32.854  56.132 0.0000000000
56101  -4.444  -19.173  53.733 0.0000000000
56102  -4.434  -18.637  53.387 0.0000000000
56108  -4.324  -19.360  53.011 0.0000000000
53617  -5.055  -21.369  53.477 0.0000000000
54489  -4.600  -20.596  53.242 0.0000000000
53625  -4.905  -20.897  52.888 0.0000000000
53634  -6.028  -21.189  51.854 0.0000000000
54497  -5.040  -20.574  51.776 0.0000000000
54504  -5.305  -20.428  50.985 0.0000000000
53641  -6.282  -20.935  51.130 0.0000000000
53642  -7.777  -21.326  50.665 0.0000000000
53652  -7.788  -20.587  49.373 0.0000000000
122551  -9.960  -24.676  53.864 0.0000000000
50184  -10.418  -25.287  51.808 0.0000000000
51043  -10.031  -24.353  52.340 0.0000000000
51048  -10.240  -24.324  51.590 0.0000000000
48400  -9.510  -27.687  49.441 0.0000000000
49299  -9.868  -26.946  48.937 0.0000000000
50215  -10.573  -25.316  49.214 0.0000000000
51056  -10.496  -24.344  50.807 0.0000000000
51898  -10.322  -23.489  50.625 0.0000000000
51908  -10.558  -23.393  49.764 0.0000000000
111464  -10.494  -24.019  48.096 0.0000000000
51917  -10.604  -23.148  48.781 0.0000000000
52789  -10.483  -22.413  48.147 0.0000000000
53658  -10.342  -21.658  47.633 0.0000000000
51789  -7.085  -23.488  63.582 0.0000000000
49209  -10.651  -26.852  62.567 0.0000000000
48299  -8.967  -27.100  63.585 0.0000000000
50119  -9.275  -25.644  63.714 0.0000000000
49205  -8.779  -26.422  63.900 0.0000000000
46427  -7.806  -29.618  63.952 0.0000000000
46426  -6.940  -29.504  63.681 0.0000000000
48295  -6.581  -27.276  63.863 0.0000000000
115781  -7.636  -27.889  64.272 0.0000000000
48296  -7.223  -27.199  64.209 0.0000000000
49204  -8.161  -26.392  64.319 0.0000000000
118434  -7.380  -26.227  64.238 0.0000000000
50116  -7.210  -25.223  64.054 0.0000000000
120995  -6.260  -25.857  63.148 0.0000000000
50114  -6.645  -25.163  63.418 0.0000000000
50127  -6.370  -25.314  62.989 0.0000000000
125439  -6.613  -24.718  63.111 0.0000000000
50139  -6.286  -25.596  62.533 0.0000000000
114902  -5.875  -26.933  62.027 0.0000000000
48305  -5.542  -28.591  61.200 0.0000000000
47339  -5.609  -28.804  60.524 0.0000000000
48327  -5.979  -28.203  60.154 0.0000000000
47347  -5.279  -29.474  60.086 0.0000000000
45629  -4.543  -31.175  60.761 0.0000000000
45633  -4.530  -31.138  60.226 0.0000000000
44848  -4.277  -31.905  58.701 0.0000000000
45637  -4.492  -31.172  59.328 0.0000000000
46446  -4.755  -30.549  59.060 0.0000000000
46454  -4.832  -30.773  58.191 0.0000000000
123521  -5.179  -30.474  58.054 0.0000000000
45646  -4.554  -31.438  57.518 0.0000000000
44036  -4.224  -32.603  56.841 0.0000000000
130486  -4.261  -32.332  56.906 0.0000000000
126437  -4.469  -32.555  56.169 0.0000000000
43199  -4.692  -33.365  55.780 0.0000000000
38834  -4.819  -38.098  61.417 0.0000000000
123348  -3.528  -39.421  59.859 0.0000000000
38037  -3.773  -39.649  60.602 0.0000000000
38842  -3.882  -38.784  60.797 0.0000000000
38838  -4.202  -38.299  61.132 0.0000000000
39718  -3.911  -37.949  60.541 0.0000000000
126613  -4.008  -37.003  60.313 0.0000000000
39736  -4.243  -37.385  59.070 0.0000000000
125935  -4.318  -36.666  58.943 0.0000000000
40607  -4.314  -36.160  58.445 0.0000000000
113926  -4.395  -36.963  58.271 0.0000000000
40623  -4.531  -36.582  56.958 0.0000000000
114525  -4.652  -35.875  56.606 0.0000000000
41484  -5.051  -35.770  55.812 0.0000000000
41495  -5.204  -35.274  55.124 0.0000000000
115550  -34.079  -21.395  55.298 0.0000000000
52726  -33.536  -21.946  55.075 0.0000000000
53587  -33.299  -21.682  55.477 0.0000000000
51039  -33.255  -23.825  53.596 0.0000000000
51034  -33.481  -23.203  53.873 0.0000000000
51874  -33.440  -22.931  54.252 0.0000000000
49253  -31.486  -24.614  54.467 0.0000000000
50175  -31.967  -24.589  54.195 0.0000000000
50176  -32.410  -24.351  54.077 0.0000000000
50177  -32.885  -24.099  53.854 0.0000000000
51004  -31.266  -23.471  56.266 0.0000000000
51017  -31.530  -23.643  55.690 0.0000000000
51026  -31.794  -23.823  55.195 0.0000000000
64338  -48.893  -8.432  35.445 0.0000000000
62793  -45.410  -10.407  35.575 0.0000000000
63564  -46.010  -8.878  33.582 0.0000000000
60285  -39.102  -13.213  44.533 0.0000000000
57904  -36.408  -15.659  44.237 0.0000000000
58688  -36.829  -15.020  43.909 0.0000000000
59483  -37.276  -14.421  43.591 0.0000000000
59484  -37.873  -14.101  43.981 0.0000000000
46470  -5.398  -31.341  54.333 0.0000000000
124171  -5.640  -30.880  53.797 0.0000000000
43234  -5.343  -33.422  52.441 0.0000000000
117461  -5.400  -34.371  52.373 0.0000000000
41458  -10.893  -34.459  58.558 0.0000000000
41448  -10.563  -34.450  59.320 0.0000000000
41457  -10.422  -35.052  58.677 0.0000000000
40609  -9.887  -35.571  58.241 0.0000000000
55327  -34.722  -19.686  51.433 0.0000000000
55317  -34.939  -18.874  51.328 0.0000000000
56988  -34.980  -17.969  50.152 0.0000000000
56989  -35.848  -17.754  50.259 0.0000000000
54468  -24.135  -20.629  56.424 0.0000000000
49290  -26.520  -25.666  49.756 0.0000000000
64370  -50.168  -7.957  29.068 0.0000000000
65178  -50.598  -7.209  28.795 0.0000000000
66826  -52.276  -5.340  29.251 0.0000000000
120310  -6.690  -23.065  61.357 0.0000000000
50141  -7.071  -24.571  61.599 0.0000000000
117012  -6.491  -26.351  61.433 0.0000000000
60315  -44.738  -12.662  40.808 0.0000000000
60344  -40.909  -13.035  39.332 0.0000000000
59517  -41.830  -13.108  38.835 0.0000000000
59518  -42.560  -12.962  38.867 0.0000000000
47349  -17.857  -27.937  59.831 0.0000000000
46458  -17.604  -28.567  58.197 0.0000000000
51886  -21.266  -23.876  52.526 0.0000000000
127849  -6.392  -19.792  47.847 0.0000000000
110421  -6.754  -19.799  47.031 0.0000000000
52742  -6.003  -22.272  54.396 0.0000000000
51876  -6.627  -22.417  54.294 0.0000000000
51035  -8.732  -23.306  53.854 0.0000000000
47468  -6.023  -29.905  47.331 0.0000000000
47484  -6.573  -29.418  47.246 0.0000000000
47496  -6.495  -29.287  46.121 0.0000000000
50122  -11.670  -24.656  63.038 0.0000000000
43154  -6.137  -33.735  62.920 0.0000000000
115581  -6.193  -33.020  63.190 0.0000000000
44015  -4.918  -32.709  61.943 0.0000000000
111811  -4.663  -33.010  61.326 0.0000000000
43160  -4.704  -33.860  61.180 0.0000000000
129735  -4.292  -34.874  60.357 0.0000000000
124198  -34.396  -22.120  52.915 0.0000000000
51890  -34.093  -22.428  52.353 0.0000000000
116717  -34.831  -21.569  53.084 0.0000000000
48393  -32.286  -25.896  50.990 0.0000000000
48351  -29.873  -25.382  54.398 0.0000000000
49251  -29.624  -25.072  54.850 0.0000000000
49258  -29.399  -25.406  54.334 0.0000000000
114529  -29.257  -25.663  53.846 0.0000000000
48356  -28.979  -25.750  53.433 0.0000000000
48379  -28.486  -26.118  51.966 0.0000000000
48380  -28.780  -26.428  51.800 0.0000000000
65162  -50.250  -7.095  32.042 0.0000000000
114828  -47.117  -8.441  32.185 0.0000000000
64356  -47.730  -8.341  31.867 0.0000000000
64357  -48.422  -8.216  31.446 0.0000000000
60311  -38.294  -13.058  41.529 0.0000000000
60327  -39.674  -12.853  40.153 0.0000000000
112596  -20.195  -27.666  48.154 0.0000000000
55328  -5.057  -19.676  50.022 0.0000000000
54509  -5.671  -20.195  50.005 0.0000000000
48345  -10.067  -27.242  56.064 0.0000000000
48349  -10.256  -27.151  55.347 0.0000000000
47380  -9.526  -28.065  54.673 0.0000000000
47395  -8.684  -28.646  53.548 0.0000000000
47419  -5.638  -30.789  52.280 0.0000000000
46492  -5.571  -30.869  51.264 0.0000000000
46505  -5.831  -30.544  50.558 0.0000000000
47439  -5.822  -30.513  49.556 0.0000000000
45716  -5.032  -31.150  48.344 0.0000000000
47335  -12.362  -28.677  60.521 0.0000000000
47334  -11.593  -28.621  61.177 0.0000000000
45628  -10.645  -30.539  61.707 0.0000000000
41437  -9.401  -34.221  61.793 0.0000000000
42329  -9.759  -33.710  61.854 0.0000000000
41436  -8.951  -34.249  62.313 0.0000000000
41430  -8.572  -34.361  62.536 0.0000000000
41435  -8.199  -34.924  62.265 0.0000000000
57872  -38.113  -16.053  47.102 0.0000000000
114859  -35.237  -17.513  48.133 0.0000000000
57042  -35.681  -17.475  46.433 0.0000000000
57043  -36.178  -17.173  46.221 0.0000000000
57056  -36.062  -16.939  45.540 0.0000000000
53628  -22.767  -21.641  52.691 0.0000000000
52765  -22.779  -21.902  51.843 0.0000000000
110710  -27.128  -22.372  55.523 0.0000000000
52737  -26.889  -22.387  55.079 0.0000000000
112878  -25.957  -23.638  50.253 0.0000000000
51895  -26.128  -23.007  50.688 0.0000000000
51903  -25.385  -22.797  49.971 0.0000000000
52779  -24.567  -21.992  50.220 0.0000000000
51901  -23.244  -22.475  49.528 0.0000000000
51068  -22.205  -23.352  49.009 0.0000000000
51079  -21.445  -23.954  48.633 0.0000000000
51089  -21.744  -24.312  47.563 0.0000000000
64387  -47.890  -7.862  27.176 0.0000000000
51823  -6.392  -22.382  58.356 0.0000000000
129145  -8.614  -23.994  57.815 0.0000000000
50997  -8.872  -24.080  57.173 0.0000000000
50150  -9.474  -26.039  58.692 0.0000000000
49235  -7.945  -27.012  59.004 0.0000000000
48337  -6.800  -28.266  57.985 0.0000000000
47366  -5.267  -30.788  56.778 0.0000000000
60357  -43.358  -12.524  37.904 0.0000000000
61197  -43.677  -11.992  36.937 0.0000000000
61997  -44.248  -11.598  36.581 0.0000000000
48320  -14.852  -27.666  60.481 0.0000000000
46449  -15.274  -28.698  59.097 0.0000000000
44849  -12.439  -31.149  58.392 0.0000000000
129257  -12.431  -31.622  57.895 0.0000000000
121685  -19.332  -28.726  50.164 0.0000000000
46507  -19.340  -28.206  50.873 0.0000000000
46506  -19.153  -28.617  51.084 0.0000000000
130274  -19.041  -29.008  50.856 0.0000000000
45697  -18.928  -28.877  51.498 0.0000000000
45677  -17.492  -28.929  53.115 0.0000000000
45667  -18.010  -28.576  53.840 0.0000000000
110018  -17.704  -28.489  54.525 0.0000000000
45659  -16.854  -28.567  55.018 0.0000000000
45658  -15.834  -29.249  55.072 0.0000000000
44861  -15.159  -29.955  55.042 0.0000000000
43222  -12.902  -32.681  53.730 0.0000000000
42386  -12.369  -33.385  54.552 0.0000000000
42385  -11.998  -33.977  54.939 0.0000000000
52760  -6.459  -21.923  52.903 0.0000000000
53627  -5.860  -21.445  52.537 0.0000000000
52768  -6.616  -21.629  52.247 0.0000000000
49268  -10.516  -26.444  52.852 0.0000000000
126963  -10.525  -26.114  52.087 0.0000000000
49278  -10.544  -26.246  51.382 0.0000000000
49310  -8.883  -27.599  47.665 0.0000000000
124323  -10.338  -25.338  48.409 0.0000000000
51088  -10.210  -24.267  47.378 0.0000000000
119939  -9.694  -28.826  62.560 0.0000000000
47328  -9.557  -27.922  62.828 0.0000000000
116332  -9.114  -27.675  63.277 0.0000000000
47324  -8.650  -27.902  63.667 0.0000000000
45617  -6.166  -29.711  63.334 0.0000000000
115884  -6.224  -28.959  63.444 0.0000000000
47320  -6.358  -28.102  63.661 0.0000000000
112542  -6.343  -26.434  63.522 0.0000000000
48294  -6.144  -27.422  63.410 0.0000000000
49206  -5.917  -27.079  62.910 0.0000000000
48301  -5.756  -27.403  62.215 0.0000000000
117732  -4.251  -32.450  59.888 0.0000000000
117731  -4.162  -32.533  59.038 0.0000000000
44851  -4.278  -31.943  57.820 0.0000000000
44029  -4.111  -32.794  57.622 0.0000000000
118136  -4.123  -33.116  57.112 0.0000000000
43189  -4.385  -33.580  56.606 0.0000000000
123198  -3.465  -40.208  59.920 0.0000000000
39726  -3.947  -37.669  59.867 0.0000000000
111113  -3.679  -38.983  59.381 0.0000000000
112642  -3.945  -38.942  58.631 0.0000000000
128049  -4.213  -38.898  57.682 0.0000000000
40633  -5.112  -36.588  55.525 0.0000000000
49283  -33.507  -25.069  51.037 0.0000000000
50197  -33.855  -24.665  50.635 0.0000000000
50189  -33.657  -24.527  51.438 0.0000000000
51041  -33.788  -23.042  52.517 0.0000000000
130473  -33.729  -22.971  53.703 0.0000000000
51040  -33.751  -23.035  53.250 0.0000000000
52758  -34.548  -22.174  53.574 0.0000000000
47399  -29.865  -26.402  52.490 0.0000000000
47400  -30.544  -26.259  52.396 0.0000000000
48381  -31.126  -26.057  52.178 0.0000000000
48382  -31.705  -25.929  51.902 0.0000000000
49265  -31.963  -25.376  53.274 0.0000000000
48371  -32.335  -25.533  52.422 0.0000000000
48383  -32.152  -25.826  51.601 0.0000000000
49282  -33.152  -25.375  51.344 0.0000000000
130151  -30.220  -24.384  55.583 0.0000000000
51016  -30.954  -23.917  55.981 0.0000000000
126027  -30.422  -24.548  55.336 0.0000000000
49252  -30.186  -24.991  54.909 0.0000000000
48352  -30.443  -25.260  54.315 0.0000000000
48358  -30.101  -25.736  53.827 0.0000000000
62010  -44.461  -10.484  34.414 0.0000000000
62806  -44.224  -10.086  33.574 0.0000000000
62017  -43.598  -10.304  33.163 0.0000000000
63573  -45.073  -9.261  31.599 0.0000000000
122631  -46.760  -8.483  32.983 0.0000000000
64351  -47.610  -8.194  32.768 0.0000000000
61138  -40.095  -11.856  43.533 0.0000000000
112562  -34.914  -15.402  41.724 0.0000000000
59490  -37.236  -13.998  42.828 0.0000000000
60300  -37.425  -13.454  41.963 0.0000000000
114456  -7.073  -29.048  54.783 0.0000000000
47384  -6.571  -29.890  54.265 0.0000000000
47392  -6.154  -30.302  53.446 0.0000000000
47391  -5.712  -30.659  53.068 0.0000000000
46477  -5.532  -30.930  53.169 0.0000000000
46484  -5.518  -30.963  52.594 0.0000000000
126553  -5.514  -30.984  51.945 0.0000000000
45695  -5.411  -31.652  50.852 0.0000000000
44128  -5.247  -32.107  49.250 0.0000000000
44115  -5.299  -32.141  50.110 0.0000000000
43268  -5.450  -33.080  50.260 0.0000000000
41524  -5.643  -34.835  49.594 0.0000000000
44022  -11.287  -31.653  60.222 0.0000000000
44021  -10.975  -32.542  60.642 0.0000000000
43166  -10.645  -33.113  60.891 0.0000000000
41443  -10.315  -34.450  59.971 0.0000000000
42334  -10.223  -34.216  60.595 0.0000000000
42331  -10.044  -33.995  61.297 0.0000000000
41441  -9.343  -35.021  60.757 0.0000000000
57032  -37.614  -17.055  48.438 0.0000000000
57019  -38.155  -17.070  49.217 0.0000000000
53656  -34.586  -21.956  48.479 0.0000000000
53650  -34.355  -21.586  49.167 0.0000000000
53649  -34.412  -21.455  49.180 0.0000000000
119870  -33.967  -21.024  49.107 0.0000000000
54512  -33.400  -20.298  49.324 0.0000000000
54521  -32.834  -20.085  48.738 0.0000000000
54520  -32.444  -19.374  48.422 0.0000000000
57015  -33.539  -17.790  48.509 0.0000000000
114614  -34.448  -17.626  48.725 0.0000000000
57000  -34.808  -17.743  49.481 0.0000000000
57016  -35.239  -17.547  48.872 0.0000000000
51038  -27.818  -23.949  53.047 0.0000000000
51046  -27.477  -23.682  52.846 0.0000000000
121751  -27.534  -24.133  52.377 0.0000000000
50207  -26.293  -25.119  50.008 0.0000000000
51059  -26.145  -24.362  50.184 0.0000000000
130470  -24.673  -24.187  48.583 0.0000000000
109091  -49.047  -8.116  28.218 0.0000000000
65192  -48.501  -7.044  26.906 0.0000000000
66024  -49.756  -6.171  27.065 0.0000000000
66018  -50.618  -6.131  27.863 0.0000000000
51818  -7.201  -23.176  59.989 0.0000000000
50982  -8.168  -24.028  59.323 0.0000000000
50979  -8.078  -24.743  60.017 0.0000000000
124646  -7.900  -26.133  60.047 0.0000000000
48331  -6.097  -28.503  59.265 0.0000000000
60350  -46.025  -12.276  39.346 0.0000000000
59523  -40.563  -13.251  38.188 0.0000000000
58715  -40.025  -13.338  37.381 0.0000000000
58726  -41.186  -13.273  36.899 0.0000000000
59534  -42.219  -12.848  37.467 0.0000000000
59526  -42.357  -12.933  38.156 0.0000000000
60356  -42.835  -12.729  38.062 0.0000000000
47337  -17.007  -27.597  60.663 0.0000000000
45647  -14.506  -29.717  57.655 0.0000000000
44131  -17.497  -30.713  49.055 0.0000000000
44118  -16.820  -30.839  49.599 0.0000000000
44908  -16.683  -30.432  50.390 0.0000000000
44104  -15.880  -30.746  50.593 0.0000000000
44091  -15.522  -30.668  51.433 0.0000000000
44890  -15.403  -30.432  52.252 0.0000000000
44889  -14.883  -30.716  52.787 0.0000000000
117590  -14.435  -31.270  52.589 0.0000000000
44076  -13.916  -31.791  52.812 0.0000000000
54478  -4.489  -20.536  54.625 0.0000000000
54477  -4.468  -20.108  54.278 0.0000000000
53616  -4.665  -21.187  53.991 0.0000000000
52759  -5.719  -21.687  53.207 0.0000000000
51891  -8.820  -22.528  52.317 0.0000000000
47443  -8.339  -28.660  49.982 0.0000000000
48412  -8.665  -28.283  49.041 0.0000000000
48425  -8.632  -28.112  48.133 0.0000000000
48423  -7.616  -28.768  47.693 0.0000000000
49321  -8.580  -27.676  47.084 0.0000000000
49322  -8.958  -27.119  46.757 0.0000000000
49334  -8.769  -27.117  46.236 0.0000000000
52683  -11.088  -22.734  63.578 0.0000000000
121597  -9.998  -23.589  63.649 0.0000000000
50118  -9.487  -24.847  63.730 0.0000000000
44828  -8.108  -31.312  63.514 0.0000000000
121687  -8.011  -30.446  63.713 0.0000000000
44827  -7.590  -31.124  63.572 0.0000000000
44826  -6.834  -31.021  63.486 0.0000000000
44009  -5.883  -32.302  63.085 0.0000000000
45622  -6.025  -30.946  63.217 0.0000000000
45621  -5.812  -30.289  63.018 0.0000000000
46429  -5.375  -30.390  62.314 0.0000000000
46434  -5.050  -30.262  61.748 0.0000000000
44841  -4.430  -32.154  60.607 0.0000000000
44018  -4.484  -32.702  60.820 0.0000000000
130936  -3.851  -33.668  59.218 0.0000000000
42343  -4.063  -34.723  58.564 0.0000000000
50198  -33.918  -24.055  50.953 0.0000000000
51061  -34.556  -23.258  49.754 0.0000000000
51905  -34.375  -22.715  49.812 0.0000000000
52782  -34.474  -22.402  49.412 0.0000000000
113884  -34.491  -22.190  49.241 0.0000000000
53651  -34.233  -21.640  49.258 0.0000000000
54502  -35.130  -20.163  52.280 0.0000000000
54501  -35.076  -19.832  51.989 0.0000000000
55319  -35.748  -18.990  52.386 0.0000000000
52723  -27.146  -22.001  55.960 0.0000000000
51012  -28.669  -23.821  55.497 0.0000000000
50167  -29.367  -24.743  55.146 0.0000000000
50155  -28.683  -24.358  55.072 0.0000000000
51025  -28.276  -24.008  54.952 0.0000000000
50164  -28.220  -24.124  54.376 0.0000000000
49281  -27.362  -25.512  50.952 0.0000000000
113655  -28.100  -26.140  51.383 0.0000000000
48391  -27.670  -26.129  50.741 0.0000000000
62828  -46.300  -9.563  29.589 0.0000000000
130201  -48.217  -9.076  28.819 0.0000000000
64362  -49.398  -8.357  30.183 0.0000000000
64363  -50.155  -8.015  29.822 0.0000000000
65169  -50.765  -7.519  30.325 0.0000000000
65170  -51.612  -6.874  30.069 0.0000000000
61174  -43.025  -12.732  40.461 0.0000000000
115988  -20.069  -25.556  50.872 0.0000000000
47459  -19.741  -27.995  49.812 0.0000000000
47472  -20.008  -27.806  49.153 0.0000000000
47458  -19.649  -28.463  49.122 0.0000000000
46520  -19.547  -28.351  50.014 0.0000000000
123701  -19.167  -29.178  49.280 0.0000000000
44916  -18.443  -30.009  48.943 0.0000000000
54515  -5.427  -19.645  48.969 0.0000000000
122393  -7.596  -19.876  47.945 0.0000000000
54518  -8.067  -20.256  48.527 0.0000000000
51020  -8.577  -23.743  55.401 0.0000000000
51030  -9.338  -24.166  54.971 0.0000000000
114446  -10.455  -25.697  54.312 0.0000000000
49262  -10.540  -26.374  53.711 0.0000000000
48362  -10.382  -27.193  53.538 0.0000000000
48377  -10.280  -27.342  52.795 0.0000000000
109784  -7.122  -29.293  53.795 0.0000000000
47394  -7.766  -28.897  53.245 0.0000000000
108826  -6.882  -29.325  52.118 0.0000000000
47406  -7.598  -28.929  52.370 0.0000000000
47423  -8.318  -28.766  51.711 0.0000000000
109188  -7.924  -28.842  50.819 0.0000000000
47442  -7.544  -29.111  50.065 0.0000000000
115669  -7.256  -29.362  49.441 0.0000000000
126194  -6.698  -29.656  48.489 0.0000000000
47454  -5.823  -30.376  48.634 0.0000000000
46543  -5.491  -30.377  47.429 0.0000000000
129341  -11.183  -27.067  62.078 0.0000000000
48303  -10.735  -27.618  62.218 0.0000000000
47331  -10.925  -28.508  61.851 0.0000000000
47330  -10.216  -28.240  62.363 0.0000000000
118606  -8.845  -30.975  63.156 0.0000000000
44839  -10.791  -31.436  61.206 0.0000000000
44837  -10.507  -31.259  61.643 0.0000000000
121294  -10.132  -31.781  62.074 0.0000000000
117197  -9.570  -33.496  62.255 0.0000000000
44013  -9.712  -32.290  62.475 0.0000000000
44834  -9.743  -31.587  62.478 0.0000000000
44832  -8.588  -31.581  63.303 0.0000000000
44007  -8.299  -31.977  63.407 0.0000000000
43155  -7.048  -33.433  63.291 0.0000000000
42322  -7.745  -34.170  62.991 0.0000000000
125040  -6.063  -34.438  62.644 0.0000000000
113863  -5.583  -34.922  62.224 0.0000000000
57873  -38.964  -15.690  47.473 0.0000000000
53661  -34.711  -22.428  47.743 0.0000000000
117263  -34.408  -22.154  46.918 0.0000000000
53659  -34.475  -21.832  47.257 0.0000000000
57068  -34.821  -17.420  44.526 0.0000000000
57070  -35.899  -16.714  44.927 0.0000000000
57895  -36.648  -15.886  45.074 0.0000000000
52763  -21.437  -22.976  52.661 0.0000000000
53612  -24.384  -21.375  54.665 0.0000000000
122486  -27.377  -23.077  53.494 0.0000000000
52757  -26.824  -22.192  53.318 0.0000000000
52766  -26.572  -22.177  52.194 0.0000000000
52756  -26.059  -21.580  53.561 0.0000000000
53623  -24.428  -21.377  53.651 0.0000000000
52772  -22.645  -22.218  51.090 0.0000000000
51899  -21.549  -23.369  51.018 0.0000000000
50216  -20.464  -25.476  49.137 0.0000000000
49312  -20.384  -26.270  48.679 0.0000000000
66843  -48.731  -5.609  26.088 0.0000000000
67668  -48.843  -4.758  25.524 0.0000000000
68467  -50.616  -3.412  24.336 0.0000000000
52728  -4.784  -21.629  55.347 0.0000000000
52730  -5.848  -22.338  55.089 0.0000000000
51858  -7.107  -22.773  55.348 0.0000000000
120404  -5.297  -21.986  56.732 0.0000000000
127249  -6.201  -22.506  57.018 0.0000000000
51843  -6.286  -22.525  56.356 0.0000000000
51006  -7.745  -23.401  55.851 0.0000000000
51021  -9.431  -24.349  55.851 0.0000000000
111541  -10.105  -25.088  56.274 0.0000000000
113158  -10.054  -25.314  57.174 0.0000000000
49241  -10.286  -26.055  56.593 0.0000000000
48347  -9.178  -27.974  56.028 0.0000000000
47371  -8.318  -28.348  55.978 0.0000000000
126011  -9.487  -26.459  58.236 0.0000000000
48334  -8.359  -27.338  58.266 0.0000000000
49239  -9.161  -27.055  57.964 0.0000000000
126125  -7.509  -28.715  55.554 0.0000000000
110114  -6.161  -30.216  55.096 0.0000000000
47375  -5.929  -30.427  56.021 0.0000000000
46466  -5.715  -30.800  55.261 0.0000000000
111831  -4.965  -32.446  54.725 0.0000000000
63545  -47.995  -9.476  36.580 0.0000000000
61161  -44.424  -12.496  41.285 0.0000000000
59467  -39.178  -13.974  46.005 0.0000000000
59468  -39.906  -13.604  46.422 0.0000000000
58757  -40.945  -13.428  35.473 0.0000000000
59560  -41.576  -13.126  35.410 0.0000000000
59561  -42.192  -12.731  35.265 0.0000000000
128263  -42.029  -12.775  34.709 0.0000000000
45634  -12.309  -30.076  60.083 0.0000000000
48321  -15.450  -27.930  60.438 0.0000000000
47341  -14.621  -28.224  59.993 0.0000000000
46443  -13.928  -28.835  59.596 0.0000000000
46442  -13.021  -29.401  59.820 0.0000000000
44842  -11.638  -30.737  60.132 0.0000000000
44845  -11.709  -31.073  59.728 0.0000000000
44027  -11.489  -32.518  59.045 0.0000000000
44025  -11.904  -31.698  58.897 0.0000000000
42338  -11.277  -33.321  58.887 0.0000000000
42344  -11.301  -33.856  58.353 0.0000000000
41466  -10.847  -34.886  57.340 0.0000000000
49289  -19.643  -26.298  51.501 0.0000000000
49279  -19.830  -26.339  52.506 0.0000000000
119473  -19.674  -27.579  52.500 0.0000000000
48378  -19.881  -27.090  52.902 0.0000000000
47397  -19.968  -27.756  54.046 0.0000000000
44902  -18.105  -29.633  50.708 0.0000000000
125085  -18.516  -29.262  51.282 0.0000000000
45689  -18.571  -29.012  52.032 0.0000000000
45678  -17.952  -29.130  52.439 0.0000000000
45679  -18.719  -28.656  52.872 0.0000000000
46479  -19.899  -27.909  53.999 0.0000000000
46469  -19.861  -27.747  54.542 0.0000000000
46468  -19.740  -27.777  55.147 0.0000000000
45661  -18.825  -28.144  55.462 0.0000000000
46464  -18.927  -27.953  56.307 0.0000000000
46459  -18.121  -28.401  58.117 0.0000000000
120621  -16.756  -28.476  56.927 0.0000000000
45649  -16.227  -28.603  57.599 0.0000000000
45648  -15.181  -29.182  57.445 0.0000000000
44854  -14.453  -29.972  56.961 0.0000000000
44062  -14.197  -31.150  54.182 0.0000000000
44869  -14.085  -31.098  55.018 0.0000000000
43212  -13.151  -32.339  54.288 0.0000000000
44038  -13.427  -31.372  56.107 0.0000000000
44031  -13.306  -30.974  56.728 0.0000000000
44030  -12.851  -31.683  56.642 0.0000000000
109527  -12.499  -32.517  56.682 0.0000000000
43180  -12.166  -33.227  56.672 0.0000000000
42375  -11.863  -33.904  55.686 0.0000000000
42363  -11.733  -33.811  56.451 0.0000000000
56109  -4.356  -18.875  52.575 0.0000000000
54483  -4.465  -20.193  53.617 0.0000000000
54488  -4.476  -20.264  52.951 0.0000000000
54495  -4.339  -19.926  52.626 0.0000000000
55310  -4.372  -19.959  51.896 0.0000000000
53645  -6.580  -20.713  50.352 0.0000000000
112941  -9.345  -24.023  54.219 0.0000000000
51036  -9.227  -23.483  53.289 0.0000000000
50178  -9.837  -24.416  53.123 0.0000000000
51885  -9.087  -22.946  52.866 0.0000000000
51892  -9.389  -22.673  51.698 0.0000000000
49288  -10.554  -26.274  50.491 0.0000000000
49300  -10.450  -26.241  49.518 0.0000000000
51055  -10.035  -23.469  51.376 0.0000000000
52771  -9.292  -22.255  51.116 0.0000000000
52783  -9.437  -21.874  50.372 0.0000000000
52784  -10.266  -22.422  49.694 0.0000000000
53648  -9.694  -21.475  49.431 0.0000000000
123298  -9.521  -20.960  48.725 0.0000000000
110283  -9.775  -20.867  48.010 0.0000000000
51928  -10.431  -23.147  46.411 0.0000000000
117495  -10.271  -23.650  46.915 0.0000000000
51806  -6.571  -23.434  62.883 0.0000000000
50129  -11.420  -25.567  62.637 0.0000000000
50121  -10.773  -25.323  63.142 0.0000000000
114616  -10.056  -26.632  63.021 0.0000000000
116598  -10.016  -25.897  63.252 0.0000000000
50120  -10.088  -25.114  63.488 0.0000000000
117674  -8.803  -24.878  64.041 0.0000000000
46428  -8.214  -29.612  63.819 0.0000000000
114431  -8.092  -29.033  64.135 0.0000000000
47323  -8.150  -28.152  64.176 0.0000000000
118433  -8.082  -24.819  64.399 0.0000000000
118453  -7.499  -24.695  64.183 0.0000000000
50952  -7.244  -24.100  63.858 0.0000000000
119637  -6.752  -25.651  63.795 0.0000000000
50115  -7.029  -25.082  63.795 0.0000000000
50959  -7.051  -24.059  63.599 0.0000000000
50958  -6.871  -24.296  63.436 0.0000000000
50969  -6.602  -23.941  62.934 0.0000000000
49230  -5.979  -27.054  61.508 0.0000000000
46437  -4.946  -30.037  61.346 0.0000000000
46441  -4.992  -29.793  60.960 0.0000000000
124134  -4.925  -29.866  60.388 0.0000000000
46440  -4.703  -30.443  59.927 0.0000000000
47353  -5.360  -29.650  59.278 0.0000000000
108784  -5.488  -29.947  58.323 0.0000000000
47359  -5.353  -30.466  57.479 0.0000000000
45652  -4.679  -31.607  56.588 0.0000000000
44855  -4.360  -31.886  57.083 0.0000000000
128647  -4.497  -32.014  56.481 0.0000000000
111603  -4.686  -31.936  55.833 0.0000000000
125176  -4.655  -32.312  55.602 0.0000000000
40586  -5.402  -36.502  61.675 0.0000000000
124320  -4.750  -36.166  61.190 0.0000000000
109834  -4.650  -39.000  61.325 0.0000000000
39715  -4.396  -37.510  61.150 0.0000000000
39709  -4.392  -36.698  60.943 0.0000000000
108793  -4.190  -36.275  60.494 0.0000000000
41440  -4.082  -35.568  60.169 0.0000000000
40599  -4.115  -36.679  59.686 0.0000000000
41446  -4.069  -35.678  59.753 0.0000000000
42336  -3.996  -34.885  59.406 0.0000000000
110974  -4.327  -38.068  57.154 0.0000000000
39746  -4.442  -37.220  57.440 0.0000000000
40616  -4.410  -36.367  57.671 0.0000000000
125649  -4.440  -35.901  57.243 0.0000000000
42353  -4.195  -34.594  57.717 0.0000000000
42362  -4.400  -34.393  56.891 0.0000000000
42374  -4.770  -34.154  56.107 0.0000000000
41494  -5.064  -34.768  55.598 0.0000000000
42383  -4.992  -33.916  55.278 0.0000000000
42394  -5.189  -33.719  54.444 0.0000000000
43220  -5.256  -33.092  54.001 0.0000000000
43221  -5.318  -33.508  53.522 0.0000000000
131119  -5.364  -33.999  53.141 0.0000000000
123781  -5.533  -37.371  50.732 0.0000000000
41456  -4.183  -35.464  58.887 0.0000000000
43159  -9.672  -33.010  62.390 0.0000000000
43210  -5.033  -33.196  54.924 0.0000000000
45624  -9.023  -30.242  62.968 0.0000000000
45709  -5.260  -31.348  49.124 0.0000000000
46433  -9.902  -29.592  62.418 0.0000000000
46462  -18.148  -28.383  57.731 0.0000000000
46476  -5.442  -31.336  53.355 0.0000000000
46478  -19.791  -28.027  53.685 0.0000000000
46490  -5.442  -31.386  51.413 0.0000000000
46519  -19.438  -28.749  49.489 0.0000000000
47321  -7.031  -27.998  64.068 0.0000000000
48364  -28.158  -25.548  51.882 0.0000000000
48367  -29.418  -26.254  52.794 0.0000000000
48388  -9.933  -27.876  52.400 0.0000000000
49256  -28.708  -25.283  53.687 0.0000000000
49259  -31.660  -24.996  53.891 0.0000000000
49260  -32.199  -24.869  53.722 0.0000000000
50156  -29.099  -24.379  55.353 0.0000000000
50158  -30.492  -24.198  55.745 0.0000000000
50166  -28.913  -24.755  54.928 0.0000000000
50951  -7.077  -24.453  63.655 0.0000000000
51067  -21.313  -23.804  49.623 0.0000000000
51069  -24.075  -23.510  48.613 0.0000000000
51096  -10.081  -23.892  46.171 0.0000000000
51881  -34.094  -22.596  53.709 0.0000000000
52727  -34.265  -21.668  54.898 0.0000000000
53602  -4.511  -20.659  53.930 0.0000000000
53633  -4.892  -20.651  52.364 0.0000000000
60341  -38.194  -13.147  40.269 0.0000000000
110096  -17.819  -28.433  58.563 0.0000000000
110160  -6.769  -29.719  49.228 0.0000000000
110751  -9.696  -34.471  61.054 0.0000000000
111188  -4.093  -34.875  60.137 0.0000000000
111901  -30.059  -24.173  55.841 0.0000000000
117175  -27.796  -25.816  51.338 0.0000000000
119086  -8.359  -30.900  63.435 0.0000000000
121767  -27.703  -23.540  53.548 0.0000000000
122449  -50.222  -6.953  34.067 0.0000000000
125534  -4.846  -31.619  61.601 0.0000000000
125766  -33.513  -23.482  53.386 0.0000000000
125961  -4.789  -33.265  61.631 0.0000000000
128122  -5.367  -32.292  51.879 0.0000000000
128472  -44.329  -12.266  37.905 0.0000000000
129573  -32.421  -25.130  53.187 0.0000000000
130261  -40.364  -13.385  37.138 0.0000000000
130432  -10.261  -32.595  61.670 0.0000000000
131169  -16.185  -30.958  49.988 0.0000000000
