#!ascii label  , from subject sub-v2s8x29212_ses-1 vox2ras=TkReg
726
123829  -22.616  -43.164  56.311 0.0000000000
51075  -45.864  -24.135  49.815 0.0000000000
54572  -48.367  -21.211  43.813 0.0000000000
51183  -47.018  -23.793  36.705 0.0000000000
49295  -42.067  -26.481  50.614 0.0000000000
51969  -48.255  -23.598  40.453 0.0000000000
58745  -48.562  -15.791  35.884 0.0000000000
60377  -52.562  -13.246  35.259 0.0000000000
47507  -47.176  -27.777  46.535 0.0000000000
49369  -50.148  -26.442  44.165 0.0000000000
53663  -47.879  -22.187  47.005 0.0000000000
38854  -21.445  -38.482  60.084 0.0000000000
40598  -24.678  -35.567  59.717 0.0000000000
43178  -29.426  -33.884  57.844 0.0000000000
43197  -33.156  -33.931  55.701 0.0000000000
44058  -37.520  -32.115  54.641 0.0000000000
45685  -41.133  -29.947  53.443 0.0000000000
47452  -44.186  -28.818  50.214 0.0000000000
49396  -50.828  -26.427  39.889 0.0000000000
61225  -54.077  -12.354  34.017 0.0000000000
50224  -47.351  -25.220  49.147 0.0000000000
50248  -48.352  -25.302  47.459 0.0000000000
52792  -47.278  -23.022  48.072 0.0000000000
39740  -20.367  -36.813  59.376 0.0000000000
39725  -22.951  -36.479  60.140 0.0000000000
45692  -37.755  -30.469  53.233 0.0000000000
45673  -39.024  -30.502  54.342 0.0000000000
47388  -39.545  -29.190  53.499 0.0000000000
51073  -43.924  -25.111  50.155 0.0000000000
49277  -43.494  -26.436  51.965 0.0000000000
49296  -45.319  -25.731  50.739 0.0000000000
48432  -46.028  -27.293  48.808 0.0000000000
130531  -49.900  -22.853  43.961 0.0000000000
49383  -50.853  -26.441  42.449 0.0000000000
51961  -51.759  -23.372  41.667 0.0000000000
51155  -47.581  -24.731  38.026 0.0000000000
51158  -51.061  -24.482  37.769 0.0000000000
51186  -49.927  -24.686  35.753 0.0000000000
52026  -48.643  -23.579  34.650 0.0000000000
57931  -51.321  -16.424  38.538 0.0000000000
57112  -49.229  -17.569  38.830 0.0000000000
47435  -40.188  -28.881  50.905 0.0000000000
52008  -45.254  -23.699  37.446 0.0000000000
59553  -50.663  -14.501  35.848 0.0000000000
127656  -52.769  -15.501  36.791 0.0000000000
58778  -55.467  -14.704  33.302 0.0000000000
45742  -47.234  -30.333  44.402 0.0000000000
48473  -48.484  -26.992  45.560 0.0000000000
51107  -49.214  -23.904  45.627 0.0000000000
37292  -21.633  -40.848  58.424 0.0000000000
39754  -27.047  -37.340  57.520 0.0000000000
42342  -27.001  -34.689  59.212 0.0000000000
124068  -28.796  -36.480  57.487 0.0000000000
40638  -31.158  -36.170  55.520 0.0000000000
111393  -33.310  -35.942  55.223 0.0000000000
41500  -35.532  -35.590  54.484 0.0000000000
44056  -35.909  -33.169  54.693 0.0000000000
43230  -39.616  -33.826  53.460 0.0000000000
48373  -41.423  -27.460  52.595 0.0000000000
46501  -43.133  -29.706  51.883 0.0000000000
44913  -44.405  -31.712  50.304 0.0000000000
45715  -45.063  -31.632  48.480 0.0000000000
45735  -45.777  -31.049  46.008 0.0000000000
51988  -51.424  -23.955  39.471 0.0000000000
56247  -47.282  -18.602  38.083 0.0000000000
53794  -47.939  -20.876  36.384 0.0000000000
35726  -21.559  -42.545  58.169 0.0000000000
51076  -46.424  -24.184  49.779 0.0000000000
51077  -47.065  -24.166  49.259 0.0000000000
51921  -46.796  -23.390  48.688 0.0000000000
46498  -38.228  -30.143  52.346 0.0000000000
46481  -38.851  -29.789  53.614 0.0000000000
46499  -38.952  -29.702  51.895 0.0000000000
51074  -44.639  -24.621  49.802 0.0000000000
51054  -44.811  -25.044  50.798 0.0000000000
51065  -45.888  -24.470  50.205 0.0000000000
126936  -46.523  -25.426  49.986 0.0000000000
51952  -50.786  -23.154  42.923 0.0000000000
53735  -49.596  -21.997  43.060 0.0000000000
51184  -47.620  -24.267  36.857 0.0000000000
51170  -49.430  -24.471  36.846 0.0000000000
51185  -48.885  -24.247  36.337 0.0000000000
51198  -49.270  -24.488  34.930 0.0000000000
119576  -48.656  -23.199  35.144 0.0000000000
57123  -51.974  -17.076  37.953 0.0000000000
57122  -51.209  -17.629  38.322 0.0000000000
56277  -50.479  -18.435  36.347 0.0000000000
60374  -49.708  -13.727  33.941 0.0000000000
60368  -51.004  -13.786  35.269 0.0000000000
59545  -52.096  -14.687  36.995 0.0000000000
60363  -52.851  -14.356  36.206 0.0000000000
58748  -53.151  -15.123  36.104 0.0000000000
60371  -52.988  -14.076  35.891 0.0000000000
59567  -55.018  -13.864  34.151 0.0000000000
47521  -46.980  -28.579  45.645 0.0000000000
47522  -47.710  -28.425  45.038 0.0000000000
48457  -47.904  -27.199  46.070 0.0000000000
52798  -48.044  -22.790  47.593 0.0000000000
51102  -48.784  -24.128  46.601 0.0000000000
52803  -48.575  -22.550  46.443 0.0000000000
53674  -48.868  -22.046  45.600 0.0000000000
54543  -48.064  -21.319  45.623 0.0000000000
118732  -21.831  -40.049  58.227 0.0000000000
38050  -21.849  -38.889  59.333 0.0000000000
40597  -23.551  -36.218  60.003 0.0000000000
43185  -28.640  -33.633  57.665 0.0000000000
42351  -28.146  -34.216  58.677 0.0000000000
110461  -28.385  -35.947  58.287 0.0000000000
40615  -28.994  -35.915  57.675 0.0000000000
40630  -29.860  -36.301  56.483 0.0000000000
40622  -30.095  -35.655  56.853 0.0000000000
41481  -33.168  -34.862  55.753 0.0000000000
40640  -33.936  -35.956  55.100 0.0000000000
42380  -34.329  -34.668  55.475 0.0000000000
44864  -36.939  -31.530  54.200 0.0000000000
119912  -36.274  -31.937  54.118 0.0000000000
44057  -36.795  -32.665  54.589 0.0000000000
43207  -36.495  -33.492  54.691 0.0000000000
43216  -37.923  -33.789  54.455 0.0000000000
42402  -38.772  -34.524  53.453 0.0000000000
129510  -38.630  -32.798  54.559 0.0000000000
45674  -40.299  -29.890  53.922 0.0000000000
44885  -40.469  -31.678  53.702 0.0000000000
44886  -41.187  -31.643  53.269 0.0000000000
44897  -42.042  -30.761  52.631 0.0000000000
48396  -40.819  -27.790  52.223 0.0000000000
128925  -41.834  -26.699  51.736 0.0000000000
112849  -43.917  -27.804  51.257 0.0000000000
48386  -43.194  -27.143  52.165 0.0000000000
47438  -43.728  -28.798  50.885 0.0000000000
45701  -43.495  -30.653  51.404 0.0000000000
46516  -43.969  -29.880  50.429 0.0000000000
46529  -44.348  -29.944  49.556 0.0000000000
47494  -46.249  -28.191  47.189 0.0000000000
46554  -45.392  -29.354  46.998 0.0000000000
47506  -46.149  -28.835  46.319 0.0000000000
45741  -46.388  -30.656  45.148 0.0000000000
39722  -20.018  -37.753  60.397 0.0000000000
38044  -20.847  -39.433  60.178 0.0000000000
37286  -20.886  -40.486  59.813 0.0000000000
47563  -49.616  -28.326  43.442 0.0000000000
47564  -49.976  -28.238  42.963 0.0000000000
49391  -51.294  -25.926  41.223 0.0000000000
52870  -48.810  -23.091  41.197 0.0000000000
52871  -49.722  -23.056  41.090 0.0000000000
51986  -49.983  -23.661  39.579 0.0000000000
50305  -51.183  -25.360  36.456 0.0000000000
50302  -51.474  -25.346  37.094 0.0000000000
55435  -49.258  -19.082  37.744 0.0000000000
56248  -48.035  -18.391  38.481 0.0000000000
54615  -47.986  -19.537  37.786 0.0000000000
54627  -47.537  -20.308  37.336 0.0000000000
54628  -48.283  -19.971  37.120 0.0000000000
53811  -48.221  -21.512  35.135 0.0000000000
61223  -52.178  -12.754  33.755 0.0000000000
61212  -53.079  -12.864  34.836 0.0000000000
61224  -53.086  -12.374  33.647 0.0000000000
61238  -53.862  -11.947  33.082 0.0000000000
48434  -47.229  -26.558  48.233 0.0000000000
48446  -47.946  -26.401  47.291 0.0000000000
50236  -48.008  -25.380  48.137 0.0000000000
51086  -47.586  -23.808  48.521 0.0000000000
52796  -47.617  -22.504  47.432 0.0000000000
109517  -20.640  -37.330  60.357 0.0000000000
38849  -21.921  -37.458  60.202 0.0000000000
41460  -23.480  -35.271  59.220 0.0000000000
45663  -37.955  -30.809  54.256 0.0000000000
44875  -38.474  -31.514  54.590 0.0000000000
45672  -38.559  -30.346  54.213 0.0000000000
46474  -39.470  -29.562  53.996 0.0000000000
47390  -40.297  -28.903  53.685 0.0000000000
119010  -42.840  -25.816  49.986 0.0000000000
50200  -42.702  -25.930  51.473 0.0000000000
50201  -43.645  -25.487  51.280 0.0000000000
49286  -44.641  -25.987  51.208 0.0000000000
48410  -45.153  -26.875  50.353 0.0000000000
47467  -45.158  -27.904  49.214 0.0000000000
48421  -45.767  -26.916  49.700 0.0000000000
48422  -46.708  -26.505  49.044 0.0000000000
121297  -19.770  -37.276  59.326 0.0000000000
50266  -50.293  -24.921  44.033 0.0000000000
127018  -50.809  -26.440  42.978 0.0000000000
50271  -50.943  -24.907  43.287 0.0000000000
50284  -51.720  -25.084  41.868 0.0000000000
126414  -52.144  -24.755  41.193 0.0000000000
51143  -48.136  -24.596  38.767 0.0000000000
51144  -49.344  -24.310  38.645 0.0000000000
51156  -48.693  -24.637  37.826 0.0000000000
51171  -50.684  -24.649  36.713 0.0000000000
58729  -50.036  -15.857  37.598 0.0000000000
57938  -48.723  -16.619  37.637 0.0000000000
57929  -50.098  -17.101  38.908 0.0000000000
56250  -49.781  -17.968  38.748 0.0000000000
51093  -45.007  -24.610  48.060 0.0000000000
51092  -44.134  -25.288  48.472 0.0000000000
54591  -48.539  -21.645  42.958 0.0000000000
51983  -46.581  -24.098  39.501 0.0000000000
51141  -46.072  -24.396  38.559 0.0000000000
51167  -45.710  -24.130  37.524 0.0000000000
52009  -46.061  -23.846  37.103 0.0000000000
58759  -49.379  -15.405  36.020 0.0000000000
58747  -50.590  -15.399  37.237 0.0000000000
58732  -52.270  -15.854  37.629 0.0000000000
57133  -52.526  -16.816  37.247 0.0000000000
60378  -54.094  -13.690  34.797 0.0000000000
58770  -54.214  -14.665  34.441 0.0000000000
45749  -48.161  -30.120  43.767 0.0000000000
46598  -48.636  -29.099  43.804 0.0000000000
48474  -49.144  -26.896  44.987 0.0000000000
49345  -48.409  -25.983  46.826 0.0000000000
49346  -48.857  -25.757  45.992 0.0000000000
50262  -49.670  -24.669  44.956 0.0000000000
51108  -49.650  -23.681  44.963 0.0000000000
52818  -49.376  -22.018  44.552 0.0000000000
51930  -46.508  -23.399  47.191 0.0000000000
52802  -47.297  -22.342  46.817 0.0000000000
53670  -46.520  -20.979  45.282 0.0000000000
35727  -22.009  -42.375  57.591 0.0000000000
124283  -22.133  -41.476  57.272 0.0000000000
111109  -27.459  -37.468  56.625 0.0000000000
42357  -23.975  -34.835  57.592 0.0000000000
42347  -25.140  -34.663  58.819 0.0000000000
41453  -26.538  -35.140  59.439 0.0000000000
39755  -27.912  -37.210  57.263 0.0000000000
39791  -31.677  -37.090  54.314 0.0000000000
39792  -32.487  -36.822  54.430 0.0000000000
44054  -33.296  -33.170  55.068 0.0000000000
131003  -34.691  -32.742  54.495 0.0000000000
43205  -34.338  -33.344  55.177 0.0000000000
42373  -35.184  -34.430  55.214 0.0000000000
41501  -36.492  -35.421  54.170 0.0000000000
44073  -39.526  -32.498  54.192 0.0000000000
114280  -40.104  -28.816  51.767 0.0000000000
48372  -40.374  -28.227  52.901 0.0000000000
112038  -41.536  -28.537  53.100 0.0000000000
49275  -42.348  -26.547  52.157 0.0000000000
47404  -42.322  -28.571  52.633 0.0000000000
46488  -42.337  -29.437  52.644 0.0000000000
45694  -43.002  -30.491  52.007 0.0000000000
44113  -43.743  -32.314  50.989 0.0000000000
44934  -45.716  -32.588  47.819 0.0000000000
46541  -44.774  -29.602  48.211 0.0000000000
45728  -45.230  -31.387  47.729 0.0000000000
44200  -46.615  -33.237  46.492 0.0000000000
44951  -46.740  -32.529  45.702 0.0000000000
36516  -20.909  -41.436  59.545 0.0000000000
53751  -49.731  -22.378  42.373 0.0000000000
117103  -51.668  -23.278  41.024 0.0000000000
50294  -51.725  -25.218  39.904 0.0000000000
52000  -51.110  -24.072  38.755 0.0000000000
127344  -51.576  -25.030  38.881 0.0000000000
49401  -50.994  -26.463  38.703 0.0000000000
53791  -45.004  -22.020  37.356 0.0000000000
52918  -46.884  -22.210  36.968 0.0000000000
123957  -47.839  -17.639  38.244 0.0000000000
57119  -46.797  -18.307  37.923 0.0000000000
54613  -46.181  -19.970  37.762 0.0000000000
53793  -47.165  -21.208  37.013 0.0000000000
53802  -47.585  -21.898  36.180 0.0000000000
52940  -48.419  -22.472  34.791 0.0000000000
35003  -22.446  -43.531  56.003 0.0000000000
51915  -46.496  -23.736  49.315 0.0000000000
51920  -46.139  -23.722  49.201 0.0000000000
45699  -37.824  -30.667  51.291 0.0000000000
129368  -38.879  -29.635  52.698 0.0000000000
45700  -38.492  -30.143  51.409 0.0000000000
51914  -45.349  -24.146  49.507 0.0000000000
51906  -45.198  -24.460  50.022 0.0000000000
50213  -46.221  -24.845  50.188 0.0000000000
54573  -48.879  -21.566  43.902 0.0000000000
53720  -49.553  -21.967  43.542 0.0000000000
54581  -48.907  -21.646  43.444 0.0000000000
52016  -48.234  -23.643  35.946 0.0000000000
52017  -49.032  -24.078  35.237 0.0000000000
57132  -52.119  -17.406  37.109 0.0000000000
57131  -51.483  -17.873  37.612 0.0000000000
60376  -51.638  -13.262  34.882 0.0000000000
60369  -52.018  -13.661  35.713 0.0000000000
60362  -52.425  -14.205  36.383 0.0000000000
60370  -52.816  -13.802  35.863 0.0000000000
61204  -53.325  -13.438  35.304 0.0000000000
119922  -47.647  -27.850  45.705 0.0000000000
112685  -47.744  -26.989  47.001 0.0000000000
126060  -48.120  -22.375  47.140 0.0000000000
129121  -48.333  -22.670  47.146 0.0000000000
53673  -48.255  -21.937  46.254 0.0000000000
53672  -47.832  -21.732  46.187 0.0000000000
41445  -23.988  -35.839  59.928 0.0000000000
40603  -24.279  -36.221  59.768 0.0000000000
43177  -28.710  -33.824  58.107 0.0000000000
43176  -28.089  -33.930  58.340 0.0000000000
42352  -28.790  -34.367  58.207 0.0000000000
41463  -28.865  -35.214  57.971 0.0000000000
42360  -29.488  -34.635  57.722 0.0000000000
41470  -29.531  -35.447  57.450 0.0000000000
42371  -32.772  -34.322  55.897 0.0000000000
42372  -33.527  -34.470  55.680 0.0000000000
41482  -33.775  -34.962  55.615 0.0000000000
43198  -34.060  -33.957  55.483 0.0000000000
44865  -37.429  -31.375  54.349 0.0000000000
121775  -36.709  -32.082  54.427 0.0000000000
43208  -37.339  -33.136  54.639 0.0000000000
43209  -38.087  -32.883  54.662 0.0000000000
44059  -38.266  -32.081  54.704 0.0000000000
45684  -40.751  -30.748  53.614 0.0000000000
44887  -41.497  -30.760  53.108 0.0000000000
44896  -41.859  -31.742  52.657 0.0000000000
49294  -41.654  -26.930  51.220 0.0000000000
125906  -44.195  -28.025  50.696 0.0000000000
47495  -47.045  -27.218  47.588 0.0000000000
38847  -20.408  -37.871  60.463 0.0000000000
119113  -19.890  -38.432  60.582 0.0000000000
108715  -20.625  -38.494  60.433 0.0000000000
48489  -49.841  -27.048  44.262 0.0000000000
48503  -49.940  -27.643  43.505 0.0000000000
49390  -50.669  -26.620  41.113 0.0000000000
48550  -50.252  -27.019  40.607 0.0000000000
48563  -49.589  -27.351  40.238 0.0000000000
51970  -49.326  -23.440  40.394 0.0000000000
51985  -48.758  -24.063  39.627 0.0000000000
58758  -47.722  -16.174  35.663 0.0000000000
114872  -48.568  -18.837  38.278 0.0000000000
49319  -47.395  -26.014  48.700 0.0000000000
49320  -47.740  -25.867  48.222 0.0000000000
50235  -47.677  -25.526  48.594 0.0000000000
51916  -47.008  -23.449  48.841 0.0000000000
51922  -47.494  -23.132  48.055 0.0000000000
39731  -20.835  -36.805  60.043 0.0000000000
45683  -37.748  -30.579  53.791 0.0000000000
45670  -37.306  -31.090  53.935 0.0000000000
45671  -38.202  -30.246  53.985 0.0000000000
47416  -39.173  -29.365  53.129 0.0000000000
130225  -39.370  -29.489  53.764 0.0000000000
46475  -39.974  -29.313  54.020 0.0000000000
47389  -39.799  -29.042  53.742 0.0000000000
50210  -43.245  -25.446  50.451 0.0000000000
50211  -43.192  -25.549  51.124 0.0000000000
51062  -43.781  -25.256  50.824 0.0000000000
50203  -44.881  -25.345  50.920 0.0000000000
50202  -44.224  -25.473  51.314 0.0000000000
48399  -44.958  -26.484  50.811 0.0000000000
49307  -45.680  -26.285  50.345 0.0000000000
49309  -46.943  -25.750  49.471 0.0000000000
124855  -20.155  -37.197  60.078 0.0000000000
51112  -49.968  -23.986  44.263 0.0000000000
124705  -50.496  -24.249  43.643 0.0000000000
51118  -50.252  -23.396  43.658 0.0000000000
52836  -51.170  -22.939  42.280 0.0000000000
51957  -51.483  -23.641  42.347 0.0000000000
51131  -51.973  -24.193  41.750 0.0000000000
51187  -50.829  -25.022  36.149 0.0000000000
51193  -50.014  -25.054  35.499 0.0000000000
57939  -50.377  -16.483  38.499 0.0000000000
57930  -50.828  -16.880  38.843 0.0000000000
56256  -50.099  -18.735  37.707 0.0000000000
123233  -44.633  -23.428  37.626 0.0000000000
120647  -45.646  -23.303  37.209 0.0000000000
59565  -50.221  -14.214  35.109 0.0000000000
59552  -49.781  -14.785  35.462 0.0000000000
59551  -48.804  -15.053  35.145 0.0000000000
59543  -50.207  -15.067  36.348 0.0000000000
59537  -52.277  -15.282  37.348 0.0000000000
59536  -51.863  -15.147  37.537 0.0000000000
57941  -52.458  -16.336  37.447 0.0000000000
57951  -52.875  -16.203  36.610 0.0000000000
58760  -53.445  -15.019  35.672 0.0000000000
61213  -53.762  -12.879  34.749 0.0000000000
61205  -53.824  -13.377  34.913 0.0000000000
61214  -54.413  -12.995  34.472 0.0000000000
45748  -47.599  -31.226  43.920 0.0000000000
47523  -48.189  -27.641  45.258 0.0000000000
47544  -48.421  -28.325  44.533 0.0000000000
48488  -48.809  -27.586  44.752 0.0000000000
49332  -48.005  -25.900  47.671 0.0000000000
50257  -49.071  -24.883  45.865 0.0000000000
118124  -49.414  -25.652  45.281 0.0000000000
51938  -49.412  -23.066  45.302 0.0000000000
53686  -48.619  -21.541  45.363 0.0000000000
53687  -49.118  -21.751  44.938 0.0000000000
36524  -21.898  -41.644  57.951 0.0000000000
36529  -22.225  -41.962  57.252 0.0000000000
38056  -22.136  -39.229  58.566 0.0000000000
39724  -22.314  -36.774  60.209 0.0000000000
39732  -22.711  -37.154  60.069 0.0000000000
39753  -25.964  -37.463  57.349 0.0000000000
39764  -26.541  -37.543  56.605 0.0000000000
111848  -24.451  -34.779  58.482 0.0000000000
41454  -27.191  -35.060  59.289 0.0000000000
39745  -28.099  -36.809  57.915 0.0000000000
39756  -28.616  -36.979  57.064 0.0000000000
39765  -28.313  -37.352  56.395 0.0000000000
39778  -28.890  -37.406  55.708 0.0000000000
39767  -30.355  -36.437  55.736 0.0000000000
120395  -30.132  -36.790  55.347 0.0000000000
109557  -30.901  -36.715  54.932 0.0000000000
41489  -32.751  -35.437  55.605 0.0000000000
40631  -31.851  -35.121  55.949 0.0000000000
40639  -32.658  -36.229  55.094 0.0000000000
40647  -33.387  -36.451  54.607 0.0000000000
40641  -34.627  -35.754  54.842 0.0000000000
40648  -34.261  -36.264  54.494 0.0000000000
110470  -34.919  -36.063  54.353 0.0000000000
40649  -35.407  -36.167  53.916 0.0000000000
127368  -35.824  -32.348  54.290 0.0000000000
44863  -35.422  -32.422  54.192 0.0000000000
110933  -35.120  -32.932  54.696 0.0000000000
44055  -34.139  -32.979  54.917 0.0000000000
43206  -34.979  -33.645  55.179 0.0000000000
112770  -35.724  -33.804  54.955 0.0000000000
42382  -37.087  -34.062  54.556 0.0000000000
42390  -36.820  -34.832  54.391 0.0000000000
41507  -36.869  -35.576  53.636 0.0000000000
42393  -39.056  -34.019  53.724 0.0000000000
42403  -39.386  -34.264  53.205 0.0000000000
44876  -39.144  -31.444  54.467 0.0000000000
44877  -39.854  -31.824  54.100 0.0000000000
46500  -39.605  -29.347  51.398 0.0000000000
48385  -41.082  -27.568  52.497 0.0000000000
115624  -40.766  -27.962  52.960 0.0000000000
120447  -40.830  -28.448  53.334 0.0000000000
124464  -41.279  -28.005  52.984 0.0000000000
50192  -42.818  -26.057  51.909 0.0000000000
50191  -42.260  -26.368  51.845 0.0000000000
49276  -42.979  -26.412  52.142 0.0000000000
120141  -43.057  -28.127  52.225 0.0000000000
47418  -42.835  -29.028  52.283 0.0000000000
46489  -42.753  -29.728  52.287 0.0000000000
45702  -44.007  -30.816  50.744 0.0000000000
44906  -44.011  -31.620  50.977 0.0000000000
44114  -44.239  -32.317  50.402 0.0000000000
110232  -45.533  -32.127  48.040 0.0000000000
46530  -44.596  -29.106  48.865 0.0000000000
47481  -45.322  -28.306  48.438 0.0000000000
46570  -45.436  -30.147  46.371 0.0000000000
46569  -45.113  -30.544  47.100 0.0000000000
45734  -45.528  -31.348  46.933 0.0000000000
44942  -45.792  -32.149  47.488 0.0000000000
121429  -46.060  -32.058  46.763 0.0000000000
124719  -46.403  -32.577  46.517 0.0000000000
113957  -46.311  -31.802  45.842 0.0000000000
44959  -46.820  -31.524  44.868 0.0000000000
44960  -47.271  -32.430  44.578 0.0000000000
37291  -21.222  -40.720  59.112 0.0000000000
36523  -21.313  -41.642  58.762 0.0000000000
35719  -21.643  -42.127  58.279 0.0000000000
48519  -50.208  -27.653  42.441 0.0000000000
108524  -50.496  -27.041  42.326 0.0000000000
111147  -48.885  -22.154  42.453 0.0000000000
53750  -49.217  -21.897  42.901 0.0000000000
51972  -51.207  -23.386  40.361 0.0000000000
52872  -50.528  -23.045  40.950 0.0000000000
114958  -51.886  -23.806  40.300 0.0000000000
51145  -51.821  -24.470  39.671 0.0000000000
51999  -50.500  -24.014  38.584 0.0000000000
49409  -51.454  -25.797  37.982 0.0000000000
48575  -50.379  -26.963  38.222 0.0000000000
53792  -45.861  -22.347  37.298 0.0000000000
123470  -46.509  -21.488  37.382 0.0000000000
57121  -48.514  -17.288  38.384 0.0000000000
57120  -47.780  -17.013  37.514 0.0000000000
57110  -47.575  -18.176  38.353 0.0000000000
56246  -46.531  -18.798  37.814 0.0000000000
55419  -46.748  -19.183  37.861 0.0000000000
52931  -48.191  -22.612  35.518 0.0000000000
53803  -48.203  -21.671  35.464 0.0000000000
50223  -46.820  -24.904  49.744 0.0000000000
129481  -46.683  -23.797  49.330 0.0000000000
46480  -38.182  -30.189  53.657 0.0000000000
46487  -38.514  -29.928  53.218 0.0000000000
51083  -44.021  -25.096  49.419 0.0000000000
51063  -44.603  -24.939  50.458 0.0000000000
51064  -45.349  -24.649  50.335 0.0000000000
50212  -45.520  -24.979  50.585 0.0000000000
49297  -46.007  -25.538  50.352 0.0000000000
53704  -49.453  -21.966  44.018 0.0000000000
51951  -50.149  -22.711  43.499 0.0000000000
113986  -49.867  -22.272  43.502 0.0000000000
109240  -50.073  -22.279  42.976 0.0000000000
52835  -50.626  -22.644  42.344 0.0000000000
114981  -47.082  -24.521  37.552 0.0000000000
51169  -48.136  -24.559  37.272 0.0000000000
57114  -51.307  -17.019  38.637 0.0000000000
60375  -50.284  -13.799  34.520 0.0000000000
59554  -51.581  -14.209  36.241 0.0000000000
59546  -52.622  -14.803  36.690 0.0000000000
57952  -53.090  -15.553  36.202 0.0000000000
59547  -53.008  -14.756  36.219 0.0000000000
59555  -53.319  -14.560  35.720 0.0000000000
59556  -53.704  -14.321  35.166 0.0000000000
61226  -54.920  -12.413  33.868 0.0000000000
61215  -55.029  -12.946  34.140 0.0000000000
60389  -55.300  -13.364  33.958 0.0000000000
46584  -47.013  -29.414  44.943 0.0000000000
51101  -48.502  -23.980  47.393 0.0000000000
127481  -48.550  -24.632  47.250 0.0000000000
51932  -48.549  -23.215  47.096 0.0000000000
51933  -48.862  -23.215  46.078 0.0000000000
52804  -49.109  -22.534  45.558 0.0000000000
54555  -47.728  -20.840  45.197 0.0000000000
38055  -21.570  -39.883  58.811 0.0000000000
38861  -22.549  -38.385  59.049 0.0000000000
39743  -26.268  -37.104  58.410 0.0000000000
41461  -27.683  -35.407  58.954 0.0000000000
41462  -28.252  -34.913  58.632 0.0000000000
40629  -29.226  -36.695  56.791 0.0000000000
40621  -29.414  -36.161  57.154 0.0000000000
110433  -30.601  -35.880  56.170 0.0000000000
41490  -33.562  -35.420  55.471 0.0000000000
41491  -34.202  -35.354  55.336 0.0000000000
114317  -34.928  -35.168  55.139 0.0000000000
44874  -36.795  -31.558  54.089 0.0000000000
44873  -35.878  -31.913  53.806 0.0000000000
43217  -38.617  -33.550  54.310 0.0000000000
43218  -39.211  -33.253  54.158 0.0000000000
112647  -39.875  -30.798  54.174 0.0000000000
44099  -42.383  -32.449  51.994 0.0000000000
44898  -42.653  -31.346  52.168 0.0000000000
47451  -40.743  -28.355  50.437 0.0000000000
47436  -40.621  -28.139  51.488 0.0000000000
120769  -41.154  -27.516  51.580 0.0000000000
49273  -41.398  -27.196  51.960 0.0000000000
49274  -41.744  -26.931  52.184 0.0000000000
48387  -43.770  -26.834  51.861 0.0000000000
48397  -43.593  -27.550  51.779 0.0000000000
47437  -43.336  -28.661  51.670 0.0000000000
46502  -43.520  -29.753  51.163 0.0000000000
122618  -44.388  -30.983  49.991 0.0000000000
45714  -44.697  -31.296  49.221 0.0000000000
45721  -44.648  -30.499  48.739 0.0000000000
47482  -46.137  -27.697  47.995 0.0000000000
47493  -45.377  -28.771  47.701 0.0000000000
46583  -46.126  -29.712  45.586 0.0000000000
38846  -19.480  -38.255  60.415 0.0000000000
38043  -20.168  -39.357  60.635 0.0000000000
110845  -50.758  -26.560  41.874 0.0000000000
48534  -50.206  -27.640  41.994 0.0000000000
126779  -50.126  -27.401  41.538 0.0000000000
53761  -48.364  -22.538  41.860 0.0000000000
53762  -49.317  -22.620  41.795 0.0000000000
51971  -50.082  -23.264  40.385 0.0000000000
52890  -50.588  -23.339  40.126 0.0000000000
51172  -51.347  -24.890  36.853 0.0000000000
56249  -48.963  -18.144  38.723 0.0000000000
57111  -48.315  -17.923  38.704 0.0000000000
55420  -47.631  -18.959  38.096 0.0000000000
54614  -47.136  -19.737  37.757 0.0000000000
61211  -52.236  -12.888  34.526 0.0000000000
126249  -52.798  -12.637  34.267 0.0000000000
117566  -53.403  -12.590  34.365 0.0000000000
62018  -54.739  -11.886  33.274 0.0000000000
48445  -47.558  -26.640  47.647 0.0000000000
49331  -47.643  -26.231  47.970 0.0000000000
127781  -47.715  -24.772  48.670 0.0000000000
51095  -48.230  -24.484  47.976 0.0000000000
51927  -48.107  -23.475  47.854 0.0000000000
38848  -21.079  -37.701  60.370 0.0000000000
39723  -21.523  -36.909  60.257 0.0000000000
40596  -22.367  -36.208  60.197 0.0000000000
41444  -23.269  -36.000  60.118 0.0000000000
41451  -23.786  -35.633  59.753 0.0000000000
41452  -24.384  -35.506  59.730 0.0000000000
44044  -32.753  -33.515  55.553 0.0000000000
45662  -37.385  -31.163  54.143 0.0000000000
44866  -38.029  -31.350  54.520 0.0000000000
44867  -38.474  -30.927  54.427 0.0000000000
46473  -38.910  -29.893  53.981 0.0000000000
128044  -39.071  -30.008  54.160 0.0000000000
124265  -39.565  -29.916  54.158 0.0000000000
45675  -40.634  -29.355  53.636 0.0000000000
50209  -42.429  -26.232  50.131 0.0000000000
50199  -42.618  -25.904  50.737 0.0000000000
121513  -43.175  -25.761  51.543 0.0000000000
50193  -43.448  -25.856  51.777 0.0000000000
51053  -44.222  -25.246  50.969 0.0000000000
49285  -44.030  -26.198  51.710 0.0000000000
48398  -44.312  -26.886  51.456 0.0000000000
48409  -44.575  -27.266  50.816 0.0000000000
126733  -44.516  -28.661  49.554 0.0000000000
47453  -44.710  -27.689  50.049 0.0000000000
49308  -46.365  -26.101  49.868 0.0000000000
48433  -46.700  -26.998  48.363 0.0000000000
39730  -19.609  -37.699  60.040 0.0000000000
50265  -49.988  -25.701  44.488 0.0000000000
48490  -50.385  -26.887  43.459 0.0000000000
49377  -50.621  -25.892  43.597 0.0000000000
50278  -51.149  -25.631  42.657 0.0000000000
51119  -50.956  -23.986  43.049 0.0000000000
50272  -51.454  -24.588  42.485 0.0000000000
49384  -51.256  -25.834  41.907 0.0000000000
50289  -51.864  -25.325  40.744 0.0000000000
51984  -47.638  -24.173  39.638 0.0000000000
51157  -50.039  -24.339  37.666 0.0000000000
58728  -49.130  -15.948  36.894 0.0000000000
57950  -48.196  -16.369  36.648 0.0000000000
110869  -49.506  -16.323  37.847 0.0000000000
57928  -49.392  -16.873  38.533 0.0000000000
57101  -50.604  -17.263  38.805 0.0000000000
56238  -50.343  -17.652  38.720 0.0000000000
129249  -49.485  -17.832  38.812 0.0000000000
55421  -49.519  -18.508  38.394 0.0000000000
51085  -45.537  -23.916  48.745 0.0000000000
49306  -42.147  -26.733  49.857 0.0000000000
115299  -42.997  -25.859  49.424 0.0000000000
50222  -43.352  -25.446  49.755 0.0000000000
51084  -44.743  -24.520  49.056 0.0000000000
112212  -46.709  -20.556  43.367 0.0000000000
129888  -48.121  -21.274  43.395 0.0000000000
54589  -46.890  -21.443  42.666 0.0000000000
53749  -47.846  -21.950  42.471 0.0000000000
52869  -47.784  -23.082  41.201 0.0000000000
51968  -47.186  -23.539  40.347 0.0000000000
51142  -47.075  -24.511  38.805 0.0000000000
122157  -46.764  -24.603  38.107 0.0000000000
51154  -46.235  -24.428  37.754 0.0000000000
51168  -46.562  -24.216  37.213 0.0000000000
58746  -49.833  -15.531  36.775 0.0000000000
58730  -50.994  -15.817  38.114 0.0000000000
59544  -51.204  -14.835  36.915 0.0000000000
58731  -51.810  -15.761  37.976 0.0000000000
57940  -51.881  -16.413  38.124 0.0000000000
57140  -51.983  -17.465  36.182 0.0000000000
60372  -53.556  -13.907  35.302 0.0000000000
60379  -54.720  -13.484  34.359 0.0000000000
59566  -54.346  -14.123  34.574 0.0000000000
46597  -47.877  -29.231  44.380 0.0000000000
47545  -49.040  -28.288  43.987 0.0000000000
118917  -49.428  -27.640  44.196 0.0000000000
48458  -48.194  -26.626  46.454 0.0000000000
49360  -48.656  -26.400  45.862 0.0000000000
50256  -48.689  -25.147  46.693 0.0000000000
49361  -49.147  -26.259  45.404 0.0000000000
49368  -49.646  -26.397  44.807 0.0000000000
51939  -49.765  -23.043  44.467 0.0000000000
119442  -49.483  -22.447  44.868 0.0000000000
52819  -49.677  -22.412  44.136 0.0000000000
111571  -48.034  -20.926  43.911 0.0000000000
51925  -46.361  -23.368  48.406 0.0000000000
51926  -47.122  -22.886  47.785 0.0000000000
51931  -46.817  -22.907  46.807 0.0000000000
53662  -47.728  -22.032  46.649 0.0000000000
53671  -47.342  -21.450  45.751 0.0000000000
54542  -47.506  -21.175  45.522 0.0000000000
55373  -47.533  -20.701  43.652 0.0000000000
34996  -22.312  -42.857  56.880 0.0000000000
35734  -22.502  -42.360  56.735 0.0000000000
36534  -22.584  -41.785  56.588 0.0000000000
38855  -22.288  -37.981  59.840 0.0000000000
42346  -23.881  -34.933  58.647 0.0000000000
42339  -24.424  -35.054  59.405 0.0000000000
124313  -24.877  -35.266  59.671 0.0000000000
126809  -25.562  -35.263  59.599 0.0000000000
39744  -27.292  -36.944  58.291 0.0000000000
40614  -27.579  -36.264  58.678 0.0000000000
128344  -27.645  -37.138  57.801 0.0000000000
39766  -29.654  -36.766  56.022 0.0000000000
41478  -30.967  -35.146  56.511 0.0000000000
130141  -31.297  -35.582  55.900 0.0000000000
39780  -31.826  -36.521  54.955 0.0000000000
44045  -33.582  -33.458  55.323 0.0000000000
44862  -34.859  -32.551  54.216 0.0000000000
44071  -34.052  -32.826  54.636 0.0000000000
130453  -34.625  -34.202  55.402 0.0000000000
41492  -35.592  -34.973  54.925 0.0000000000
42381  -36.136  -34.405  54.795 0.0000000000
41493  -36.127  -35.094  54.593 0.0000000000
40650  -36.125  -35.894  53.832 0.0000000000
44072  -38.865  -32.258  54.578 0.0000000000
43219  -39.753  -33.248  53.716 0.0000000000
44074  -40.217  -32.677  53.624 0.0000000000
42404  -39.988  -34.058  52.942 0.0000000000
46514  -39.027  -29.853  50.916 0.0000000000
47434  -39.550  -29.139  52.439 0.0000000000
47417  -39.809  -28.771  53.095 0.0000000000
48395  -40.243  -28.444  52.413 0.0000000000
47401  -39.945  -28.703  53.405 0.0000000000
47402  -40.230  -28.513  53.379 0.0000000000
47403  -41.005  -28.940  53.454 0.0000000000
46482  -41.603  -29.256  53.194 0.0000000000
49284  -42.136  -26.331  51.300 0.0000000000
49267  -41.975  -27.052  52.433 0.0000000000
123932  -42.643  -27.729  52.390 0.0000000000
48374  -41.942  -27.719  52.622 0.0000000000
45686  -41.855  -30.005  52.917 0.0000000000
45693  -42.452  -30.241  52.457 0.0000000000
44100  -43.107  -32.297  51.520 0.0000000000
44905  -43.389  -31.483  51.550 0.0000000000
123540  -44.828  -30.770  48.168 0.0000000000
46553  -44.896  -30.106  47.609 0.0000000000
44201  -47.058  -33.281  45.584 0.0000000000
35718  -21.158  -42.317  58.735 0.0000000000
48504  -50.274  -27.528  42.944 0.0000000000
127523  -50.145  -22.433  42.544 0.0000000000
52851  -51.231  -22.894  41.690 0.0000000000
53763  -50.045  -22.724  41.619 0.0000000000
52850  -50.565  -22.697  41.822 0.0000000000
119043  -52.168  -23.888  41.032 0.0000000000
51136  -52.115  -24.567  40.454 0.0000000000
49397  -51.321  -25.898  40.345 0.0000000000
51987  -50.859  -23.698  39.472 0.0000000000
51159  -51.358  -24.411  38.564 0.0000000000
111790  -51.580  -24.424  39.132 0.0000000000
49402  -51.336  -25.856  39.254 0.0000000000
52916  -44.863  -22.979  37.335 0.0000000000
52917  -46.448  -23.157  36.927 0.0000000000
57130  -47.029  -17.206  37.088 0.0000000000
119645  -47.186  -17.683  37.801 0.0000000000
57129  -46.389  -17.769  37.179 0.0000000000
54626  -46.737  -20.645  37.629 0.0000000000
52930  -47.353  -22.955  36.290 0.0000000000
127901  -48.591  -23.597  34.639 0.0000000000
48375  -42.511  -27.051  52.335 0.0000000000
52797  -47.676  -22.655  47.572 0.0000000000
52824  -50.462  -22.618  42.891 0.0000000000
52873  -51.120  -22.994  41.182 0.0000000000
53703  -49.160  -21.724  44.375 0.0000000000
54541  -46.959  -20.921  45.383 0.0000000000
54574  -49.232  -21.796  43.618 0.0000000000
54590  -47.782  -21.430  42.973 0.0000000000
57113  -49.937  -17.566  38.835 0.0000000000
59535  -51.340  -15.367  37.633 0.0000000000
109474  -50.564  -27.007  42.753 0.0000000000
116841  -37.706  -30.735  54.028 0.0000000000
128285  -50.814  -17.495  38.647 0.0000000000
128305  -51.733  -25.393  41.376 0.0000000000
130272  -49.270  -22.102  45.094 0.0000000000
130852  -44.581  -32.297  49.908 0.0000000000
