#!ascii label  , from subject sub-v2s8x29222_ses-1 vox2ras=TkReg
492
31402  27.855  -45.677  -60.179 0.6000000238
114797  28.643  -49.883  -54.894 0.6999999881
29447  28.437  -48.727  -56.425 0.6999999881
29449  27.075  -48.541  -58.390 0.8999999762
30441  26.847  -47.837  -58.868 0.8000000119
31394  26.631  -46.818  -59.917 0.8000000119
32273  28.028  -45.131  -60.191 0.6000000238
32272  28.632  -45.071  -60.064 0.6999999881
32271  29.612  -45.309  -59.573 0.6999999881
29424  28.796  -49.058  -54.724 0.6999999881
28493  28.665  -49.660  -54.101 0.6999999881
28501  28.586  -49.323  -55.549 0.6999999881
30414  28.746  -47.859  -56.224 0.6000000238
28506  28.025  -49.277  -57.018 0.6999999881
29448  27.930  -48.497  -57.491 0.8000000119
31382  27.702  -46.873  -58.575 0.8000000119
30440  27.528  -47.769  -58.309 0.8000000119
30453  27.089  -47.151  -59.134 0.8000000119
114383  27.521  -45.974  -60.022 0.6000000238
33187  29.051  -44.663  -59.895 0.6999999881
33181  30.195  -44.791  -59.218 0.6999999881
29431  29.039  -48.223  -54.628 0.5000000000
28488  28.689  -49.519  -53.294 0.6000000238
29432  28.795  -48.474  -55.468 0.6000000238
30426  28.576  -47.262  -56.944 0.6000000238
129408  28.400  -47.982  -56.925 0.8000000119
31381  28.285  -46.665  -57.861 0.6999999881
31392  27.701  -45.910  -59.176 0.6999999881
33188  28.149  -44.654  -60.200 0.5000000000
34081  29.561  -43.981  -59.598 0.6000000238
33180  30.809  -44.244  -58.684 0.5000000000
29416  29.024  -48.260  -53.241 0.5000000000
27538  28.393  -50.088  -52.791 0.6000000238
29417  28.900  -48.790  -53.839 0.5000000000
30425  29.024  -47.039  -56.192 0.5000000000
31367  28.749  -46.460  -57.001 0.6000000238
32240  28.572  -45.237  -57.807 0.6000000238
32251  27.971  -45.247  -59.067 0.6000000238
33182  27.926  -44.838  -60.054 0.5000000000
34083  28.002  -44.198  -60.276 0.5000000000
34082  28.268  -44.123  -60.395 0.6000000238
120014  28.410  -43.432  -60.445 0.6000000238
34075  30.599  -43.418  -58.761 0.5000000000
120128  32.104  -42.883  -57.376 0.5000000000
34063  31.577  -43.725  -57.898 0.5000000000
28482  28.544  -49.298  -52.537 0.5000000000
30407  29.395  -47.432  -54.578 0.5000000000
31351  29.461  -46.828  -55.358 0.4000000060
32215  29.826  -45.942  -55.249 0.3000000119
32239  29.327  -46.095  -56.251 0.3000000119
117141  29.680  -45.196  -55.946 0.3000000119
124991  29.130  -45.247  -56.825 0.5000000000
131111  28.850  -45.791  -57.105 0.5000000000
125272  27.932  -44.326  -59.857 0.5000000000
113472  27.786  -43.468  -60.569 0.6000000238
35000  29.688  -43.062  -59.493 0.5000000000
129021  30.530  -42.702  -58.713 0.5000000000
34074  31.239  -42.800  -58.047 0.5000000000
30392  29.080  -47.779  -52.679 0.5000000000
132174  29.295  -47.641  -53.315 0.5000000000
122342  29.551  -47.199  -53.794 0.5000000000
31342  29.758  -46.635  -54.483 0.4000000060
33138  29.895  -44.331  -55.766 0.3000000119
33149  29.376  -44.491  -56.583 0.3000000119
33150  28.762  -44.593  -57.524 0.4000000060
33167  28.256  -44.683  -58.789 0.5000000000
34076  27.736  -43.505  -60.048 0.4000000060
35001  28.903  -42.442  -59.887 0.5000000000
35981  29.464  -41.550  -59.421 0.5000000000
123638  30.054  -42.196  -59.079 0.5000000000
34981  31.653  -42.059  -57.522 0.5000000000
34993  30.881  -42.062  -58.254 0.5000000000
30383  29.123  -47.220  -52.084 0.5000000000
31329  29.529  -47.008  -52.923 0.5000000000
31328  29.925  -46.432  -53.633 0.5000000000
31341  30.179  -45.815  -54.349 0.4000000060
32226  30.253  -45.008  -55.003 0.4000000060
34047  29.511  -43.601  -56.420 0.3000000119
34048  29.017  -43.990  -57.213 0.4000000060
34982  28.061  -43.024  -58.572 0.4000000060
34064  28.401  -43.938  -58.480 0.4000000060
34994  27.417  -42.538  -60.219 0.5000000000
35002  27.639  -42.495  -60.501 0.5000000000
35980  30.399  -41.394  -58.592 0.4000000060
31320  29.979  -46.149  -52.813 0.4000000060
122587  30.537  -45.139  -54.116 0.4000000060
32202  30.380  -45.635  -53.500 0.4000000060
33137  30.314  -44.148  -55.095 0.4000000060
131770  29.285  -42.823  -56.664 0.4000000060
124804  28.771  -43.302  -57.325 0.4000000060
129816  27.318  -42.600  -59.676 0.5000000000
35003  27.029  -41.920  -60.188 0.5000000000
35008  27.219  -41.909  -60.391 0.6000000238
35987  28.324  -41.647  -60.233 0.5000000000
37024  28.968  -40.792  -59.671 0.4000000060
37023  29.880  -40.862  -58.950 0.4000000060
32194  29.866  -45.775  -52.041 0.4000000060
125151  30.773  -44.808  -53.339 0.4000000060
32193  30.402  -45.388  -52.668 0.4000000060
33127  30.672  -44.330  -54.282 0.4000000060
34039  30.074  -43.529  -55.556 0.4000000060
34963  28.488  -42.313  -57.294 0.4000000060
34983  27.312  -41.982  -58.623 0.4000000060
34995  26.826  -41.870  -59.753 0.5000000000
35989  26.999  -41.237  -60.202 0.4000000060
37031  27.881  -40.890  -60.205 0.6000000238
115520  30.689  -44.735  -52.480 0.4000000060
124199  30.950  -44.069  -53.508 0.4000000060
34031  30.844  -43.490  -53.979 0.4000000060
34038  30.484  -43.509  -54.777 0.4000000060
34948  30.253  -42.787  -55.214 0.4000000060
126133  30.011  -42.071  -55.594 0.4000000060
125990  29.445  -42.122  -56.347 0.5000000000
35955  28.122  -41.314  -57.589 0.3000000119
35982  26.642  -41.255  -59.700 0.4000000060
37033  26.783  -40.600  -59.542 0.4000000060
37032  27.427  -40.354  -59.799 0.5000000000
32185  30.252  -45.069  -51.854 0.4000000060
34947  30.614  -42.771  -54.428 0.4000000060
125891  30.406  -42.058  -54.831 0.4000000060
35941  29.731  -41.335  -55.925 0.3000000119
35954  29.000  -41.376  -56.674 0.3000000119
35956  27.245  -41.087  -58.376 0.3000000119
38007  26.912  -40.054  -58.924 0.4000000060
38015  27.302  -39.884  -59.212 0.4000000060
33106  30.963  -44.145  -52.751 0.3000000119
34019  31.062  -43.452  -53.155 0.3000000119
124850  30.773  -42.059  -54.066 0.3000000119
35940  30.216  -41.338  -55.192 0.3000000119
36986  30.012  -40.578  -55.519 0.3000000119
36998  29.418  -40.558  -56.240 0.4000000060
37978  29.118  -39.806  -56.646 0.4000000060
36999  28.723  -40.543  -57.038 0.3000000119
119109  28.381  -39.819  -57.394 0.3000000119
37014  26.930  -40.468  -58.676 0.3000000119
125169  26.972  -40.041  -58.775 0.4000000060
118579  27.499  -39.238  -58.469 0.4000000060
130996  28.036  -39.062  -58.958 0.4000000060
38917  28.963  -38.484  -56.666 0.4000000060
37979  28.593  -39.059  -57.138 0.4000000060
134925  28.034  -39.362  -57.623 0.3000000119
37993  27.445  -39.190  -58.314 0.4000000060
38934  27.035  -38.041  -57.960 0.4000000060
122482  27.059  -38.000  -58.054 0.4000000060
38956  27.658  -38.419  -58.398 0.4000000060
38923  28.038  -38.088  -57.344 0.4000000060
39804  27.099  -37.408  -57.657 0.5000000000
39810  26.854  -37.300  -57.888 0.4000000060
39827  26.876  -37.209  -58.048 0.3000000119
31403  27.008  -46.492  -60.126 0.6999999881
32265  27.710  -45.353  -60.005 0.6000000238
30413  29.105  -47.655  -55.395 0.4000000060
116690  28.404  -45.881  -57.966 0.6999999881
126675  29.232  -47.934  -53.892 0.5000000000
35971  26.600  -41.168  -59.168 0.4000000060
33094  30.655  -44.209  -51.802 0.4000000060
37000  27.767  -40.490  -57.818 0.3000000119
37980  27.406  -40.003  -57.938 0.3000000119
125444  27.598  -38.885  -57.817 0.3000000119
39838  27.296  -37.485  -58.251 0.3000000119
24708  27.503  -52.680  -60.159 0.6000000238
26655  26.762  -51.696  -60.730 0.6000000238
26665  24.906  -51.031  -62.749 0.6000000238
26673  25.024  -50.760  -62.741 0.6000000238
23880  27.948  -54.561  -59.752 0.5000000000
24707  27.952  -53.672  -59.586 0.6000000238
126569  26.820  -51.507  -59.363 0.6999999881
25678  27.228  -52.065  -59.619 0.6999999881
24716  27.689  -53.430  -60.633 0.6000000238
26656  25.652  -50.809  -61.064 0.6000000238
118995  25.378  -50.288  -61.348 0.6000000238
121564  25.738  -50.689  -61.701 0.6000000238
27613  25.897  -50.877  -62.086 0.6000000238
27602  28.331  -50.661  -61.607 0.6999999881
24696  28.149  -53.605  -58.556 0.6000000238
25667  27.616  -51.711  -57.928 0.6999999881
25675  27.516  -52.105  -58.607 0.6999999881
24697  27.752  -52.839  -59.092 0.6999999881
27584  25.291  -50.344  -60.037 0.6999999881
26646  25.889  -51.101  -60.104 0.6999999881
27593  25.067  -49.665  -61.417 0.5000000000
27603  26.808  -50.542  -61.680 0.6000000238
28549  27.609  -50.018  -61.218 0.6000000238
28548  28.963  -49.992  -60.924 0.6999999881
27601  29.530  -50.493  -61.506 0.6999999881
28547  29.974  -50.050  -61.049 0.6999999881
31423  34.224  -46.406  -64.201 0.4000000060
31413  33.238  -46.209  -62.646 0.5000000000
29487  32.328  -48.621  -61.740 0.6000000238
28534  30.944  -49.619  -61.060 0.6999999881
128900  27.396  -55.279  -56.208 0.5000000000
24683  28.286  -53.900  -57.036 0.5000000000
123917  28.201  -53.150  -57.010 0.6000000238
125636  28.280  -54.366  -57.872 0.5000000000
25666  27.938  -52.486  -57.580 0.6999999881
24691  28.207  -53.414  -57.697 0.5000000000
25674  27.974  -52.876  -58.282 0.6000000238
27577  26.935  -50.537  -58.544 0.6999999881
26640  27.178  -51.283  -58.592 0.6999999881
26641  26.296  -50.844  -59.296 0.6999999881
27592  25.252  -50.300  -60.810 0.6999999881
28550  25.974  -49.786  -61.454 0.6000000238
127010  28.892  -49.210  -60.495 0.6999999881
28535  29.783  -49.441  -60.506 0.6999999881
28531  31.279  -49.057  -60.291 0.6999999881
29488  31.852  -49.024  -60.958 0.6000000238
29475  31.871  -48.825  -60.120 0.6000000238
118714  27.194  -53.987  -54.873 0.5000000000
23009  27.094  -55.093  -55.568 0.4000000060
24675  28.192  -53.351  -56.259 0.5000000000
23842  27.823  -53.893  -55.631 0.5000000000
23850  28.113  -54.276  -56.442 0.5000000000
113886  28.140  -51.791  -56.189 0.6000000238
25658  28.115  -52.502  -56.632 0.6000000238
26622  27.803  -50.786  -57.087 0.6999999881
26631  27.847  -51.659  -57.089 0.6000000238
27571  27.422  -50.274  -57.762 0.6999999881
28538  25.236  -48.825  -61.396 0.6999999881
28537  26.759  -48.930  -61.116 0.6999999881
28536  28.138  -49.430  -60.771 0.6999999881
29477  29.315  -48.451  -60.117 0.8000000119
29476  30.451  -48.924  -60.084 0.6999999881
31407  33.576  -46.673  -61.295 0.5000000000
29473  32.974  -48.060  -60.348 0.6000000238
29467  32.182  -48.441  -59.613 0.6000000238
25640  28.015  -52.146  -55.087 0.6000000238
25652  27.887  -52.968  -55.419 0.6000000238
128867  28.202  -51.748  -55.530 0.6000000238
27562  28.144  -50.488  -56.386 0.6000000238
27563  27.840  -49.994  -57.038 0.6000000238
28514  27.404  -49.403  -57.829 0.6999999881
28523  26.876  -49.870  -58.428 0.6999999881
28524  25.388  -49.049  -59.627 0.6999999881
27579  25.008  -49.620  -60.068 0.6999999881
29470  25.113  -48.242  -60.135 0.8000000119
29481  24.846  -48.194  -60.910 0.8000000119
29479  25.785  -47.969  -61.194 0.6000000238
29478  27.977  -48.360  -60.598 0.6000000238
29469  30.265  -48.160  -59.535 0.8000000119
31412  33.887  -45.865  -61.726 0.5000000000
30468  33.265  -47.474  -60.745 0.6000000238
30461  32.596  -47.864  -59.270 0.6999999881
31406  34.149  -46.268  -60.543 0.6000000238
24662  27.191  -53.390  -54.233 0.5000000000
23807  26.819  -53.525  -53.387 0.4000000060
23792  26.339  -53.981  -53.059 0.4000000060
25641  27.572  -52.696  -54.592 0.5000000000
26616  28.285  -51.056  -55.730 0.6000000238
28505  28.281  -49.666  -56.335 0.6000000238
28515  26.475  -49.207  -58.785 0.8000000119
29460  26.090  -48.280  -59.286 0.8000000119
30471  25.716  -47.430  -60.790 0.6000000238
118521  27.260  -47.233  -60.589 0.6000000238
30464  29.395  -47.475  -59.758 0.6999999881
120603  30.187  -47.483  -59.317 0.6999999881
30452  31.457  -47.254  -58.667 0.6999999881
30459  33.789  -47.049  -60.141 0.6000000238
30450  33.057  -47.201  -59.008 0.6000000238
117637  34.126  -45.451  -58.516 0.6000000238
31387  34.286  -45.964  -59.119 0.6000000238
26599  28.162  -51.075  -53.893 0.5000000000
25629  27.321  -52.569  -53.601 0.5000000000
24632  26.373  -53.373  -52.700 0.5000000000
27548  28.478  -50.460  -54.387 0.5000000000
25628  27.799  -51.883  -54.238 0.5000000000
27556  28.443  -50.168  -55.632 0.6000000238
30466  25.938  -47.254  -60.238 0.6999999881
30465  28.515  -46.452  -60.115 0.6000000238
116669  29.626  -46.733  -59.537 0.6000000238
30463  30.568  -47.025  -58.980 0.6999999881
31391  31.077  -46.458  -58.620 0.6000000238
31390  31.966  -46.645  -58.281 0.6000000238
31389  32.777  -46.565  -58.477 0.6999999881
32275  35.085  -45.180  -60.432 0.5000000000
32259  34.841  -44.944  -58.685 0.4000000060
27544  28.463  -50.294  -53.553 0.5000000000
26588  28.149  -50.880  -53.037 0.5000000000
26590  26.848  -51.859  -52.200 0.5000000000
25616  26.263  -52.610  -52.220 0.5000000000
24626  24.928  -53.051  -51.889 0.5000000000
24627  24.269  -52.858  -51.739 0.5000000000
31401  28.822  -45.721  -59.972 0.6000000238
31400  30.100  -46.146  -59.245 0.6000000238
32264  30.642  -45.602  -58.834 0.4000000060
32262  32.425  -45.885  -58.109 0.5000000000
32249  32.826  -45.112  -57.831 0.4000000060
33179  34.420  -44.636  -58.023 0.4000000060
32261  33.275  -45.739  -58.266 0.5000000000
26589  27.573  -51.354  -52.583 0.5000000000
26577  26.088  -51.931  -51.627 0.5000000000
25608  24.751  -52.332  -51.541 0.5000000000
25609  24.037  -52.264  -51.652 0.5000000000
130800  22.911  -52.622  -52.292 0.4000000060
24647  22.369  -52.663  -52.752 0.5000000000
24648  21.995  -52.782  -53.517 0.4000000060
25631  22.066  -52.049  -54.320 0.4000000060
24676  21.496  -52.894  -55.666 0.4000000060
33166  31.582  -44.542  -58.059 0.4000000060
32248  33.648  -44.924  -57.897 0.4000000060
27539  27.849  -50.548  -52.328 0.5000000000
26576  27.180  -50.979  -51.864 0.4000000060
134126  25.933  -51.469  -51.263 0.4000000060
26578  25.351  -51.671  -51.256 0.5000000000
27533  24.405  -50.925  -51.318 0.4000000060
25617  23.365  -52.132  -51.973 0.5000000000
26591  23.259  -51.428  -52.172 0.4000000060
26592  22.939  -51.000  -52.704 0.5000000000
25618  22.754  -51.859  -52.586 0.5000000000
26602  22.186  -51.153  -53.939 0.3000000119
25642  21.756  -52.162  -55.234 0.3000000119
25653  21.233  -52.242  -56.131 0.3000000119
27531  27.469  -50.163  -51.616 0.5000000000
27532  26.707  -50.549  -51.191 0.5000000000
26568  25.811  -50.920  -50.933 0.4000000060
131071  28.432  -48.857  -51.915 0.4000000060
28477  27.820  -49.295  -51.436 0.4000000060
28478  27.037  -49.763  -50.928 0.4000000060
28466  25.783  -49.456  -50.464 0.4000000060
30384  28.689  -48.011  -51.829 0.4000000060
133791  27.709  -48.814  -51.041 0.4000000060
28464  27.279  -49.024  -50.764 0.4000000060
119473  28.746  -47.306  -51.432 0.4000000060
29389  26.942  -48.490  -50.345 0.4000000060
29390  26.202  -48.674  -50.281 0.4000000060
29391  25.368  -48.761  -50.400 0.4000000060
29388  27.613  -48.377  -50.741 0.4000000060
30374  27.430  -47.624  -50.256 0.4000000060
124135  25.749  -48.127  -50.178 0.4000000060
29402  24.649  -48.754  -50.802 0.4000000060
31313  29.070  -46.673  -51.463 0.4000000060
29403  24.042  -48.716  -51.547 0.4000000060
30385  24.305  -47.963  -51.272 0.4000000060
32186  29.659  -45.466  -51.242 0.3000000119
31301  29.012  -46.039  -50.784 0.4000000060
30358  27.672  -46.737  -49.957 0.4000000060
30375  26.511  -47.800  -50.013 0.4000000060
30377  24.979  -47.872  -50.465 0.4000000060
30360  26.391  -47.073  -49.768 0.3000000119
31408  27.504  -46.436  -60.242 0.6000000238
26607  28.319  -51.300  -54.837 0.5000000000
33165  32.306  -44.466  -57.646 0.4000000060
25693  25.685  -51.870  -62.125 0.6000000238
31416  32.897  -46.161  -63.436 0.5000000000
32280  33.606  -45.563  -62.564 0.5000000000
30481  32.512  -47.745  -62.663 0.5000000000
30474  33.215  -47.266  -62.040 0.4000000060
30475  32.787  -47.971  -61.301 0.6000000238
23851  27.668  -54.704  -55.963 0.5000000000
28539  24.800  -48.832  -61.207 0.6999999881
29466  32.796  -48.220  -59.858 0.6000000238
26621  28.046  -51.175  -56.495 0.6000000238
29468  31.255  -48.523  -59.552 0.6999999881
23827  26.885  -54.157  -54.082 0.4000000060
29489  25.465  -47.605  -61.039 0.6000000238
123077  26.789  -47.846  -60.925 0.6000000238
116956  30.908  -47.807  -59.037 0.6999999881
32276  34.409  -45.468  -61.017 0.5000000000
32279  34.089  -45.172  -62.011 0.5000000000
30451  32.279  -47.300  -58.671 0.6999999881
31399  33.610  -47.007  -59.440 0.6000000238
31409  26.875  -46.819  -60.407 0.6999999881
30469  28.312  -47.332  -60.287 0.6999999881
31398  34.108  -46.478  -59.610 0.6000000238
32260  34.664  -45.495  -59.079 0.6000000238
26600  27.742  -51.652  -53.337 0.5000000000
25615  26.896  -52.716  -52.784 0.5000000000
24633  25.679  -53.212  -52.255 0.4000000060
24663  21.705  -53.015  -54.557 0.3000000119
32250  31.980  -45.192  -57.905 0.5000000000
33164  33.171  -44.394  -57.419 0.4000000060
26579  24.599  -51.621  -51.355 0.5000000000
25630  22.307  -51.957  -53.369 0.4000000060
31314  28.573  -46.878  -50.863 0.4000000060
117620  28.046  -47.083  -50.417 0.4000000060
111329  38.740  -64.502  -70.490 0.3000000119
15138  37.889  -63.902  -69.214 0.3000000119
25714  31.984  -52.731  -65.681 0.4000000060
25713  33.177  -52.414  -66.192 0.4000000060
24744  33.353  -53.428  -67.224 0.4000000060
23909  34.089  -53.653  -68.117 0.4000000060
26683  32.085  -51.474  -64.960 0.4000000060
121015  31.045  -51.549  -64.761 0.4000000060
26684  30.411  -51.220  -64.495 0.4000000060
26685  29.598  -51.536  -64.509 0.5000000000
26686  28.608  -51.788  -64.641 0.5000000000
26682  33.613  -51.333  -65.741 0.4000000060
25705  32.596  -51.998  -65.587 0.5000000000
25706  31.437  -52.125  -65.125 0.5000000000
26689  33.721  -51.854  -66.161 0.5000000000
25712  34.489  -52.045  -66.750 0.5000000000
25717  33.943  -52.637  -66.968 0.4000000060
24743  34.644  -52.997  -67.601 0.4000000060
23912  34.237  -54.108  -68.679 0.4000000060
23911  34.490  -54.015  -68.584 0.4000000060
22270  35.304  -55.980  -69.173 0.3000000119
21425  36.626  -57.552  -69.350 0.4000000060
28565  32.861  -48.951  -64.340 0.4000000060
27620  32.143  -49.643  -64.335 0.4000000060
28566  31.626  -48.976  -63.814 0.4000000060
27619  33.999  -50.004  -65.446 0.4000000060
27626  32.645  -50.633  -64.876 0.4000000060
115739  31.305  -50.222  -64.253 0.4000000060
135132  30.625  -50.660  -64.207 0.5000000000
26677  29.892  -50.961  -63.958 0.5000000000
27621  30.578  -50.312  -63.723 0.5000000000
116187  29.066  -51.396  -64.165 0.5000000000
27622  28.899  -51.144  -63.309 0.6000000238
27612  29.209  -50.878  -62.219 0.6000000238
26679  26.659  -51.415  -63.820 0.6000000238
26671  27.616  -51.314  -63.036 0.5000000000
23908  34.755  -53.350  -68.123 0.4000000060
119447  27.248  -50.970  -62.216 0.5000000000
23086  34.750  -55.039  -68.879 0.4000000060
23085  35.917  -55.583  -68.254 0.4000000060
22269  36.538  -56.614  -68.666 0.4000000060
29508  31.984  -48.290  -63.739 0.4000000060
29500  31.551  -48.929  -63.247 0.5000000000
128516  31.194  -49.416  -63.331 0.5000000000
28557  31.161  -49.714  -62.382 0.5000000000
113453  29.905  -50.652  -63.127 0.5000000000
28546  31.798  -49.242  -62.044 0.5000000000
126019  29.984  -50.615  -62.173 0.6000000238
27600  30.431  -50.246  -61.741 0.6000000238
112151  40.132  -65.309  -70.456 0.3000000119
16023  37.219  -63.569  -67.812 0.3000000119
19638  35.727  -59.697  -67.221 0.3000000119
29507  33.975  -48.832  -64.766 0.4000000060
120967  33.238  -47.837  -64.222 0.4000000060
135748  32.510  -48.038  -64.069 0.4000000060
30488  32.361  -47.574  -63.674 0.4000000060
29499  31.930  -48.306  -63.084 0.5000000000
30480  32.711  -46.761  -63.336 0.4000000060
122920  28.317  -51.063  -62.381 0.6000000238
26672  26.059  -51.030  -62.932 0.5000000000
30487  32.833  -46.806  -63.688 0.4000000060
27627  31.279  -50.945  -64.546 0.4000000060
25701  27.333  -51.821  -64.662 0.5000000000
28558  31.156  -49.648  -63.778 0.5000000000
27611  30.610  -50.044  -62.959 0.5000000000
37025  26.625  -40.589  -59.196 0.3000000119
23010  26.504  -55.510  -55.196 0.4000000060
23793  25.826  -53.931  -52.658 0.5000000000
23843  27.307  -54.491  -55.372 0.5000000000
23859  28.198  -54.604  -57.108 0.5000000000
23860  27.890  -55.030  -56.675 0.5000000000
24664  21.335  -53.517  -55.219 0.3000000119
25607  25.508  -52.483  -51.748 0.5000000000
25651  28.149  -52.437  -55.844 0.6000000238
26580  23.847  -51.437  -51.660 0.4000000060
26601  22.521  -51.289  -53.202 0.5000000000
26632  27.500  -51.040  -57.828 0.6999999881
26678  28.080  -51.569  -63.970 0.5000000000
27578  25.983  -49.952  -59.239 0.6999999881
27585  24.830  -49.589  -60.789 0.6999999881
27604  25.674  -50.351  -61.541 0.6000000238
28465  26.583  -49.263  -50.530 0.4000000060
28483  28.113  -49.801  -52.105 0.5000000000
28532  24.704  -48.912  -60.597 0.8000000119
29401  28.113  -48.529  -51.293 0.4000000060
29410  28.780  -48.520  -52.566 0.5000000000
29474  32.443  -48.509  -60.522 0.6000000238
29480  25.024  -48.105  -61.204 0.6999999881
29490  25.175  -47.718  -61.032 0.6000000238
30373  28.218  -47.718  -50.927 0.4000000060
30376  25.734  -47.401  -50.030 0.3000000119
30439  28.164  -47.539  -57.664 0.6999999881
30454  26.348  -47.419  -59.575 0.8000000119
30455  25.608  -47.652  -59.929 0.8000000119
30460  33.287  -47.697  -59.771 0.6000000238
30462  31.785  -47.942  -59.005 0.6999999881
30470  26.245  -47.294  -60.813 0.6000000238
30472  25.327  -47.690  -60.553 0.6000000238
31321  29.504  -46.489  -52.144 0.4000000060
31388  33.640  -46.394  -58.835 0.6000000238
31393  27.273  -46.455  -59.599 0.8000000119
31404  26.433  -47.031  -60.379 0.6000000238
32263  31.576  -45.849  -58.251 0.6000000238
32278  34.725  -44.894  -61.451 0.5000000000
34962  29.823  -42.814  -55.989 0.4000000060
35988  27.560  -41.684  -60.399 0.6000000238
111964  39.826  -64.899  -70.312 0.3000000119
116230  27.340  -52.073  -52.847 0.5000000000
116578  28.848  -48.898  -53.090 0.5000000000
117552  29.430  -46.093  -51.518 0.4000000060
120516  30.946  -42.754  -53.627 0.3000000119
125422  31.161  -45.039  -58.463 0.4000000060
125712  26.448  -51.304  -51.465 0.4000000060
130430  27.466  -53.355  -54.974 0.5000000000
133008  28.283  -49.331  -51.982 0.5000000000
133962  27.876  -54.042  -60.160 0.5000000000
135404  28.517  -50.591  -55.077 0.5000000000
135508  26.644  -51.643  -59.908 0.6999999881
