#!ascii label  , from subject sub-v2s8x29180_ses-1 vox2ras=TkReg
2191
25837  -4.264  -56.498  28.980 0.3333329856
26866  -5.883  -55.627  29.529 0.3333329856
27818  -7.318  -54.910  29.684 0.3333329856
27829  -7.764  -55.062  28.264 0.4444440007
27819  -8.236  -54.653  29.232 0.3333329856
27820  -9.169  -54.207  29.162 0.4444440007
27830  -8.777  -54.554  28.284 0.5555559993
28757  -9.994  -53.641  29.312 0.4444440007
29716  -10.966  -53.000  28.765 0.5555559993
29717  -11.380  -52.368  29.408 0.6666669846
30696  -11.938  -51.870  27.892 0.7777780294
26882  -3.868  -54.958  27.287 0.3333329856
26883  -3.680  -55.783  27.697 0.4444440007
26884  -5.384  -55.327  28.166 0.4444440007
26873  -5.723  -55.650  28.665 0.3333329856
26874  -6.727  -55.389  28.015 0.4444440007
27845  -9.067  -54.294  27.414 0.6666669846
28764  -9.630  -54.098  28.281 0.6666669846
126333  -10.556  -53.312  29.063 0.7777780294
28765  -10.399  -53.559  28.237 0.6666669846
29728  -11.488  -52.455  28.319 0.7777780294
29742  -11.397  -52.327  27.447 0.7777780294
30697  -12.331  -51.380  28.287 0.5555559993
31651  -12.717  -50.743  28.222 0.5555559993
27841  -3.968  -54.266  26.772 0.2222220004
27843  -5.752  -54.830  27.601 0.4444440007
26885  -6.646  -55.148  27.682 0.5555559993
26875  -7.462  -54.956  27.564 0.5555559993
120214  -8.301  -54.732  27.637 0.6666669846
115856  -9.856  -53.863  27.614 0.6666669846
28800  -9.963  -52.975  26.782 0.6666669846
28785  -10.316  -53.372  27.323 0.6666669846
29741  -10.732  -52.630  26.976 0.6666669846
29756  -11.296  -52.013  26.986 0.7777780294
116492  -12.325  -51.245  27.541 0.6666669846
30711  -11.813  -51.679  27.195 0.7777780294
30712  -12.204  -51.007  26.950 0.7777780294
31667  -12.777  -50.401  27.373 0.6666669846
32580  -13.338  -49.452  27.384 0.5555559993
32564  -13.865  -48.805  28.460 0.5555559993
32565  -15.835  -48.666  28.754 0.3333329856
31680  -12.471  -50.234  26.845 0.6666669846
32597  -13.382  -48.957  26.870 0.7777780294
32581  -14.007  -48.465  27.528 0.5555559993
33518  -14.819  -48.009  27.596 0.5555559993
33519  -15.515  -48.293  27.912 0.5555559993
33520  -16.187  -48.827  27.881 0.4444440007
32582  -16.755  -49.289  27.644 0.5555559993
27856  -4.130  -54.111  25.321 0.1111110002
28799  -4.073  -53.600  26.246 0.2222220004
128552  -5.352  -54.164  27.467 0.3333329856
28780  -5.106  -53.396  27.347 0.2222220004
27844  -7.034  -54.688  27.291 0.5555559993
27860  -5.105  -54.463  25.130 0.1111110002
28783  -8.531  -53.701  26.808 0.6666669846
28784  -9.558  -53.617  26.952 0.6666669846
30716  -10.811  -51.807  26.791 0.6666669846
30717  -11.560  -51.389  26.871 0.7777780294
31679  -11.884  -50.663  26.728 0.7777780294
32595  -12.125  -49.871  26.639 0.7777780294
32596  -12.767  -49.495  26.738 0.7777780294
33533  -15.453  -48.017  27.034 0.7777780294
31653  -17.908  -50.266  28.844 0.5555559993
109363  -16.092  -48.494  27.045 0.6666669846
31669  -18.123  -50.038  27.932 0.6666669846
31654  -18.751  -50.474  28.563 0.5555559993
32599  -16.830  -49.008  26.775 0.7777780294
32583  -17.476  -49.535  27.312 0.6666669846
28810  -4.358  -53.334  25.177 0.1111110002
29769  -4.258  -52.273  24.990 0.2222220004
29735  -4.560  -53.103  26.866 0.2222220004
29736  -4.987  -52.353  27.114 0.2222220004
29737  -5.790  -52.622  27.363 0.3333329856
29738  -6.700  -52.829  27.188 0.6666669846
29739  -7.768  -52.813  26.887 0.7777780294
28816  -5.390  -53.527  25.011 0.1111110002
109949  -8.051  -54.505  27.114 0.5555559993
29740  -8.975  -52.664  26.742 0.6666669846
30709  -9.052  -51.542  26.929 0.7777780294
29755  -9.962  -52.217  26.737 0.6666669846
31678  -10.964  -50.938  26.777 0.7777780294
32594  -11.285  -50.113  26.749 0.7777780294
119612  -12.348  -49.094  26.587 0.7777780294
33532  -13.626  -48.190  26.708 0.7777780294
119907  -15.045  -47.670  26.835 0.8888890147
107592  -15.796  -47.791  26.435 0.8888890147
33534  -16.550  -48.288  26.216 0.7777780294
32584  -18.336  -49.717  27.021 0.6666669846
32600  -17.703  -49.218  26.408 0.6666669846
31670  -19.053  -50.228  27.655 0.6666669846
32601  -18.572  -49.376  26.117 0.6666669846
32585  -19.151  -49.811  26.744 0.5555559993
117924  -5.604  -51.756  27.414 0.3333329856
29770  -4.539  -52.439  24.973 0.2222220004
30708  -7.818  -51.652  27.245 0.6666669846
29784  -4.723  -51.846  24.778 0.1111110002
30710  -10.072  -51.338  26.818 0.7777780294
33516  -9.928  -48.671  27.596 0.7777780294
35473  -10.250  -46.725  28.375 0.4444440007
117988  -10.513  -50.231  26.954 0.7777780294
33517  -10.892  -48.595  27.120 0.7777780294
35486  -10.687  -47.167  27.729 0.6666669846
33530  -11.823  -48.526  26.686 0.8888890147
34480  -11.364  -47.728  27.113 0.7777780294
126847  -12.507  -48.454  26.586 0.8888890147
34496  -12.930  -47.859  26.542 0.7777780294
35488  -13.088  -46.775  26.694 0.7777780294
34497  -13.633  -47.451  26.600 0.8888890147
34498  -14.350  -47.557  26.682 0.8888890147
35507  -15.075  -47.013  26.409 0.8888890147
34499  -16.401  -47.683  25.857 0.7777780294
33535  -17.288  -48.620  25.934 0.7777780294
119940  -19.322  -49.497  25.975 0.6666669846
35463  -10.750  -46.109  28.717 0.2222220004
36481  -11.289  -45.497  29.108 0.1111110002
35487  -11.479  -46.792  27.455 0.7777780294
36497  -11.488  -45.903  28.064 0.5555559993
36508  -12.326  -45.497  27.766 0.2222220004
34481  -12.210  -47.220  26.847 0.7777780294
36509  -13.586  -45.344  27.113 0.6666669846
127909  -13.564  -46.061  26.773 0.8888890147
36522  -14.188  -45.696  26.703 0.6666669846
35505  -14.109  -46.676  26.571 0.8888890147
33549  -17.717  -48.308  25.358 0.8888890147
32615  -19.001  -48.990  25.264 0.6666669846
32616  -20.055  -49.325  25.503 0.6666669846
32617  -21.127  -49.347  25.659 0.6666669846
33551  -19.767  -48.621  24.738 0.7777780294
33552  -20.660  -48.758  24.793 0.7777780294
33553  -21.376  -48.747  24.973 0.6666669846
37531  -13.720  -44.652  27.635 0.1111110002
36510  -14.275  -44.868  27.083 0.4444440007
119900  -15.509  -46.300  26.111 0.8888890147
34513  -16.705  -47.275  25.509 0.8888890147
34515  -17.887  -47.727  24.994 0.8888890147
33562  -18.757  -47.656  24.665 0.8888890147
33564  -20.328  -48.087  24.351 0.7777780294
33565  -21.191  -48.039  24.376 0.6666669846
119642  -20.679  -47.484  24.241 0.7777780294
33554  -21.970  -48.301  25.000 0.6666669846
34516  -22.659  -47.695  25.303 0.6666669846
34517  -23.222  -47.023  25.675 0.6666669846
38460  -13.990  -43.966  28.912 0.1111110002
37533  -15.834  -43.796  27.280 0.4444440007
116535  -15.170  -43.818  27.659 0.4444440007
125311  -15.931  -44.509  26.583 0.5555559993
119564  -14.962  -45.154  26.657 0.5555559993
36542  -17.120  -45.672  25.556 0.6666669846
35508  -16.203  -45.969  25.764 0.7777780294
35524  -17.690  -46.342  25.224 0.6666669846
34514  -17.370  -47.127  25.172 0.8888890147
35525  -18.546  -46.330  25.063 0.6666669846
34526  -18.191  -46.939  24.877 0.7777780294
34527  -19.409  -47.341  24.515 0.7777780294
118196  -20.524  -46.836  24.293 0.7777780294
113998  -22.675  -46.897  24.887 0.6666669846
35528  -23.210  -46.101  25.299 0.6666669846
121334  -23.563  -45.542  26.081 0.7777780294
36514  -23.890  -45.453  27.004 0.6666669846
36528  -23.636  -44.599  26.471 0.7777780294
37538  -23.923  -44.239  27.324 0.6666669846
38446  -13.828  -43.898  29.944 0.1111110002
38448  -15.685  -43.168  29.704 0.1111110002
38461  -14.809  -43.675  28.344 0.1111110002
38462  -15.645  -43.281  28.824 0.1111110002
38477  -16.377  -43.552  27.686 0.4444440007
37557  -16.822  -44.529  26.365 0.4444440007
116165  -17.485  -44.679  26.567 0.4444440007
37558  -17.403  -45.020  25.958 0.5555559993
36543  -18.125  -45.780  25.521 0.6666669846
35542  -18.999  -46.837  24.709 0.7777780294
35527  -20.379  -46.294  24.562 0.7777780294
35544  -21.715  -46.111  24.241 0.7777780294
115129  -22.242  -45.566  24.383 0.8888890147
36546  -22.919  -45.416  24.750 0.7777780294
37584  -21.695  -44.313  24.540 0.8888890147
36568  -23.086  -44.653  24.924 0.8888890147
37561  -23.737  -43.737  26.825 0.7777780294
42941  -35.043  -37.857  24.185 0.2222220004
37576  -23.377  -43.913  25.783 0.7777780294
37562  -24.033  -43.507  27.244 0.7777780294
43815  -34.592  -37.364  23.722 0.3333329856
38502  -23.767  -43.177  26.514 0.7777780294
42939  -33.897  -37.581  23.495 0.3333329856
43838  -34.168  -36.874  23.257 0.3333329856
44735  -33.005  -36.540  22.651 0.5555559993
38434  -15.901  -43.064  30.397 0.1111110002
38449  -16.409  -43.201  29.241 0.1111110002
37534  -16.751  -43.963  27.017 0.3333329856
38464  -17.027  -43.661  27.870 0.1111110002
37535  -17.580  -44.435  27.346 0.3333329856
37559  -18.244  -45.437  26.080 0.4444440007
124845  -18.920  -46.209  25.206 0.7777780294
35526  -19.518  -46.416  24.870 0.7777780294
36566  -21.491  -45.276  24.331 0.8888890147
43795  -36.550  -37.580  24.538 0.1111110002
36567  -22.449  -44.860  24.514 0.8888890147
37575  -22.637  -43.817  24.807 0.8888890147
38529  -22.218  -42.957  24.981 0.8888890147
38530  -23.221  -42.938  25.452 0.8888890147
43816  -35.372  -37.235  23.811 0.3333329856
43794  -35.760  -37.650  24.404 0.2222220004
39416  -23.467  -42.307  25.285 0.8888890147
38531  -23.886  -42.721  26.056 0.7777780294
43839  -34.971  -36.838  23.244 0.3333329856
43840  -35.827  -37.075  23.073 0.3333329856
39417  -24.166  -42.346  25.444 0.8888890147
44736  -33.784  -36.576  22.698 0.3333329856
44737  -34.589  -36.654  22.629 0.3333329856
44758  -34.292  -36.575  21.932 0.3333329856
44780  -32.308  -35.841  21.476 0.4444440007
44781  -33.151  -36.231  21.399 0.4444440007
127450  -31.829  -35.714  21.668 0.5555559993
110281  -29.896  -35.546  21.506 0.8888890147
45666  -30.702  -35.608  21.448 0.8888890147
38450  -17.149  -43.594  28.830 0.1111110002
37510  -17.518  -44.188  28.148 0.1111110002
37536  -18.361  -45.484  26.820 0.4444440007
36511  -19.556  -46.307  26.398 0.3333329856
36525  -19.119  -46.136  25.616 0.4444440007
36526  -20.095  -46.261  26.018 0.3333329856
36545  -20.339  -45.969  24.840 0.7777780294
36527  -20.319  -45.955  26.329 0.4444440007
36565  -20.794  -45.519  24.533 0.7777780294
37583  -20.988  -44.680  24.640 0.7777780294
38550  -21.764  -43.584  24.761 0.8888890147
128482  -21.865  -42.456  25.169 0.7777780294
39415  -22.591  -42.230  25.139 0.8888890147
43817  -36.201  -37.271  23.838 0.1111110002
40295  -23.048  -41.635  24.944 0.8888890147
39398  -24.603  -42.682  26.126 0.6666669846
43841  -36.834  -37.325  22.879 0.2222220004
39435  -23.798  -41.803  24.833 0.8888890147
39436  -24.555  -42.036  24.628 0.8888890147
39418  -25.045  -42.511  25.160 0.8888890147
39437  -25.742  -42.105  23.527 0.6666669846
39452  -26.581  -42.048  23.036 0.7777780294
43860  -35.401  -36.874  22.384 0.2222220004
39467  -27.307  -41.895  22.672 0.6666669846
44759  -35.009  -36.778  21.818 0.2222220004
40335  -27.252  -41.493  21.996 0.8888890147
41254  -28.272  -40.732  20.763 0.8888890147
41253  -27.426  -40.547  20.911 0.8888890147
42106  -27.366  -39.774  20.794 0.8888890147
121069  -28.581  -38.605  20.546 0.7777780294
42964  -28.950  -37.908  20.833 0.8888890147
125718  -28.831  -36.904  21.720 0.8888890147
44753  -29.174  -36.048  21.742 0.8888890147
44754  -30.076  -36.169  21.534 0.8888890147
45683  -30.947  -35.344  21.082 0.8888890147
44779  -31.689  -35.593  20.947 0.5555559993
45654  -28.872  -35.306  21.964 0.8888890147
113556  -29.452  -35.249  21.533 0.8888890147
114188  -30.081  -35.104  21.174 0.8888890147
37511  -18.261  -45.414  27.824 0.1111110002
37560  -20.438  -45.034  25.688 0.6666669846
114791  -20.244  -45.894  25.465 0.3333329856
114880  -20.562  -45.143  24.928 0.5555559993
37574  -20.714  -44.280  25.122 0.6666669846
38527  -20.884  -43.490  25.268 0.7777780294
38528  -21.393  -43.036  25.127 0.7777780294
39414  -21.397  -42.251  25.520 0.7777780294
124679  -21.943  -41.936  25.305 0.7777780294
40294  -22.331  -41.456  25.197 0.7777780294
40301  -22.832  -40.836  24.878 0.8888890147
43861  -36.261  -37.159  22.052 0.2222220004
114992  -37.755  -37.363  22.394 0.1111110002
40302  -23.474  -41.051  24.444 0.8888890147
40303  -24.197  -41.325  24.139 0.8888890147
122821  -25.258  -42.262  24.322 0.8888890147
39438  -26.685  -42.508  23.901 0.6666669846
43862  -37.144  -37.301  21.743 0.2222220004
40314  -24.539  -40.852  23.351 0.8888890147
40315  -25.193  -41.275  22.965 0.8888890147
122737  -25.922  -41.517  22.651 0.8888890147
40334  -26.626  -41.525  22.296 0.8888890147
43883  -35.722  -37.031  21.343 0.2222220004
40352  -26.779  -41.008  21.540 0.8888890147
45636  -28.355  -35.276  24.208 0.6666669846
47484  -28.646  -33.748  24.561 0.3333329856
48456  -29.204  -32.454  23.433 0.3333329856
48473  -29.781  -31.800  22.878 0.4444440007
44782  -34.000  -36.589  21.094 0.3333329856
44783  -34.960  -36.895  20.833 0.2222220004
41252  -26.690  -40.175  21.285 0.8888890147
127152  -28.059  -38.746  20.696 0.7777780294
42963  -28.170  -38.283  20.994 0.7777780294
45645  -28.435  -35.568  23.313 0.7777780294
112497  -28.520  -33.673  23.982 0.3333329856
47499  -28.542  -33.444  22.740 0.6666669846
47511  -28.747  -33.054  21.486 0.6666669846
46592  -29.053  -33.782  20.058 0.8888890147
46604  -29.555  -34.594  19.686 0.8888890147
44797  -33.019  -36.415  20.317 0.5555559993
114416  -33.665  -36.603  20.385 0.4444440007
44798  -34.353  -36.863  20.000 0.2222220004
42962  -27.493  -38.968  20.904 0.8888890147
44734  -28.737  -36.305  22.155 0.7777780294
45653  -28.540  -34.879  22.696 0.8888890147
46563  -28.533  -34.125  22.509 0.7777780294
46579  -28.682  -33.682  21.987 0.8888890147
46580  -28.874  -33.934  21.127 0.8888890147
45682  -30.186  -35.081  20.447 0.8888890147
44813  -31.631  -36.034  19.391 0.8888890147
44796  -32.361  -36.221  19.964 0.5555559993
110152  -33.629  -36.681  19.425 0.4444440007
113895  -29.211  -34.710  21.360 0.8888890147
44814  -32.339  -36.432  18.818 0.5555559993
122101  -32.888  -36.572  19.343 0.5555559993
39396  -20.561  -42.550  26.560 0.5555559993
125049  -20.733  -41.611  26.644 0.4444440007
39397  -20.967  -41.912  26.039 0.5555559993
46528  -31.342  -34.899  27.656 0.1111110002
108755  -22.153  -40.570  25.477 0.7777780294
109313  -30.828  -34.703  27.210 0.1111110002
44709  -28.910  -37.014  25.606 0.4444440007
44701  -29.115  -35.967  26.305 0.3333329856
45625  -29.473  -34.830  26.468 0.2222220004
47457  -30.566  -34.218  26.596 0.1111110002
43863  -37.957  -37.292  21.495 0.1111110002
45632  -28.594  -35.853  25.480 0.3333329856
47473  -29.758  -33.904  25.940 0.2222220004
43884  -36.562  -37.217  21.035 0.2222220004
41208  -23.953  -40.474  23.846 0.8888890147
41220  -24.946  -40.400  22.714 0.8888890147
40333  -25.568  -40.796  22.346 0.8888890147
41239  -26.075  -40.479  21.817 0.8888890147
124701  -28.393  -35.760  24.779 0.4444440007
46542  -28.889  -34.379  25.663 0.4444440007
49344  -31.114  -31.319  21.445 0.2222220004
44784  -36.819  -37.083  20.208 0.2222220004
43896  -35.923  -37.138  20.388 0.2222220004
46541  -28.544  -34.146  25.017 0.4444440007
118692  -30.847  -31.324  20.710 0.5555559993
49342  -29.326  -31.858  21.220 0.5555559993
44799  -35.259  -36.921  19.747 0.2222220004
42105  -26.762  -39.419  21.377 0.8888890147
42953  -27.509  -38.533  21.640 0.7777780294
43835  -28.483  -37.377  22.253 0.7777780294
115782  -28.428  -36.348  23.970 0.7777780294
49355  -29.634  -31.659  20.637 0.6666669846
110678  -28.934  -32.899  19.998 0.7777780294
46603  -29.240  -34.043  19.044 0.8888890147
45700  -30.845  -35.778  18.714 0.8888890147
44816  -34.569  -36.627  18.987 0.2222220004
46615  -29.518  -34.193  18.199 0.7777780294
44815  -33.053  -36.573  18.645 0.5555559993
40284  -21.102  -41.099  26.336 0.4444440007
41200  -21.572  -40.660  26.042 0.5555559993
41193  -21.896  -39.998  26.143 0.5555559993
44702  -29.823  -36.606  26.831 0.1111110002
45619  -30.631  -35.337  27.461 0.1111110002
41201  -22.461  -39.645  25.675 0.6666669846
45626  -29.896  -35.628  26.990 0.2222220004
43885  -38.208  -37.139  20.748 0.1111110002
41202  -22.809  -39.961  24.985 0.7777780294
41207  -23.363  -40.197  24.380 0.8888890147
43778  -28.819  -37.872  24.778 0.4444440007
110956  -37.405  -37.230  20.841 0.2222220004
41219  -24.400  -39.974  23.199 0.8888890147
44708  -28.577  -36.637  24.855 0.4444440007
41238  -25.462  -40.034  22.203 0.8888890147
41251  -26.073  -39.792  21.775 0.8888890147
116600  -28.468  -37.557  23.360 0.6666669846
44817  -35.611  -36.488  18.940 0.2222220004
44800  -36.208  -36.798  19.597 0.2222220004
44801  -37.146  -36.539  19.525 0.1111110002
42096  -26.208  -39.276  21.926 0.8888890147
127501  -27.074  -38.946  21.383 0.7777780294
42954  -28.144  -38.065  21.973 0.7777780294
49375  -29.675  -31.948  19.077 0.6666669846
109855  -29.339  -32.577  18.923 0.7777780294
112239  -33.764  -36.526  18.630 0.5555559993
48508  -29.793  -32.538  18.176 0.7777780294
47542  -29.317  -33.351  18.535 0.7777780294
124949  -30.302  -35.073  17.309 0.8888890147
44832  -32.452  -36.393  17.943 0.7777780294
44833  -33.344  -36.352  17.988 0.5555559993
44834  -34.231  -36.228  18.135 0.5555559993
111740  -31.746  -35.967  17.115 0.8888890147
45711  -32.850  -35.983  17.206 0.8888890147
42032  -21.641  -39.706  27.150 0.3333329856
41192  -21.393  -40.290  26.692 0.5555559993
42048  -22.312  -39.280  26.384 0.4444440007
43767  -29.337  -38.030  25.900 0.2222220004
44695  -30.465  -36.220  27.499 0.1111110002
42060  -22.886  -38.871  25.922 0.3333329856
42901  -23.474  -38.580  25.368 0.5555559993
42925  -28.702  -38.938  24.856 0.3333329856
123518  -29.027  -38.291  25.298 0.3333329856
117676  -29.356  -36.988  26.259 0.3333329856
42068  -23.481  -39.209  24.618 0.6666669846
41218  -23.951  -39.593  23.860 0.6666669846
42069  -24.249  -38.756  24.130 0.8888890147
42077  -24.607  -39.173  23.400 0.8888890147
42938  -27.945  -38.843  23.459 0.7777780294
43793  -28.476  -38.519  24.015 0.5555559993
44715  -28.593  -37.412  24.207 0.6666669846
49369  -32.776  -31.658  19.670 0.4444440007
41237  -24.986  -39.600  22.732 0.8888890147
42095  -25.644  -39.419  22.337 0.7777780294
42951  -26.153  -38.920  22.519 0.7777780294
42937  -27.164  -38.647  22.474 0.7777780294
110340  -27.892  -38.437  22.604 0.7777780294
49368  -32.333  -31.553  19.076 0.4444440007
128474  -32.029  -31.492  19.784 0.4444440007
42952  -26.735  -38.902  21.817 0.8888890147
43814  -28.267  -38.267  23.000 0.7777780294
49377  -31.763  -31.475  18.116 0.5555559993
123064  -31.145  -31.456  19.003 0.5555559993
44818  -36.521  -36.273  18.919 0.2222220004
49386  -31.488  -31.730  17.129 0.6666669846
48517  -30.223  -32.946  17.238 0.7777780294
47552  -30.196  -33.762  16.975 0.7777780294
49393  -31.439  -31.999  16.324 0.7777780294
48518  -30.910  -32.486  16.742 0.7777780294
48524  -30.655  -33.251  16.511 0.7777780294
45722  -31.553  -35.263  16.258 0.8888890147
45723  -32.395  -35.515  16.368 0.8888890147
45712  -33.824  -35.824  17.397 0.7777780294
45713  -34.717  -35.661  17.564 0.5555559993
45701  -35.126  -36.091  18.246 0.3333329856
117910  -31.033  -33.438  15.911 0.8888890147
46642  -31.517  -34.654  15.767 0.8888890147
45724  -33.388  -35.453  16.582 0.7777780294
42852  -22.881  -38.576  27.510 0.2222220004
42867  -23.534  -38.174  27.012 0.2222220004
42868  -24.331  -38.083  27.204 0.2222220004
42866  -22.845  -38.605  26.712 0.2222220004
42883  -24.128  -37.951  26.493 0.2222220004
42906  -28.416  -39.399  25.238 0.1111110002
42882  -23.514  -38.259  26.194 0.3333329856
42902  -24.288  -37.976  25.579 0.3333329856
42903  -25.258  -37.931  25.309 0.4444440007
42904  -26.292  -38.446  25.064 0.2222220004
42922  -26.605  -38.752  24.100 0.2222220004
42907  -29.005  -39.039  25.547 0.1111110002
42919  -23.994  -38.406  24.808 0.4444440007
42920  -24.688  -38.176  24.619 0.4444440007
42921  -25.505  -38.292  24.317 0.4444440007
42905  -27.577  -39.246  24.902 0.2222220004
42924  -28.212  -39.216  24.420 0.1111110002
42923  -27.593  -39.057  24.064 0.3333329856
49371  -34.599  -31.320  19.242 0.2222220004
49359  -35.053  -31.720  19.894 0.2222220004
42935  -24.945  -38.544  23.751 0.5555559993
112935  -25.774  -38.677  23.416 0.6666669846
113888  -26.844  -38.779  23.249 0.6666669846
49370  -33.934  -31.446  18.900 0.2222220004
42936  -25.284  -38.984  22.988 0.7777780294
49378  -33.653  -31.176  18.561 0.3333329856
126421  -33.302  -31.645  19.035 0.3333329856
108059  -32.360  -31.191  17.738 0.5555559993
106724  -33.088  -31.399  18.503 0.5555559993
49387  -31.869  -31.303  16.864 0.6666669846
45702  -36.002  -35.873  18.314 0.2222220004
48525  -31.152  -32.749  16.018 0.7777780294
45726  -35.153  -35.090  17.035 0.6666669846
45714  -35.564  -35.483  17.674 0.3333329856
49399  -31.594  -32.188  15.547 0.7777780294
110691  -31.482  -33.067  15.286 0.7777780294
47561  -31.294  -33.993  15.604 0.8888890147
126435  -32.533  -34.549  15.306 0.8888890147
46643  -33.877  -34.893  16.061 0.8888890147
45725  -34.320  -35.308  16.820 0.7777780294
49400  -31.905  -31.382  15.119 0.7777780294
48531  -31.887  -32.306  14.846 0.8888890147
46661  -32.509  -33.984  14.819 0.8888890147
51043  -34.764  -30.273  20.114 0.2222220004
51042  -34.023  -29.877  19.802 0.2222220004
50218  -34.562  -30.765  19.291 0.2222220004
51050  -33.886  -30.355  18.996 0.4444440007
51057  -33.559  -30.724  18.487 0.4444440007
51056  -32.765  -30.220  18.124 0.7777780294
116391  -32.393  -31.008  17.345 0.6666669846
51066  -32.297  -30.452  17.300 0.6666669846
51055  -31.993  -29.297  17.822 0.7777780294
50230  -32.069  -30.937  16.605 0.6666669846
49394  -31.718  -31.426  15.999 0.6666669846
50239  -31.853  -30.710  15.730 0.7777780294
46653  -33.405  -34.370  15.204 0.8888890147
46654  -34.324  -34.409  15.657 0.8888890147
51065  -31.678  -29.314  16.963 0.7777780294
48538  -32.443  -32.472  14.377 1.0000000000
47569  -33.324  -33.545  14.512 0.8888890147
46655  -35.081  -34.158  15.785 0.8888890147
51074  -31.470  -29.154  16.108 1.0000000000
50238  -31.730  -29.849  15.543 0.8888890147
127685  -32.162  -31.039  14.682 0.8888890147
47579  -33.251  -32.614  14.073 1.0000000000
122779  -34.965  -33.176  14.661 0.8888890147
48532  -35.699  -32.824  14.946 1.0000000000
47572  -36.178  -33.193  15.632 0.8888890147
50245  -31.821  -29.586  14.961 1.0000000000
50252  -32.477  -30.759  14.208 1.0000000000
49411  -32.803  -31.403  13.881 1.0000000000
49412  -33.461  -31.623  13.690 1.0000000000
48540  -35.037  -32.507  14.306 1.0000000000
50258  -33.112  -30.814  13.648 1.0000000000
49407  -35.107  -31.662  13.968 1.0000000000
51100  -33.532  -30.003  13.461 1.0000000000
50260  -34.532  -30.604  13.484 1.0000000000
51862  -34.159  -29.064  21.699 0.3333329856
51033  -33.918  -29.297  20.878 0.3333329856
124793  -33.340  -29.124  20.382 0.5555559993
51049  -33.073  -29.790  18.785 0.6666669846
51901  -32.319  -29.221  18.513 0.8888890147
51912  -31.505  -28.417  17.502 0.7777780294
48526  -36.743  -32.768  16.127 0.8888890147
48533  -36.354  -32.416  15.471 1.0000000000
51084  -31.540  -29.001  15.344 1.0000000000
48541  -35.909  -31.896  14.749 0.8888890147
51099  -32.831  -30.167  13.801 1.0000000000
49414  -35.113  -30.778  13.725 1.0000000000
118571  -35.746  -30.961  14.390 1.0000000000
49408  -36.424  -30.911  15.181 0.7777780294
51941  -31.569  -28.279  15.082 1.0000000000
51089  -31.915  -28.972  14.728 1.0000000000
51101  -34.256  -30.148  13.390 1.0000000000
51102  -34.953  -29.878  13.550 1.0000000000
50253  -35.631  -30.084  14.125 1.0000000000
51951  -33.621  -29.165  13.580 1.0000000000
51952  -34.274  -29.432  13.500 1.0000000000
51953  -34.829  -29.012  13.766 1.0000000000
51092  -35.432  -29.148  14.186 1.0000000000
51889  -32.379  -28.691  19.334 0.7777780294
51875  -32.765  -28.525  20.245 0.5555559993
51900  -31.747  -28.336  18.450 0.7777780294
51923  -31.356  -28.362  16.620 1.0000000000
52728  -31.277  -27.502  16.184 1.0000000000
118930  -31.406  -27.732  15.502 1.0000000000
51942  -32.262  -28.196  14.488 1.0000000000
51091  -32.942  -29.453  13.763 1.0000000000
51093  -36.060  -29.407  14.760 1.0000000000
52742  -31.438  -27.085  15.546 1.0000000000
52753  -31.683  -27.543  14.988 1.0000000000
51943  -33.137  -28.538  13.863 1.0000000000
125901  -33.574  -27.943  14.032 1.0000000000
126220  -34.179  -28.350  13.877 1.0000000000
51944  -35.045  -28.126  14.494 1.0000000000
51085  -36.450  -28.713  15.545 0.8888890147
51086  -36.966  -29.264  15.948 0.6666669846
123190  -31.476  -26.306  15.644 1.0000000000
53605  -31.783  -26.734  15.033 1.0000000000
52754  -32.335  -27.264  14.609 1.0000000000
126429  -33.058  -26.981  14.394 1.0000000000
52756  -33.898  -27.204  14.339 1.0000000000
107925  -34.711  -27.434  14.572 1.0000000000
51933  -35.430  -27.280  15.205 1.0000000000
52757  -34.839  -26.950  14.794 1.0000000000
52686  -32.689  -27.518  20.693 0.3333329856
118992  -32.303  -27.926  19.957 0.5555559993
51888  -31.889  -27.735  19.248 0.7777780294
52694  -32.214  -27.154  19.893 0.4444440007
53539  -31.774  -26.899  19.104 0.6666669846
52702  -31.547  -27.375  18.474 0.8888890147
53540  -32.201  -26.324  19.646 0.5555559993
128311  -31.424  -27.711  17.856 1.0000000000
53552  -31.523  -26.649  18.399 0.8888890147
52715  -31.312  -27.591  17.093 0.8888890147
119134  -31.291  -26.013  17.119 0.8888890147
107941  -31.305  -26.739  16.071 0.8888890147
118384  -31.314  -26.071  16.328 1.0000000000
53590  -31.885  -25.872  15.147 1.0000000000
124347  -32.604  -26.346  14.614 1.0000000000
117378  -33.531  -26.441  14.362 1.0000000000
118183  -36.202  -27.460  15.943 0.7777780294
113084  -36.727  -28.113  16.408 0.4444440007
54468  -32.542  -25.422  14.722 0.8888890147
54469  -33.279  -25.696  14.350 1.0000000000
53606  -34.336  -26.538  14.356 1.0000000000
52743  -35.886  -26.916  15.712 0.7777780294
52744  -36.452  -26.938  16.159 0.5555559993
52745  -37.285  -27.014  16.485 0.3333329856
54470  -33.971  -25.860  14.076 1.0000000000
53607  -35.151  -26.554  14.528 1.0000000000
53608  -35.833  -26.695  15.100 0.7777780294
53591  -36.288  -26.773  15.598 0.6666669846
53592  -37.079  -26.768  15.574 0.4444440007
53593  -38.272  -26.839  15.481 0.3333329856
53624  -35.995  -26.465  14.047 0.7777780294
53609  -36.811  -26.661  14.495 0.7777780294
53524  -32.623  -26.522  20.485 0.3333329856
53565  -31.365  -26.861  17.652 0.5555559993
108614  -31.295  -26.781  16.725 0.8888890147
108301  -31.413  -25.975  17.960 0.7777780294
54432  -31.399  -25.230  17.448 0.6666669846
54442  -31.363  -25.303  16.661 0.6666669846
55313  -31.556  -24.766  16.327 0.7777780294
55314  -31.957  -24.512  15.734 0.8888890147
55315  -32.644  -23.840  15.346 0.7777780294
55330  -32.535  -24.607  14.942 0.8888890147
111876  -33.169  -24.908  14.344 1.0000000000
55331  -33.277  -24.031  14.519 1.0000000000
53622  -34.638  -26.014  13.871 1.0000000000
122923  -34.190  -24.600  13.530 1.0000000000
53623  -35.425  -26.172  13.478 1.0000000000
53625  -37.561  -26.543  13.559 0.6666669846
53610  -38.078  -26.658  14.355 0.6666669846
54482  -34.379  -25.319  13.512 1.0000000000
54483  -35.047  -25.563  13.035 1.0000000000
122380  -35.886  -25.818  12.686 1.0000000000
53636  -36.722  -26.071  12.536 1.0000000000
53525  -33.118  -25.858  20.930 0.2222220004
54405  -32.705  -25.705  20.147 0.4444440007
54414  -32.241  -25.482  19.307 0.5555559993
54415  -32.830  -24.949  19.799 0.4444440007
55275  -32.416  -24.656  18.969 0.4444440007
54423  -31.687  -25.130  18.355 0.5555559993
55290  -31.612  -24.625  17.680 0.5555559993
55301  -31.546  -24.507  16.999 0.5555559993
56147  -31.839  -24.112  17.510 0.5555559993
56155  -32.085  -23.699  16.963 0.5555559993
56166  -32.280  -23.760  16.135 0.6666669846
56167  -32.884  -23.190  15.839 0.5555559993
56180  -33.290  -23.256  15.083 0.6666669846
56181  -33.849  -23.323  14.403 0.8888890147
55332  -33.961  -23.937  13.826 1.0000000000
56198  -35.181  -23.360  13.160 1.0000000000
54494  -34.799  -24.790  12.990 1.0000000000
54496  -36.437  -25.243  12.146 1.0000000000
54497  -37.266  -25.586  12.039 1.0000000000
54498  -38.262  -26.012  12.659 1.0000000000
114586  -38.000  -25.665  12.120 1.0000000000
113646  -33.367  -24.565  20.111 0.3333329856
55276  -33.160  -24.265  19.442 0.4444440007
55267  -33.848  -23.940  20.007 0.2222220004
55283  -32.790  -23.912  18.600 0.3333329856
107466  -34.530  -23.559  20.204 0.2222220004
56129  -33.590  -23.544  19.065 0.3333329856
56130  -34.322  -23.229  19.529 0.3333329856
56138  -34.133  -22.795  18.567 0.3333329856
57052  -34.986  -22.309  18.440 0.3333329856
109009  -32.943  -23.032  17.226 0.5555559993
56156  -32.659  -23.255  16.519 0.5555559993
57070  -34.405  -22.370  17.717 0.3333329856
57087  -33.280  -22.793  16.412 0.5555559993
109522  -33.815  -22.543  17.028 0.3333329856
57088  -34.093  -22.431  16.198 0.5555559993
57105  -34.320  -22.498  15.353 0.5555559993
57126  -34.484  -22.763  14.508 0.7777780294
57143  -35.046  -22.815  13.893 1.0000000000
126764  -35.576  -23.576  12.700 1.0000000000
55372  -36.600  -24.435  11.832 1.0000000000
54510  -37.107  -24.988  11.705 1.0000000000
56214  -36.066  -23.771  12.286 1.0000000000
55373  -37.403  -24.316  11.440 1.0000000000
54511  -37.784  -25.090  11.603 1.0000000000
55374  -38.342  -24.374  11.307 1.0000000000
58003  -38.774  -21.471  21.166 0.1111110002
58004  -39.509  -21.211  21.395 0.1111110002
58005  -40.297  -20.893  21.538 0.1111110002
56124  -34.965  -23.000  19.977 0.3333329856
56125  -35.656  -22.778  20.293 0.2222220004
57045  -36.975  -21.771  19.942 0.1111110002
58022  -37.772  -21.580  20.187 0.1111110002
58023  -38.553  -21.408  20.367 0.1111110002
58024  -39.453  -21.197  20.546 0.1111110002
57043  -35.433  -22.560  19.650 0.3333329856
57044  -36.142  -22.187  19.633 0.2222220004
58039  -37.677  -21.525  19.414 0.1111110002
58040  -38.300  -21.426  19.706 0.2222220004
116617  -35.552  -22.266  19.057 0.3333329856
122246  -36.157  -21.955  18.901 0.2222220004
58038  -36.890  -21.665  19.026 0.1111110002
57071  -35.334  -22.095  17.594 0.2222220004
57054  -36.518  -21.863  18.279 0.2222220004
108069  -35.499  -22.079  16.691 0.2222220004
57089  -36.296  -22.090  16.575 0.2222220004
109368  -34.991  -22.160  15.903 0.4444440007
126696  -35.813  -22.113  16.033 0.3333329856
121437  -35.014  -22.353  14.975 0.4444440007
57127  -35.643  -22.462  14.361 0.7777780294
57144  -35.717  -22.738  13.449 1.0000000000
57145  -36.369  -22.543  12.921 0.8888890147
57164  -35.851  -23.133  12.751 1.0000000000
56232  -36.786  -23.690  11.701 1.0000000000
57165  -36.499  -23.049  12.231 1.0000000000
56233  -37.379  -23.592  11.402 0.8888890147
107835  -37.739  -23.102  11.215 0.8888890147
56235  -39.093  -23.934  11.143 1.0000000000
56256  -38.510  -23.358  10.984 0.8888890147
56257  -39.507  -23.131  10.879 0.8888890147
56236  -40.458  -23.141  11.252 0.7777780294
123590  -39.890  -20.936  20.998 0.1111110002
58025  -40.408  -21.057  20.607 0.2222220004
124985  -40.064  -21.492  19.746 0.2222220004
58049  -38.515  -21.613  18.928 0.2222220004
58048  -37.738  -21.626  18.701 0.2222220004
57056  -38.249  -21.875  18.093 0.2222220004
57072  -36.098  -21.965  17.786 0.2222220004
119517  -36.868  -21.993  17.332 0.2222220004
118668  -37.913  -22.032  17.367 0.2222220004
107740  -36.686  -22.213  15.679 0.3333329856
57107  -36.524  -22.280  14.748 0.5555559993
57128  -36.422  -22.348  13.838 0.7777780294
57166  -36.976  -22.245  12.274 0.8888890147
57193  -38.141  -22.421  10.994 0.8888890147
57211  -38.924  -22.443  10.728 0.8888890147
57212  -39.690  -22.277  10.646 0.8888890147
57194  -40.835  -22.473  11.047 0.8888890147
57195  -41.730  -22.165  11.352 0.8888890147
57073  -38.837  -22.254  17.334 0.2222220004
121932  -37.653  -22.192  16.684 0.2222220004
57091  -38.483  -22.291  16.573 0.3333329856
58062  -38.850  -22.246  16.038 0.3333329856
57090  -37.071  -22.174  16.421 0.3333329856
57109  -37.835  -22.271  15.803 0.3333329856
58073  -38.422  -21.899  15.322 0.4444440007
58074  -39.178  -21.737  15.642 0.3333329856
57108  -37.249  -22.207  15.091 0.3333329856
57129  -37.192  -22.068  14.332 0.4444440007
126535  -37.633  -21.752  14.434 0.4444440007
58104  -37.541  -21.483  13.788 0.4444440007
58122  -37.393  -21.493  12.725 0.7777780294
58140  -37.511  -21.539  11.909 0.8888890147
58141  -37.913  -21.584  11.319 0.8888890147
58150  -38.534  -21.638  10.829 0.8888890147
58142  -42.301  -21.751  11.294 0.8888890147
58151  -39.305  -21.653  10.587 0.8888890147
58152  -40.096  -21.641  10.469 0.8888890147
57213  -40.952  -21.841  10.708 0.8888890147
118542  -39.717  -20.929  10.387 0.8888890147
106788  -40.733  -21.031  10.308 0.8888890147
58087  -38.068  -21.415  14.530 0.3333329856
58105  -38.006  -20.876  13.822 0.6666669846
59008  -37.864  -20.855  13.079 0.7777780294
59009  -38.213  -20.214  12.616 0.7777780294
59025  -37.827  -20.869  12.218 0.7777780294
121865  -37.938  -20.998  11.634 0.8888890147
59042  -38.310  -20.854  11.129 0.8888890147
58154  -42.327  -21.402  10.847 0.8888890147
59055  -38.925  -20.884  10.667 0.8888890147
115422  -39.314  -20.272  10.495 0.8888890147
59056  -40.053  -20.120  10.103 0.8888890147
59057  -40.934  -20.375  9.920 0.8888890147
60075  -40.642  -18.957  9.559 0.8888890147
60990  -41.029  -18.449  9.353 0.8888890147
61964  -41.445  -17.859  9.140 0.8888890147
61971  -41.945  -17.896  8.634 0.8888890147
62838  -43.216  -17.066  7.573 0.8888890147
61999  -44.172  -17.344  6.820 0.8888890147
58088  -38.773  -21.141  14.954 0.3333329856
118468  -38.306  -20.289  13.487 0.5555559993
59026  -38.248  -20.260  11.680 0.8888890147
60049  -38.548  -19.567  12.236 0.7777780294
60054  -38.663  -19.584  11.513 0.8888890147
60062  -38.712  -20.019  10.915 0.8888890147
60055  -39.040  -19.157  11.114 0.8888890147
60064  -40.044  -19.168  9.976 0.8888890147
60982  -39.639  -18.569  10.623 0.8888890147
60989  -40.368  -18.448  9.906 0.8888890147
61963  -40.843  -17.804  9.771 0.8888890147
62819  -41.465  -17.225  9.754 0.8888890147
61965  -42.023  -17.253  9.011 0.8888890147
62823  -42.544  -16.941  8.576 0.8888890147
62829  -42.883  -16.962  8.026 0.8888890147
62842  -44.159  -16.413  6.688 0.8888890147
114136  -44.895  -17.563  6.490 0.8888890147
61037  -45.548  -18.089  6.610 0.7777780294
61018  -46.419  -18.634  6.961 0.6666669846
62000  -45.556  -17.365  6.180 0.6666669846
60030  -38.766  -19.801  13.967 0.5555559993
60041  -38.660  -19.644  13.129 0.5555559993
60042  -39.139  -19.121  13.618 0.5555559993
60969  -38.999  -18.999  12.772 0.5555559993
60976  -38.917  -18.978  11.899 0.6666669846
60977  -39.341  -18.421  11.525 0.6666669846
61954  -39.761  -17.910  11.178 0.8888890147
114637  -40.263  -17.837  10.514 0.8888890147
61961  -40.926  -17.206  10.522 0.8888890147
116886  -42.532  -16.576  9.268 0.8888890147
62830  -43.106  -16.339  8.636 0.8888890147
63636  -43.612  -15.860  8.216 0.8888890147
62839  -43.377  -16.450  7.730 0.8888890147
63645  -44.012  -15.849  7.025 0.8888890147
62843  -44.754  -16.872  6.278 0.8888890147
61038  -46.391  -17.881  6.388 0.6666669846
60970  -39.439  -18.432  13.255 0.5555559993
60974  -39.323  -18.362  12.397 0.5555559993
61945  -39.769  -17.794  12.842 0.5555559993
61950  -39.712  -17.773  11.957 0.7777780294
61951  -40.279  -17.302  12.387 0.5555559993
61955  -40.371  -17.329  11.409 0.5555559993
61956  -41.150  -16.770  11.378 0.4444440007
110891  -41.738  -16.609  10.565 0.6666669846
62820  -42.482  -16.273  10.106 0.6666669846
62824  -43.121  -16.001  9.609 0.7777780294
63622  -43.749  -15.579  10.007 0.4444440007
117620  -44.245  -15.296  9.652 0.5555559993
63628  -44.477  -15.007  9.053 0.5555559993
64422  -44.709  -14.618  8.444 0.5555559993
63642  -43.831  -15.811  7.574 0.7777780294
64429  -44.696  -14.531  7.580 0.5555559993
64431  -44.671  -14.824  6.686 0.8888890147
63646  -44.425  -15.614  6.578 0.8888890147
62009  -45.417  -16.574  5.769 0.7777780294
114248  -47.083  -18.246  6.647 0.6666669846
61913  -41.881  -17.743  15.152 0.3333329856
60971  -39.967  -17.962  13.680 0.5555559993
61932  -40.668  -17.626  14.066 0.4444440007
61946  -40.409  -17.408  13.241 0.5555559993
62799  -40.779  -16.919  12.029 0.5555559993
62812  -41.940  -16.419  11.580 0.4444440007
62821  -43.181  -15.913  10.496 0.3333329856
123857  -43.963  -15.705  10.845 0.1111110002
63615  -44.858  -15.676  11.106 0.1111110002
63623  -44.474  -15.419  10.320 0.2222220004
63629  -44.888  -15.056  9.791 0.4444440007
64404  -45.718  -14.898  10.018 0.4444440007
64411  -45.250  -14.487  9.133 0.5555559993
64423  -45.204  -14.111  8.222 0.5555559993
65267  -45.728  -13.613  7.885 0.5555559993
63649  -45.387  -15.741  5.556 0.8888890147
63647  -44.931  -15.279  6.016 0.8888890147
62010  -46.435  -17.141  5.746 0.7777780294
62001  -47.275  -17.738  6.222 0.6666669846
61039  -47.852  -18.193  6.702 0.6666669846
61903  -44.067  -17.713  16.227 0.1111110002
61915  -43.715  -17.478  15.476 0.1111110002
60960  -41.031  -17.963  14.849 0.4444440007
61934  -42.415  -17.282  14.602 0.1111110002
116392  -43.355  -17.192  14.757 0.1111110002
61933  -41.507  -17.418  14.373 0.2222220004
61947  -41.163  -17.133  13.571 0.3333329856
61948  -42.025  -16.938  13.840 0.2222220004
62788  -42.568  -16.636  13.235 0.2222220004
61952  -40.911  -16.964  12.753 0.4444440007
62787  -41.681  -16.734  13.025 0.4444440007
110123  -42.988  -16.442  12.660 0.3333329856
62800  -41.414  -16.663  12.200 0.4444440007
111112  -42.803  -16.269  11.914 0.4444440007
62802  -43.749  -16.308  12.370 0.2222220004
62814  -44.337  -15.992  11.705 0.2222220004
62815  -45.280  -15.955  11.918 0.2222220004
63616  -45.778  -15.608  11.282 0.1111110002
63617  -46.852  -15.450  11.308 0.1111110002
64397  -47.837  -15.201  11.311 0.1111110002
62813  -43.415  -16.032  11.395 0.2222220004
64405  -46.587  -14.877  10.349 0.2222220004
64414  -47.918  -14.246  10.194 0.1111110002
63624  -46.065  -15.256  10.705 0.1111110002
64413  -47.151  -14.328  9.849 0.2222220004
64412  -46.238  -14.377  9.523 0.4444440007
64424  -45.917  -13.903  8.689 0.4444440007
64434  -45.524  -14.955  5.523 0.8888890147
65281  -45.731  -14.302  5.691 0.7777780294
65276  -45.616  -13.872  6.292 0.5555559993
123785  -45.227  -13.951  7.520 0.6666669846
63650  -46.016  -15.429  5.046 0.8888890147
62847  -46.062  -16.250  5.258 0.7777780294
62848  -46.926  -16.648  5.138 0.7777780294
62011  -47.582  -17.252  5.553 0.6666669846
62002  -48.220  -17.739  6.216 0.6666669846
61904  -44.984  -17.637  16.241 0.1111110002
61916  -44.644  -17.412  15.513 0.1111110002
114397  -45.530  -17.382  15.534 0.1111110002
61935  -44.278  -17.151  14.827 0.1111110002
62775  -43.891  -16.853  14.149 0.1111110002
62774  -42.964  -16.860  14.013 0.1111110002
112971  -44.332  -16.658  13.629 0.1111110002
62789  -43.557  -16.599  13.311 0.1111110002
113796  -44.309  -16.491  13.050 0.1111110002
62790  -45.089  -16.548  13.416 0.1111110002
62804  -45.683  -16.251  12.735 0.1111110002
62805  -46.607  -16.266  12.880 0.1111110002
63605  -47.124  -15.929  12.290 0.1111110002
63604  -46.230  -15.912  12.078 0.1111110002
114373  -47.615  -15.623  11.894 0.1111110002
64398  -48.695  -14.864  11.325 0.1111110002
64407  -49.416  -14.111  10.904 0.1111110002
65270  -48.241  -12.941  8.703 0.1111110002
65256  -48.717  -13.262  9.362 0.1111110002
117278  -48.437  -13.785  9.898 0.1111110002
65273  -46.287  -13.219  7.441 0.4444440007
65268  -46.476  -13.350  8.263 0.3333329856
65269  -47.353  -13.158  8.548 0.3333329856
65254  -46.817  -13.769  9.054 0.3333329856
65272  -45.624  -13.621  7.079 0.5555559993
107824  -46.227  -14.545  5.055 0.8888890147
62849  -46.606  -15.949  4.710 0.7777780294
61936  -45.173  -17.125  14.850 0.1111110002
61937  -46.039  -17.136  14.867 0.1111110002
62776  -44.751  -16.843  14.194 0.1111110002
61938  -46.878  -17.125  14.915 0.1111110002
62777  -45.632  -16.825  14.197 0.1111110002
62778  -46.511  -16.837  14.244 0.1111110002
62791  -46.102  -16.553  13.528 0.1111110002
62792  -46.982  -16.574  13.614 0.1111110002
62806  -47.458  -16.284  13.021 0.1111110002
62807  -48.236  -16.262  13.132 0.1111110002
63606  -47.916  -15.954  12.503 0.1111110002
63618  -48.328  -15.527  11.984 0.1111110002
63619  -49.204  -15.423  12.176 0.1111110002
63620  -50.139  -14.995  12.126 0.1111110002
117848  -49.994  -14.375  11.477 0.1111110002
65245  -49.114  -13.618  10.041 0.1111110002
63653  -46.614  -15.194  4.529 0.8888890147
124086  -47.509  -16.863  5.033 0.7777780294
63607  -49.256  -15.904  12.807 0.1111110002
62850  -47.390  -16.420  4.488 0.7777780294
26872  -4.240  -55.821  28.672 0.2222220004
26865  -5.027  -56.099  29.348 0.4444440007
26867  -6.825  -55.447  28.810 0.3333329856
122296  -6.512  -55.190  29.897 0.3333329856
126832  -7.593  -55.039  28.992 0.3333329856
25857  -3.640  -56.568  27.197 0.2222220004
117019  -4.399  -54.829  27.956 0.3333329856
29727  -10.971  -53.013  27.741 0.6666669846
27842  -4.619  -54.273  27.466 0.2222220004
28781  -6.148  -53.834  27.239 0.5555559993
31668  -12.936  -49.753  26.954 0.7777780294
33507  -14.753  -48.121  28.387 0.4444440007
126275  -15.334  -48.237  28.611 0.4444440007
32598  -14.350  -48.038  27.007 0.7777780294
128287  -16.449  -48.950  27.310 0.6666669846
32566  -16.547  -49.331  28.507 0.4444440007
32567  -17.297  -49.752  28.242 0.6666669846
28809  -4.186  -53.454  25.388 0.1111110002
26896  -4.019  -54.944  25.397 0.1111110002
29753  -4.248  -52.612  25.972 0.2222220004
28779  -4.472  -53.697  27.098 0.2222220004
28782  -7.437  -53.841  26.917 0.6666669846
33531  -13.006  -48.749  26.591 0.7777780294
30720  -4.228  -51.262  24.649 0.2222220004
30705  -5.211  -51.435  27.173 0.2222220004
108635  -6.978  -52.047  27.337 0.7777780294
27861  -6.255  -54.431  24.728 0.1111110002
32579  -11.516  -49.297  26.720 0.8888890147
32614  -18.077  -48.829  25.623 0.7777780294
31681  -19.770  -50.170  27.229 0.5555559993
30706  -5.835  -51.047  27.549 0.3333329856
31666  -10.126  -50.636  26.971 0.7777780294
32578  -10.451  -49.464  27.166 0.7777780294
34479  -10.374  -47.931  27.584 0.6666669846
122927  -10.896  -46.493  28.002 0.3333329856
34495  -12.191  -47.962  26.671 0.7777780294
109350  -12.240  -46.315  27.250 0.6666669846
34512  -16.009  -46.963  25.867 0.8888890147
33548  -17.083  -47.899  25.493 0.8888890147
36482  -11.874  -44.937  29.507 0.1111110002
36498  -11.962  -45.185  28.652 0.2222220004
37530  -13.024  -45.084  27.668 0.2222220004
37507  -12.571  -44.941  28.311 0.1111110002
115054  -12.945  -45.819  27.125 0.5555559993
35506  -14.873  -46.055  26.400 0.6666669846
33550  -18.385  -48.368  25.005 0.8888890147
119649  -19.070  -48.350  24.737 0.7777780294
32603  -20.586  -49.701  26.244 0.6666669846
33563  -19.545  -47.942  24.450 0.8888890147
34528  -20.038  -47.424  24.355 0.7777780294
37532  -14.470  -44.213  27.640 0.3333329856
37509  -13.998  -44.134  28.152 0.1111110002
37508  -13.249  -44.480  28.420 0.1111110002
36523  -15.629  -45.488  26.217 0.7777780294
35523  -16.816  -46.554  25.425 0.7777780294
34530  -21.972  -47.468  24.563 0.6666669846
34501  -23.514  -47.087  26.454 0.6666669846
38476  -15.713  -43.444  27.992 0.3333329856
37556  -15.068  -44.338  27.107 0.4444440007
36524  -16.511  -45.079  25.978 0.5555559993
35543  -19.790  -46.834  24.547 0.7777780294
34529  -21.261  -46.960  24.179 0.8888890147
35545  -22.514  -46.147  24.552 0.6666669846
116452  -22.024  -46.718  24.376 0.6666669846
36547  -23.341  -45.071  25.451 0.7777780294
35509  -23.575  -46.330  26.262 0.6666669846
38447  -14.809  -43.497  29.362 0.1111110002
108049  -16.355  -43.117  29.947 0.1111110002
38463  -16.431  -43.337  28.384 0.2222220004
115173  -20.970  -46.110  24.210 0.7777780294
38549  -21.164  -43.877  24.842 0.8888890147
44756  -32.622  -36.106  22.198 0.4444440007
44755  -31.885  -35.880  22.075 0.4444440007
36544  -19.829  -46.219  25.171 0.7777780294
44757  -33.423  -36.343  22.117 0.3333329856
45667  -31.460  -35.693  21.581 0.6666669846
37490  -17.750  -44.586  28.868 0.1111110002
121631  -25.987  -42.627  24.645 0.6666669846
40304  -24.898  -41.699  23.777 0.8888890147
127800  -26.139  -41.089  22.065 0.8888890147
40353  -27.813  -41.255  21.415 0.7777780294
41265  -28.032  -40.090  20.451 0.8888890147
42986  -28.136  -39.304  20.496 0.8888890147
43855  -28.658  -37.596  21.406 0.7777780294
45681  -29.432  -34.548  20.683 0.8888890147
45692  -30.919  -35.511  20.029 0.6666669846
37537  -20.453  -44.937  26.560 0.3333329856
39413  -20.878  -42.783  25.675 0.5555559993
40293  -21.579  -41.392  25.685 0.6666669846
110795  -28.394  -34.823  23.577 0.5555559993
44725  -28.483  -36.451  22.880 0.7777780294
46546  -28.407  -34.357  24.283 0.4444440007
47485  -29.001  -33.083  24.268 0.3333329856
48457  -30.074  -32.028  23.690 0.1111110002
48438  -29.681  -32.527  24.139 0.2222220004
47493  -28.612  -33.215  23.444 0.4444440007
116544  -28.720  -32.789  22.897 0.3333329856
49332  -29.573  -31.761  22.009 0.4444440007
48472  -29.086  -32.232  22.568 0.6666669846
122438  -28.596  -35.695  22.556 0.8888890147
46556  -28.393  -34.061  23.315 0.7777780294
47500  -28.735  -32.883  22.254 0.7777780294
48484  -28.986  -32.288  21.792 0.6666669846
110007  -28.909  -32.433  21.124 0.6666669846
47522  -28.832  -33.065  20.682 0.7777780294
45691  -30.170  -35.253  19.250 0.8888890147
46564  -28.780  -34.451  21.896 0.8888890147
44831  -31.606  -36.231  18.176 0.7777780294
38501  -20.534  -43.755  25.918 0.4444440007
46534  -30.219  -34.915  27.023 0.1111110002
126679  -28.725  -35.154  25.900 0.4444440007
47458  -31.468  -33.631  26.339 0.1111110002
45631  -28.398  -34.944  25.117 0.4444440007
49343  -30.108  -31.449  21.242 0.3333329856
49356  -30.232  -31.446  20.322 0.5555559993
48492  -29.071  -32.171  20.435 0.6666669846
48499  -29.205  -32.328  19.587 0.7777780294
49366  -29.624  -31.750  19.912 0.6666669846
47532  -29.069  -33.174  19.332 0.8888890147
46616  -29.698  -34.750  18.667 0.8888890147
115202  -29.841  -34.805  17.926 0.8888890147
45710  -30.854  -35.752  17.652 0.8888890147
41181  -21.268  -40.136  27.459 0.5555559993
42047  -21.844  -39.656  26.712 0.4444440007
43842  -38.537  -37.260  22.100 0.1111110002
42061  -22.981  -39.243  25.283 0.5555559993
49367  -30.305  -31.539  19.465 0.5555559993
49357  -31.173  -31.361  19.860 0.4444440007
113183  -31.865  -31.428  20.509 0.3333329856
47551  -29.706  -33.520  17.727 0.7777780294
49376  -30.473  -31.752  18.507 0.6666669846
46628  -29.913  -34.333  17.456 0.8888890147
121970  -30.935  -35.347  16.819 0.8888890147
125981  -30.610  -34.934  16.755 0.8888890147
118493  -30.398  -34.483  16.802 0.8888890147
42033  -22.173  -39.107  27.169 0.3333329856
43768  -29.775  -37.696  26.587 0.1111110002
108526  -33.710  -31.729  19.446 0.3333329856
49385  -30.698  -32.144  17.466 0.6666669846
47560  -30.684  -33.970  16.281 0.8888890147
46641  -30.956  -34.682  16.281 0.8888890147
45729  -32.081  -34.968  15.682 0.8888890147
45730  -32.928  -35.023  15.787 0.8888890147
106728  -34.372  -31.585  19.405 0.2222220004
50209  -35.254  -31.170  19.857 0.2222220004
50217  -34.175  -31.042  18.755 0.3333329856
124938  -33.025  -31.024  18.014 0.6666669846
46644  -34.737  -34.722  16.344 0.7777780294
47568  -31.893  -33.612  14.973 0.8888890147
46652  -31.897  -34.310  15.278 0.8888890147
47577  -31.984  -32.959  14.740 0.8888890147
47578  -32.519  -33.224  14.531 0.8888890147
50200  -35.424  -30.549  20.558 0.2222220004
51041  -33.173  -29.402  19.656 0.6666669846
51075  -31.848  -30.150  16.367 0.7777780294
49405  -32.326  -31.634  14.392 1.0000000000
47570  -34.384  -33.777  14.978 0.8888890147
47562  -35.882  -33.860  16.029 0.8888890147
47571  -35.389  -33.512  15.316 0.8888890147
50246  -31.991  -30.419  14.927 0.8888890147
49406  -32.821  -31.997  13.948 1.0000000000
107111  -34.172  -33.018  14.262 1.0000000000
47563  -36.566  -33.502  16.343 0.7777780294
48539  -34.210  -32.182  13.835 0.8888890147
49413  -34.375  -31.318  13.589 0.8888890147
50259  -33.863  -30.783  13.439 1.0000000000
51932  -31.341  -28.321  15.799 1.0000000000
111957  -32.488  -29.002  14.206 1.0000000000
50254  -36.144  -30.266  14.710 0.8888890147
50248  -36.917  -30.344  15.868 0.7777780294
51876  -33.202  -28.405  20.963 0.3333329856
52755  -33.009  -27.669  14.175 1.0000000000
51934  -35.764  -28.272  15.081 1.0000000000
52758  -35.456  -26.909  15.169 1.0000000000
54452  -31.518  -25.388  15.835 0.7777780294
54453  -31.987  -25.135  15.247 1.0000000000
51935  -36.788  -27.364  16.598 0.5555559993
54481  -33.766  -25.139  13.904 1.0000000000
123113  -33.678  -24.515  13.984 1.0000000000
55347  -34.607  -24.009  13.258 1.0000000000
127866  -36.230  -26.357  13.065 0.8888890147
124178  -36.849  -26.503  13.258 0.7777780294
53637  -37.573  -26.208  12.692 1.0000000000
118429  -33.231  -25.137  20.496 0.3333329856
55282  -31.977  -24.284  18.160 0.4444440007
56136  -32.412  -23.654  17.764 0.5555559993
57104  -33.579  -22.775  15.626 0.5555559993
57125  -33.852  -22.840  14.955 0.7777780294
56197  -34.472  -23.359  13.777 1.0000000000
55348  -35.334  -24.132  12.678 1.0000000000
54495  -35.532  -25.032  12.531 1.0000000000
55360  -35.972  -24.509  12.258 1.0000000000
113553  -33.787  -24.606  20.605 0.2222220004
55268  -34.403  -24.131  20.668 0.2222220004
56137  -33.248  -23.231  18.151 0.5555559993
57042  -34.875  -22.635  19.224 0.3333329856
57069  -33.687  -22.741  17.732 0.3333329856
108152  -34.670  -22.222  16.855 0.2222220004
128109  -35.038  -22.569  14.424 0.7777780294
54512  -38.550  -25.188  11.784 1.0000000000
56234  -37.890  -23.797  11.205 0.8888890147
55375  -39.201  -24.631  11.607 1.0000000000
112276  -36.438  -22.433  20.512 0.2222220004
57033  -37.241  -22.084  20.746 0.1111110002
58041  -39.050  -21.393  19.685 0.2222220004
57053  -35.769  -22.057  18.369 0.2222220004
124339  -36.007  -22.005  17.212 0.2222220004
57106  -35.761  -22.221  15.279 0.3333329856
57146  -36.972  -22.024  13.320 0.6666669846
57191  -37.090  -22.984  11.643 0.8888890147
57192  -37.492  -22.288  11.512 0.8888890147
55376  -39.953  -23.974  11.499 0.7777780294
56258  -40.144  -22.646  10.805 0.8888890147
57055  -37.367  -21.800  18.133 0.2222220004
106564  -39.144  -22.083  18.119 0.2222220004
124812  -40.330  -22.163  10.667 0.8888890147
56237  -41.324  -22.893  11.648 0.7777780294
58063  -39.595  -22.044  16.340 0.3333329856
122851  -37.743  -22.008  14.943 0.4444440007
58153  -41.670  -21.527  10.771 0.8888890147
59075  -40.711  -19.620  9.690 0.8888890147
60999  -41.726  -18.525  8.823 0.8888890147
117215  -43.613  -16.867  7.151 0.8888890147
60063  -39.386  -19.501  10.506 0.8888890147
60958  -39.634  -18.622  14.077 0.5555559993
123051  -42.007  -16.735  9.723 0.8888890147
63627  -43.762  -15.582  9.058 0.6666669846
63637  -44.180  -15.235  8.164 0.6666669846
63643  -44.251  -15.281  7.249 0.8888890147
62846  -44.763  -16.078  6.060 0.8888890147
119634  -42.548  -16.175  11.006 0.4444440007
62801  -42.221  -16.490  12.439 0.4444440007
109079  -45.302  -15.333  10.539 0.2222220004
64430  -45.089  -14.132  6.853 0.6666669846
61914  -42.779  -17.592  15.360 0.2222220004
62803  -44.749  -16.269  12.537 0.2222220004
63625  -47.414  -14.824  10.639 0.1111110002
126544  -48.088  -14.687  10.799 0.1111110002
64406  -48.599  -14.213  10.529 0.1111110002
65255  -47.815  -13.635  9.378 0.1111110002
64432  -45.206  -14.520  6.138 0.8888890147
65277  -46.222  -13.341  6.551 0.5555559993
64399  -49.474  -14.765  11.613 0.1111110002
65274  -47.026  -12.885  7.783 0.4444440007
112494  -48.658  -15.924  12.633 0.1111110002
62020  -48.104  -17.081  4.835 0.5555559993
29754  -4.621  -51.792  26.461 0.1111110002
30714  -4.223  -51.596  25.362 0.1111110002
112680  -5.852  -50.451  27.565 0.2222220004
31661  -5.230  -50.714  27.112 0.1111110002
109321  -6.163  -51.801  27.508 0.3333329856
106917  -6.415  -50.449  27.820 0.4444440007
31663  -7.151  -50.562  27.864 0.5555559993
31686  -4.362  -50.556  24.816 0.1111110002
31692  -4.548  -50.721  24.714 0.1111110002
29783  -4.211  -51.625  24.726 0.1111110002
31665  -9.281  -50.685  27.226 0.6666669846
30725  -5.182  -51.365  24.715 0.1111110002
30726  -6.754  -51.793  24.808 0.1111110002
32574  -5.386  -49.897  27.117 0.1111110002
31649  -6.914  -49.925  28.281 0.3333329856
31664  -8.208  -50.746  27.598 0.6666669846
31677  -4.716  -50.244  25.824 0.1111110002
31650  -7.524  -49.953  28.348 0.5555559993
32576  -8.502  -49.922  27.896 0.5555559993
32608  -4.801  -49.744  25.226 0.1111110002
31688  -6.039  -50.061  25.113 0.1111110002
31694  -7.144  -50.900  25.084 0.1111110002
33504  -6.340  -48.974  28.533 0.2222220004
32575  -5.975  -49.383  27.856 0.1111110002
32560  -6.659  -49.477  28.515 0.2222220004
32548  -6.936  -49.050  29.095 0.2222220004
31662  -6.240  -49.960  27.917 0.1111110002
32561  -7.341  -49.444  28.781 0.2222220004
122069  -5.050  -49.473  26.003 0.1111110002
32562  -7.744  -49.429  28.774 0.4444440007
32593  -5.272  -49.039  25.792 0.1111110002
32609  -5.237  -49.467  25.320 0.1111110002
124073  -5.866  -48.731  27.770 0.1111110002
33514  -5.461  -48.827  26.837 0.1111110002
34490  -5.477  -47.947  26.864 0.1111110002
33506  -8.156  -48.824  29.010 0.2222220004
33528  -5.863  -48.470  26.006 0.1111110002
33515  -8.959  -48.673  28.161 0.4444440007
34478  -9.542  -48.083  27.949 0.4444440007
116260  -24.227  -42.987  26.847 0.6666669846
108498  -30.694  -40.877  21.416 0.5555559993
116883  -30.755  -40.240  20.604 0.6666669846
42127  -31.371  -39.651  20.693 0.6666669846
42126  -30.573  -39.435  20.245 0.7777780294
42965  -30.817  -37.613  21.013 0.7777780294
119453  -30.671  -36.563  21.520 0.7777780294
42988  -30.242  -38.533  20.371 0.7777780294
41255  -29.162  -40.716  20.763 0.7777780294
41256  -30.011  -40.565  20.722 0.6666669846
42124  -28.768  -39.715  20.253 0.7777780294
42125  -29.619  -39.350  20.135 0.7777780294
43857  -29.860  -37.486  20.938 0.7777780294
43856  -29.221  -37.044  21.372 0.7777780294
46645  -36.312  -34.212  16.695 0.6666669846
49358  -33.053  -31.693  20.413 0.2222220004
46629  -35.933  -34.832  17.202 0.6666669846
48493  -35.679  -32.094  20.567 0.1111110002
46646  -37.004  -33.838  16.962 0.6666669846
50201  -35.942  -30.763  20.927 0.1111110002
50195  -36.724  -31.334  21.889 0.1111110002
50210  -35.919  -31.329  20.492 0.1111110002
47553  -37.650  -33.413  17.293 0.4444440007
122151  -35.692  -31.707  20.296 0.1111110002
48527  -37.205  -33.106  16.676 0.5555559993
51027  -35.403  -29.722  22.358 0.1111110002
51034  -34.724  -29.733  21.126 0.1111110002
51035  -35.360  -30.091  21.457 0.2222220004
50196  -37.317  -31.649  22.667 0.1111110002
54484  -38.851  -25.949  12.971 0.7777780294
108213  -39.454  -25.817  13.339 0.6666669846
54499  -39.398  -25.342  12.498 0.6666669846
51847  -34.168  -28.432  22.429 0.2222220004
51026  -34.705  -29.328  22.058 0.2222220004
53626  -38.259  -26.354  13.290 0.8888890147
109545  -38.602  -25.642  12.387 0.8888890147
54500  -40.317  -24.950  12.794 0.6666669846
55349  -41.559  -24.406  13.296 0.5555559993
55362  -40.551  -24.325  12.312 0.6666669846
55363  -41.307  -24.013  12.623 0.6666669846
56215  -40.888  -23.609  11.942 0.5555559993
52656  -35.478  -27.515  24.180 0.1111110002
52667  -34.612  -27.222  23.173 0.1111110002
51836  -34.544  -28.089  23.197 0.1111110002
51837  -35.135  -28.566  23.622 0.1111110002
52674  -33.713  -27.587  22.189 0.2222220004
52675  -34.142  -27.600  22.760 0.2222220004
115977  -33.237  -27.551  21.502 0.2222220004
57167  -42.155  -22.589  12.115 0.6666669846
57196  -42.639  -22.059  11.871 0.7777780294
53497  -34.102  -26.737  22.470 0.1111110002
52687  -33.060  -26.687  21.275 0.1111110002
57168  -42.907  -22.355  12.507 0.7777780294
57169  -43.565  -21.872  12.324 0.5555559993
58155  -43.767  -21.402  11.390 0.5555559993
109360  -42.937  -21.602  11.435 0.7777780294
60018  -41.244  -20.093  16.584 0.2222220004
60014  -41.977  -19.807  17.045 0.2222220004
60019  -41.668  -19.295  16.586 0.2222220004
121034  -42.854  -18.784  17.158 0.1111110002
116380  -40.066  -20.285  15.710 0.2222220004
127303  -40.624  -19.859  16.056 0.2222220004
60941  -41.854  -18.667  16.307 0.2222220004
58987  -39.424  -20.732  15.342 0.2222220004
60023  -40.285  -19.355  15.531 0.2222220004
60031  -39.330  -19.358  14.405 0.4444440007
60959  -40.271  -18.252  14.478 0.3333329856
59058  -41.766  -20.861  10.219 0.7777780294
116061  -43.180  -20.663  9.818 0.7777780294
126009  -42.303  -20.386  17.484 0.1111110002
60020  -42.251  -19.038  16.894 0.1111110002
58075  -39.888  -21.333  15.957 0.2222220004
58988  -40.561  -20.775  16.283 0.2222220004
112008  -42.614  -18.408  16.589 0.2222220004
60949  -42.251  -18.047  15.910 0.3333329856
59076  -41.512  -20.034  9.602 0.7777780294
61019  -47.398  -18.663  7.089 0.5555559993
61020  -48.205  -18.643  7.218 0.3333329856
61040  -48.816  -18.186  6.820 0.3333329856
58064  -40.328  -21.738  16.607 0.2222220004
122817  -41.047  -21.271  16.873 0.2222220004
58984  -41.724  -20.767  17.198 0.1111110002
61902  -43.132  -17.867  16.125 0.1111110002
59094  -45.196  -20.270  8.638 0.6666669846
60077  -42.121  -19.626  9.115 0.7777780294
60078  -42.974  -20.089  9.135 0.7777780294
60107  -46.055  -19.379  7.526 0.5555559993
61017  -45.394  -18.758  7.117 0.5555559993
60108  -46.985  -19.255  7.489 0.5555559993
57092  -39.315  -22.313  16.725 0.2222220004
58055  -40.760  -22.066  17.261 0.1111110002
58056  -41.464  -21.755  17.519 0.1111110002
59092  -43.664  -20.058  8.797 0.7777780294
59093  -44.445  -20.302  8.851 0.6666669846
60091  -44.777  -19.903  8.157 0.6666669846
60088  -42.347  -19.035  8.566 0.7777780294
60104  -43.568  -19.161  8.005 0.7777780294
60105  -44.246  -19.289  7.781 0.7777780294
60106  -45.103  -19.426  7.608 0.6666669846
61001  -42.961  -18.727  8.100 0.7777780294
61016  -44.499  -18.708  7.331 0.7777780294
61015  -43.619  -18.501  7.611 0.7777780294
61987  -44.044  -18.040  7.179 0.7777780294
61036  -44.706  -18.112  6.850 0.7777780294
62851  -48.172  -16.728  3.860 0.6666669846
62855  -47.624  -15.793  3.736 0.6666669846
62884  -49.446  -16.381  1.996 0.5555559993
62075  -49.875  -16.997  1.849 0.6666669846
62076  -50.530  -17.151  1.552 0.4444440007
62091  -51.988  -17.162  0.695 0.4444440007
62092  -52.750  -17.284  0.587 0.4444440007
61000  -42.365  -18.273  8.334 0.7777780294
61972  -42.484  -17.550  8.268 0.7777780294
61014  -42.901  -18.016  7.830 0.7777780294
61986  -43.474  -17.594  7.415 0.7777780294
63654  -47.174  -15.113  4.034 0.7777780294
63658  -48.134  -15.228  3.207 0.7777780294
63660  -48.580  -15.642  2.731 0.7777780294
63661  -49.086  -15.547  2.287 0.7777780294
62885  -50.144  -16.343  1.401 0.5555559993
62886  -50.795  -16.728  1.061 0.5555559993
65282  -46.286  -13.713  5.632 0.4444440007
118072  -47.390  -13.891  4.329 0.5555559993
64436  -46.934  -14.505  4.441 0.6666669846
65302  -47.987  -13.912  3.770 0.6666669846
64441  -47.902  -14.616  3.522 0.6666669846
64446  -48.733  -14.862  2.717 0.6666669846
62904  -50.728  -16.013  0.815 0.6666669846
62906  -52.310  -16.660  0.251 0.4444440007
62918  -52.673  -16.117  -0.298 0.4444440007
119271  -51.243  -15.715  0.440 0.4444440007
63689  -51.834  -15.911  0.026 0.4444440007
106658  -46.958  -13.339  5.322 0.4444440007
65290  -47.404  -13.313  4.796 0.5555559993
120430  -48.605  -13.765  3.430 0.5555559993
63671  -50.307  -15.363  1.214 0.7777780294
63688  -51.455  -15.013  0.117 0.4444440007
63702  -52.224  -15.276  -0.359 0.4444440007
122832  -52.635  -14.763  -0.645 0.4444440007
66082  -47.551  -12.632  7.312 0.3333329856
66094  -47.742  -12.611  6.431 0.3333329856
66093  -46.893  -13.046  6.021 0.4444440007
66106  -48.357  -12.575  5.573 0.4444440007
64464  -51.115  -14.576  0.637 0.7777780294
64474  -51.962  -14.311  -0.330 0.5555559993
64465  -51.476  -14.156  0.264 0.6666669846
65341  -51.834  -13.508  -0.105 0.6666669846
65342  -52.205  -13.566  -0.549 0.5555559993
66158  -52.221  -12.795  -0.511 0.5555559993
118851  -52.341  -11.956  -0.822 0.5555559993
67846  -52.122  -10.422  -0.444 0.4444440007
69837  -51.632  -8.897  -1.371 0.2222220004
69836  -50.795  -8.519  -1.424 0.3333329856
64457  -51.187  -14.039  0.894 0.7777780294
65335  -51.669  -13.565  0.469 0.6666669846
65336  -51.957  -12.836  0.094 0.3333329856
67011  -52.130  -12.075  -0.125 0.4444440007
126114  -52.057  -11.516  0.338 0.3333329856
122471  -52.166  -11.289  -0.274 0.3333329856
67845  -51.672  -9.982  0.188 0.3333329856
68869  -50.667  -8.719  0.274 0.2222220004
126189  -50.874  -8.854  -0.277 0.2222220004
69831  -50.417  -8.417  -0.586 0.2222220004
70745  -50.179  -7.796  -1.496 0.1111110002
68877  -51.899  -9.519  -0.697 0.3333329856
71614  -50.145  -6.975  -2.019 0.1111110002
69843  -51.333  -8.535  -2.106 0.3333329856
69849  -51.000  -8.144  -2.791 0.1111110002
70752  -50.496  -7.599  -2.441 0.1111110002
71621  -50.426  -6.941  -2.885 0.1111110002
71632  -51.093  -6.776  -4.471 0.1111110002
72441  -51.364  -5.841  -4.666 0.1111110002
71640  -52.084  -6.379  -5.902 0.1111110002
67839  -51.872  -10.816  0.370 0.3333329856
68870  -51.212  -9.456  0.719 0.2222220004
71584  -50.250  -6.885  0.754 0.1111110002
118651  -51.088  -5.346  0.446 0.1111110002
70737  -49.947  -7.610  -0.469 0.1111110002
71607  -49.946  -6.850  -1.070 0.1111110002
111684  -50.255  -5.960  -0.705 0.1111110002
72417  -50.293  -6.140  -1.615 0.1111110002
73171  -51.300  -4.602  -0.834 0.1111110002
73172  -51.995  -4.057  -0.532 0.1111110002
71628  -50.972  -6.225  -3.994 0.1111110002
73183  -51.229  -4.666  -1.739 0.1111110002
73184  -51.745  -4.066  -1.342 0.1111110002
72434  -51.234  -5.508  -3.802 0.1111110002
73192  -51.754  -4.056  -2.157 0.1111110002
74011  -52.841  -3.265  -1.622 0.1111110002
73209  -52.075  -4.236  -3.916 0.1111110002
74023  -52.520  -3.526  -2.469 0.1111110002
72447  -51.855  -5.141  -5.162 0.1111110002
70723  -50.390  -7.502  1.149 0.1111110002
73161  -51.626  -4.603  0.149 0.1111110002
127665  -52.598  -3.625  -0.405 0.1111110002
122221  -53.310  -3.033  -2.224 0.1111110002
74044  -52.626  -3.721  -4.404 0.1111110002
108655  -47.582  -19.653  7.979 0.4444440007
60093  -46.694  -19.870  8.040 0.4444440007
60092  -45.718  -20.018  8.152 0.6666669846
117824  -45.769  -20.380  8.857 0.6666669846
30724  -4.257  -51.139  24.657 0.1111110002
32577  -9.309  -49.325  27.704 0.5555559993
113261  -31.139  -35.997  21.745 0.7777780294
113767  -28.883  -39.086  20.262 0.7777780294
42987  -29.344  -38.498  20.397 0.7777780294
49345  -32.234  -31.454  21.443 0.2222220004
51861  -33.646  -28.400  21.676 0.2222220004
58995  -38.449  -20.576  14.261 0.3333329856
60076  -41.321  -19.160  9.229 0.7777780294
128188  -41.833  -19.077  8.861 0.7777780294
61985  -42.979  -17.440  7.808 0.7777780294
60032  -39.894  -18.916  14.857 0.4444440007
60948  -41.424  -18.323  15.620 0.3333329856
66081  -46.911  -12.861  6.938 0.4444440007
116201  -47.056  -15.681  4.270 0.7777780294
31676  -4.207  -50.852  25.080 0.1111110002
30707  -6.618  -51.176  27.628 0.4444440007
41266  -28.704  -40.293  20.432 0.7777780294
112887  -34.215  -31.866  20.006 0.2222220004
56216  -41.718  -23.277  12.356 0.5555559993
30715  -4.601  -51.066  26.252 0.1111110002
31687  -4.800  -50.125  24.942 0.1111110002
31693  -5.675  -50.781  24.834 0.1111110002
32563  -8.432  -49.293  28.359 0.4444440007
32610  -6.438  -49.453  25.512 0.1111110002
41257  -31.472  -40.428  21.279 0.6666669846
42989  -31.123  -38.729  20.593 0.7777780294
117213  -30.095  -39.990  20.205 0.7777780294
41267  -29.397  -40.140  20.276 0.7777780294
49347  -34.818  -32.047  20.623 0.2222220004
50194  -36.055  -30.576  21.655 0.1111110002
50202  -36.370  -31.389  21.026 0.1111110002
110546  -36.839  -30.811  22.709 0.1111110002
55361  -39.882  -24.668  12.121 0.6666669846
106365  -40.928  -24.559  12.950 0.5555559993
52668  -35.054  -27.728  23.717 0.1111110002
125104  -33.512  -26.887  21.875 0.1111110002
59059  -42.890  -21.106  10.536 0.6666669846
60024  -41.046  -19.093  16.054 0.2222220004
58996  -39.054  -20.196  14.674 0.3333329856
60022  -39.630  -19.731  15.123 0.2222220004
60947  -40.611  -18.601  15.269 0.3333329856
58156  -44.678  -21.170  11.212 0.4444440007
59060  -43.958  -20.935  10.348 0.6666669846
59077  -42.382  -20.445  9.704 0.7777780294
122206  -47.731  -19.101  7.501 0.3333329856
60109  -48.444  -19.284  7.776 0.3333329856
57093  -40.058  -22.323  16.975 0.2222220004
59078  -43.778  -20.496  9.410 0.7777780294
60089  -43.150  -19.486  8.488 0.7777780294
128250  -42.635  -19.565  8.789 0.7777780294
60090  -43.983  -19.717  8.318 0.7777780294
63657  -47.613  -15.054  3.625 0.7777780294
62869  -48.285  -16.163  3.144 0.6666669846
62870  -48.855  -16.362  2.573 0.6666669846
62077  -51.365  -17.298  1.187 0.4444440007
62905  -51.430  -16.537  0.594 0.4444440007
64437  -47.479  -14.507  3.929 0.6666669846
63670  -49.676  -15.471  1.736 0.7777780294
65289  -46.814  -13.848  4.876 0.6666669846
64442  -48.377  -14.399  3.238 0.5555559993
64447  -49.444  -14.604  2.258 0.6666669846
63687  -50.889  -15.199  0.710 0.7777780294
66105  -47.541  -12.873  5.430 0.4444440007
123504  -47.867  -13.386  4.308 0.5555559993
66116  -48.076  -12.857  4.754 0.5555559993
64443  -48.952  -14.072  2.880 0.5555559993
64455  -50.011  -14.757  1.665 0.7777780294
66095  -48.726  -12.413  6.492 0.2222220004
66083  -48.300  -12.455  7.295 0.2222220004
68881  -51.151  -8.937  -0.735 0.2222220004
68876  -51.278  -9.252  -0.058 0.3333329856
108785  -50.147  -8.142  0.087 0.2222220004
70728  -50.054  -7.535  0.395 0.1111110002
116747  -50.013  -6.642  -0.024 0.1111110002
69842  -50.669  -8.159  -2.087 0.1111110002
108544  -50.428  -6.337  -2.404 0.1111110002
72433  -50.730  -6.107  -3.197 0.1111110002
71639  -51.492  -6.613  -5.230 0.1111110002
121940  -51.725  -5.866  -5.416 0.1111110002
71596  -50.606  -6.094  0.674 0.1111110002
72406  -50.454  -5.799  0.022 0.1111110002
72407  -50.851  -5.220  -0.358 0.1111110002
111354  -50.710  -5.307  -1.248 0.1111110002
72426  -51.125  -5.293  -3.084 0.1111110002
72418  -50.788  -5.482  -2.274 0.1111110002
73191  -51.363  -4.689  -2.624 0.1111110002
74010  -52.362  -3.620  -1.074 0.1111110002
73199  -51.536  -4.749  -3.477 0.1111110002
127146  -52.199  -3.685  -1.731 0.1111110002
73200  -51.889  -4.068  -3.028 0.1111110002
74035  -52.592  -3.650  -3.468 0.1111110002
73208  -51.658  -4.940  -4.333 0.1111110002
71585  -50.926  -6.599  1.406 0.1111110002
73162  -52.454  -3.970  0.227 0.1111110002
28749  -9.057  -53.555  30.942 0.1111110002
111387  -7.861  -54.445  30.266 0.2222220004
27803  -7.424  -53.988  31.171 0.1111110002
27809  -8.466  -53.958  30.613 0.1111110002
27810  -9.262  -53.834  30.064 0.3333329856
24921  -4.438  -57.400  29.573 0.1111110002
109684  -5.354  -55.850  30.081 0.2222220004
110452  -10.230  -52.841  30.926 0.1111110002
28750  -9.857  -53.333  30.418 0.3333329856
29689  -10.817  -52.359  30.941 0.1111110002
31625  -11.766  -50.650  31.724 0.1111110002
29702  -11.235  -52.212  30.307 0.3333329856
109613  -11.691  -51.639  30.087 0.3333329856
31633  -12.512  -50.294  30.413 0.1111110002
31626  -12.376  -50.088  31.309 0.1111110002
113262  -12.236  -51.044  29.847 0.2222220004
30683  -11.976  -51.732  28.981 0.3333329856
25846  -3.676  -56.463  28.164 0.3333329856
32538  -12.918  -49.758  29.901 0.1111110002
125522  -12.596  -50.475  29.671 0.2222220004
30684  -12.491  -50.978  29.017 0.3333329856
31640  -12.877  -50.203  29.051 0.3333329856
31652  -13.230  -49.911  28.194 0.4444440007
33473  -14.116  -48.460  30.357 0.1111110002
33491  -13.952  -48.615  29.533 0.2222220004
32550  -13.388  -49.377  29.209 0.2222220004
108130  -14.458  -48.311  29.111 0.3333329856
31636  -18.436  -50.857  30.269 0.1111110002
30676  -18.685  -51.246  30.842 0.1111110002
29709  -20.511  -52.126  30.806 0.1111110002
29710  -21.328  -52.090  30.359 0.1111110002
29708  -19.783  -52.061  31.253 0.1111110002
30677  -19.803  -51.675  30.553 0.1111110002
30669  -19.197  -51.592  31.057 0.1111110002
30679  -21.292  -51.653  29.681 0.2222220004
29723  -22.216  -51.928  29.962 0.1111110002
30688  -19.139  -51.280  30.377 0.1111110002
30690  -20.581  -51.355  29.400 0.2222220004
31643  -18.543  -50.640  29.409 0.2222220004
122875  -19.033  -50.975  29.804 0.2222220004
30689  -19.758  -51.285  29.760 0.2222220004
116724  -21.918  -51.415  29.241 0.1111110002
31644  -19.295  -50.834  29.162 0.3333329856
30699  -20.053  -50.997  28.993 0.3333329856
30691  -21.218  -51.330  29.130 0.2222220004
31655  -19.641  -50.612  28.358 0.4444440007
30701  -21.551  -51.020  28.664 0.2222220004
113629  -21.031  -50.724  28.175 0.2222220004
31671  -20.319  -50.483  27.771 0.3333329856
31656  -21.918  -50.542  28.002 0.2222220004
32602  -19.905  -49.787  26.447 0.5555559993
31682  -20.516  -50.091  26.961 0.3333329856
32586  -21.919  -50.062  27.186 0.2222220004
31683  -21.228  -49.862  26.646 0.3333329856
32604  -21.909  -49.526  26.423 0.2222220004
31674  -23.059  -49.929  27.890 0.2222220004
32618  -21.942  -48.992  25.641 0.4444440007
32587  -22.662  -49.621  27.133 0.3333329856
125979  -23.103  -49.022  27.003 0.3333329856
32605  -22.593  -49.068  26.399 0.5555559993
33505  -7.652  -48.553  29.690 0.1111110002
32549  -7.467  -48.976  29.264 0.1111110002
33521  -23.467  -48.444  27.433 0.2222220004
33537  -23.149  -48.448  26.614 0.3333329856
34482  -23.818  -47.740  27.916 0.2222220004
33536  -22.607  -48.431  25.821 0.5555559993
113296  -23.602  -47.590  27.087 0.2222220004
36487  -25.172  -45.423  29.648 0.1111110002
34483  -24.077  -46.905  27.876 0.2222220004
36503  -24.986  -44.959  29.123 0.1111110002
35474  -24.427  -46.239  28.617 0.2222220004
36502  -24.573  -45.285  28.579 0.2222220004
35489  -23.864  -46.571  27.089 0.2222220004
36488  -26.654  -45.254  29.939 0.1111110002
114960  -25.813  -45.324  29.861 0.1111110002
37493  -26.210  -44.898  29.421 0.1111110002
127733  -25.497  -45.011  29.398 0.1111110002
37514  -25.618  -44.555  28.860 0.1111110002
35490  -24.241  -45.902  27.831 0.2222220004
37513  -24.829  -44.533  28.455 0.1111110002
111165  -24.298  -44.853  27.877 0.2222220004
37539  -24.466  -44.044  27.797 0.2222220004
36472  -28.748  -45.334  30.462 0.1111110002
115988  -27.937  -45.412  30.466 0.1111110002
126628  -27.450  -45.186  30.007 0.1111110002
37540  -25.332  -44.006  28.089 0.1111110002
38479  -24.824  -43.512  27.410 0.3333329856
36490  -28.356  -44.911  29.668 0.1111110002
36489  -27.181  -44.878  29.457 0.1111110002
37515  -26.662  -44.523  28.875 0.1111110002
37546  -31.552  -43.704  27.497 0.1111110002
112397  -32.021  -43.406  26.849 0.1111110002
42940  -34.374  -38.276  23.871 0.2222220004
124888  -26.196  -44.191  28.378 0.1111110002
116643  -31.369  -43.448  26.819 0.1111110002
42078  -34.108  -39.272  23.347 0.2222220004
39399  -32.350  -43.013  26.225 0.1111110002
39425  -32.675  -42.636  25.546 0.1111110002
39443  -32.969  -42.396  24.910 0.2222220004
128045  -33.575  -42.298  24.529 0.2222220004
109694  -33.694  -41.348  23.233 0.2222220004
41241  -33.819  -40.143  22.809 0.3333329856
123681  -33.790  -38.396  23.414 0.3333329856
39424  -31.870  -42.757  25.621 0.1111110002
120983  -32.908  -42.119  24.239 0.2222220004
39458  -32.981  -41.700  23.457 0.2222220004
40341  -33.598  -40.839  22.835 0.2222220004
42097  -33.510  -39.187  22.744 0.3333329856
40321  -33.041  -41.226  22.809 0.2222220004
110496  -33.043  -40.423  22.362 0.3333329856
36491  -29.462  -44.647  29.247 0.1111110002
37516  -27.698  -44.552  28.796 0.1111110002
37518  -29.632  -44.330  28.450 0.1111110002
122910  -30.155  -44.496  28.927 0.1111110002
37545  -30.721  -43.878  27.665 0.1111110002
37517  -28.729  -44.460  28.660 0.1111110002
37519  -30.441  -44.245  28.334 0.1111110002
37542  -28.097  -44.169  28.022 0.1111110002
37543  -29.046  -44.098  27.855 0.1111110002
38484  -30.237  -43.654  27.048 0.1111110002
116300  -30.926  -43.594  27.093 0.1111110002
40283  -20.526  -41.784  27.331 0.1111110002
126154  -25.594  -43.676  27.611 0.3333329856
37541  -27.091  -44.202  28.195 0.1111110002
38538  -31.093  -42.898  25.670 0.1111110002
122468  -25.900  -43.455  27.107 0.3333329856
38504  -26.900  -43.562  26.844 0.3333329856
39442  -32.151  -42.407  24.826 0.2222220004
125784  -33.395  -39.879  22.471 0.3333329856
38533  -26.312  -43.204  26.305 0.4444440007
39457  -32.011  -41.959  23.854 0.2222220004
38503  -25.183  -43.028  26.690 0.5555559993
38508  -30.749  -43.330  26.398 0.1111110002
38481  -27.475  -43.857  27.437 0.2222220004
38483  -29.372  -43.732  27.111 0.1111110002
124266  -31.411  -42.588  25.112 0.1111110002
38507  -29.732  -43.399  26.296 0.1111110002
38537  -30.273  -43.024  25.661 0.1111110002
39423  -30.652  -42.612  24.963 0.1111110002
42968  -32.874  -38.628  22.403 0.3333329856
42955  -33.323  -37.942  23.116 0.2222220004
39422  -29.802  -42.762  25.077 0.2222220004
111076  -30.052  -42.494  24.517 0.2222220004
39441  -31.324  -42.323  24.470 0.2222220004
39456  -31.156  -42.035  23.844 0.2222220004
40320  -32.254  -41.484  22.950 0.2222220004
40340  -32.425  -41.019  22.426 0.2222220004
41258  -32.590  -39.948  21.803 0.4444440007
43836  -32.724  -37.317  22.708 0.4444440007
39454  -29.889  -42.247  23.883 0.4444440007
40319  -31.336  -41.680  23.127 0.3333329856
40339  -31.557  -41.115  22.207 0.4444440007
41240  -32.185  -40.477  21.899 0.4444440007
42108  -32.461  -39.287  21.687 0.4444440007
38532  -25.632  -42.804  25.770 0.5555559993
40318  -30.532  -41.917  23.463 0.3333329856
40338  -30.448  -41.478  22.416 0.4444440007
121845  -32.054  -39.832  21.281 0.5555559993
107334  -32.039  -37.184  22.345 0.4444440007
43859  -32.323  -36.507  22.398 0.4444440007
42107  -31.859  -39.020  21.105 0.5555559993
42966  -31.585  -37.894  21.519 0.5555559993
40271  -20.840  -40.918  27.142 0.2222220004
38505  -27.880  -43.589  26.615 0.2222220004
38482  -28.457  -43.812  27.254 0.1111110002
38506  -28.806  -43.529  26.473 0.1111110002
38534  -27.285  -43.310  26.017 0.2222220004
39419  -26.640  -42.946  25.453 0.4444440007
119588  -29.074  -43.269  25.864 0.2222220004
121505  -29.252  -42.542  24.412 0.2222220004
40317  -29.708  -41.836  23.088 0.4444440007
38535  -28.262  -43.273  25.765 0.2222220004
39420  -27.513  -42.959  25.251 0.2222220004
125568  -28.503  -42.674  24.629 0.3333329856
111254  -26.904  -42.750  24.721 0.4444440007
39439  -27.665  -42.648  24.424 0.3333329856
114613  -29.062  -42.199  23.540 0.4444440007
120902  -29.380  -41.528  22.180 0.4444440007
116921  -29.776  -41.122  21.439 0.4444440007
40336  -27.973  -41.701  22.304 0.5555559993
40337  -28.571  -41.535  21.994 0.4444440007
44819  -37.301  -35.997  18.935 0.1111110002
45704  -37.633  -35.369  18.481 0.1111110002
45715  -36.375  -35.258  17.777 0.1111110002
108230  -35.536  -34.487  16.527 0.6666669846
46617  -37.948  -34.632  18.111 0.1111110002
45716  -37.160  -34.957  17.925 0.1111110002
46630  -36.703  -34.550  17.356 0.4444440007
46605  -39.779  -34.175  19.170 0.1111110002
46619  -39.330  -34.405  18.828 0.1111110002
46618  -38.763  -34.291  18.400 0.1111110002
45706  -39.035  -34.832  18.795 0.1111110002
46632  -38.194  -33.839  17.820 0.1111110002
46631  -37.471  -34.220  17.535 0.1111110002
110147  -37.236  -32.429  16.544 0.5555559993
49402  -36.905  -31.880  16.121 0.5555559993
46593  -40.803  -34.110  20.128 0.1111110002
116752  -40.257  -33.918  19.524 0.1111110002
47533  -39.855  -33.456  19.181 0.1111110002
47544  -39.356  -33.782  18.708 0.1111110002
47543  -38.805  -33.377  18.233 0.1111110002
48519  -37.729  -32.500  17.131 0.4444440007
48520  -38.258  -32.962  17.700 0.3333329856
53611  -39.166  -26.539  14.601 0.3333329856
53595  -40.397  -26.533  15.509 0.2222220004
53596  -41.442  -26.232  15.514 0.2222220004
54454  -42.193  -25.646  15.197 0.2222220004
53612  -40.932  -25.972  14.840 0.2222220004
54471  -40.559  -25.699  14.155 0.2222220004
53627  -38.990  -26.305  13.733 0.3333329856
54455  -43.018  -25.516  15.565 0.2222220004
54444  -43.671  -25.649  16.120 0.2222220004
54456  -43.733  -25.173  15.622 0.1111110002
106935  -42.036  -25.253  14.560 0.2222220004
55316  -42.746  -25.071  14.851 0.2222220004
53628  -39.782  -26.041  13.993 0.3333329856
54472  -41.328  -25.440  14.319 0.2222220004
55334  -42.508  -24.587  14.258 0.2222220004
55317  -43.475  -24.762  15.137 0.1111110002
54485  -40.111  -25.496  13.392 0.3333329856
54486  -40.967  -25.094  13.547 0.3333329856
55333  -41.773  -24.831  13.957 0.2222220004
55318  -44.320  -24.541  15.452 0.1111110002
55335  -43.980  -23.950  14.676 0.1111110002
55336  -44.838  -23.602  15.069 0.1111110002
108427  -43.214  -24.364  14.519 0.1111110002
122685  -43.513  -23.839  14.311 0.1111110002
56201  -43.492  -22.982  13.556 0.1111110002
111862  -43.809  -23.360  14.115 0.1111110002
55350  -42.301  -24.138  13.620 0.4444440007
56200  -42.765  -23.336  13.315 0.3333329856
56199  -42.032  -23.667  13.007 0.4444440007
56183  -44.530  -23.109  14.430 0.1111110002
56184  -45.297  -22.839  14.759 0.1111110002
57130  -44.954  -22.454  14.170 0.1111110002
57147  -43.152  -22.639  13.017 0.1111110002
56217  -42.481  -22.959  12.724 0.4444440007
57148  -43.861  -22.289  13.150 0.1111110002
57131  -45.679  -22.238  14.413 0.1111110002
56202  -44.233  -22.689  13.828 0.1111110002
57149  -44.690  -22.156  13.560 0.1111110002
57170  -44.489  -21.823  12.920 0.2222220004
58123  -45.197  -21.554  12.719 0.1111110002
58143  -44.517  -21.508  12.123 0.2222220004
58144  -45.474  -21.278  11.830 0.2222220004
58124  -45.962  -21.429  12.595 0.2222220004
58158  -46.094  -20.947  11.124 0.2222220004
58157  -45.393  -20.979  10.997 0.3333329856
59043  -46.909  -20.874  11.182 0.2222220004
59062  -45.746  -20.764  10.297 0.2222220004
59079  -44.478  -20.637  9.653 0.3333329856
59081  -46.168  -20.560  9.526 0.3333329856
62003  -49.119  -17.741  6.211 0.4444440007
62012  -48.561  -17.468  5.582 0.4444440007
62013  -49.436  -17.582  5.486 0.4444440007
114558  -48.694  -17.278  4.200 0.4444440007
62021  -49.388  -17.552  4.547 0.4444440007
126700  -48.669  -17.130  3.650 0.4444440007
62038  -49.222  -17.430  3.550 0.4444440007
62059  -48.693  -16.920  3.145 0.4444440007
62060  -49.401  -17.139  2.536 0.4444440007
62061  -50.251  -17.443  2.221 0.4444440007
66117  -49.010  -12.641  4.820 0.3333329856
65291  -48.580  -13.192  4.015 0.3333329856
65303  -49.193  -13.498  3.368 0.4444440007
64448  -50.150  -14.149  1.960 0.5555559993
64456  -50.625  -14.521  1.225 0.6666669846
65304  -50.010  -13.426  3.273 0.2222220004
65311  -49.667  -13.850  2.693 0.4444440007
65312  -50.502  -13.712  2.431 0.3333329856
65324  -50.887  -13.881  1.587 0.3333329856
65325  -51.555  -13.571  1.142 0.4444440007
31641  -17.250  -50.072  30.118 0.2222220004
32553  -17.087  -49.842  29.264 0.2222220004
31634  -16.971  -50.162  30.801 0.1111110002
31635  -17.683  -50.534  30.559 0.1111110002
120258  -4.904  -56.552  30.099 0.2222220004
26857  -5.801  -55.189  30.682 0.2222220004
27808  -6.667  -54.569  30.780 0.1111110002
29701  -10.707  -52.939  29.909 0.4444440007
109415  -15.198  -48.199  29.256 0.2222220004
32551  -15.814  -48.760  29.702 0.1111110002
31642  -17.823  -50.388  29.749 0.3333329856
126074  -19.693  -50.404  27.768 0.4444440007
34500  -23.176  -47.757  26.142 0.4444440007
43837  -33.442  -37.059  23.067 0.2222220004
39453  -27.451  -42.339  23.475 0.4444440007
40354  -28.814  -41.208  21.347 0.4444440007
45703  -36.830  -35.631  18.382 0.1111110002
49401  -36.507  -31.678  15.474 0.7777780294
113929  -16.346  -49.262  29.272 0.2222220004
114886  -48.846  -17.388  4.950 0.4444440007
43858  -31.528  -36.623  21.996 0.6666669846
127324  -43.388  -22.269  12.758 0.2222220004
59080  -45.257  -20.570  9.421 0.4444440007
28748  -8.243  -53.698  31.326 0.1111110002
120408  -4.719  -57.365  30.645 0.1111110002
26856  -5.305  -55.807  30.896 0.2222220004
118759  -3.855  -57.036  28.613 0.2222220004
31632  -11.949  -50.853  30.763 0.1111110002
30663  -11.367  -51.574  31.127 0.1111110002
33492  -14.630  -48.214  29.865 0.2222220004
30678  -20.523  -51.698  30.092 0.1111110002
30700  -20.781  -51.073  28.781 0.2222220004
111524  -20.355  -50.783  28.432 0.2222220004
31672  -21.182  -50.329  27.439 0.2222220004
38509  -31.579  -43.159  26.262 0.1111110002
42109  -33.003  -39.589  22.208 0.4444440007
37544  -29.912  -43.982  27.740 0.1111110002
38480  -26.364  -43.820  27.691 0.2222220004
38536  -29.575  -43.090  25.615 0.2222220004
39455  -30.606  -42.287  24.199 0.2222220004
42967  -32.262  -38.292  21.922 0.4444440007
39421  -28.964  -42.926  25.214 0.2222220004
125371  -28.196  -42.872  25.077 0.2222220004
40316  -28.831  -41.813  22.737 0.4444440007
39440  -28.364  -42.448  23.925 0.3333329856
39468  -28.172  -42.102  23.106 0.4444440007
49395  -37.517  -31.758  16.743 0.4444440007
112324  -42.323  -26.110  15.840 0.2222220004
128084  -41.591  -25.696  14.887 0.2222220004
109126  -40.101  -26.297  14.730 0.3333329856
53594  -39.387  -26.751  15.468 0.1111110002
56182  -43.082  -23.782  13.957 0.1111110002
59061  -44.926  -20.838  10.324 0.3333329856
62022  -50.100  -17.722  5.000 0.4444440007
111199  -50.044  -17.764  4.064 0.4444440007
65292  -49.495  -12.994  3.983 0.3333329856
65313  -51.579  -13.587  2.013 0.3333329856
32552  -16.523  -49.500  30.128 0.1111110002
26890  -3.654  -55.098  26.116 0.1111110002
27855  -3.918  -54.339  25.656 0.1111110002
26897  -4.040  -56.015  25.690 0.1111110002
33493  -15.238  -48.325  30.176 0.1111110002
42070  -35.289  -39.295  24.460 0.1111110002
42926  -35.494  -38.388  24.586 0.1111110002
115624  -35.933  -39.046  24.973 0.1111110002
47472  -29.157  -33.594  25.144 0.2222220004
120953  -30.077  -33.336  25.416 0.1111110002
47486  -29.847  -32.918  24.800 0.1111110002
47487  -30.850  -32.865  25.178 0.1111110002
49388  -37.921  -31.716  17.272 0.3333329856
125445  -36.797  -31.157  15.864 0.4444440007
50231  -37.856  -31.001  17.054 0.3333329856
112909  -38.347  -31.207  17.585 0.3333329856
50241  -37.770  -30.191  16.815 0.2222220004
109030  -37.325  -30.898  16.404 0.3333329856
50232  -38.329  -30.052  17.388 0.2222220004
50240  -37.406  -29.775  16.366 0.3333329856
51077  -37.853  -29.042  16.914 0.2222220004
51067  -38.327  -28.695  17.650 0.2222220004
123450  -37.317  -28.803  16.471 0.2222220004
51076  -37.258  -27.898  16.953 0.2222220004
51924  -37.802  -27.638  17.328 0.2222220004
62004  -49.804  -17.733  6.154 0.3333329856
111477  -50.048  -17.687  3.074 0.3333329856
62062  -51.053  -17.633  1.937 0.3333329856
62078  -53.187  -17.732  1.192 0.2222220004
62907  -53.183  -16.815  0.031 0.3333329856
63703  -53.093  -15.456  -0.607 0.2222220004
64478  -55.174  -14.782  -1.211 0.2222220004
64476  -53.414  -14.682  -0.995 0.2222220004
64495  -53.933  -14.045  -1.405 0.2222220004
64475  -52.615  -14.088  -0.849 0.2222220004
64494  -53.182  -13.899  -1.263 0.2222220004
64496  -54.820  -14.132  -1.453 0.2222220004
65352  -55.320  -13.499  -1.633 0.2222220004
65350  -53.482  -13.297  -1.460 0.2222220004
66178  -53.894  -12.474  -1.699 0.3333329856
65351  -54.409  -13.363  -1.603 0.2222220004
121405  -55.479  -12.318  -2.131 0.2222220004
66179  -55.821  -12.940  -1.874 0.3333329856
66190  -54.738  -11.918  -2.096 0.3333329856
65349  -52.648  -13.276  -1.121 0.3333329856
66176  -52.531  -12.527  -1.127 0.3333329856
66177  -53.009  -12.698  -1.422 0.4444440007
117263  -52.917  -11.863  -1.448 0.3333329856
67018  -53.899  -11.370  -1.861 0.4444440007
67024  -54.811  -10.840  -2.212 0.4444440007
66191  -55.575  -11.493  -2.311 0.4444440007
67854  -54.066  -10.189  -1.950 0.4444440007
67025  -55.768  -10.236  -2.419 0.3333329856
67859  -54.969  -9.430  -2.317 0.3333329856
68889  -55.415  -8.755  -2.729 0.4444440007
67016  -52.449  -11.076  -1.062 0.4444440007
67017  -53.158  -10.716  -1.585 0.4444440007
69838  -52.996  -9.086  -1.704 0.4444440007
68883  -53.732  -8.941  -2.056 0.4444440007
121401  -54.576  -8.857  -2.534 0.4444440007
67853  -53.449  -9.606  -1.744 0.3333329856
109991  -52.360  -8.802  -1.991 0.3333329856
126037  -53.234  -8.806  -2.090 0.3333329856
50247  -36.539  -29.848  15.323 0.5555559993
52729  -37.333  -27.424  16.880 0.2222220004
61103  -52.275  -17.583  1.202 0.3333329856
67852  -52.595  -9.938  -1.246 0.4444440007
62063  -51.802  -17.738  1.754 0.2222220004
119401  -34.933  -38.586  24.278 0.1111110002
62014  -50.131  -17.708  5.734 0.3333329856
62039  -50.886  -17.851  2.758 0.3333329856
119541  -37.765  -28.064  17.447 0.2222220004
64477  -54.409  -14.808  -1.147 0.2222220004
113892  -54.952  -12.777  -1.867 0.2222220004
121508  -54.159  -9.258  -2.071 0.4444440007
67860  -55.990  -8.991  -2.641 0.3333329856
69845  -53.756  -8.771  -2.482 0.3333329856
26843  -5.441  -54.948  31.735 0.1111110002
34447  -8.674  -47.535  29.452 0.1111110002
40305  -34.921  -41.663  23.949 0.1111110002
39444  -34.445  -42.322  24.504 0.1111110002
42884  -25.024  -37.888  26.390 0.2222220004
122403  -34.177  -40.839  23.167 0.1111110002
106677  -25.886  -38.030  25.928 0.2222220004
42885  -26.022  -38.196  26.741 0.1111110002
42019  -26.552  -38.971  29.118 0.1111110002
42034  -27.636  -39.151  28.008 0.1111110002
42871  -26.923  -38.736  27.738 0.1111110002
42856  -26.204  -38.681  28.307 0.1111110002
42870  -26.171  -38.451  27.525 0.1111110002
115961  -26.757  -38.543  27.025 0.1111110002
42886  -26.942  -38.621  26.078 0.1111110002
42049  -27.708  -39.156  26.986 0.1111110002
42050  -28.608  -39.496  26.727 0.1111110002
42062  -28.088  -39.478  25.919 0.1111110002
49322  -30.770  -31.594  23.174 0.1111110002
116187  -34.375  -31.971  21.567 0.1111110002
48485  -35.423  -32.318  21.248 0.1111110002
49334  -31.456  -31.382  22.330 0.2222220004
49346  -33.526  -31.729  21.307 0.1111110002
48509  -38.779  -32.490  18.171 0.1111110002
49379  -38.796  -31.602  18.121 0.1111110002
49389  -38.304  -32.087  17.665 0.1111110002
113112  -39.199  -32.033  18.541 0.1111110002
107140  -30.809  -31.925  23.922 0.1111110002
49380  -39.389  -31.083  18.683 0.1111110002
50223  -38.846  -30.605  18.036 0.1111110002
49372  -40.059  -31.188  19.431 0.1111110002
50224  -39.276  -29.973  18.507 0.1111110002
50219  -39.763  -29.783  19.241 0.1111110002
50233  -38.836  -29.389  18.068 0.1111110002
50220  -40.080  -28.848  20.036 0.1111110002
51891  -39.431  -27.852  20.354 0.1111110002
51051  -39.191  -28.257  19.721 0.1111110002
51059  -39.168  -28.855  18.802 0.1111110002
58145  -46.432  -21.190  11.895 0.1111110002
52695  -39.413  -27.425  20.224 0.1111110002
51902  -38.733  -27.786  19.276 0.1111110002
51058  -38.523  -28.174  18.506 0.1111110002
59084  -49.499  -20.279  9.737 0.1111110002
59065  -48.939  -20.497  10.230 0.1111110002
59045  -48.747  -20.704  11.132 0.1111110002
117915  -50.248  -20.247  10.030 0.1111110002
60080  -50.239  -19.879  9.185 0.1111110002
59064  -47.297  -20.687  10.497 0.1111110002
59083  -48.652  -20.335  9.469 0.1111110002
60096  -50.678  -19.265  8.431 0.1111110002
119956  -48.072  -20.591  10.175 0.1111110002
60097  -51.472  -19.008  8.445 0.1111110002
60098  -52.101  -18.722  8.382 0.1111110002
60095  -49.797  -19.465  8.366 0.1111110002
61023  -51.903  -18.246  7.390 0.1111110002
61004  -51.727  -18.481  7.935 0.1111110002
60079  -49.244  -20.003  8.905 0.1111110002
61003  -51.057  -18.641  7.925 0.1111110002
61024  -52.656  -18.235  7.197 0.1111110002
59063  -46.566  -20.710  10.372 0.1111110002
59082  -47.125  -20.513  9.590 0.1111110002
107749  -52.823  -18.282  6.445 0.1111110002
59096  -47.344  -20.165  8.677 0.2222220004
60094  -48.302  -19.965  8.597 0.1111110002
60110  -49.336  -19.070  7.767 0.1111110002
61002  -50.239  -18.758  7.753 0.1111110002
121315  -50.847  -18.350  7.467 0.1111110002
61050  -52.982  -18.389  5.610 0.1111110002
61022  -51.197  -18.057  6.997 0.1111110002
61043  -52.007  -18.135  6.711 0.1111110002
61051  -53.913  -18.442  5.322 0.1111110002
61021  -49.567  -18.447  7.261 0.2222220004
110812  -50.352  -18.187  7.114 0.1111110002
107417  -52.400  -18.353  5.108 0.1111110002
61058  -53.051  -18.425  4.738 0.1111110002
61059  -54.601  -18.407  4.664 0.1111110002
59095  -46.474  -20.306  8.763 0.2222220004
109768  -51.365  -18.012  6.136 0.1111110002
61049  -52.178  -18.232  5.876 0.1111110002
106865  -53.725  -18.431  4.427 0.1111110002
124925  -55.181  -18.349  4.139 0.1111110002
122610  -56.829  -17.577  3.552 0.1111110002
62064  -57.143  -16.393  3.246 0.1111110002
124270  -48.887  -18.695  7.360 0.2222220004
61041  -49.712  -17.999  6.686 0.2222220004
61042  -50.492  -17.871  6.369 0.1111110002
61048  -50.751  -17.870  5.502 0.1111110002
122327  -51.585  -18.174  5.103 0.1111110002
61078  -53.141  -18.387  3.834 0.1111110002
62041  -56.949  -16.384  3.501 0.1111110002
61094  -56.697  -17.981  2.673 0.1111110002
61057  -52.233  -18.328  4.214 0.1111110002
61079  -54.110  -18.400  3.679 0.1111110002
127118  -55.274  -18.246  2.597 0.1111110002
61056  -50.784  -17.944  4.599 0.1111110002
61093  -54.136  -18.305  2.736 0.1111110002
61106  -55.628  -18.147  2.121 0.1111110002
62080  -55.120  -17.794  1.171 0.1111110002
62095  -55.626  -17.329  0.351 0.1111110002
61076  -51.587  -18.154  3.403 0.1111110002
61077  -52.450  -18.270  3.134 0.1111110002
61092  -53.352  -18.312  2.887 0.1111110002
61104  -53.684  -18.093  1.995 0.1111110002
62079  -54.141  -17.774  1.161 0.1111110002
61091  -52.645  -18.030  2.070 0.1111110002
62909  -54.966  -16.855  -0.143 0.1111110002
123957  -50.789  -17.960  3.673 0.2222220004
61090  -51.725  -17.988  2.485 0.1111110002
62093  -53.656  -17.357  0.490 0.2222220004
62908  -54.089  -16.883  -0.087 0.1111110002
62920  -54.498  -16.247  -0.443 0.1111110002
63704  -54.030  -15.495  -0.712 0.1111110002
116841  -55.016  -15.511  -0.757 0.1111110002
66192  -56.354  -12.236  -2.215 0.1111110002
62919  -53.595  -16.220  -0.405 0.1111110002
66075  -48.689  -12.502  8.078 0.1111110002
66074  -47.823  -12.639  7.993 0.1111110002
109500  -49.278  -12.342  7.332 0.1111110002
107030  -50.064  -12.264  6.849 0.1111110002
66096  -49.918  -12.387  6.050 0.1111110002
66109  -51.299  -12.675  5.591 0.1111110002
66110  -52.272  -12.789  5.718 0.1111110002
122508  -49.446  -12.354  6.517 0.1111110002
66107  -49.700  -12.527  5.367 0.1111110002
109720  -49.190  -12.429  5.794 0.1111110002
66108  -50.411  -12.580  5.465 0.1111110002
65283  -52.956  -13.229  4.956 0.1111110002
66120  -51.961  -13.096  4.845 0.1111110002
66997  -51.876  -11.309  1.001 0.2222220004
67838  -51.492  -10.347  1.004 0.2222220004
69852  -53.457  -8.763  -3.091 0.1111110002
68896  -53.887  -9.243  -3.762 0.1111110002
69853  -54.432  -8.690  -2.873 0.2222220004
69844  -52.878  -8.725  -2.638 0.1111110002
68895  -53.130  -9.190  -3.916 0.1111110002
68859  -50.834  -8.867  1.109 0.1111110002
69823  -50.325  -8.197  0.789 0.1111110002
68860  -51.276  -9.648  1.433 0.1111110002
108581  -51.840  -8.612  -2.976 0.1111110002
69851  -52.574  -8.867  -3.521 0.1111110002
68908  -52.635  -9.054  -4.326 0.1111110002
68909  -53.409  -9.450  -4.682 0.1111110002
108083  -51.923  -8.709  -3.987 0.1111110002
68910  -54.455  -9.761  -4.632 0.1111110002
61060  -55.816  -17.968  4.942 0.1111110002
124377  -57.101  -16.443  3.341 0.1111110002
120990  -53.635  -18.394  6.171 0.1111110002
61080  -56.072  -18.004  3.936 0.1111110002
119947  -56.468  -17.388  0.546 0.1111110002
62081  -56.238  -17.807  1.392 0.1111110002
49333  -30.414  -31.469  22.206 0.2222220004
68882  -52.311  -9.201  -1.372 0.2222220004
66159  -52.150  -12.163  0.489 0.3333329856
113271  -49.015  -19.601  8.267 0.1111110002
39459  -33.872  -41.888  23.849 0.1111110002
128309  -34.332  -41.363  23.512 0.1111110002
65326  -52.031  -12.962  0.763 0.2222220004
25823  -5.217  -55.837  31.579 0.1111110002
66118  -49.971  -12.727  4.703 0.1111110002
51913  -38.209  -27.809  17.989 0.1111110002
42869  -25.322  -38.275  27.455 0.1111110002
121021  -26.980  -38.871  28.445 0.1111110002
118914  -28.184  -39.496  28.329 0.1111110002
127574  -47.897  -20.360  9.283 0.1111110002
111054  -51.359  -18.331  7.529 0.1111110002
116800  -55.984  -18.204  3.070 0.1111110002
109927  -55.049  -18.346  3.178 0.1111110002
61075  -51.406  -18.154  4.203 0.1111110002
61105  -54.672  -18.144  2.092 0.1111110002
62094  -54.593  -17.373  0.421 0.1111110002
67831  -52.248  -11.459  1.550 0.2222220004
68897  -55.015  -8.816  -3.299 0.1111110002
57047  -41.865  -22.319  19.372 0.1111110002
57046  -40.498  -22.203  18.853 0.1111110002
106614  -41.349  -22.472  18.826 0.1111110002
58042  -42.861  -22.289  19.239 0.1111110002
57057  -39.521  -21.825  18.916 0.1111110002
57059  -41.480  -22.417  18.391 0.1111110002
108474  -40.058  -22.373  18.164 0.1111110002
57058  -40.892  -22.546  18.247 0.1111110002
57074  -39.711  -22.387  17.422 0.1111110002
57035  -42.972  -22.356  19.737 0.1111110002
58028  -43.529  -22.289  20.270 0.1111110002
117718  -44.050  -22.292  20.350 0.1111110002
57048  -42.481  -22.356  19.357 0.1111110002
112931  -41.004  -21.906  19.502 0.1111110002
57034  -42.364  -22.231  19.743 0.1111110002
58027  -42.680  -22.010  20.260 0.1111110002
125816  -40.734  -21.457  20.034 0.1111110002
58026  -41.548  -21.593  20.196 0.1111110002
58006  -42.168  -21.178  20.979 0.1111110002
46535  -31.556  -34.213  27.058 0.1111110002
120895  -34.215  -24.699  21.079 0.1111110002
55262  -35.625  -23.986  21.585 0.1111110002
55269  -35.150  -23.575  20.734 0.1111110002
56089  -37.737  -23.720  23.182 0.1111110002
56099  -37.241  -23.071  22.054 0.1111110002
56114  -36.001  -23.172  21.080 0.1111110002
56115  -36.782  -22.748  21.345 0.1111110002
66181  -57.490  -12.576  -2.054 0.1111110002
126688  -57.100  -11.740  -2.386 0.2222220004
66193  -57.960  -11.753  -2.450 0.2222220004
67026  -56.469  -11.080  -2.466 0.2222220004
108084  -52.177  -13.250  1.453 0.1111110002
66998  -52.335  -12.263  1.121 0.1111110002
68848  -51.514  -9.600  2.180 0.1111110002
123675  -51.693  -10.525  1.761 0.1111110002
117297  -57.390  -10.834  -2.612 0.2222220004
67861  -56.846  -9.612  -2.667 0.2222220004
55261  -34.849  -24.404  21.305 0.1111110002
55263  -36.485  -23.605  21.946 0.1111110002
55249  -37.147  -23.686  22.586 0.1111110002
116506  -58.318  -12.982  -1.821 0.1111110002
124387  -58.465  -12.443  -2.190 0.1111110002
34463  -8.901  -47.936  28.660 0.1111110002
34464  -9.835  -47.437  28.121 0.1111110002
112765  -9.991  -46.358  29.121 0.1111110002
35472  -9.364  -47.006  28.815 0.1111110002
30702  -22.341  -50.963  28.756 0.1111110002
31673  -22.481  -50.164  27.666 0.1111110002
31657  -22.713  -50.465  28.287 0.1111110002
125449  -23.474  -50.787  29.484 0.1111110002
31658  -23.276  -50.211  28.578 0.1111110002
32554  -23.659  -49.766  29.091 0.1111110002
32588  -23.322  -49.211  27.661 0.1111110002
32568  -23.503  -49.443  28.429 0.1111110002
33508  -23.756  -48.423  28.394 0.1111110002
36499  -19.439  -46.442  27.231 0.2222220004
36512  -20.189  -46.307  26.982 0.2222220004
119820  -20.455  -45.877  27.017 0.1111110002
38478  -20.443  -43.730  27.004 0.2222220004
39382  -20.392  -42.724  27.604 0.2222220004
42014  -21.767  -39.495  27.768 0.1111110002
42015  -22.948  -38.779  28.323 0.1111110002
42853  -23.643  -38.404  27.804 0.1111110002
120287  -22.332  -38.960  27.916 0.1111110002
49323  -31.819  -31.539  23.151 0.1111110002
51848  -34.834  -28.910  22.900 0.1111110002
52746  -38.478  -27.035  16.387 0.1111110002
53580  -41.705  -26.550  16.317 0.1111110002
124192  -42.407  -26.409  16.451 0.1111110002
124851  -58.580  -12.575  -3.741 0.1111110002
66205  -57.166  -12.575  -4.052 0.1111110002
65384  -57.924  -13.044  -3.487 0.1111110002
66219  -57.667  -12.267  -4.956 0.1111110002
66234  -58.242  -12.166  -5.938 0.1111110002
126308  -58.487  -11.884  -5.805 0.1111110002
120280  -58.636  -12.113  -4.414 0.1111110002
111230  -58.758  -11.881  -4.280 0.1111110002
65293  -50.460  -13.117  3.946 0.1111110002
65305  -50.979  -13.455  3.050 0.1111110002
67027  -58.271  -10.890  -2.775 0.1111110002
109006  -57.452  -8.942  -2.987 0.1111110002
68890  -58.039  -9.391  -3.251 0.1111110002
67864  -58.852  -10.224  -3.393 0.1111110002
109382  -59.065  -11.722  -2.973 0.1111110002
67042  -59.096  -11.088  -4.208 0.1111110002
67870  -59.127  -10.278  -3.857 0.1111110002
111334  -59.037  -11.644  -3.654 0.1111110002
66235  -58.578  -11.829  -6.236 0.1111110002
66221  -58.358  -11.836  -5.236 0.1111110002
67047  -58.659  -11.296  -5.072 0.1111110002
65294  -51.649  -13.309  3.797 0.1111110002
68899  -56.951  -8.776  -3.114 0.1111110002
68900  -57.784  -9.149  -3.489 0.1111110002
68902  -58.852  -9.695  -3.740 0.1111110002
68915  -58.994  -9.724  -4.099 0.1111110002
67876  -59.004  -10.408  -4.446 0.1111110002
67046  -58.555  -11.589  -5.891 0.1111110002
67053  -58.619  -11.420  -6.648 0.1111110002
67887  -58.731  -10.953  -6.026 0.1111110002
107306  -57.714  -9.083  -3.728 0.1111110002
68914  -58.787  -9.833  -4.352 0.1111110002
111115  -58.576  -10.722  -5.016 0.1111110002
68911  -55.489  -9.448  -4.011 0.1111110002
52730  -37.882  -27.333  17.093 0.1111110002
69846  -56.070  -8.643  -2.964 0.1111110002
68898  -55.980  -8.640  -3.108 0.1111110002
67862  -57.831  -9.779  -2.862 0.1111110002
31645  -23.471  -50.404  29.134 0.1111110002
36500  -20.137  -46.752  27.708 0.2222220004
42016  -23.838  -38.793  28.652 0.1111110002
66206  -58.189  -12.352  -4.273 0.1111110002
66220  -58.339  -12.126  -5.172 0.1111110002
125266  -56.704  -8.785  -2.907 0.1111110002
68891  -58.462  -9.707  -3.433 0.1111110002
67863  -58.464  -10.180  -3.028 0.1111110002
69855  -58.525  -9.266  -3.957 0.1111110002
68912  -56.617  -9.018  -3.608 0.1111110002
38465  -20.463  -43.813  27.972 0.1111110002
33544  -5.697  -48.985  25.680 0.1111110002
45699  -30.196  -35.330  18.191 0.8888890147
51090  -32.331  -29.768  14.371 1.0000000000
54413  -31.738  -26.080  18.800 0.5555559993
55302  -31.815  -24.233  16.435 0.7777780294
62841  -43.745  -16.266  7.200 0.8888890147
67036  -58.985  -10.945  -3.465 0.1111110002
68901  -58.309  -9.406  -3.652 0.1111110002
69854  -55.346  -8.631  -2.880 0.2222220004
69856  -58.665  -9.466  -4.047 0.1111110002
116749  -32.243  -33.645  26.610 0.1111110002
117182  -8.670  -54.251  29.880 0.4444440007
117318  -9.704  -50.032  27.336 0.7777780294
