#!ascii label  , from subject sub-v2s8x29180_ses-1 vox2ras=TkReg
1500
42081  -43.693  -39.661  23.432 0.0000000000
108606  -35.305  -48.124  30.946 0.0000000000
51947  -41.732  -28.280  14.891 0.0000000000
44871  -33.667  -36.799  14.905 0.0000000000
46634  -43.897  -34.839  16.567 0.0000000000
37580  -41.200  -44.294  25.370 0.0000000000
38592  -30.923  -43.089  20.737 0.0000000000
39548  -32.995  -43.350  13.637 0.0000000000
114877  -26.743  -51.132  31.147 0.0000000000
55309  -52.552  -24.227  17.010 0.0000000000
109984  -24.189  -47.067  21.725 0.0000000000
106204  -39.774  -38.610  20.137 0.0000000000
44852  -40.279  -36.269  16.502 0.0000000000
44806  -45.259  -36.704  18.461 0.0000000000
37596  -44.379  -44.812  24.568 0.0000000000
127836  -38.859  -46.056  19.836 0.0000000000
40356  -37.358  -41.767  21.702 0.0000000000
116287  -32.433  -39.934  15.863 0.0000000000
57176  -53.460  -22.692  12.722 0.0000000000
33445  -30.888  -48.853  32.243 0.0000000000
33522  -25.807  -49.061  27.203 0.0000000000
35493  -29.463  -46.495  27.601 0.0000000000
50225  -41.132  -31.032  18.170 0.0000000000
124351  -39.453  -48.186  28.812 0.0000000000
36536  -34.746  -45.851  26.238 0.0000000000
35570  -36.078  -47.326  22.155 0.0000000000
37676  -32.611  -44.702  16.567 0.0000000000
27826  -24.598  -54.716  29.642 0.0000000000
50206  -44.837  -29.865  22.287 0.0000000000
106869  -47.190  -28.560  20.166 0.0000000000
52684  -52.154  -27.836  21.501 0.0000000000
53584  -47.142  -26.700  16.306 0.0000000000
56205  -47.805  -23.556  13.121 0.0000000000
29797  -24.562  -52.680  24.599 0.0000000000
37613  -27.374  -44.335  22.394 0.0000000000
42113  -41.532  -39.212  21.692 0.0000000000
43887  -41.949  -37.724  20.084 0.0000000000
43867  -44.042  -38.250  21.393 0.0000000000
109758  -43.833  -41.551  24.750 0.0000000000
38559  -40.853  -43.260  23.454 0.0000000000
115817  -40.911  -40.599  23.160 0.0000000000
42110  -38.682  -39.961  21.284 0.0000000000
52768  -39.799  -27.929  12.859 0.0000000000
53629  -41.771  -26.740  13.238 0.0000000000
33462  -32.713  -48.413  31.652 0.0000000000
34439  -30.970  -47.685  30.113 0.0000000000
35467  -32.923  -47.073  29.094 0.0000000000
45749  -34.582  -35.697  13.008 0.0000000000
44867  -42.752  -36.349  14.991 0.0000000000
45746  -40.871  -35.716  14.344 0.0000000000
46647  -41.958  -34.648  15.637 0.0000000000
48529  -40.341  -32.530  16.648 0.0000000000
47545  -41.904  -33.114  18.126 0.0000000000
37550  -39.611  -44.550  27.042 0.0000000000
34522  -37.915  -47.284  25.456 0.0000000000
121605  -39.083  -45.270  23.863 0.0000000000
37678  -36.528  -44.879  16.600 0.0000000000
35623  -35.687  -46.463  17.231 0.0000000000
37692  -32.900  -44.485  14.185 0.0000000000
43025  -32.955  -38.136  15.955 0.0000000000
107328  -45.094  -28.798  21.736 0.0000000000
52710  -50.256  -27.671  18.600 0.0000000000
54449  -50.131  -25.314  16.670 0.0000000000
55338  -46.728  -24.501  14.298 0.0000000000
122049  -50.433  -23.806  15.118 0.0000000000
57218  -51.155  -23.037  10.798 0.0000000000
28763  -25.651  -54.222  29.701 0.0000000000
123883  -24.285  -53.740  27.382 0.0000000000
30704  -25.600  -52.299  28.426 0.0000000000
34518  -25.040  -47.556  24.936 0.0000000000
32623  -24.223  -50.014  24.092 0.0000000000
32634  -23.947  -49.129  20.829 0.0000000000
37605  -33.281  -44.280  23.534 0.0000000000
37588  -30.804  -44.758  24.310 0.0000000000
38580  -29.425  -43.600  21.543 0.0000000000
108872  -36.952  -37.729  17.980 0.0000000000
44862  -37.070  -36.206  16.062 0.0000000000
128441  -39.527  -37.141  18.258 0.0000000000
44823  -42.703  -36.609  18.051 0.0000000000
44857  -45.325  -36.469  16.014 0.0000000000
35535  -43.496  -46.817  25.066 0.0000000000
108045  -40.871  -47.379  22.329 0.0000000000
36609  -41.689  -45.856  21.647 0.0000000000
38585  -37.586  -43.614  21.253 0.0000000000
39510  -35.253  -42.783  18.525 0.0000000000
40385  -32.531  -41.656  15.636 0.0000000000
41282  -34.775  -40.710  18.764 0.0000000000
42146  -35.905  -39.392  19.101 0.0000000000
56190  -52.626  -23.268  14.902 0.0000000000
119495  -56.036  -22.093  14.941 0.0000000000
32521  -27.955  -49.698  32.237 0.0000000000
32555  -26.522  -49.827  29.340 0.0000000000
33497  -28.089  -48.021  29.812 0.0000000000
34485  -27.849  -47.240  28.191 0.0000000000
35530  -26.613  -46.272  25.667 0.0000000000
45743  -37.842  -35.429  14.064 0.0000000000
117544  -39.397  -30.813  15.647 0.0000000000
51081  -41.917  -29.367  16.811 0.0000000000
32557  -38.027  -49.316  29.155 0.0000000000
34473  -35.686  -47.428  28.616 0.0000000000
33541  -36.628  -48.862  26.155 0.0000000000
118145  -35.537  -47.159  24.106 0.0000000000
37635  -34.049  -44.130  21.021 0.0000000000
122964  -37.085  -46.760  20.213 0.0000000000
113345  -34.943  -45.769  19.895 0.0000000000
39508  -32.073  -42.608  18.857 0.0000000000
42958  -46.639  -38.272  22.538 0.0000000000
33451  -37.287  -47.955  31.603 0.0000000000
35470  -40.822  -45.920  30.134 0.0000000000
38471  -41.412  -43.274  28.425 0.0000000000
43892  -47.370  -36.747  20.619 0.0000000000
45707  -48.316  -35.742  18.054 0.0000000000
46608  -46.252  -34.525  18.694 0.0000000000
105291  -45.658  -31.919  22.591 0.0000000000
47525  -44.016  -33.327  20.099 0.0000000000
50213  -42.758  -30.588  19.948 0.0000000000
51061  -43.410  -29.237  18.542 0.0000000000
127667  -44.286  -28.709  17.280 0.0000000000
51884  -49.546  -28.610  20.697 0.0000000000
51918  -47.191  -28.422  17.988 0.0000000000
118741  -44.363  -27.527  15.737 0.0000000000
117271  -44.669  -25.744  14.310 0.0000000000
56223  -50.281  -23.085  12.884 0.0000000000
28791  -21.796  -53.431  27.970 0.0000000000
30752  -22.283  -51.928  22.121 0.0000000000
31684  -24.889  -51.598  25.817 0.0000000000
30754  -24.135  -51.747  22.653 0.0000000000
35516  -32.287  -45.766  26.712 0.0000000000
36572  -28.552  -45.189  24.826 0.0000000000
36602  -25.298  -45.404  22.099 0.0000000000
35597  -26.560  -46.166  20.490 0.0000000000
42100  -42.535  -39.474  22.513 0.0000000000
42972  -43.372  -38.601  21.548 0.0000000000
42956  -43.899  -38.905  22.102 0.0000000000
41211  -43.377  -40.744  24.366 0.0000000000
41210  -42.521  -40.914  24.215 0.0000000000
42080  -42.846  -39.839  23.325 0.0000000000
42099  -41.652  -39.608  22.370 0.0000000000
51946  -40.935  -28.693  14.831 0.0000000000
52759  -41.059  -28.063  14.195 0.0000000000
52778  -40.381  -27.394  12.636 0.0000000000
52760  -41.914  -27.622  14.354 0.0000000000
33484  -34.318  -48.100  31.155 0.0000000000
34441  -32.935  -47.777  30.299 0.0000000000
34443  -34.796  -47.819  30.340 0.0000000000
44881  -33.530  -36.681  13.099 0.0000000000
44872  -34.174  -36.261  14.324 0.0000000000
46649  -43.586  -35.445  15.675 0.0000000000
46658  -42.504  -35.804  14.755 0.0000000000
46648  -42.766  -35.052  15.630 0.0000000000
47555  -41.658  -33.426  17.344 0.0000000000
47556  -42.391  -33.792  17.559 0.0000000000
37564  -40.061  -43.844  26.481 0.0000000000
36558  -39.040  -44.906  25.782 0.0000000000
37593  -40.085  -44.564  24.775 0.0000000000
38636  -35.092  -44.442  14.524 0.0000000000
37694  -35.259  -44.881  14.207 0.0000000000
37697  -33.069  -43.853  13.666 0.0000000000
38651  -32.043  -43.469  13.741 0.0000000000
43929  -33.492  -37.424  15.670 0.0000000000
43938  -32.671  -37.904  14.194 0.0000000000
43939  -33.087  -37.284  13.620 0.0000000000
54438  -51.255  -25.734  17.598 0.0000000000
54450  -50.955  -25.127  16.987 0.0000000000
55307  -49.596  -24.861  16.051 0.0000000000
55323  -50.989  -24.001  15.730 0.0000000000
29715  -26.454  -52.812  30.812 0.0000000000
119446  -25.751  -53.068  28.870 0.0000000000
30695  -26.379  -51.656  29.768 0.0000000000
34531  -24.680  -47.235  24.118 0.0000000000
33570  -23.773  -48.647  22.988 0.0000000000
34547  -23.859  -47.826  21.677 0.0000000000
32657  -24.978  -49.702  19.734 0.0000000000
33584  -24.836  -48.024  20.492 0.0000000000
123553  -32.057  -43.329  21.623 0.0000000000
112602  -30.858  -43.669  22.120 0.0000000000
38581  -30.414  -43.494  21.531 0.0000000000
43010  -38.173  -38.239  18.971 0.0000000000
43919  -37.743  -37.445  17.922 0.0000000000
43897  -39.538  -37.786  19.146 0.0000000000
43901  -43.346  -37.063  19.604 0.0000000000
43912  -42.016  -36.879  18.864 0.0000000000
44805  -44.115  -36.679  18.500 0.0000000000
44841  -44.215  -36.579  16.041 0.0000000000
44825  -45.293  -36.724  17.080 0.0000000000
35554  -44.264  -46.653  24.733 0.0000000000
35575  -43.108  -47.117  22.642 0.0000000000
37609  -43.373  -45.383  23.604 0.0000000000
39471  -39.200  -42.782  22.790 0.0000000000
38571  -39.605  -43.638  22.514 0.0000000000
39481  -37.343  -42.600  21.605 0.0000000000
38596  -36.570  -43.306  20.216 0.0000000000
39487  -36.413  -42.307  20.512 0.0000000000
40376  -34.973  -41.709  18.820 0.0000000000
40359  -36.512  -41.333  20.661 0.0000000000
116501  -39.005  -39.487  20.808 0.0000000000
42139  -37.164  -39.467  19.769 0.0000000000
43000  -37.616  -38.709  19.271 0.0000000000
43907  -36.762  -38.361  18.525 0.0000000000
32535  -29.218  -48.952  31.992 0.0000000000
33458  -28.072  -48.779  31.106 0.0000000000
33459  -29.548  -48.606  31.485 0.0000000000
34470  -30.571  -46.923  28.780 0.0000000000
106661  -29.142  -47.142  28.924 0.0000000000
35492  -28.470  -46.742  27.739 0.0000000000
35510  -26.866  -46.631  26.412 0.0000000000
35512  -28.885  -46.272  26.916 0.0000000000
44850  -38.328  -36.341  16.707 0.0000000000
45732  -36.931  -35.734  15.101 0.0000000000
45733  -38.028  -35.712  15.280 0.0000000000
46662  -40.047  -35.127  13.513 0.0000000000
45744  -39.108  -35.371  13.214 0.0000000000
46665  -39.150  -35.130  12.678 0.0000000000
48521  -40.693  -32.167  17.430 0.0000000000
48528  -39.681  -32.025  16.194 0.0000000000
50243  -40.275  -30.465  16.636 0.0000000000
50242  -39.799  -30.319  15.966 0.0000000000
51068  -41.007  -29.851  16.956 0.0000000000
32573  -39.003  -49.210  28.965 0.0000000000
32591  -37.723  -49.359  27.678 0.0000000000
33525  -38.550  -49.036  27.350 0.0000000000
35548  -37.355  -46.896  23.852 0.0000000000
34534  -36.239  -48.247  24.388 0.0000000000
35558  -35.942  -47.664  23.131 0.0000000000
36604  -34.899  -44.848  22.367 0.0000000000
36621  -35.336  -45.851  21.568 0.0000000000
127174  -40.228  -47.183  20.551 0.0000000000
35590  -39.464  -47.054  21.355 0.0000000000
35601  -37.967  -46.724  19.833 0.0000000000
36663  -34.145  -45.796  16.195 0.0000000000
36652  -34.756  -46.210  17.877 0.0000000000
37668  -33.456  -44.872  18.171 0.0000000000
37661  -33.685  -44.515  19.175 0.0000000000
41291  -32.572  -40.708  16.348 0.0000000000
37502  -41.558  -44.695  29.953 0.0000000000
39408  -43.974  -42.581  26.604 0.0000000000
43847  -47.021  -37.688  22.101 0.0000000000
46598  -49.513  -34.645  19.981 0.0000000000
46597  -48.652  -34.627  19.657 0.0000000000
46609  -47.300  -34.671  18.670 0.0000000000
47528  -46.744  -34.069  20.609 0.0000000000
126841  -45.387  -31.246  22.533 0.0000000000
105300  -44.639  -31.978  21.476 0.0000000000
105303  -44.425  -31.130  21.549 0.0000000000
121352  -42.984  -31.624  20.107 0.0000000000
49362  -43.504  -30.935  20.734 0.0000000000
117273  -45.264  -28.690  20.515 0.0000000000
51879  -44.055  -29.180  20.041 0.0000000000
51903  -44.948  -28.832  18.958 0.0000000000
51072  -44.098  -28.893  17.816 0.0000000000
51904  -45.686  -28.702  18.588 0.0000000000
51872  -51.929  -28.766  21.520 0.0000000000
53572  -48.920  -26.988  17.434 0.0000000000
52723  -48.553  -27.669  17.786 0.0000000000
116975  -47.034  -27.403  16.795 0.0000000000
52736  -45.570  -27.763  16.539 0.0000000000
53599  -45.631  -26.503  15.472 0.0000000000
53615  -44.344  -26.412  14.641 0.0000000000
54458  -45.710  -25.816  14.959 0.0000000000
55353  -47.262  -23.928  13.787 0.0000000000
56203  -46.095  -23.966  13.238 0.0000000000
56219  -46.024  -23.699  12.563 0.0000000000
57135  -53.149  -22.919  14.205 0.0000000000
56209  -51.425  -23.166  13.811 0.0000000000
57153  -51.965  -22.852  13.218 0.0000000000
29765  -24.357  -53.255  25.846 0.0000000000
114344  -23.665  -53.261  26.139 0.0000000000
29778  -24.151  -52.853  24.653 0.0000000000
30733  -22.562  -51.744  23.598 0.0000000000
30734  -23.814  -52.252  23.461 0.0000000000
123053  -25.919  -49.456  27.791 0.0000000000
32569  -25.763  -50.204  28.031 0.0000000000
32607  -25.198  -49.464  26.526 0.0000000000
31701  -24.291  -51.068  23.325 0.0000000000
29864  -24.701  -52.224  19.276 0.0000000000
35499  -35.252  -46.747  27.339 0.0000000000
119923  -33.714  -46.439  27.966 0.0000000000
36535  -33.825  -45.748  26.636 0.0000000000
37602  -29.573  -44.519  23.593 0.0000000000
36574  -30.311  -45.126  24.921 0.0000000000
37585  -28.160  -44.854  24.086 0.0000000000
36591  -27.164  -44.939  23.873 0.0000000000
37600  -26.777  -44.683  22.967 0.0000000000
34572  -26.532  -46.973  20.570 0.0000000000
42991  -40.417  -38.792  20.632 0.0000000000
43003  -40.502  -38.236  19.989 0.0000000000
42993  -42.299  -38.210  20.733 0.0000000000
42994  -43.252  -38.052  20.924 0.0000000000
125602  -44.827  -37.234  20.411 0.0000000000
118595  -43.856  -43.184  24.666 0.0000000000
38561  -42.410  -43.890  23.817 0.0000000000
39448  -42.538  -42.284  24.419 0.0000000000
40324  -41.216  -41.630  23.931 0.0000000000
40344  -39.465  -41.469  22.941 0.0000000000
41259  -37.577  -41.002  21.541 0.0000000000
113678  -39.129  -40.209  21.812 0.0000000000
109202  -40.217  -39.360  21.304 0.0000000000
53640  -42.147  -26.193  12.838 0.0000000000
33446  -32.146  -48.675  32.300 0.0000000000
33480  -30.478  -48.146  30.777 0.0000000000
33482  -32.304  -48.098  30.820 0.0000000000
116277  -31.789  -47.517  29.802 0.0000000000
34471  -31.314  -46.799  28.663 0.0000000000
112695  -41.127  -36.225  15.465 0.0000000000
45735  -40.299  -35.761  14.364 0.0000000000
128490  -41.474  -35.909  14.459 0.0000000000
45747  -41.288  -35.775  14.380 0.0000000000
47574  -40.490  -34.082  15.081 0.0000000000
47573  -39.749  -33.504  14.933 0.0000000000
47564  -40.708  -33.423  16.169 0.0000000000
47554  -40.938  -33.025  17.074 0.0000000000
48511  -41.097  -31.856  18.049 0.0000000000
35482  -39.514  -46.289  28.463 0.0000000000
119244  -38.487  -47.276  26.841 0.0000000000
36516  -38.664  -46.111  26.879 0.0000000000
35549  -37.943  -46.224  24.412 0.0000000000
36594  -37.474  -46.454  23.185 0.0000000000
37670  -36.960  -45.249  17.974 0.0000000000
35626  -37.284  -46.123  18.762 0.0000000000
35633  -36.566  -45.751  16.355 0.0000000000
36669  -34.379  -45.407  14.957 0.0000000000
37684  -32.660  -44.804  15.241 0.0000000000
39535  -30.927  -43.297  15.371 0.0000000000
120228  -31.380  -43.573  14.529 0.0000000000
42155  -32.617  -39.099  16.088 0.0000000000
43038  -32.576  -38.865  13.853 0.0000000000
51851  -45.595  -29.613  23.596 0.0000000000
51039  -45.010  -29.381  22.343 0.0000000000
121026  -45.988  -28.627  22.940 0.0000000000
51852  -46.648  -28.411  22.839 0.0000000000
51868  -47.254  -28.425  21.734 0.0000000000
52692  -52.992  -26.961  19.993 0.0000000000
51898  -51.900  -28.395  20.233 0.0000000000
53560  -51.076  -27.047  18.471 0.0000000000
53573  -50.002  -26.352  17.413 0.0000000000
54447  -48.742  -25.916  16.447 0.0000000000
54477  -47.090  -25.146  15.108 0.0000000000
55321  -48.813  -24.817  15.607 0.0000000000
55340  -48.629  -24.188  14.833 0.0000000000
56186  -48.951  -23.647  14.097 0.0000000000
57202  -53.366  -23.070  11.868 0.0000000000
57201  -52.432  -23.052  11.543 0.0000000000
56245  -52.714  -23.735  10.767 0.0000000000
27827  -25.130  -54.560  29.660 0.0000000000
28775  -24.422  -54.048  28.225 0.0000000000
28776  -25.001  -53.835  28.487 0.0000000000
29751  -24.808  -53.140  27.094 0.0000000000
29767  -24.950  -52.600  26.790 0.0000000000
33556  -25.299  -48.557  26.053 0.0000000000
32619  -24.751  -49.311  25.644 0.0000000000
110370  -24.059  -48.867  23.866 0.0000000000
32628  -23.695  -49.534  22.233 0.0000000000
31726  -24.108  -50.080  20.518 0.0000000000
30797  -24.755  -51.325  19.436 0.0000000000
31743  -24.845  -50.478  19.584 0.0000000000
126922  -34.175  -44.855  24.494 0.0000000000
36576  -32.536  -44.987  24.944 0.0000000000
37604  -32.258  -44.339  23.624 0.0000000000
37615  -29.936  -44.219  22.961 0.0000000000
38564  -28.691  -43.845  21.896 0.0000000000
43926  -35.807  -37.237  16.930 0.0000000000
44861  -35.382  -36.408  15.572 0.0000000000
44835  -37.125  -37.079  17.318 0.0000000000
44836  -37.986  -36.817  17.357 0.0000000000
44838  -39.636  -36.531  17.316 0.0000000000
43911  -41.202  -37.242  19.096 0.0000000000
115295  -41.346  -36.833  18.479 0.0000000000
108239  -41.098  -36.375  16.628 0.0000000000
44854  -42.669  -36.455  15.880 0.0000000000
44855  -43.846  -36.418  15.400 0.0000000000
46650  -44.509  -35.796  15.704 0.0000000000
110616  -42.144  -44.594  25.490 0.0000000000
36583  -41.657  -46.016  24.388 0.0000000000
35562  -42.289  -47.394  23.367 0.0000000000
35593  -42.034  -47.280  21.607 0.0000000000
36623  -39.874  -46.267  20.250 0.0000000000
38573  -41.296  -44.205  22.996 0.0000000000
37620  -40.160  -44.596  21.957 0.0000000000
37647  -38.511  -45.202  20.389 0.0000000000
108660  -36.748  -44.614  18.907 0.0000000000
38622  -35.761  -44.038  17.829 0.0000000000
38635  -34.216  -43.481  15.595 0.0000000000
39525  -33.249  -42.734  15.334 0.0000000000
39517  -33.651  -42.422  16.673 0.0000000000
40380  -33.470  -41.465  17.283 0.0000000000
41281  -34.210  -40.160  18.254 0.0000000000
41268  -36.754  -40.182  20.235 0.0000000000
41274  -35.455  -40.136  19.240 0.0000000000
42150  -34.003  -39.542  17.861 0.0000000000
114869  -34.274  -38.886  17.723 0.0000000000
43917  -35.522  -37.834  17.501 0.0000000000
56161  -53.130  -23.704  16.447 0.0000000000
56174  -54.151  -23.432  16.293 0.0000000000
57115  -54.583  -22.774  15.201 0.0000000000
57156  -54.612  -22.528  13.729 0.0000000000
106517  -55.057  -22.564  12.825 0.0000000000
56247  -54.911  -23.755  11.327 0.0000000000
31630  -27.089  -50.484  31.614 0.0000000000
31639  -26.643  -50.832  30.354 0.0000000000
32543  -26.889  -49.915  30.559 0.0000000000
124516  -26.880  -49.010  29.230 0.0000000000
33495  -26.797  -48.547  28.515 0.0000000000
34437  -29.029  -47.779  30.066 0.0000000000
34449  -27.940  -47.581  28.963 0.0000000000
34466  -26.724  -48.042  27.839 0.0000000000
34503  -26.420  -47.330  26.736 0.0000000000
35529  -25.578  -46.982  25.226 0.0000000000
109606  -25.048  -46.344  23.878 0.0000000000
45731  -35.942  -35.836  14.951 0.0000000000
45742  -36.544  -35.485  14.204 0.0000000000
125143  -38.829  -35.531  14.207 0.0000000000
51087  -40.745  -29.221  15.424 0.0000000000
51936  -41.395  -28.785  15.333 0.0000000000
115511  -37.317  -48.650  30.331 0.0000000000
34457  -35.408  -47.595  29.530 0.0000000000
33499  -36.870  -48.580  28.942 0.0000000000
34486  -35.886  -47.533  27.639 0.0000000000
34505  -35.824  -47.940  26.019 0.0000000000
33542  -37.474  -48.895  25.836 0.0000000000
34521  -35.735  -48.014  25.141 0.0000000000
36579  -35.305  -46.056  24.915 0.0000000000
36578  -34.687  -44.946  24.069 0.0000000000
38569  -33.390  -43.788  22.217 0.0000000000
38583  -32.705  -43.266  21.192 0.0000000000
35560  -40.342  -46.391  23.051 0.0000000000
36607  -38.821  -46.235  22.357 0.0000000000
35587  -36.374  -46.914  20.954 0.0000000000
35616  -36.129  -46.752  18.526 0.0000000000
35599  -35.933  -46.793  20.088 0.0000000000
36622  -35.734  -46.704  20.914 0.0000000000
37644  -34.544  -44.885  20.470 0.0000000000
38595  -33.371  -43.535  20.668 0.0000000000
39562  -32.330  -42.519  13.180 0.0000000000
42083  -45.553  -39.608  23.748 0.0000000000
42103  -45.482  -39.145  23.126 0.0000000000
28755  -25.856  -54.335  30.579 0.0000000000
31622  -26.849  -51.206  32.002 0.0000000000
31624  -28.345  -50.099  33.128 0.0000000000
32509  -29.114  -49.683  33.189 0.0000000000
32527  -33.064  -48.997  33.446 0.0000000000
114175  -33.939  -48.557  32.567 0.0000000000
114881  -35.296  -48.291  32.312 0.0000000000
125361  -36.763  -48.311  31.321 0.0000000000
32536  -38.354  -48.620  30.807 0.0000000000
32547  -39.006  -48.889  30.089 0.0000000000
33513  -39.655  -48.172  29.501 0.0000000000
35458  -40.591  -46.531  30.348 0.0000000000
34476  -39.702  -47.114  29.154 0.0000000000
36504  -40.199  -45.558  28.946 0.0000000000
38492  -40.782  -43.613  27.921 0.0000000000
38493  -41.208  -42.986  27.374 0.0000000000
119574  -41.939  -43.050  26.355 0.0000000000
38518  -42.932  -43.434  26.227 0.0000000000
106390  -44.600  -44.534  26.462 0.0000000000
121232  -45.038  -40.833  24.905 0.0000000000
42974  -45.506  -38.097  21.863 0.0000000000
43869  -45.868  -37.481  21.297 0.0000000000
44790  -46.292  -36.736  19.636 0.0000000000
44794  -49.959  -35.145  20.368 0.0000000000
44810  -48.631  -35.906  18.936 0.0000000000
107700  -47.094  -36.718  17.245 0.0000000000
45719  -47.218  -36.449  16.797 0.0000000000
46637  -46.858  -35.661  16.792 0.0000000000
46621  -45.099  -34.671  17.572 0.0000000000
47514  -45.464  -33.244  21.222 0.0000000000
47537  -44.514  -33.822  19.552 0.0000000000
47547  -43.394  -33.818  18.572 0.0000000000
47535  -42.868  -33.165  19.219 0.0000000000
48502  -41.909  -31.811  19.012 0.0000000000
50221  -42.091  -30.677  19.163 0.0000000000
51047  -43.690  -29.577  20.421 0.0000000000
51046  -43.028  -29.816  19.904 0.0000000000
121321  -42.029  -30.082  18.779 0.0000000000
51070  -42.275  -29.466  17.574 0.0000000000
51082  -42.818  -29.057  16.878 0.0000000000
51926  -43.320  -28.497  16.284 0.0000000000
51854  -49.016  -28.550  22.613 0.0000000000
106868  -47.864  -28.559  19.802 0.0000000000
110057  -50.007  -28.510  19.714 0.0000000000
51907  -48.396  -28.460  18.786 0.0000000000
51906  -47.128  -28.613  18.729 0.0000000000
51928  -45.231  -28.345  16.992 0.0000000000
52735  -44.805  -27.927  16.388 0.0000000000
52747  -43.044  -27.524  15.025 0.0000000000
52762  -43.214  -27.000  14.558 0.0000000000
54473  -43.567  -25.913  13.665 0.0000000000
54503  -43.321  -25.419  12.906 0.0000000000
54476  -46.170  -25.218  14.659 0.0000000000
55351  -44.592  -24.745  13.228 0.0000000000
55364  -43.073  -24.912  12.158 0.0000000000
106756  -51.874  -23.524  15.299 0.0000000000
56207  -49.742  -23.486  13.979 0.0000000000
56221  -48.602  -23.331  12.744 0.0000000000
57173  -50.825  -22.777  12.246 0.0000000000
57171  -49.102  -22.986  12.011 0.0000000000
56242  -47.476  -23.179  11.388 0.0000000000
28792  -22.921  -53.391  27.516 0.0000000000
31659  -25.623  -51.186  28.237 0.0000000000
30719  -25.000  -51.725  26.698 0.0000000000
30721  -24.837  -52.443  25.001 0.0000000000
108499  -24.544  -50.231  24.958 0.0000000000
30735  -24.677  -52.247  24.318 0.0000000000
29807  -24.483  -52.405  24.040 0.0000000000
30753  -23.460  -51.985  21.846 0.0000000000
35468  -33.795  -47.082  29.068 0.0000000000
35479  -32.508  -46.657  28.491 0.0000000000
35495  -31.297  -46.224  27.530 0.0000000000
36553  -31.479  -45.371  25.604 0.0000000000
36532  -31.098  -45.629  26.227 0.0000000000
36530  -29.364  -45.826  26.231 0.0000000000
36549  -27.967  -45.576  25.453 0.0000000000
36569  -25.802  -45.739  24.147 0.0000000000
35568  -24.880  -45.871  22.413 0.0000000000
37642  -27.560  -44.174  20.437 0.0000000000
37633  -27.210  -44.229  21.046 0.0000000000
36620  -26.131  -45.141  20.963 0.0000000000
36627  -25.885  -45.794  20.852 0.0000000000
35585  -25.190  -46.146  21.131 0.0000000000
34570  -24.486  -47.367  20.995 0.0000000000
42101  -43.339  -39.363  22.685 0.0000000000
125171  -44.049  -39.278  22.865 0.0000000000
41227  -44.044  -40.135  24.073 0.0000000000
108448  -42.838  -40.387  23.911 0.0000000000
125247  -40.410  -28.604  14.351 0.0000000000
33464  -35.006  -48.234  31.588 0.0000000000
44876  -33.474  -36.667  13.953 0.0000000000
107986  -34.510  -36.418  15.068 0.0000000000
46633  -42.966  -34.499  16.694 0.0000000000
47557  -43.170  -34.137  17.676 0.0000000000
38543  -40.608  -43.556  25.976 0.0000000000
38542  -39.958  -43.911  25.794 0.0000000000
37579  -40.328  -44.190  25.324 0.0000000000
38643  -34.155  -43.857  14.129 0.0000000000
38644  -34.544  -44.526  14.034 0.0000000000
126797  -33.168  -37.280  15.039 0.0000000000
55296  -53.280  -24.600  17.726 0.0000000000
55295  -52.034  -25.005  17.502 0.0000000000
55308  -51.475  -24.428  16.602 0.0000000000
30682  -26.561  -51.857  30.560 0.0000000000
29726  -26.319  -52.633  29.988 0.0000000000
34548  -24.033  -47.285  22.473 0.0000000000
33574  -23.757  -47.990  22.551 0.0000000000
33578  -24.157  -48.252  20.886 0.0000000000
38582  -31.289  -43.386  21.554 0.0000000000
43002  -39.255  -38.384  19.601 0.0000000000
43011  -38.813  -38.021  19.049 0.0000000000
126596  -39.890  -38.128  19.647 0.0000000000
43902  -44.336  -36.981  19.746 0.0000000000
36586  -44.611  -45.773  24.744 0.0000000000
36585  -43.995  -45.635  24.154 0.0000000000
128416  -38.355  -41.911  22.430 0.0000000000
39470  -38.481  -42.529  22.427 0.0000000000
39480  -36.780  -42.055  21.237 0.0000000000
40366  -35.950  -41.693  20.033 0.0000000000
40355  -36.987  -41.370  21.255 0.0000000000
42990  -38.954  -39.035  20.157 0.0000000000
42140  -38.040  -39.239  19.933 0.0000000000
43001  -38.493  -38.608  19.499 0.0000000000
33444  -30.117  -48.794  32.013 0.0000000000
109475  -30.106  -48.460  31.314 0.0000000000
35476  -30.032  -46.663  28.216 0.0000000000
35475  -29.235  -46.850  28.325 0.0000000000
35511  -27.793  -46.470  26.866 0.0000000000
44851  -39.326  -36.182  16.425 0.0000000000
44863  -38.679  -35.961  15.872 0.0000000000
44864  -39.544  -35.890  15.411 0.0000000000
45754  -39.549  -35.137  13.183 0.0000000000
49390  -40.735  -31.424  17.636 0.0000000000
49397  -40.256  -31.475  16.922 0.0000000000
50234  -40.695  -30.694  17.417 0.0000000000
50235  -41.268  -30.240  17.809 0.0000000000
33512  -39.282  -48.801  28.857 0.0000000000
33511  -38.858  -49.192  28.182 0.0000000000
35559  -36.362  -47.571  23.278 0.0000000000
35569  -35.895  -47.297  22.325 0.0000000000
36605  -35.553  -46.375  22.341 0.0000000000
115845  -35.760  -46.898  21.685 0.0000000000
112991  -39.383  -46.640  19.991 0.0000000000
35602  -39.001  -47.052  20.046 0.0000000000
35619  -38.404  -46.439  19.774 0.0000000000
37677  -33.284  -45.275  17.018 0.0000000000
37667  -32.801  -44.290  17.763 0.0000000000
38628  -32.126  -43.557  17.314 0.0000000000
115240  -32.322  -40.153  14.863 0.0000000000
46596  -47.493  -34.481  19.676 0.0000000000
105297  -45.575  -29.779  23.511 0.0000000000
105856  -45.461  -30.356  22.946 0.0000000000
50205  -44.253  -30.342  21.479 0.0000000000
51882  -46.323  -28.585  20.069 0.0000000000
117766  -45.584  -28.710  19.434 0.0000000000
51893  -46.416  -28.680  19.049 0.0000000000
113047  -51.567  -26.709  21.217 0.0000000000
53507  -52.011  -27.227  22.068 0.0000000000
52679  -52.038  -27.917  22.509 0.0000000000
51873  -52.297  -28.505  21.040 0.0000000000
52738  -47.759  -26.982  16.789 0.0000000000
127336  -46.573  -27.087  16.366 0.0000000000
53600  -46.475  -26.562  15.861 0.0000000000
54459  -46.358  -25.846  15.315 0.0000000000
56204  -46.809  -23.656  13.006 0.0000000000
56220  -46.621  -23.506  12.231 0.0000000000
57155  -53.673  -22.671  13.573 0.0000000000
57154  -52.826  -22.760  13.391 0.0000000000
118995  -23.672  -54.774  29.712 0.0000000000
125112  -24.487  -53.047  25.038 0.0000000000
115928  -23.851  -53.106  25.393 0.0000000000
29795  -23.384  -52.229  24.241 0.0000000000
29796  -24.333  -52.489  24.034 0.0000000000
32590  -26.271  -48.757  27.858 0.0000000000
35518  -34.572  -46.198  27.000 0.0000000000
36555  -33.993  -45.361  25.787 0.0000000000
37601  -28.724  -44.519  23.481 0.0000000000
118973  -27.760  -44.531  23.271 0.0000000000
37612  -26.501  -44.560  22.058 0.0000000000
42969  -41.034  -39.006  21.197 0.0000000000
42992  -41.320  -38.375  20.506 0.0000000000
42970  -41.843  -38.756  21.239 0.0000000000
43889  -44.132  -37.609  20.694 0.0000000000
39449  -43.419  -42.375  24.644 0.0000000000
38552  -42.986  -43.251  24.368 0.0000000000
41224  -41.367  -40.800  23.594 0.0000000000
41223  -40.760  -41.101  23.466 0.0000000000
40323  -40.255  -41.628  23.453 0.0000000000
41243  -40.181  -40.793  22.918 0.0000000000
41242  -39.265  -40.737  22.411 0.0000000000
42112  -40.852  -39.508  21.904 0.0000000000
106905  -39.154  -28.386  12.714 0.0000000000
52779  -41.052  -27.076  12.918 0.0000000000
53630  -42.390  -26.519  13.439 0.0000000000
33461  -31.804  -48.417  31.514 0.0000000000
34440  -32.263  -47.745  30.199 0.0000000000
34454  -32.550  -47.450  29.698 0.0000000000
35466  -32.020  -47.070  29.082 0.0000000000
44882  -34.055  -36.192  12.565 0.0000000000
44866  -41.915  -36.150  14.702 0.0000000000
118847  -42.442  -36.134  14.770 0.0000000000
46657  -41.687  -35.369  14.759 0.0000000000
46656  -41.132  -35.019  14.575 0.0000000000
47575  -41.202  -34.321  15.525 0.0000000000
48522  -41.282  -32.655  17.791 0.0000000000
48512  -41.603  -32.307  18.432 0.0000000000
36517  -39.298  -45.588  27.583 0.0000000000
36538  -39.096  -45.168  26.603 0.0000000000
37577  -38.993  -44.854  25.098 0.0000000000
36557  -38.691  -45.334  25.366 0.0000000000
36581  -38.554  -45.379  24.480 0.0000000000
36580  -37.924  -45.964  23.890 0.0000000000
36595  -38.436  -45.763  23.385 0.0000000000
37679  -36.954  -45.305  17.062 0.0000000000
36666  -36.652  -45.314  16.290 0.0000000000
36674  -34.643  -44.926  14.014 0.0000000000
36670  -35.266  -45.120  14.383 0.0000000000
37693  -33.623  -45.053  14.404 0.0000000000
37685  -33.347  -45.352  15.696 0.0000000000
37683  -31.762  -44.053  15.187 0.0000000000
37691  -32.269  -43.960  14.142 0.0000000000
126980  -32.773  -38.611  16.073 0.0000000000
42161  -32.452  -39.247  15.319 0.0000000000
43021  -32.630  -38.546  15.577 0.0000000000
51825  -47.377  -28.934  25.079 0.0000000000
51841  -47.169  -28.488  23.798 0.0000000000
51853  -47.731  -28.344  22.612 0.0000000000
54430  -52.996  -25.473  18.769 0.0000000000
55280  -53.026  -24.829  19.681 0.0000000000
54420  -53.088  -25.563  19.381 0.0000000000
53549  -53.065  -26.909  19.677 0.0000000000
52712  -52.627  -27.105  19.460 0.0000000000
53561  -52.112  -26.569  18.705 0.0000000000
54437  -50.458  -25.770  17.254 0.0000000000
53574  -50.729  -26.390  17.758 0.0000000000
54436  -49.846  -25.856  16.993 0.0000000000
53587  -49.283  -26.300  17.025 0.0000000000
54448  -49.431  -25.606  16.547 0.0000000000
54461  -48.366  -25.464  15.889 0.0000000000
54462  -48.983  -25.329  16.124 0.0000000000
55322  -50.086  -24.239  15.544 0.0000000000
122830  -49.345  -24.355  15.372 0.0000000000
56187  -49.641  -23.839  14.790 0.0000000000
56185  -48.117  -23.813  13.990 0.0000000000
114904  -54.169  -23.742  11.299 0.0000000000
56246  -53.384  -23.751  11.076 0.0000000000
113462  -25.228  -54.218  29.192 0.0000000000
110609  -25.506  -53.764  28.998 0.0000000000
29734  -25.350  -53.232  28.365 0.0000000000
29752  -25.151  -52.816  27.658 0.0000000000
29766  -24.754  -53.042  26.156 0.0000000000
34519  -25.464  -47.736  25.658 0.0000000000
33555  -24.866  -48.382  25.307 0.0000000000
33566  -24.492  -48.136  24.446 0.0000000000
33573  -23.654  -48.649  22.156 0.0000000000
32633  -23.691  -49.159  21.575 0.0000000000
31706  -23.752  -50.104  21.409 0.0000000000
125042  -24.563  -50.075  19.920 0.0000000000
32658  -25.673  -49.414  19.874 0.0000000000
37591  -33.833  -44.597  24.127 0.0000000000
37590  -32.860  -44.579  24.277 0.0000000000
38566  -30.133  -43.827  22.270 0.0000000000
37616  -30.858  -44.058  22.844 0.0000000000
38565  -29.334  -43.990  22.415 0.0000000000
43918  -36.360  -37.492  17.445 0.0000000000
121606  -36.469  -37.009  16.966 0.0000000000
43909  -39.107  -37.452  18.478 0.0000000000
43920  -38.527  -37.191  17.898 0.0000000000
43921  -39.239  -36.954  17.900 0.0000000000
44837  -38.809  -36.621  17.315 0.0000000000
44820  -39.954  -36.824  18.037 0.0000000000
43899  -41.184  -37.776  19.744 0.0000000000
123264  -41.748  -37.375  19.494 0.0000000000
44822  -41.909  -36.589  17.921 0.0000000000
44821  -41.091  -36.585  17.736 0.0000000000
44840  -41.868  -36.446  16.842 0.0000000000
107050  -42.631  -36.507  17.040 0.0000000000
106936  -45.056  -36.673  16.146 0.0000000000
44856  -44.575  -36.428  15.639 0.0000000000
45727  -44.757  -36.340  15.622 0.0000000000
45717  -45.385  -36.110  15.894 0.0000000000
36560  -42.852  -45.935  25.228 0.0000000000
36584  -42.426  -46.487  24.596 0.0000000000
35552  -42.879  -47.148  24.255 0.0000000000
36610  -42.761  -46.834  22.022 0.0000000000
35574  -42.576  -47.268  21.983 0.0000000000
36625  -42.180  -46.819  21.512 0.0000000000
110089  -41.348  -46.566  21.045 0.0000000000
38560  -41.663  -43.548  23.634 0.0000000000
37607  -42.013  -44.516  23.207 0.0000000000
38586  -38.409  -43.868  21.598 0.0000000000
38587  -39.247  -44.244  21.774 0.0000000000
37637  -38.154  -44.400  21.039 0.0000000000
37638  -38.879  -44.779  21.042 0.0000000000
37646  -37.725  -44.587  20.468 0.0000000000
128598  -37.275  -44.451  20.176 0.0000000000
37645  -36.908  -44.357  19.761 0.0000000000
38612  -35.812  -43.286  18.964 0.0000000000
38621  -35.074  -43.323  17.657 0.0000000000
106718  -35.056  -43.983  15.706 0.0000000000
39518  -34.491  -43.155  16.962 0.0000000000
39509  -34.645  -42.369  18.092 0.0000000000
40365  -35.398  -41.148  19.453 0.0000000000
40375  -34.398  -41.351  18.328 0.0000000000
125575  -34.288  -40.739  18.336 0.0000000000
40374  -33.810  -40.858  17.897 0.0000000000
41269  -37.923  -40.275  21.121 0.0000000000
127588  -37.085  -40.645  20.859 0.0000000000
42138  -36.299  -39.798  19.622 0.0000000000
107277  -34.825  -39.958  18.669 0.0000000000
43007  -35.296  -39.380  18.682 0.0000000000
43016  -35.175  -38.612  18.093 0.0000000000
43017  -36.146  -38.118  18.024 0.0000000000
43925  -34.968  -37.540  16.944 0.0000000000
56176  -55.613  -22.625  16.023 0.0000000000
57116  -55.666  -22.508  15.553 0.0000000000
57137  -55.147  -22.474  14.643 0.0000000000
57178  -55.693  -22.580  12.227 0.0000000000
56224  -55.272  -23.104  11.780 0.0000000000
31631  -27.477  -49.930  31.828 0.0000000000
32532  -27.233  -49.839  31.214 0.0000000000
32533  -27.720  -49.385  31.497 0.0000000000
33477  -27.867  -48.542  30.448 0.0000000000
121491  -27.392  -48.668  29.914 0.0000000000
33496  -27.399  -48.263  29.143 0.0000000000
34438  -29.954  -47.712  30.140 0.0000000000
34468  -28.546  -47.143  28.588 0.0000000000
34450  -28.688  -47.467  29.326 0.0000000000
34467  -27.321  -47.844  28.405 0.0000000000
34484  -27.237  -47.453  27.723 0.0000000000
121265  -26.687  -47.563  27.322 0.0000000000
34504  -27.085  -47.023  27.108 0.0000000000
127511  -26.040  -46.491  25.322 0.0000000000
122345  -25.651  -46.371  24.711 0.0000000000
44847  -36.157  -36.648  16.359 0.0000000000
117490  -36.297  -36.187  15.642 0.0000000000
118708  -39.724  -35.480  13.734 0.0000000000
45753  -39.038  -35.153  12.573 0.0000000000
48536  -39.994  -32.988  15.810 0.0000000000
48535  -39.406  -32.561  15.376 0.0000000000
49396  -39.672  -31.134  16.222 0.0000000000
50250  -39.419  -30.205  15.360 0.0000000000
51079  -40.485  -29.759  16.116 0.0000000000
51080  -41.442  -29.208  16.013 0.0000000000
114782  -36.894  -48.506  29.828 0.0000000000
33500  -37.514  -48.949  29.462 0.0000000000
33523  -37.206  -49.301  26.948 0.0000000000
34487  -36.593  -48.748  27.185 0.0000000000
119135  -36.148  -48.100  26.782 0.0000000000
112778  -35.677  -47.334  26.900 0.0000000000
34507  -38.060  -48.142  26.021 0.0000000000
34506  -37.449  -48.226  25.289 0.0000000000
34533  -35.797  -48.013  24.298 0.0000000000
33557  -36.122  -48.353  24.875 0.0000000000
35547  -35.526  -47.170  24.937 0.0000000000
123995  -35.300  -45.799  24.111 0.0000000000
115579  -34.143  -44.133  21.854 0.0000000000
38584  -33.416  -43.646  21.521 0.0000000000
35561  -41.466  -47.211  23.126 0.0000000000
35550  -40.910  -46.009  23.866 0.0000000000
35588  -38.078  -46.897  20.361 0.0000000000
35572  -38.405  -46.723  21.340 0.0000000000
35571  -37.215  -46.656  21.478 0.0000000000
127833  -37.150  -46.782  20.690 0.0000000000
35631  -36.848  -46.137  17.384 0.0000000000
35625  -36.887  -46.299  18.240 0.0000000000
35624  -36.314  -46.557  17.719 0.0000000000
36646  -34.771  -46.042  18.937 0.0000000000
36647  -35.551  -46.518  19.322 0.0000000000
36631  -35.471  -46.345  20.199 0.0000000000
36630  -35.139  -45.722  20.736 0.0000000000
37662  -34.295  -45.151  19.557 0.0000000000
38610  -32.686  -43.062  19.277 0.0000000000
38611  -33.300  -43.581  19.728 0.0000000000
38594  -32.615  -42.951  20.255 0.0000000000
39498  -32.166  -42.646  19.569 0.0000000000
39536  -32.729  -42.407  14.690 0.0000000000
109151  -32.711  -42.679  13.603 0.0000000000
27817  -25.353  -54.660  30.336 0.0000000000
31614  -28.480  -50.480  33.908 0.0000000000
32526  -32.413  -49.015  33.206 0.0000000000
33466  -37.162  -48.170  31.561 0.0000000000
33487  -37.647  -48.517  30.944 0.0000000000
33467  -38.046  -48.303  31.154 0.0000000000
33501  -39.358  -48.713  29.561 0.0000000000
33502  -39.908  -48.038  30.139 0.0000000000
35459  -41.017  -45.969  30.809 0.0000000000
35469  -40.353  -46.270  29.615 0.0000000000
127422  -40.193  -46.003  29.248 0.0000000000
36495  -40.831  -45.442  29.740 0.0000000000
38454  -41.817  -43.780  29.478 0.0000000000
37527  -41.119  -44.093  28.994 0.0000000000
39405  -41.736  -42.576  26.945 0.0000000000
39406  -42.401  -42.458  26.747 0.0000000000
118362  -45.167  -44.399  26.388 0.0000000000
36540  -45.011  -45.336  26.019 0.0000000000
41213  -45.064  -40.186  24.298 0.0000000000
42104  -46.156  -38.737  22.869 0.0000000000
42957  -45.412  -38.636  22.460 0.0000000000
123976  -45.981  -38.333  22.334 0.0000000000
43871  -47.530  -37.060  21.505 0.0000000000
43870  -46.720  -37.298  21.377 0.0000000000
43891  -46.470  -36.939  20.589 0.0000000000
44791  -47.261  -36.584  19.636 0.0000000000
45696  -48.611  -35.591  18.659 0.0000000000
118438  -49.228  -35.179  19.608 0.0000000000
44809  -48.005  -36.336  18.620 0.0000000000
44827  -47.684  -36.423  17.640 0.0000000000
121226  -47.369  -36.624  16.989 0.0000000000
44843  -47.845  -36.162  17.437 0.0000000000
46623  -47.118  -35.011  17.652 0.0000000000
46622  -46.157  -34.873  17.540 0.0000000000
46607  -45.242  -34.343  18.678 0.0000000000
47515  -46.330  -33.391  21.542 0.0000000000
48496  -44.208  -32.687  20.666 0.0000000000
47526  -44.821  -33.446  20.495 0.0000000000
47548  -44.258  -34.131  18.665 0.0000000000
47536  -43.668  -33.539  19.414 0.0000000000
48504  -43.361  -32.689  20.018 0.0000000000
48503  -42.540  -32.264  19.512 0.0000000000
49373  -42.323  -31.361  19.521 0.0000000000
126350  -41.959  -31.239  19.147 0.0000000000
51038  -44.199  -29.748  21.305 0.0000000000
51880  -44.426  -29.118  20.932 0.0000000000
51053  -43.602  -29.303  19.474 0.0000000000
117120  -42.931  -29.557  19.199 0.0000000000
51052  -42.441  -29.977  19.346 0.0000000000
121546  -42.524  -29.585  18.490 0.0000000000
51060  -41.811  -29.864  18.156 0.0000000000
51071  -43.153  -29.172  17.677 0.0000000000
51915  -43.752  -28.815  17.022 0.0000000000
51925  -42.373  -28.810  16.149 0.0000000000
122755  -43.915  -28.519  16.608 0.0000000000
51856  -51.351  -28.949  22.546 0.0000000000
51855  -50.359  -28.830  22.551 0.0000000000
51870  -49.432  -28.608  21.639 0.0000000000
123854  -48.744  -28.554  20.938 0.0000000000
51883  -48.652  -28.581  20.192 0.0000000000
110209  -51.212  -27.904  19.358 0.0000000000
51897  -50.903  -28.514  19.962 0.0000000000
52709  -49.603  -28.069  18.673 0.0000000000
51919  -48.087  -28.223  18.144 0.0000000000
110056  -47.725  -28.470  18.550 0.0000000000
107232  -47.807  -28.606  19.097 0.0000000000
51905  -46.429  -28.596  18.303 0.0000000000
51917  -46.405  -28.404  17.699 0.0000000000
52748  -45.180  -27.293  15.897 0.0000000000
51939  -43.555  -27.831  15.636 0.0000000000
53597  -43.838  -27.091  15.026 0.0000000000
54474  -44.087  -26.013  14.156 0.0000000000
53614  -43.648  -26.503  14.344 0.0000000000
54488  -44.300  -25.491  13.730 0.0000000000
106625  -45.354  -24.149  13.011 0.0000000000
128467  -45.168  -24.617  13.495 0.0000000000
55366  -44.671  -24.202  12.543 0.0000000000
55365  -43.904  -24.662  12.550 0.0000000000
110773  -53.364  -23.371  15.640 0.0000000000
56173  -52.558  -23.526  15.671 0.0000000000
106653  -51.025  -23.389  14.314 0.0000000000
56208  -50.534  -23.288  13.698 0.0000000000
127354  -49.835  -23.305  13.346 0.0000000000
56222  -49.488  -23.192  12.762 0.0000000000
118884  -51.427  -22.811  11.506 0.0000000000
57200  -50.577  -22.748  11.375 0.0000000000
57199  -49.707  -22.706  11.233 0.0000000000
56243  -48.181  -23.153  11.847 0.0000000000
28793  -23.747  -53.844  27.764 0.0000000000
28804  -23.888  -53.580  26.808 0.0000000000
29764  -22.755  -52.752  26.138 0.0000000000
29794  -22.150  -51.866  24.620 0.0000000000
30741  -21.834  -51.610  22.914 0.0000000000
109422  -26.647  -50.106  29.963 0.0000000000
31648  -26.405  -50.713  29.528 0.0000000000
31660  -26.117  -50.458  28.775 0.0000000000
31685  -24.989  -50.638  26.661 0.0000000000
31675  -25.276  -50.904  27.458 0.0000000000
109394  -24.418  -49.115  24.780 0.0000000000
31698  -24.552  -51.273  24.180 0.0000000000
30744  -24.485  -52.019  23.624 0.0000000000
30743  -24.240  -52.182  23.320 0.0000000000
123371  -24.011  -51.923  22.372 0.0000000000
30798  -25.337  -51.727  18.994 0.0000000000
30817  -25.955  -52.166  18.852 0.0000000000
34472  -34.746  -47.152  28.940 0.0000000000
36515  -32.955  -45.874  27.025 0.0000000000
35497  -32.905  -46.278  27.810 0.0000000000
109743  -32.026  -46.348  27.966 0.0000000000
35496  -32.162  -46.049  27.303 0.0000000000
117820  -31.825  -45.135  25.096 0.0000000000
36554  -32.276  -45.318  25.573 0.0000000000
36575  -31.137  -45.096  24.985 0.0000000000
36573  -29.461  -45.157  24.884 0.0000000000
36552  -30.682  -45.402  25.589 0.0000000000
36551  -29.839  -45.460  25.566 0.0000000000
36531  -30.257  -45.708  26.242 0.0000000000
36550  -28.944  -45.531  25.528 0.0000000000
36590  -26.222  -45.171  23.539 0.0000000000
36570  -26.643  -45.413  24.455 0.0000000000
36589  -25.335  -45.601  23.093 0.0000000000
116035  -27.526  -44.611  19.953 0.0000000000
36629  -27.449  -45.271  19.805 0.0000000000
109196  -27.401  -46.664  20.178 0.0000000000
36628  -26.681  -45.467  20.504 0.0000000000
35596  -25.705  -46.492  20.764 0.0000000000
34571  -25.327  -47.239  20.682 0.0000000000
35595  -24.992  -46.748  20.904 0.0000000000
42114  -42.230  -39.162  21.830 0.0000000000
42115  -43.025  -39.076  21.964 0.0000000000
42973  -44.733  -38.465  21.927 0.0000000000
40308  -42.947  -41.536  24.503 0.0000000000
41225  -42.143  -40.414  23.599 0.0000000000
41244  -41.501  -40.201  23.049 0.0000000000
41245  -42.125  -39.863  22.978 0.0000000000
51096  -40.102  -29.168  14.814 0.0000000000
51945  -39.727  -28.818  14.127 0.0000000000
51956  -40.204  -28.290  13.720 0.0000000000
52769  -40.653  -27.668  13.368 0.0000000000
52770  -41.466  -27.370  13.670 0.0000000000
52771  -42.201  -27.025  13.854 0.0000000000
33463  -33.632  -48.379  31.814 0.0000000000
33483  -33.290  -48.107  31.005 0.0000000000
34442  -33.837  -47.771  30.366 0.0000000000
34455  -33.382  -47.446  29.701 0.0000000000
45740  -34.686  -35.805  13.852 0.0000000000
45738  -43.068  -36.240  14.916 0.0000000000
46659  -43.265  -35.917  14.923 0.0000000000
47565  -41.419  -33.777  16.477 0.0000000000
47566  -42.166  -34.154  16.649 0.0000000000
37563  -39.521  -44.324  26.114 0.0000000000
37578  -39.592  -44.395  25.309 0.0000000000
37592  -39.453  -44.866  24.524 0.0000000000
38637  -35.647  -44.590  15.172 0.0000000000
37687  -36.179  -44.945  15.458 0.0000000000
37686  -35.639  -44.890  14.648 0.0000000000
37698  -33.886  -44.437  13.885 0.0000000000
39547  -31.588  -42.845  13.400 0.0000000000
43924  -33.598  -37.968  16.479 0.0000000000
43932  -32.762  -37.796  15.118 0.0000000000
125812  -52.739  -25.926  18.673 0.0000000000
54428  -52.045  -25.795  18.133 0.0000000000
117368  -50.512  -24.611  16.285 0.0000000000
29714  -26.167  -53.608  30.215 0.0000000000
29725  -25.994  -53.357  29.452 0.0000000000
30694  -26.059  -52.422  29.238 0.0000000000
34541  -24.104  -47.814  23.413 0.0000000000
33577  -23.791  -48.570  21.374 0.0000000000
32641  -24.514  -49.396  20.210 0.0000000000
113917  -24.493  -48.708  20.452 0.0000000000
32642  -25.148  -48.783  20.095 0.0000000000
128262  -32.213  -43.765  22.552 0.0000000000
37617  -31.816  -44.036  22.976 0.0000000000
38567  -31.670  -43.646  22.270 0.0000000000
43009  -37.544  -38.099  18.565 0.0000000000
43908  -38.313  -37.724  18.489 0.0000000000
111933  -39.848  -37.317  18.618 0.0000000000
43900  -42.451  -37.232  19.562 0.0000000000
44804  -42.986  -36.763  18.853 0.0000000000
127620  -43.470  -36.593  18.020 0.0000000000
107673  -43.442  -36.565  17.083 0.0000000000
44824  -44.299  -36.642  17.103 0.0000000000
106780  -46.021  -36.644  16.419 0.0000000000
35553  -44.042  -47.009  25.005 0.0000000000
34545  -43.340  -47.242  23.895 0.0000000000
35564  -43.759  -46.883  24.007 0.0000000000
36597  -42.997  -46.167  22.690 0.0000000000
110858  -42.421  -46.141  22.042 0.0000000000
38558  -39.979  -43.038  23.235 0.0000000000
38570  -38.759  -43.341  22.262 0.0000000000
38597  -37.080  -43.877  20.567 0.0000000000
39488  -36.849  -42.954  21.006 0.0000000000
39500  -36.081  -42.707  19.785 0.0000000000
39499  -35.522  -42.176  19.346 0.0000000000
42129  -38.345  -39.625  20.626 0.0000000000
42128  -37.522  -39.868  20.461 0.0000000000
42999  -36.694  -38.971  19.140 0.0000000000
43008  -35.965  -38.773  18.637 0.0000000000
126523  -37.170  -38.525  18.865 0.0000000000
32522  -28.758  -49.459  32.525 0.0000000000
32534  -28.405  -49.124  31.800 0.0000000000
112357  -28.852  -48.629  31.317 0.0000000000
33478  -28.556  -48.321  30.591 0.0000000000
34452  -30.323  -47.324  29.449 0.0000000000
34451  -29.483  -47.388  29.470 0.0000000000
34469  -29.793  -47.034  28.859 0.0000000000
35491  -27.674  -46.942  27.547 0.0000000000
35531  -27.435  -46.077  25.984 0.0000000000
113389  -37.891  -36.138  16.186 0.0000000000
45745  -40.156  -35.460  13.842 0.0000000000
32558  -38.507  -49.226  29.386 0.0000000000
32571  -37.616  -49.245  28.526 0.0000000000
32572  -38.322  -49.376  28.456 0.0000000000
33524  -37.844  -49.309  27.027 0.0000000000
118745  -37.384  -49.182  26.312 0.0000000000
35533  -37.515  -47.307  24.664 0.0000000000
34535  -36.861  -48.287  24.721 0.0000000000
34543  -36.617  -47.921  24.065 0.0000000000
34542  -36.002  -48.062  23.756 0.0000000000
127054  -35.825  -47.807  23.638 0.0000000000
36592  -35.209  -45.418  23.272 0.0000000000
36593  -35.640  -47.102  23.199 0.0000000000
37636  -34.738  -44.795  21.365 0.0000000000
34563  -40.684  -47.366  21.170 0.0000000000
34549  -40.346  -47.386  21.579 0.0000000000
34562  -39.874  -47.334  20.768 0.0000000000
35589  -39.161  -47.162  20.552 0.0000000000
36658  -35.021  -46.188  16.662 0.0000000000
36657  -34.026  -45.807  17.424 0.0000000000
36645  -34.059  -45.527  18.563 0.0000000000
38620  -33.114  -43.878  18.768 0.0000000000
33452  -38.255  -48.120  31.184 0.0000000000
34421  -38.368  -47.596  31.330 0.0000000000
36479  -41.247  -45.343  30.391 0.0000000000
39407  -43.205  -42.474  26.595 0.0000000000
42959  -47.421  -38.163  22.805 0.0000000000
43848  -47.798  -37.469  22.350 0.0000000000
43872  -48.352  -36.730  21.730 0.0000000000
46611  -48.815  -35.028  19.130 0.0000000000
46624  -47.953  -35.252  17.902 0.0000000000
46610  -48.206  -34.839  18.801 0.0000000000
46595  -46.440  -34.301  19.710 0.0000000000
106008  -46.343  -30.443  24.531 0.0000000000
47513  -44.989  -32.705  21.386 0.0000000000
105767  -43.767  -31.862  20.739 0.0000000000
50214  -43.474  -30.126  20.624 0.0000000000
51881  -45.878  -28.556  21.228 0.0000000000
51892  -44.744  -28.884  19.821 0.0000000000
124661  -44.308  -29.022  19.372 0.0000000000
51062  -44.226  -28.967  18.693 0.0000000000
106485  -44.936  -28.801  18.184 0.0000000000
111278  -44.790  -28.637  17.473 0.0000000000
52678  -51.445  -28.143  23.157 0.0000000000
109488  -51.774  -28.845  22.363 0.0000000000
51871  -51.630  -28.849  21.852 0.0000000000
52724  -49.424  -27.508  18.046 0.0000000000
52722  -47.658  -27.714  17.447 0.0000000000
52721  -46.752  -27.999  17.305 0.0000000000
52737  -46.308  -27.631  16.703 0.0000000000
53583  -45.952  -27.140  16.132 0.0000000000
53598  -44.715  -26.795  15.300 0.0000000000
53616  -45.076  -26.135  14.842 0.0000000000
55339  -47.633  -24.375  14.557 0.0000000000
55352  -46.538  -24.087  13.640 0.0000000000
56218  -45.208  -23.661  12.030 0.0000000000
56191  -53.618  -23.038  14.974 0.0000000000
57134  -52.269  -23.049  14.019 0.0000000000
57152  -51.103  -22.971  13.061 0.0000000000
57217  -50.443  -23.092  10.384 0.0000000000
28773  -22.741  -53.808  28.426 0.0000000000
28805  -24.452  -53.368  26.774 0.0000000000
29777  -23.013  -52.365  25.172 0.0000000000
30742  -23.335  -51.961  22.671 0.0000000000
32570  -26.304  -49.438  28.521 0.0000000000
32589  -25.461  -49.927  27.302 0.0000000000
31707  -23.961  -50.704  22.421 0.0000000000
111483  -23.943  -51.276  21.801 0.0000000000
113703  -23.880  -51.734  21.583 0.0000000000
28880  -24.113  -52.801  19.963 0.0000000000
28896  -24.662  -53.130  19.139 0.0000000000
28914  -25.320  -53.500  18.703 0.0000000000
35481  -35.126  -46.856  28.164 0.0000000000
35498  -34.456  -46.478  27.722 0.0000000000
35517  -33.716  -46.137  27.376 0.0000000000
37587  -29.946  -44.793  24.257 0.0000000000
37586  -29.091  -44.824  24.202 0.0000000000
36603  -25.915  -44.979  22.551 0.0000000000
34573  -27.699  -47.349  20.445 0.0000000000
42971  -42.664  -38.644  21.385 0.0000000000
43888  -42.788  -37.592  20.243 0.0000000000
124613  -43.553  -37.445  20.287 0.0000000000
43903  -45.364  -36.843  19.625 0.0000000000
38553  -43.758  -44.005  24.475 0.0000000000
38562  -43.113  -44.338  24.002 0.0000000000
38551  -42.091  -42.936  24.176 0.0000000000
39462  -41.348  -42.635  23.920 0.0000000000
40307  -42.131  -41.571  24.279 0.0000000000
39447  -41.835  -42.181  24.243 0.0000000000
39461  -40.537  -42.396  23.602 0.0000000000
39460  -39.672  -42.249  23.258 0.0000000000
114573  -38.933  -42.030  22.785 0.0000000000
40342  -38.003  -41.467  22.080 0.0000000000
40343  -38.706  -41.366  22.468 0.0000000000
41260  -38.422  -40.688  21.881 0.0000000000
42098  -40.837  -40.091  22.593 0.0000000000
41261  -39.947  -40.007  22.099 0.0000000000
42111  -39.419  -39.682  21.346 0.0000000000
42130  -39.640  -39.171  20.703 0.0000000000
120165  -31.434  -48.687  32.061 0.0000000000
33460  -30.888  -48.494  31.530 0.0000000000
33481  -31.371  -48.133  30.841 0.0000000000
120367  -31.740  -47.842  30.359 0.0000000000
34453  -31.171  -47.240  29.314 0.0000000000
35477  -30.827  -46.530  28.158 0.0000000000
44865  -40.283  -36.037  15.432 0.0000000000
45736  -41.112  -36.038  14.532 0.0000000000
45737  -41.907  -36.000  14.510 0.0000000000
46663  -40.612  -35.326  14.137 0.0000000000
47582  -40.114  -34.419  14.312 0.0000000000
47581  -39.588  -34.130  14.045 0.0000000000
34475  -39.295  -47.543  28.280 0.0000000000
34489  -38.900  -48.075  27.464 0.0000000000
35500  -38.972  -46.764  27.609 0.0000000000
35519  -38.323  -46.702  26.123 0.0000000000
36537  -38.641  -45.693  26.061 0.0000000000
35534  -38.249  -46.186  25.254 0.0000000000
119492  -36.921  -46.726  22.452 0.0000000000
36648  -37.591  -45.929  19.128 0.0000000000
36654  -37.209  -45.808  18.313 0.0000000000
36659  -36.858  -45.692  16.872 0.0000000000
35629  -35.996  -46.089  16.274 0.0000000000
36665  -36.222  -45.334  15.718 0.0000000000
36664  -35.343  -45.575  15.487 0.0000000000
38634  -32.075  -44.211  16.172 0.0000000000
39534  -30.414  -43.051  14.970 0.0000000000
112393  -29.850  -42.772  14.582 0.0000000000
38642  -30.906  -43.110  14.087 0.0000000000
42156  -32.864  -39.726  16.804 0.0000000000
42167  -32.436  -39.331  14.571 0.0000000000
42176  -32.672  -39.705  13.068 0.0000000000
51031  -45.613  -29.714  23.618 0.0000000000
51865  -45.420  -29.172  22.756 0.0000000000
51866  -45.642  -28.733  22.375 0.0000000000
51840  -46.710  -29.517  24.893 0.0000000000
51867  -46.302  -28.480  21.983 0.0000000000
107756  -46.803  -28.548  20.941 0.0000000000
52691  -52.448  -27.666  20.455 0.0000000000
51887  -52.406  -28.184  20.340 0.0000000000
52699  -52.348  -27.820  19.804 0.0000000000
52711  -51.858  -27.323  19.146 0.0000000000
52725  -50.181  -27.002  17.935 0.0000000000
53575  -51.411  -26.300  18.106 0.0000000000
120440  -49.558  -26.828  17.556 0.0000000000
53586  -48.488  -26.599  16.839 0.0000000000
53585  -47.916  -26.194  16.219 0.0000000000
111320  -47.140  -26.030  15.709 0.0000000000
54460  -47.711  -25.550  15.648 0.0000000000
55320  -48.010  -24.847  15.330 0.0000000000
112734  -48.521  -23.545  13.476 0.0000000000
57175  -52.608  -22.743  12.512 0.0000000000
56244  -51.925  -23.327  10.787 0.0000000000
27836  -24.181  -54.461  29.006 0.0000000000
27837  -24.849  -54.369  29.039 0.0000000000
28794  -24.622  -53.565  27.629 0.0000000000
28795  -24.973  -53.356  27.834 0.0000000000
29779  -24.738  -52.944  25.249 0.0000000000
33538  -25.670  -48.623  26.663 0.0000000000
32626  -23.856  -49.688  23.124 0.0000000000
30779  -24.309  -50.927  20.044 0.0000000000
31744  -25.373  -50.150  19.575 0.0000000000
127280  -33.752  -45.127  25.245 0.0000000000
36577  -33.516  -44.891  24.811 0.0000000000
37589  -31.797  -44.757  24.417 0.0000000000
120405  -31.300  -44.419  23.629 0.0000000000
37603  -30.400  -44.470  23.599 0.0000000000
112349  -29.231  -44.282  23.031 0.0000000000
37614  -28.432  -44.183  22.620 0.0000000000
44860  -34.406  -36.847  15.696 0.0000000000
44846  -35.189  -36.968  16.352 0.0000000000
44848  -36.860  -36.682  16.717 0.0000000000
44849  -37.519  -36.528  16.761 0.0000000000
43898  -40.384  -37.619  19.282 0.0000000000
43910  -40.612  -37.008  18.494 0.0000000000
128304  -40.514  -36.699  17.957 0.0000000000
44839  -40.410  -36.522  17.412 0.0000000000
44853  -41.942  -36.358  15.617 0.0000000000
124452  -43.262  -36.477  15.280 0.0000000000
107672  -43.373  -36.523  16.048 0.0000000000
44868  -43.383  -36.404  15.085 0.0000000000
125127  -43.929  -36.286  15.234 0.0000000000
46635  -44.871  -35.204  16.535 0.0000000000
36559  -41.905  -45.397  24.945 0.0000000000
35551  -42.021  -46.985  23.932 0.0000000000
34551  -41.680  -47.512  22.474 0.0000000000
34544  -42.892  -47.371  23.610 0.0000000000
34565  -42.085  -47.467  22.093 0.0000000000
34564  -41.443  -47.428  21.644 0.0000000000
34575  -41.158  -47.291  21.111 0.0000000000
36633  -40.118  -46.832  20.256 0.0000000000
37608  -42.703  -44.932  23.338 0.0000000000
37623  -42.413  -45.410  22.712 0.0000000000
37622  -41.811  -45.147  22.471 0.0000000000
38572  -40.492  -43.922  22.747 0.0000000000
36608  -40.829  -45.605  21.311 0.0000000000
37639  -39.831  -45.372  21.002 0.0000000000
37648  -39.288  -45.770  20.236 0.0000000000
36632  -38.184  -45.672  19.768 0.0000000000
37663  -37.550  -45.118  19.645 0.0000000000
37669  -36.645  -44.840  17.486 0.0000000000
38613  -36.379  -43.746  19.374 0.0000000000
38623  -36.359  -44.325  18.452 0.0000000000
38629  -35.505  -44.201  16.505 0.0000000000
39537  -33.315  -43.364  13.876 0.0000000000
40381  -34.027  -41.928  17.650 0.0000000000
40386  -32.970  -41.612  16.535 0.0000000000
110722  -33.110  -40.684  17.185 0.0000000000
41286  -33.521  -40.002  17.624 0.0000000000
126713  -36.584  -40.708  20.466 0.0000000000
118111  -36.091  -40.694  20.013 0.0000000000
42149  -33.543  -39.206  17.343 0.0000000000
43022  -33.111  -38.731  16.584 0.0000000000
43023  -33.864  -38.457  17.116 0.0000000000
43916  -34.665  -38.182  17.410 0.0000000000
116018  -34.308  -37.404  16.371 0.0000000000
55310  -53.554  -24.097  17.257 0.0000000000
56150  -54.050  -23.701  16.924 0.0000000000
125209  -54.169  -23.162  15.626 0.0000000000
56175  -55.057  -23.030  16.112 0.0000000000
57136  -54.077  -22.709  14.387 0.0000000000
57138  -55.634  -22.259  13.901 0.0000000000
109181  -54.170  -22.609  12.979 0.0000000000
57177  -54.307  -22.952  12.073 0.0000000000
110553  -54.760  -24.213  10.762 0.0000000000
56248  -55.667  -23.877  11.007 0.0000000000
115622  -26.881  -50.428  30.985 0.0000000000
32544  -27.397  -49.155  30.702 0.0000000000
32556  -26.917  -49.406  29.967 0.0000000000
33479  -29.508  -48.248  30.801 0.0000000000
33539  -26.176  -48.150  27.159 0.0000000000
34502  -25.838  -47.888  26.378 0.0000000000
34520  -26.083  -47.000  25.949 0.0000000000
34532  -25.198  -46.884  24.601 0.0000000000
35556  -24.433  -46.839  23.211 0.0000000000
38609  -30.237  -43.020  20.184 0.0000000000
44873  -35.030  -36.023  14.683 0.0000000000
45741  -35.531  -35.615  14.137 0.0000000000
45750  -35.158  -35.526  13.436 0.0000000000
45758  -35.318  -35.376  12.751 0.0000000000
45734  -39.209  -35.689  14.811 0.0000000000
48534  -38.967  -32.273  14.918 0.0000000000
51078  -39.963  -29.695  15.493 0.0000000000
51937  -41.993  -28.577  15.508 0.0000000000
33486  -36.419  -48.260  30.649 0.0000000000
33485  -35.641  -47.944  30.256 0.0000000000
33498  -36.265  -48.055  29.720 0.0000000000
34458  -36.170  -47.866  29.028 0.0000000000
33510  -37.077  -49.120  27.829 0.0000000000
34474  -36.393  -48.214  28.223 0.0000000000
119352  -35.298  -46.707  26.426 0.0000000000
34488  -38.418  -48.469  26.795 0.0000000000
33543  -37.986  -49.065  26.482 0.0000000000
123914  -37.067  -48.983  25.766 0.0000000000
33567  -36.559  -48.426  24.918 0.0000000000
33558  -36.618  -48.609  25.423 0.0000000000
33540  -36.164  -48.416  25.477 0.0000000000
125306  -35.519  -47.200  25.655 0.0000000000
35532  -35.258  -46.315  25.643 0.0000000000
36556  -34.879  -45.652  25.528 0.0000000000
122682  -34.531  -45.207  24.908 0.0000000000
37606  -34.404  -44.554  23.363 0.0000000000
37618  -32.762  -43.920  22.847 0.0000000000
38568  -32.630  -43.555  22.048 0.0000000000
38593  -31.915  -42.995  20.957 0.0000000000
37594  -40.889  -44.966  24.671 0.0000000000
125694  -40.214  -45.067  24.322 0.0000000000
36596  -39.330  -45.780  23.139 0.0000000000
35573  -39.809  -46.678  22.278 0.0000000000
36606  -37.874  -46.300  22.399 0.0000000000
35618  -37.572  -46.334  19.348 0.0000000000
35617  -36.994  -46.485  19.154 0.0000000000
112636  -37.243  -46.597  19.648 0.0000000000
35615  -35.489  -46.522  18.292 0.0000000000
108074  -36.330  -46.758  19.204 0.0000000000
35600  -36.517  -46.791  19.931 0.0000000000
122030  -36.063  -46.949  20.661 0.0000000000
35586  -35.978  -47.089  21.440 0.0000000000
37643  -33.893  -44.252  20.119 0.0000000000
39486  -31.742  -42.663  20.116 0.0000000000
39485  -30.966  -42.638  19.835 0.0000000000
42082  -44.632  -39.545  23.489 0.0000000000
42942  -46.989  -38.692  23.199 0.0000000000
27816  -24.852  -54.902  30.295 0.0000000000
28756  -26.278  -53.714  31.119 0.0000000000
30671  -26.649  -52.023  31.398 0.0000000000
30661  -27.160  -51.405  32.894 0.0000000000
31623  -27.473  -50.483  32.489 0.0000000000
32523  -29.641  -49.279  32.653 0.0000000000
32524  -30.502  -49.184  32.762 0.0000000000
32525  -31.450  -49.061  32.849 0.0000000000
33447  -33.106  -48.700  32.627 0.0000000000
121543  -34.467  -48.379  32.053 0.0000000000
33465  -35.812  -48.191  31.523 0.0000000000
117730  -36.214  -48.151  32.131 0.0000000000
125674  -37.068  -48.487  30.864 0.0000000000
32545  -38.054  -49.016  30.085 0.0000000000
33468  -38.475  -48.297  31.047 0.0000000000
32546  -38.620  -48.966  30.176 0.0000000000
32559  -38.971  -49.093  29.619 0.0000000000
34459  -40.142  -47.285  29.917 0.0000000000
125959  -39.684  -45.571  28.278 0.0000000000
36518  -39.900  -44.946  28.002 0.0000000000
37501  -40.811  -44.837  29.281 0.0000000000
37526  -40.493  -44.501  28.462 0.0000000000
37551  -40.233  -44.094  27.469 0.0000000000
38516  -40.638  -43.397  26.898 0.0000000000
38517  -41.230  -43.115  26.529 0.0000000000
39386  -41.771  -42.570  27.838 0.0000000000
38544  -41.493  -43.568  25.896 0.0000000000
126110  -42.302  -43.787  25.884 0.0000000000
37565  -43.179  -44.825  25.805 0.0000000000
36561  -43.659  -46.022  25.638 0.0000000000
38519  -43.879  -43.478  26.443 0.0000000000
121469  -43.807  -44.408  26.242 0.0000000000
35536  -44.158  -46.303  25.549 0.0000000000
35537  -44.452  -46.277  25.329 0.0000000000
36587  -44.847  -45.399  25.079 0.0000000000
37597  -44.927  -44.782  25.034 0.0000000000
37569  -46.205  -43.859  25.936 0.0000000000
38555  -45.254  -44.004  25.345 0.0000000000
38554  -44.652  -43.834  24.950 0.0000000000
111797  -44.423  -42.545  25.019 0.0000000000
40309  -44.694  -41.507  25.082 0.0000000000
41212  -44.301  -40.795  24.651 0.0000000000
42102  -44.701  -39.009  22.637 0.0000000000
42975  -46.263  -37.861  21.938 0.0000000000
43868  -44.914  -37.702  21.211 0.0000000000
43890  -45.573  -37.108  20.531 0.0000000000
44767  -49.207  -35.932  20.921 0.0000000000
44766  -48.249  -36.426  20.706 0.0000000000
44793  -48.971  -35.735  19.899 0.0000000000
44792  -48.177  -36.297  19.652 0.0000000000
44808  -47.167  -36.572  18.493 0.0000000000
44807  -46.225  -36.685  18.473 0.0000000000
44826  -46.302  -36.802  17.113 0.0000000000
44842  -46.850  -36.704  16.677 0.0000000000
45718  -46.349  -36.450  16.290 0.0000000000
46638  -47.504  -35.710  17.198 0.0000000000
46636  -45.893  -35.515  16.589 0.0000000000
46620  -44.063  -34.434  17.670 0.0000000000
47527  -45.805  -33.788  20.563 0.0000000000
47538  -45.447  -34.079  19.678 0.0000000000
47546  -42.610  -33.492  18.396 0.0000000000
48513  -42.171  -32.727  18.850 0.0000000000
49381  -41.468  -31.616  18.504 0.0000000000
116293  -41.658  -31.122  18.781 0.0000000000
50226  -41.639  -30.488  18.497 0.0000000000
51069  -41.603  -29.736  17.484 0.0000000000
51938  -42.705  -28.194  15.515 0.0000000000
51869  -48.323  -28.465  21.674 0.0000000000
107755  -47.825  -28.532  20.740 0.0000000000
51886  -52.110  -28.604  20.822 0.0000000000
51885  -51.502  -28.723  20.908 0.0000000000
107233  -50.361  -28.619  20.412 0.0000000000
52708  -48.895  -28.107  18.424 0.0000000000
51908  -49.284  -28.451  19.143 0.0000000000
51896  -49.389  -28.593  19.887 0.0000000000
51895  -48.559  -28.556  19.449 0.0000000000
51894  -47.143  -28.620  19.430 0.0000000000
51916  -45.653  -28.568  17.759 0.0000000000
51929  -45.990  -28.181  17.150 0.0000000000
51927  -44.435  -28.503  16.842 0.0000000000
52734  -44.079  -28.164  16.246 0.0000000000
51948  -42.377  -27.847  14.911 0.0000000000
52761  -42.622  -27.272  14.444 0.0000000000
53613  -42.923  -26.604  13.952 0.0000000000
54487  -42.823  -26.032  13.249 0.0000000000
54502  -42.570  -25.566  12.501 0.0000000000
54475  -45.386  -25.431  14.424 0.0000000000
55337  -45.786  -24.589  13.852 0.0000000000
54489  -44.971  -25.096  13.855 0.0000000000
121598  -43.931  -25.264  13.223 0.0000000000
56172  -51.954  -23.786  16.072 0.0000000000
125954  -51.467  -23.719  15.519 0.0000000000
56171  -51.111  -23.593  15.010 0.0000000000
56189  -51.709  -23.337  14.560 0.0000000000
56188  -50.402  -23.549  14.491 0.0000000000
56206  -49.177  -23.419  13.407 0.0000000000
126994  -47.990  -23.369  12.505 0.0000000000
57174  -51.708  -22.733  12.370 0.0000000000
57172  -49.976  -22.832  12.123 0.0000000000
107186  -47.383  -23.395  12.249 0.0000000000
28774  -23.701  -54.132  28.486 0.0000000000
28803  -23.080  -53.144  26.774 0.0000000000
30740  -20.880  -51.527  23.144 0.0000000000
30732  -21.412  -51.542  23.844 0.0000000000
31647  -26.048  -51.452  28.997 0.0000000000
30713  -25.237  -51.925  27.562 0.0000000000
30718  -24.906  -52.548  25.825 0.0000000000
32606  -24.756  -50.410  25.820 0.0000000000
31691  -24.770  -51.480  24.953 0.0000000000
29821  -22.693  -52.274  21.481 0.0000000000
28897  -25.271  -52.592  18.806 0.0000000000
34456  -34.317  -47.459  29.674 0.0000000000
119099  -34.195  -46.731  28.414 0.0000000000
35480  -33.332  -46.687  28.482 0.0000000000
35478  -31.862  -46.646  28.471 0.0000000000
119844  -31.458  -46.480  28.159 0.0000000000
35494  -30.358  -46.342  27.531 0.0000000000
36534  -32.904  -45.517  26.209 0.0000000000
36533  -31.923  -45.579  26.189 0.0000000000
35515  -31.571  -45.857  26.810 0.0000000000
35514  -30.731  -45.977  26.871 0.0000000000
35513  -29.844  -46.131  26.885 0.0000000000
36529  -28.389  -45.926  26.189 0.0000000000
36548  -27.039  -45.680  25.261 0.0000000000
36571  -27.570  -45.260  24.690 0.0000000000
35546  -26.278  -45.942  24.964 0.0000000000
35557  -24.753  -46.173  22.982 0.0000000000
35567  -24.462  -46.484  22.269 0.0000000000
38591  -29.102  -43.413  20.497 0.0000000000
38590  -28.207  -43.739  20.409 0.0000000000
38579  -28.438  -43.653  21.155 0.0000000000
123212  -27.780  -43.860  20.939 0.0000000000
37634  -27.820  -43.997  21.672 0.0000000000
121475  -27.051  -44.314  21.674 0.0000000000
37641  -26.953  -44.776  20.539 0.0000000000
37632  -26.537  -44.624  21.264 0.0000000000
37611  -25.878  -44.962  21.659 0.0000000000
36619  -25.497  -45.534  21.393 0.0000000000
36601  -24.901  -45.937  21.767 0.0000000000
35584  -24.645  -46.606  21.434 0.0000000000
32592  -38.289  -49.345  27.690 0.0000000000
33526  -39.166  -48.659  28.121 0.0000000000
33559  -37.006  -48.665  25.326 0.0000000000
34536  -43.441  -47.062  24.461 0.0000000000
34537  -43.790  -47.031  24.466 0.0000000000
34550  -40.989  -47.544  21.879 0.0000000000
34552  -42.559  -47.448  22.763 0.0000000000
34553  -43.077  -47.391  23.218 0.0000000000
34561  -39.493  -47.191  20.349 0.0000000000
34574  -39.709  -47.123  20.237 0.0000000000
35483  -39.992  -46.227  29.124 0.0000000000
35538  -44.644  -46.056  24.931 0.0000000000
35563  -43.321  -47.138  23.423 0.0000000000
35591  -40.847  -47.049  20.714 0.0000000000
35592  -41.556  -47.130  21.195 0.0000000000
35630  -36.482  -46.216  16.891 0.0000000000
36539  -44.909  -45.895  26.044 0.0000000000
36562  -44.978  -45.702  25.632 0.0000000000
36582  -39.843  -45.410  23.768 0.0000000000
36598  -43.566  -46.487  23.507 0.0000000000
36599  -44.125  -46.435  24.280 0.0000000000
36624  -40.527  -46.330  20.613 0.0000000000
36653  -37.068  -45.748  17.533 0.0000000000
36671  -35.769  -45.021  14.741 0.0000000000
37566  -44.280  -45.366  26.157 0.0000000000
37567  -45.062  -45.223  26.259 0.0000000000
37595  -43.688  -44.795  24.194 0.0000000000
37619  -33.859  -44.130  22.721 0.0000000000
37621  -41.045  -44.869  22.203 0.0000000000
37671  -37.197  -45.310  18.859 0.0000000000
39469  -37.855  -42.213  22.120 0.0000000000
39482  -37.998  -43.033  21.970 0.0000000000
39497  -31.565  -42.493  19.299 0.0000000000
40325  -41.837  -41.023  24.032 0.0000000000
41226  -43.357  -40.132  23.842 0.0000000000
42145  -34.587  -39.413  18.263 0.0000000000
43030  -32.501  -38.566  14.781 0.0000000000
43933  -33.064  -37.263  14.455 0.0000000000
44828  -48.259  -36.101  18.116 0.0000000000
46625  -48.399  -35.273  18.465 0.0000000000
51857  -51.812  -28.686  22.755 0.0000000000
51858  -52.057  -28.549  21.982 0.0000000000
51909  -50.185  -28.256  19.245 0.0000000000
52700  -52.936  -27.527  19.983 0.0000000000
52739  -48.274  -27.181  17.258 0.0000000000
107414  -50.653  -28.732  21.514 0.0000000000
112372  -50.869  -28.914  23.213 0.0000000000
114793  -33.129  -45.196  25.434 0.0000000000
115621  -51.514  -28.901  22.841 0.0000000000
121323  -42.882  -46.628  24.844 0.0000000000
124333  -48.178  -28.388  23.289 0.0000000000
124489  -23.703  -49.090  22.651 0.0000000000
125845  -36.394  -46.845  20.452 0.0000000000
127010  -42.211  -28.222  15.204 0.0000000000
127855  -34.264  -37.889  16.894 0.0000000000
127983  -43.133  -47.260  24.073 0.0000000000
