#!ascii label  , from subject sub-v2s8x29231_ses-1 vox2ras=TkReg
1019
36316  22.884  -44.894  25.760 0.0000000000
39219  35.601  -42.388  31.728 0.0000000000
60942  42.288  -19.167  10.788 0.0000000000
50591  35.555  -30.762  19.294 0.0000000000
44981  40.589  -35.910  25.467 0.0000000000
68957  52.570  -10.475  5.579 0.0000000000
58129  42.677  -22.788  13.526 0.0000000000
129199  37.556  -24.670  13.387 0.0000000000
35280  17.222  -46.110  25.267 0.0000000000
38286  29.363  -43.015  28.420 0.0000000000
38342  31.929  -43.185  24.681 0.0000000000
40307  25.552  -41.360  23.351 0.0000000000
65330  47.056  -13.988  8.833 0.0000000000
36282  24.840  -44.568  30.928 0.0000000000
33281  20.785  -47.379  29.426 0.0000000000
62631  47.161  -17.014  11.032 0.0000000000
33286  14.961  -46.722  30.795 0.0000000000
31172  10.153  -50.430  29.501 0.0000000000
54308  37.473  -26.672  18.368 0.0000000000
48598  38.287  -32.493  22.670 0.0000000000
44091  38.786  -37.817  20.974 0.0000000000
42168  35.221  -39.426  23.706 0.0000000000
116938  42.134  -23.230  15.055 0.0000000000
57140  40.544  -23.513  13.544 0.0000000000
56137  39.775  -23.795  15.776 0.0000000000
58120  44.752  -22.558  14.375 0.0000000000
36331  21.514  -44.766  23.861 0.0000000000
35330  18.998  -46.291  22.455 0.0000000000
35277  20.355  -46.400  25.334 0.0000000000
38305  25.392  -43.089  27.697 0.0000000000
39275  26.912  -42.308  25.942 0.0000000000
111586  23.506  -43.223  24.968 0.0000000000
38376  22.472  -43.474  22.106 0.0000000000
62640  41.886  -17.580  9.127 0.0000000000
60001  45.119  -19.944  11.870 0.0000000000
61802  44.791  -18.467  10.896 0.0000000000
63500  44.610  -16.266  9.431 0.0000000000
32204  19.226  -47.466  33.055 0.0000000000
33284  17.512  -46.583  30.348 0.0000000000
33233  16.582  -47.250  32.948 0.0000000000
29058  10.593  -51.571  34.105 0.0000000000
31154  11.616  -49.894  32.433 0.0000000000
29088  9.420  -51.821  31.389 0.0000000000
27107  7.710  -53.569  30.371 0.0000000000
27087  7.310  -54.500  32.239 0.0000000000
49546  38.924  -31.652  24.812 0.0000000000
47697  40.814  -33.792  23.636 0.0000000000
111671  40.811  -34.958  21.436 0.0000000000
44074  40.371  -37.283  23.084 0.0000000000
40325  29.471  -41.556  22.241 0.0000000000
40299  34.177  -40.930  24.084 0.0000000000
41251  32.162  -40.426  21.514 0.0000000000
43171  33.549  -38.503  21.578 0.0000000000
52396  36.332  -28.347  18.624 0.0000000000
53421  35.380  -27.524  16.501 0.0000000000
129846  33.912  -30.068  16.536 0.0000000000
71611  54.598  -7.855  3.239 0.0000000000
69853  52.636  -9.752  3.431 0.0000000000
59104  42.290  -21.204  12.045 0.0000000000
58152  40.213  -22.194  12.033 0.0000000000
59083  44.898  -21.578  13.180 0.0000000000
122962  32.107  -44.027  29.556 0.0000000000
114093  33.705  -42.530  27.894 0.0000000000
38317  30.438  -43.429  26.452 0.0000000000
40282  28.252  -41.947  24.090 0.0000000000
41239  26.645  -40.514  22.025 0.0000000000
66176  49.844  -13.843  11.328 0.0000000000
67130  49.812  -12.444  9.299 0.0000000000
67145  50.126  -11.953  7.738 0.0000000000
68074  50.669  -11.635  5.163 0.0000000000
132517  23.628  -44.920  28.579 0.0000000000
34283  22.479  -47.348  27.407 0.0000000000
34246  22.489  -46.528  29.704 0.0000000000
37370  27.033  -43.163  30.533 0.0000000000
64399  47.501  -15.501  10.777 0.0000000000
34286  19.160  -46.983  27.344 0.0000000000
34288  16.753  -46.324  27.867 0.0000000000
34291  13.583  -47.190  27.475 0.0000000000
33226  13.473  -48.447  33.172 0.0000000000
33263  12.504  -48.392  30.603 0.0000000000
23825  4.773  -57.039  33.119 0.0000000000
55210  39.611  -24.700  18.136 0.0000000000
51464  36.964  -29.146  21.088 0.0000000000
50533  37.385  -30.521  23.047 0.0000000000
48614  36.575  -31.997  21.383 0.0000000000
47741  38.398  -33.685  20.882 0.0000000000
45911  39.917  -35.717  19.848 0.0000000000
44113  37.321  -37.335  19.069 0.0000000000
41183  35.386  -40.769  27.490 0.0000000000
42133  36.873  -38.738  25.995 0.0000000000
43109  38.851  -38.193  24.881 0.0000000000
43155  36.878  -38.560  22.410 0.0000000000
44103  35.284  -37.623  20.641 0.0000000000
55239  37.415  -25.519  16.176 0.0000000000
54379  35.150  -26.507  13.612 0.0000000000
132659  42.233  -23.305  16.352 0.0000000000
57119  40.648  -23.419  15.311 0.0000000000
57102  40.704  -23.513  16.275 0.0000000000
57116  43.378  -23.185  15.599 0.0000000000
111161  22.029  -44.655  24.581 0.0000000000
36332  20.609  -45.536  24.186 0.0000000000
35275  21.819  -45.855  25.441 0.0000000000
130543  24.080  -43.754  26.677 0.0000000000
112133  24.232  -43.155  26.041 0.0000000000
111137  23.023  -43.769  25.039 0.0000000000
38359  22.397  -43.854  23.639 0.0000000000
61804  42.462  -18.501  10.349 0.0000000000
60926  43.757  -19.485  11.393 0.0000000000
61789  44.771  -19.304  11.374 0.0000000000
60941  43.104  -18.944  10.915 0.0000000000
61803  43.277  -18.228  10.416 0.0000000000
28082  9.601  -52.514  34.053 0.0000000000
29070  9.787  -51.932  32.809 0.0000000000
29071  9.307  -52.357  32.395 0.0000000000
28133  8.596  -52.717  31.243 0.0000000000
28114  8.344  -53.244  31.699 0.0000000000
27098  7.262  -54.336  31.545 0.0000000000
47684  40.991  -34.003  25.070 0.0000000000
46755  41.154  -35.064  24.659 0.0000000000
45876  41.341  -35.438  23.501 0.0000000000
114899  41.063  -36.815  23.895 0.0000000000
40225  36.374  -41.311  31.059 0.0000000000
42193  29.201  -40.531  20.822 0.0000000000
41235  31.381  -41.124  21.523 0.0000000000
42191  30.956  -40.336  20.559 0.0000000000
42208  31.241  -39.443  20.176 0.0000000000
51487  35.826  -29.840  19.157 0.0000000000
51519  35.117  -29.232  17.750 0.0000000000
68953  52.682  -10.533  6.403 0.0000000000
129403  53.659  -9.822  6.236 0.0000000000
69835  53.689  -9.696  5.585 0.0000000000
116117  53.392  -9.403  3.943 0.0000000000
69849  52.920  -9.934  4.333 0.0000000000
59094  42.872  -21.867  12.532 0.0000000000
59105  41.401  -21.337  11.884 0.0000000000
58140  41.548  -22.699  12.702 0.0000000000
113264  39.079  -24.028  13.828 0.0000000000
57154  38.850  -23.560  12.453 0.0000000000
56170  37.583  -24.478  12.629 0.0000000000
58128  43.442  -22.520  13.571 0.0000000000
58138  43.606  -22.095  12.926 0.0000000000
128292  43.600  -21.530  12.523 0.0000000000
35319  18.039  -46.345  23.440 0.0000000000
35281  16.317  -46.266  25.344 0.0000000000
37367  30.738  -43.573  28.985 0.0000000000
37395  31.235  -43.894  28.107 0.0000000000
38301  29.500  -43.123  27.515 0.0000000000
40268  26.117  -41.757  24.978 0.0000000000
40266  28.029  -42.107  24.825 0.0000000000
40305  27.204  -41.412  23.665 0.0000000000
41221  27.692  -41.290  23.090 0.0000000000
41223  26.081  -40.980  22.720 0.0000000000
40328  24.356  -41.605  22.096 0.0000000000
46808  36.958  -34.000  19.122 0.0000000000
65326  48.085  -13.890  9.944 0.0000000000
66188  49.541  -13.304  10.683 0.0000000000
66200  48.557  -13.290  9.506 0.0000000000
67147  48.740  -12.522  6.898 0.0000000000
67150  49.160  -12.332  6.115 0.0000000000
67155  49.931  -11.997  5.622 0.0000000000
131763  24.067  -44.770  30.002 0.0000000000
35230  22.875  -46.085  29.287 0.0000000000
115342  23.789  -45.613  30.971 0.0000000000
37354  25.333  -44.026  30.694 0.0000000000
37372  25.066  -43.732  29.828 0.0000000000
64396  48.297  -15.807  11.296 0.0000000000
63491  47.087  -16.213  10.820 0.0000000000
63506  44.298  -15.725  8.552 0.0000000000
33303  21.304  -47.549  28.318 0.0000000000
34284  20.486  -47.574  27.128 0.0000000000
33327  20.090  -47.511  27.832 0.0000000000
33285  16.207  -46.465  30.652 0.0000000000
34268  17.056  -46.382  28.735 0.0000000000
34269  15.491  -46.433  29.399 0.0000000000
34290  14.490  -46.734  27.914 0.0000000000
34250  13.783  -47.034  29.517 0.0000000000
32195  13.128  -48.869  33.836 0.0000000000
30151  10.636  -50.539  31.378 0.0000000000
119896  12.065  -49.069  31.175 0.0000000000
32268  11.164  -49.245  29.641 0.0000000000
32267  11.673  -48.395  29.178 0.0000000000
52353  37.367  -28.380  20.710 0.0000000000
48585  38.581  -32.199  23.348 0.0000000000
49547  38.264  -31.153  24.370 0.0000000000
49578  37.891  -31.845  23.074 0.0000000000
49579  37.328  -31.318  22.760 0.0000000000
48613  37.214  -32.483  21.781 0.0000000000
48626  36.797  -32.904  21.128 0.0000000000
47726  38.493  -33.312  21.576 0.0000000000
115964  40.330  -36.917  21.391 0.0000000000
45910  40.316  -35.557  20.451 0.0000000000
45037  39.160  -37.265  20.356 0.0000000000
44100  38.408  -37.277  19.742 0.0000000000
111617  38.293  -37.605  20.518 0.0000000000
131475  33.440  -42.780  26.595 0.0000000000
39247  34.344  -41.892  27.827 0.0000000000
39267  33.857  -42.175  25.783 0.0000000000
41216  34.837  -39.860  24.188 0.0000000000
41197  35.108  -40.245  25.959 0.0000000000
42157  35.976  -39.078  24.789 0.0000000000
43110  38.082  -38.303  25.369 0.0000000000
43128  37.412  -38.802  24.118 0.0000000000
43142  38.049  -38.672  23.750 0.0000000000
118480  36.413  -38.900  23.105 0.0000000000
43191  32.844  -37.639  19.731 0.0000000000
44104  34.571  -37.778  20.972 0.0000000000
55211  38.537  -25.645  18.246 0.0000000000
56111  38.846  -24.943  16.973 0.0000000000
55225  37.447  -25.874  17.097 0.0000000000
53440  34.266  -27.986  15.044 0.0000000000
54349  35.516  -26.715  15.372 0.0000000000
71618  54.368  -7.430  2.362 0.0000000000
57138  42.219  -23.188  14.207 0.0000000000
57151  41.124  -23.267  13.065 0.0000000000
57139  41.350  -23.395  13.817 0.0000000000
57131  39.849  -23.711  14.117 0.0000000000
118848  38.553  -24.414  14.215 0.0000000000
57115  44.653  -22.962  15.638 0.0000000000
57127  43.640  -23.105  14.856 0.0000000000
36348  20.401  -45.386  23.180 0.0000000000
35317  19.729  -45.692  23.612 0.0000000000
35278  19.327  -46.222  25.076 0.0000000000
111616  26.696  -42.756  28.218 0.0000000000
39248  28.076  -42.668  27.115 0.0000000000
39259  26.587  -42.592  26.768 0.0000000000
131030  24.971  -42.134  25.379 0.0000000000
39291  24.577  -42.072  24.415 0.0000000000
39324  24.079  -42.016  22.889 0.0000000000
38358  22.789  -43.307  23.105 0.0000000000
114837  22.000  -44.053  22.320 0.0000000000
65335  46.141  -14.108  7.523 0.0000000000
35220  24.124  -45.979  31.777 0.0000000000
60924  46.232  -19.074  11.582 0.0000000000
61787  46.406  -18.426  11.299 0.0000000000
62632  46.366  -17.519  10.893 0.0000000000
63493  45.741  -16.824  10.407 0.0000000000
128150  44.290  -17.420  10.134 0.0000000000
115314  43.455  -17.435  9.833 0.0000000000
32247  20.005  -47.260  31.414 0.0000000000
33282  19.589  -47.006  29.610 0.0000000000
33241  18.650  -47.081  31.544 0.0000000000
131225  17.437  -46.835  31.709 0.0000000000
110726  16.198  -46.767  31.914 0.0000000000
31127  11.992  -49.938  34.008 0.0000000000
31141  11.150  -50.725  33.259 0.0000000000
30142  10.325  -51.043  31.960 0.0000000000
30153  9.341  -51.598  30.559 0.0000000000
116832  8.852  -51.826  30.049 0.0000000000
48583  40.028  -33.035  24.070 0.0000000000
47698  39.846  -33.128  23.213 0.0000000000
47725  39.314  -33.434  21.831 0.0000000000
47709  40.392  -33.666  22.721 0.0000000000
45891  40.967  -35.822  21.751 0.0000000000
44082  40.029  -37.614  22.157 0.0000000000
39308  30.585  -42.413  23.345 0.0000000000
40280  33.137  -42.183  23.842 0.0000000000
40301  32.589  -42.013  23.038 0.0000000000
41219  33.203  -41.132  22.705 0.0000000000
42170  34.150  -39.891  22.929 0.0000000000
42179  34.420  -39.227  22.722 0.0000000000
42189  33.067  -39.135  21.707 0.0000000000
43182  32.551  -38.246  20.474 0.0000000000
53394  36.576  -27.654  18.344 0.0000000000
54321  36.565  -26.836  17.352 0.0000000000
53410  35.632  -27.777  17.223 0.0000000000
52433  34.432  -28.615  16.302 0.0000000000
70735  54.394  -8.510  3.865 0.0000000000
69851  53.769  -8.878  3.696 0.0000000000
60004  42.605  -20.451  11.667 0.0000000000
60021  41.129  -20.017  10.966 0.0000000000
60006  40.832  -20.753  11.335 0.0000000000
58142  39.889  -22.869  12.371 0.0000000000
57164  39.106  -23.033  12.100 0.0000000000
59073  45.983  -21.792  14.142 0.0000000000
59081  46.419  -21.192  13.691 0.0000000000
59979  46.009  -20.723  12.978 0.0000000000
59990  44.980  -20.567  12.334 0.0000000000
60003  43.489  -20.295  11.759 0.0000000000
37363  33.992  -43.191  30.808 0.0000000000
119720  34.389  -42.622  29.769 0.0000000000
37380  33.141  -43.552  28.882 0.0000000000
38315  32.586  -43.654  26.504 0.0000000000
38331  31.214  -43.382  25.156 0.0000000000
39257  28.364  -42.645  26.163 0.0000000000
121490  29.190  -42.674  25.070 0.0000000000
39288  29.661  -42.648  24.353 0.0000000000
40304  29.213  -41.917  23.025 0.0000000000
118487  28.082  -40.613  21.823 0.0000000000
42195  27.307  -39.662  20.793 0.0000000000
67129  50.691  -12.091  9.616 0.0000000000
67143  48.724  -12.673  8.021 0.0000000000
67142  49.571  -12.343  8.366 0.0000000000
68038  50.992  -11.729  8.839 0.0000000000
68066  50.731  -11.589  7.126 0.0000000000
68069  51.415  -11.273  6.566 0.0000000000
68073  51.371  -11.278  5.647 0.0000000000
68963  51.810  -10.849  4.278 0.0000000000
36307  23.202  -45.332  26.463 0.0000000000
35254  23.050  -46.400  26.676 0.0000000000
118761  23.163  -46.484  27.452 0.0000000000
34264  22.265  -47.108  28.132 0.0000000000
32263  21.561  -47.123  29.858 0.0000000000
34235  22.909  -46.955  31.661 0.0000000000
32245  21.226  -47.204  30.903 0.0000000000
32202  20.925  -47.555  33.040 0.0000000000
123675  34.636  -43.098  31.961 0.0000000000
37335  32.846  -43.909  31.515 0.0000000000
37349  31.212  -43.798  30.404 0.0000000000
37368  29.881  -43.146  29.884 0.0000000000
37351  28.757  -43.359  31.161 0.0000000000
38274  27.657  -42.821  29.783 0.0000000000
38289  25.640  -43.035  28.443 0.0000000000
37396  24.172  -44.061  27.642 0.0000000000
65312  49.400  -14.586  11.460 0.0000000000
131083  48.754  -14.548  11.178 0.0000000000
65328  46.615  -14.593  9.321 0.0000000000
63499  45.904  -15.992  10.127 0.0000000000
64403  46.207  -15.281  9.727 0.0000000000
64407  45.827  -14.895  8.926 0.0000000000
126352  21.539  -47.020  26.104 0.0000000000
34312  19.505  -47.083  26.403 0.0000000000
35257  18.841  -46.731  26.299 0.0000000000
127890  18.583  -46.611  28.648 0.0000000000
34287  18.414  -46.575  27.413 0.0000000000
35259  16.983  -46.087  26.171 0.0000000000
130986  15.375  -46.459  26.516 0.0000000000
34317  14.259  -47.108  26.261 0.0000000000
33234  15.495  -47.400  32.959 0.0000000000
33244  14.106  -47.643  31.991 0.0000000000
33245  13.193  -48.253  31.688 0.0000000000
33287  13.912  -47.201  30.424 0.0000000000
116041  12.942  -47.373  28.996 0.0000000000
24945  5.915  -56.015  32.395 0.0000000000
56109  40.216  -24.096  17.631 0.0000000000
54297  37.794  -26.860  19.119 0.0000000000
52372  37.170  -28.164  19.848 0.0000000000
51486  36.349  -29.402  19.685 0.0000000000
51466  36.052  -30.213  19.930 0.0000000000
51431  37.358  -29.697  22.733 0.0000000000
50559  36.508  -31.011  21.494 0.0000000000
50575  35.863  -31.063  20.129 0.0000000000
48627  36.237  -32.367  20.681 0.0000000000
47753  37.202  -33.827  19.898 0.0000000000
46807  38.168  -34.317  19.330 0.0000000000
46785  39.393  -33.812  21.146 0.0000000000
46798  39.646  -34.544  20.294 0.0000000000
45918  39.427  -35.653  19.298 0.0000000000
45044  39.255  -36.497  19.451 0.0000000000
44112  38.469  -37.032  18.605 0.0000000000
44032  39.745  -36.806  26.009 0.0000000000
39233  35.625  -41.711  29.597 0.0000000000
41176  36.070  -40.392  28.679 0.0000000000
42106  36.231  -39.540  28.253 0.0000000000
40264  34.578  -41.018  26.360 0.0000000000
41190  35.813  -39.906  26.995 0.0000000000
43074  37.131  -38.003  27.349 0.0000000000
43092  38.010  -37.976  26.155 0.0000000000
44049  38.665  -37.845  25.698 0.0000000000
44047  40.145  -37.241  25.058 0.0000000000
114175  39.764  -37.989  23.560 0.0000000000
44083  39.029  -38.250  22.320 0.0000000000
111810  38.365  -38.215  21.647 0.0000000000
43170  35.464  -38.291  21.978 0.0000000000
43156  36.409  -38.123  21.600 0.0000000000
44092  37.625  -37.932  21.106 0.0000000000
44102  36.566  -37.517  19.990 0.0000000000
56124  39.288  -24.444  16.484 0.0000000000
56139  38.527  -24.720  15.355 0.0000000000
55262  37.312  -25.139  14.595 0.0000000000
54348  36.206  -26.342  15.971 0.0000000000
111386  36.730  -25.500  14.960 0.0000000000
55272  36.268  -25.324  13.336 0.0000000000
68966  51.655  -10.849  3.301 0.0000000000
57101  41.566  -23.424  16.707 0.0000000000
111320  43.061  -23.272  16.530 0.0000000000
36317  22.233  -45.150  25.250 0.0000000000
36318  21.456  -45.266  24.624 0.0000000000
37405  23.445  -44.422  26.214 0.0000000000
38335  23.626  -43.621  25.714 0.0000000000
131877  23.118  -44.221  25.583 0.0000000000
37413  22.603  -44.431  25.137 0.0000000000
61805  41.762  -18.741  10.271 0.0000000000
60943  41.445  -19.316  10.557 0.0000000000
60927  42.870  -19.667  11.341 0.0000000000
28097  9.465  -52.398  33.190 0.0000000000
28098  8.930  -52.753  32.795 0.0000000000
28113  8.805  -52.742  32.028 0.0000000000
27085  8.496  -53.264  32.427 0.0000000000
45864  40.897  -35.352  25.203 0.0000000000
46742  41.130  -34.675  25.206 0.0000000000
44993  40.905  -36.102  24.542 0.0000000000
40213  36.369  -41.740  31.951 0.0000000000
123972  35.868  -41.981  31.053 0.0000000000
132360  28.655  -40.120  20.732 0.0000000000
42192  30.012  -40.552  20.633 0.0000000000
42210  29.280  -40.008  20.197 0.0000000000
42209  30.343  -39.953  20.015 0.0000000000
50610  35.405  -30.190  18.685 0.0000000000
68956  53.158  -10.111  5.945 0.0000000000
68961  53.091  -10.059  5.157 0.0000000000
68962  52.458  -10.431  4.739 0.0000000000
58139  42.352  -22.537  12.852 0.0000000000
59095  41.931  -21.966  12.379 0.0000000000
56161  38.313  -24.357  13.415 0.0000000000
131554  43.010  -22.409  13.028 0.0000000000
35303  17.487  -46.244  24.254 0.0000000000
35304  16.612  -46.436  24.554 0.0000000000
37384  30.055  -43.241  28.896 0.0000000000
38285  29.977  -43.269  28.058 0.0000000000
40285  25.838  -41.553  24.199 0.0000000000
40284  26.708  -41.578  24.313 0.0000000000
40306  26.404  -41.307  23.544 0.0000000000
40327  25.198  -41.154  22.479 0.0000000000
40308  24.724  -41.616  23.109 0.0000000000
66201  47.828  -13.580  9.057 0.0000000000
111247  24.237  -44.914  30.601 0.0000000000
35229  23.563  -45.357  29.953 0.0000000000
36288  24.533  -44.361  30.116 0.0000000000
62623  47.944  -17.288  11.440 0.0000000000
63488  47.731  -16.412  11.184 0.0000000000
33304  20.583  -47.493  28.600 0.0000000000
33308  16.562  -46.392  29.633 0.0000000000
34248  15.594  -46.449  30.133 0.0000000000
34270  14.568  -46.676  29.023 0.0000000000
34249  14.728  -46.691  29.929 0.0000000000
31122  12.600  -49.536  34.319 0.0000000000
31164  10.335  -50.540  30.522 0.0000000000
132332  10.908  -50.103  30.839 0.0000000000
31171  10.700  -49.911  30.060 0.0000000000
31179  10.585  -49.778  28.978 0.0000000000
48599  37.575  -32.131  22.445 0.0000000000
48612  37.940  -32.834  22.028 0.0000000000
47711  38.712  -33.026  22.218 0.0000000000
126513  39.656  -37.386  20.900 0.0000000000
39269  32.954  -43.025  25.035 0.0000000000
38328  33.583  -42.550  26.210 0.0000000000
39268  33.725  -42.699  25.497 0.0000000000
42158  35.411  -39.486  24.532 0.0000000000
43129  36.652  -38.908  24.532 0.0000000000
42167  36.019  -39.181  23.903 0.0000000000
109959  36.783  -38.964  23.741 0.0000000000
43144  35.575  -39.068  23.097 0.0000000000
55212  37.811  -26.078  17.941 0.0000000000
54320  37.143  -26.467  17.664 0.0000000000
57129  41.436  -23.324  14.744 0.0000000000
56149  39.961  -23.602  14.896 0.0000000000
56150  39.116  -24.202  14.816 0.0000000000
57114  45.375  -22.771  15.862 0.0000000000
57117  42.554  -23.233  15.694 0.0000000000
57128  42.851  -23.174  14.925 0.0000000000
57137  43.126  -22.945  14.220 0.0000000000
35276  20.939  -45.868  25.013 0.0000000000
35300  20.034  -45.913  24.607 0.0000000000
35301  19.263  -45.895  24.224 0.0000000000
38304  26.168  -42.807  27.589 0.0000000000
38320  25.607  -42.834  26.930 0.0000000000
38334  24.035  -42.867  25.380 0.0000000000
39261  24.748  -42.556  25.790 0.0000000000
121963  24.537  -42.315  25.073 0.0000000000
38343  23.906  -42.629  24.445 0.0000000000
39311  23.521  -42.624  23.288 0.0000000000
38344  23.072  -43.335  24.155 0.0000000000
114422  22.014  -44.322  23.964 0.0000000000
37431  21.809  -44.368  23.097 0.0000000000
59989  45.752  -20.159  12.292 0.0000000000
60925  45.659  -19.492  11.693 0.0000000000
61788  45.596  -18.739  11.217 0.0000000000
61801  45.345  -18.158  10.838 0.0000000000
124795  45.869  -18.114  10.945 0.0000000000
62633  45.528  -17.585  10.629 0.0000000000
62634  44.844  -17.781  10.537 0.0000000000
61809  42.562  -17.816  9.793 0.0000000000
62639  42.617  -17.154  9.139 0.0000000000
32223  19.739  -47.376  32.270 0.0000000000
32248  19.352  -47.236  31.660 0.0000000000
32224  18.987  -47.319  32.212 0.0000000000
33242  17.947  -47.029  32.036 0.0000000000
128044  16.991  -46.920  32.166 0.0000000000
131691  16.119  -46.984  32.442 0.0000000000
30117  11.172  -51.097  34.612 0.0000000000
30125  11.133  -50.982  33.860 0.0000000000
29079  9.581  -51.963  32.095 0.0000000000
30135  10.098  -51.516  32.449 0.0000000000
120764  9.844  -51.539  31.830 0.0000000000
30152  9.937  -51.184  31.125 0.0000000000
29089  8.874  -52.128  30.864 0.0000000000
119239  8.198  -53.235  31.043 0.0000000000
28134  8.190  -52.961  30.342 0.0000000000
26044  6.784  -54.958  31.833 0.0000000000
26032  7.009  -55.015  32.597 0.0000000000
47685  40.749  -33.515  24.529 0.0000000000
46769  41.184  -34.625  23.031 0.0000000000
129277  41.013  -36.543  23.085 0.0000000000
45890  41.219  -35.719  22.694 0.0000000000
45021  40.735  -36.685  22.273 0.0000000000
40303  30.280  -41.973  22.667 0.0000000000
40302  31.417  -42.080  22.781 0.0000000000
129090  32.054  -41.165  21.862 0.0000000000
41234  32.753  -40.722  22.129 0.0000000000
41233  33.456  -40.205  22.544 0.0000000000
42181  32.959  -39.866  21.924 0.0000000000
42180  33.663  -39.318  22.265 0.0000000000
42207  32.041  -38.920  20.625 0.0000000000
53395  35.959  -28.049  17.927 0.0000000000
51520  34.461  -29.841  17.238 0.0000000000
52414  34.727  -28.912  17.024 0.0000000000
51532  34.166  -29.359  16.487 0.0000000000
69852  53.079  -9.031  3.004 0.0000000000
69856  52.427  -9.730  2.485 0.0000000000
60005  41.715  -20.590  11.532 0.0000000000
59096  41.051  -22.060  12.241 0.0000000000
59106  40.541  -21.501  11.659 0.0000000000
59107  39.734  -21.728  11.381 0.0000000000
58153  39.452  -22.420  11.725 0.0000000000
57152  40.335  -23.370  12.872 0.0000000000
57165  38.278  -23.402  11.718 0.0000000000
58154  38.738  -22.746  11.326 0.0000000000
58119  45.535  -22.357  14.622 0.0000000000
58118  46.301  -22.130  14.899 0.0000000000
59082  45.634  -21.388  13.448 0.0000000000
59092  45.302  -21.031  12.841 0.0000000000
129679  45.514  -20.627  12.603 0.0000000000
59103  43.168  -21.056  12.128 0.0000000000
59991  44.085  -20.923  12.268 0.0000000000
37364  33.101  -43.697  29.759 0.0000000000
37379  33.554  -43.136  29.346 0.0000000000
37365  32.664  -43.916  29.250 0.0000000000
127097  30.977  -43.707  27.124 0.0000000000
38300  31.858  -43.949  27.122 0.0000000000
38316  31.377  -43.599  26.173 0.0000000000
38332  30.480  -43.312  25.603 0.0000000000
39258  27.489  -42.518  26.484 0.0000000000
39274  27.765  -42.338  25.617 0.0000000000
39273  28.578  -42.488  25.333 0.0000000000
39289  28.766  -42.338  24.576 0.0000000000
40281  28.955  -42.164  23.818 0.0000000000
39309  29.743  -42.325  23.494 0.0000000000
41220  28.395  -41.660  23.297 0.0000000000
41238  27.517  -40.786  22.350 0.0000000000
41237  28.186  -41.170  22.541 0.0000000000
41256  27.421  -40.235  21.568 0.0000000000
38375  23.082  -42.930  22.438 0.0000000000
39325  23.620  -42.350  22.095 0.0000000000
38387  22.952  -42.905  21.493 0.0000000000
66199  49.251  -12.932  9.878 0.0000000000
67118  50.066  -12.660  10.231 0.0000000000
66212  47.395  -13.330  7.617 0.0000000000
66207  47.959  -13.145  8.218 0.0000000000
67146  49.392  -12.274  7.444 0.0000000000
67141  50.332  -12.014  8.659 0.0000000000
68054  50.884  -11.679  8.041 0.0000000000
68070  50.671  -11.624  6.150 0.0000000000
36297  23.670  -44.823  27.894 0.0000000000
36302  23.397  -45.635  27.230 0.0000000000
116363  23.314  -45.627  28.019 0.0000000000
34263  22.493  -46.646  28.588 0.0000000000
34247  22.107  -46.857  29.139 0.0000000000
33279  21.742  -47.210  28.875 0.0000000000
123589  21.854  -46.973  29.735 0.0000000000
33240  22.542  -47.270  32.094 0.0000000000
129057  21.934  -47.160  31.383 0.0000000000
112308  21.685  -47.225  31.570 0.0000000000
32221  21.252  -47.299  31.787 0.0000000000
37344  34.065  -43.347  31.590 0.0000000000
127452  30.805  -43.579  29.897 0.0000000000
37352  27.638  -43.485  31.282 0.0000000000
111412  28.146  -43.099  30.531 0.0000000000
38288  26.314  -42.829  28.951 0.0000000000
38275  26.593  -42.911  29.695 0.0000000000
37387  24.181  -44.219  28.582 0.0000000000
37386  24.886  -43.575  28.989 0.0000000000
37397  23.637  -44.663  27.050 0.0000000000
60022  40.318  -20.322  10.613 0.0000000000
64398  48.218  -14.960  11.010 0.0000000000
65322  47.739  -14.611  10.358 0.0000000000
64402  46.990  -14.956  10.070 0.0000000000
63494  44.925  -17.020  10.108 0.0000000000
113731  45.296  -16.349  9.881 0.0000000000
64404  45.298  -15.633  9.311 0.0000000000
64408  45.037  -15.142  8.380 0.0000000000
35244  22.749  -47.135  26.776 0.0000000000
35255  22.274  -46.668  26.067 0.0000000000
34309  22.071  -47.363  26.655 0.0000000000
113979  19.817  -47.449  26.997 0.0000000000
34311  20.191  -47.293  26.475 0.0000000000
112169  19.281  -47.180  26.875 0.0000000000
34313  18.628  -46.735  26.871 0.0000000000
131299  19.064  -46.857  30.142 0.0000000000
33306  19.301  -46.876  28.642 0.0000000000
33283  18.667  -46.692  29.579 0.0000000000
113006  17.914  -46.488  28.166 0.0000000000
117032  17.628  -46.346  27.446 0.0000000000
34314  17.808  -46.338  26.910 0.0000000000
34315  16.870  -46.213  26.995 0.0000000000
35260  15.937  -46.240  26.187 0.0000000000
126694  15.898  -46.315  27.082 0.0000000000
129313  14.123  -47.030  27.019 0.0000000000
33328  12.969  -47.740  26.988 0.0000000000
33225  14.013  -48.221  33.686 0.0000000000
33235  14.323  -47.795  32.859 0.0000000000
31140  11.718  -49.992  33.244 0.0000000000
114215  12.528  -48.861  31.702 0.0000000000
33246  12.684  -48.524  31.237 0.0000000000
33262  13.194  -47.935  30.880 0.0000000000
33288  12.989  -47.699  29.989 0.0000000000
33289  12.269  -48.231  29.904 0.0000000000
24928  6.552  -55.591  33.030 0.0000000000
124060  6.235  -55.920  33.661 0.0000000000
24930  5.536  -56.427  33.705 0.0000000000
23824  5.419  -56.548  32.703 0.0000000000
55199  38.750  -25.741  19.030 0.0000000000
53369  38.080  -27.002  19.962 0.0000000000
53370  37.483  -27.488  19.497 0.0000000000
53348  37.746  -27.683  20.339 0.0000000000
52354  36.839  -28.907  20.207 0.0000000000
51465  36.514  -29.705  20.515 0.0000000000
50532  37.757  -30.594  23.790 0.0000000000
49592  36.949  -31.587  22.089 0.0000000000
49605  36.158  -31.461  20.813 0.0000000000
49606  35.862  -31.828  20.260 0.0000000000
47742  37.406  -33.518  20.648 0.0000000000
46799  38.382  -34.065  20.086 0.0000000000
46784  40.275  -34.054  21.529 0.0000000000
46806  39.254  -34.874  19.592 0.0000000000
38284  34.033  -42.707  29.216 0.0000000000
39234  34.910  -42.261  29.460 0.0000000000
39241  34.636  -42.085  28.609 0.0000000000
40258  34.691  -41.346  27.165 0.0000000000
40251  34.974  -41.510  28.029 0.0000000000
40250  35.654  -40.986  28.296 0.0000000000
41182  35.899  -40.174  27.830 0.0000000000
40279  33.958  -41.800  24.463 0.0000000000
39283  34.005  -41.866  25.283 0.0000000000
40278  34.174  -41.124  25.043 0.0000000000
42135  35.726  -39.651  26.201 0.0000000000
42134  36.328  -39.192  26.481 0.0000000000
42121  36.260  -39.354  27.324 0.0000000000
43075  36.839  -38.660  26.747 0.0000000000
118260  37.443  -38.111  26.595 0.0000000000
43093  37.429  -38.414  25.981 0.0000000000
43127  38.127  -38.567  24.533 0.0000000000
44048  39.399  -37.608  25.340 0.0000000000
44064  39.674  -37.899  24.494 0.0000000000
44075  38.882  -38.377  23.904 0.0000000000
43143  37.389  -38.743  23.196 0.0000000000
44076  38.387  -38.515  23.072 0.0000000000
44084  37.900  -38.504  22.377 0.0000000000
43158  34.234  -38.633  22.123 0.0000000000
43157  35.015  -38.729  22.486 0.0000000000
110006  34.769  -38.175  21.812 0.0000000000
44093  35.391  -37.913  21.344 0.0000000000
43169  36.009  -37.698  20.758 0.0000000000
126600  36.797  -37.758  20.775 0.0000000000
111240  35.671  -37.443  19.929 0.0000000000
130433  39.897  -24.402  17.877 0.0000000000
56123  39.964  -23.923  16.848 0.0000000000
56110  39.539  -24.522  17.394 0.0000000000
112290  38.121  -25.278  16.603 0.0000000000
56125  38.660  -24.836  16.138 0.0000000000
55238  38.010  -25.074  15.770 0.0000000000
55249  37.962  -24.947  15.001 0.0000000000
55250  37.389  -25.302  15.361 0.0000000000
54322  35.980  -27.174  16.953 0.0000000000
54333  36.355  -26.618  16.691 0.0000000000
54334  35.778  -26.936  16.233 0.0000000000
54366  35.575  -26.243  14.551 0.0000000000
54365  36.107  -25.994  15.225 0.0000000000
55263  36.130  -25.692  14.595 0.0000000000
120470  36.571  -25.351  14.206 0.0000000000
55264  35.788  -25.750  13.900 0.0000000000
72426  54.801  -6.863  2.063 0.0000000000
72433  55.224  -6.344  1.629 0.0000000000
57118  41.611  -23.287  15.737 0.0000000000
126657  20.996  -45.148  23.779 0.0000000000
110615  24.795  -43.375  27.312 0.0000000000
38321  24.785  -43.022  26.544 0.0000000000
37420  22.485  -44.029  24.457 0.0000000000
61810  41.778  -18.196  9.737 0.0000000000
60940  43.965  -18.717  10.958 0.0000000000
119069  44.099  -17.988  10.510 0.0000000000
32205  18.441  -47.303  32.616 0.0000000000
32193  18.269  -47.492  33.551 0.0000000000
29080  9.107  -52.302  31.689 0.0000000000
27086  7.821  -53.823  32.169 0.0000000000
26031  7.700  -54.376  32.943 0.0000000000
46743  41.087  -34.347  24.516 0.0000000000
46756  41.252  -34.819  23.948 0.0000000000
45875  41.190  -35.586  24.260 0.0000000000
45008  41.254  -36.148  23.639 0.0000000000
41254  29.562  -41.050  21.379 0.0000000000
41236  30.437  -41.447  21.820 0.0000000000
41253  30.646  -40.935  21.115 0.0000000000
41252  31.421  -40.601  21.077 0.0000000000
114884  31.737  -39.898  20.875 0.0000000000
42224  30.547  -39.172  19.530 0.0000000000
52374  36.091  -29.081  18.903 0.0000000000
52397  35.718  -28.759  18.204 0.0000000000
51506  35.538  -29.512  18.452 0.0000000000
51507  35.011  -30.054  18.059 0.0000000000
68068  52.153  -10.960  6.934 0.0000000000
68944  52.852  -10.610  7.237 0.0000000000
69848  54.077  -9.042  4.373 0.0000000000
110113  53.615  -9.571  4.779 0.0000000000
57141  39.757  -23.679  13.326 0.0000000000
56160  39.016  -23.917  13.044 0.0000000000
56169  38.264  -23.986  12.509 0.0000000000
126632  44.295  -22.163  13.559 0.0000000000
59093  44.219  -21.624  12.803 0.0000000000
125224  44.706  -21.166  12.661 0.0000000000
35318  18.842  -45.962  23.387 0.0000000000
34342  16.257  -47.060  24.119 0.0000000000
35305  15.854  -46.680  24.753 0.0000000000
37366  31.414  -43.877  29.415 0.0000000000
37382  32.045  -43.980  28.729 0.0000000000
130763  30.726  -43.695  27.655 0.0000000000
38318  29.696  -43.199  26.636 0.0000000000
123666  26.360  -42.072  25.558 0.0000000000
40267  27.080  -41.968  25.070 0.0000000000
40283  27.551  -41.752  24.287 0.0000000000
111028  27.834  -41.613  23.702 0.0000000000
41222  26.953  -41.022  22.922 0.0000000000
41257  26.082  -40.220  21.245 0.0000000000
41240  25.673  -40.649  21.877 0.0000000000
40340  24.859  -40.981  21.525 0.0000000000
127615  49.047  -13.934  11.053 0.0000000000
66189  48.782  -13.561  10.331 0.0000000000
66211  48.034  -12.903  7.318 0.0000000000
66218  48.063  -12.871  6.268 0.0000000000
131557  49.293  -12.264  6.808 0.0000000000
67149  49.891  -11.977  6.729 0.0000000000
36289  23.922  -44.679  29.365 0.0000000000
36298  23.292  -45.457  28.927 0.0000000000
35223  23.092  -46.144  30.363 0.0000000000
37371  25.937  -43.377  30.285 0.0000000000
37373  24.471  -44.096  29.379 0.0000000000
64400  46.664  -15.706  10.395 0.0000000000
33325  21.515  -47.605  27.401 0.0000000000
33326  20.619  -47.633  27.752 0.0000000000
129338  20.080  -47.604  27.403 0.0000000000
34266  19.612  -47.157  27.862 0.0000000000
33307  17.743  -46.495  29.201 0.0000000000
114951  16.133  -46.305  28.738 0.0000000000
34289  15.558  -46.386  27.863 0.0000000000
117384  15.256  -46.468  28.635 0.0000000000
34271  13.674  -46.993  28.496 0.0000000000
32194  13.806  -48.509  34.349 0.0000000000
31155  10.977  -50.455  32.149 0.0000000000
32227  11.387  -49.846  31.544 0.0000000000
32250  11.336  -49.497  30.617 0.0000000000
32249  11.794  -48.777  30.231 0.0000000000
52352  37.975  -27.902  21.170 0.0000000000
52339  37.543  -28.612  21.575 0.0000000000
49560  38.789  -31.942  24.034 0.0000000000
49561  38.091  -31.538  23.690 0.0000000000
49562  37.619  -31.180  23.306 0.0000000000
47727  37.649  -33.172  21.352 0.0000000000
45902  40.604  -35.828  21.046 0.0000000000
46797  40.408  -34.759  20.898 0.0000000000
45036  40.011  -36.526  20.482 0.0000000000
44101  37.497  -37.591  20.236 0.0000000000
38314  33.500  -42.544  27.107 0.0000000000
38297  33.841  -42.173  27.520 0.0000000000
39254  34.074  -41.785  27.163 0.0000000000
39266  34.092  -41.625  26.500 0.0000000000
41205  34.471  -40.423  24.577 0.0000000000
131076  34.442  -40.565  25.125 0.0000000000
41204  34.838  -40.053  25.128 0.0000000000
42147  35.585  -39.519  25.382 0.0000000000
42146  36.358  -38.995  25.543 0.0000000000
43111  37.301  -38.626  25.152 0.0000000000
117150  33.219  -38.004  20.735 0.0000000000
122899  34.161  -38.113  21.595 0.0000000000
43180  33.849  -37.901  21.056 0.0000000000
112258  34.819  -37.430  19.983 0.0000000000
44116  34.355  -37.265  19.072 0.0000000000
55223  39.022  -25.070  17.785 0.0000000000
55224  38.315  -25.494  17.444 0.0000000000
53422  34.705  -27.874  15.920 0.0000000000
120954  35.230  -27.274  15.855 0.0000000000
53439  34.813  -27.342  15.192 0.0000000000
70736  53.830  -8.406  3.140 0.0000000000
70738  53.915  -7.929  2.561 0.0000000000
57150  41.893  -23.033  13.332 0.0000000000
57130  40.653  -23.509  14.363 0.0000000000
57125  45.100  -22.771  15.103 0.0000000000
117070  44.036  -23.114  15.421 0.0000000000
57126  44.379  -22.979  14.902 0.0000000000
58121  43.934  -22.721  14.248 0.0000000000
35329  19.670  -45.745  22.615 0.0000000000
132594  19.264  -45.811  22.989 0.0000000000
35302  18.510  -46.039  24.291 0.0000000000
35279  18.303  -46.185  25.305 0.0000000000
38303  27.725  -42.693  28.055 0.0000000000
38302  28.681  -42.873  27.803 0.0000000000
39249  27.132  -42.651  27.361 0.0000000000
110804  26.077  -42.377  26.187 0.0000000000
39260  25.357  -42.563  26.240 0.0000000000
39290  25.217  -41.862  24.845 0.0000000000
40286  25.032  -41.723  23.953 0.0000000000
39310  24.289  -42.081  23.700 0.0000000000
117098  22.308  -43.815  22.868 0.0000000000
66208  47.409  -13.538  8.368 0.0000000000
66209  46.807  -13.741  7.999 0.0000000000
36275  24.699  -45.186  31.525 0.0000000000
35219  24.803  -45.694  32.224 0.0000000000
116752  46.981  -19.549  12.429 0.0000000000
60923  47.007  -18.990  11.822 0.0000000000
62638  44.080  -16.851  9.597 0.0000000000
113473  43.302  -16.701  9.076 0.0000000000
32266  20.141  -47.189  30.403 0.0000000000
116857  20.318  -47.282  29.392 0.0000000000
33257  19.353  -47.042  30.777 0.0000000000
120111  18.535  -46.819  30.618 0.0000000000
129767  18.513  -47.195  32.109 0.0000000000
33258  17.838  -46.831  31.280 0.0000000000
33259  16.863  -46.661  31.363 0.0000000000
33260  15.707  -46.695  31.409 0.0000000000
30116  11.617  -50.471  34.336 0.0000000000
31128  11.540  -50.405  33.753 0.0000000000
126782  11.244  -50.415  32.768 0.0000000000
30134  10.695  -50.969  32.657 0.0000000000
30160  9.741  -51.014  30.088 0.0000000000
29107  8.826  -52.038  29.064 0.0000000000
130367  8.561  -52.541  30.661 0.0000000000
48569  40.261  -32.800  24.839 0.0000000000
48570  39.511  -32.353  24.428 0.0000000000
48584  39.313  -32.560  23.651 0.0000000000
48597  39.035  -32.766  22.909 0.0000000000
47710  39.499  -33.213  22.478 0.0000000000
125595  40.089  -33.599  22.106 0.0000000000
46770  40.965  -34.502  22.099 0.0000000000
119541  39.457  -37.843  21.505 0.0000000000
39286  31.662  -42.922  24.016 0.0000000000
39285  32.575  -42.750  24.248 0.0000000000
39306  32.278  -42.472  23.683 0.0000000000
40300  33.603  -41.452  23.478 0.0000000000
40324  31.303  -41.609  22.158 0.0000000000
41218  33.938  -40.630  23.190 0.0000000000
41217  34.408  -40.204  23.735 0.0000000000
42169  34.682  -39.667  23.377 0.0000000000
42178  34.962  -39.254  23.061 0.0000000000
42190  32.467  -39.481  21.336 0.0000000000
43172  32.803  -38.703  21.124 0.0000000000
53393  37.190  -27.278  18.727 0.0000000000
54309  36.845  -27.027  18.034 0.0000000000
53409  36.245  -27.408  17.645 0.0000000000
52413  35.341  -28.459  17.490 0.0000000000
52432  35.005  -28.162  16.763 0.0000000000
52453  34.138  -28.515  15.584 0.0000000000
69855  52.761  -9.061  1.993 0.0000000000
60928  42.001  -19.831  11.205 0.0000000000
58141  40.728  -22.821  12.546 0.0000000000
57153  39.542  -23.473  12.702 0.0000000000
59988  46.556  -20.069  12.691 0.0000000000
60002  44.376  -20.101  11.814 0.0000000000
38264  34.467  -42.798  30.630 0.0000000000
39227  35.147  -42.478  30.894 0.0000000000
38273  33.971  -42.942  30.012 0.0000000000
38298  33.700  -42.767  28.560 0.0000000000
37381  32.760  -43.875  28.326 0.0000000000
37393  33.236  -43.482  28.009 0.0000000000
38299  33.480  -42.895  27.874 0.0000000000
37404  33.276  -43.177  27.069 0.0000000000
38330  32.252  -43.424  25.533 0.0000000000
38319  28.927  -42.949  26.808 0.0000000000
39256  29.201  -42.917  25.846 0.0000000000
38333  29.903  -43.178  25.928 0.0000000000
39272  29.776  -43.019  25.247 0.0000000000
39271  30.440  -43.138  24.780 0.0000000000
39287  30.690  -42.828  24.000 0.0000000000
130087  30.114  -42.574  23.795 0.0000000000
40326  28.764  -41.516  22.626 0.0000000000
112679  28.738  -41.134  21.971 0.0000000000
41255  28.661  -40.586  21.297 0.0000000000
42194  28.030  -39.922  21.069 0.0000000000
131113  27.823  -39.543  20.604 0.0000000000
40329  23.822  -41.881  21.372 0.0000000000
49618  35.554  -31.682  19.661 0.0000000000
68037  51.593  -11.623  9.401 0.0000000000
112352  48.423  -13.080  8.770 0.0000000000
67131  49.048  -12.773  8.981 0.0000000000
68053  51.566  -11.434  8.416 0.0000000000
68065  51.515  -11.328  7.495 0.0000000000
68072  52.025  -10.876  6.052 0.0000000000
68958  51.948  -10.866  5.180 0.0000000000
36308  22.626  -45.754  25.906 0.0000000000
35243  23.018  -47.053  27.192 0.0000000000
35237  22.945  -46.302  28.248 0.0000000000
34282  22.782  -46.933  27.737 0.0000000000
34265  21.946  -47.409  28.008 0.0000000000
33280  21.189  -47.390  29.159 0.0000000000
34239  23.328  -46.374  31.298 0.0000000000
34240  22.662  -46.634  30.780 0.0000000000
34230  23.119  -47.261  32.449 0.0000000000
33255  22.362  -46.958  31.215 0.0000000000
33278  22.183  -46.810  30.218 0.0000000000
33256  21.943  -47.016  30.709 0.0000000000
32244  21.603  -47.113  30.755 0.0000000000
32265  20.738  -47.271  30.175 0.0000000000
32246  20.699  -47.261  31.138 0.0000000000
32222  20.615  -47.389  32.180 0.0000000000
32203  20.170  -47.499  33.035 0.0000000000
32191  19.781  -47.608  33.819 0.0000000000
39212  35.912  -42.300  32.562 0.0000000000
38257  34.895  -42.775  31.480 0.0000000000
132508  34.396  -43.027  31.298 0.0000000000
37345  33.470  -43.553  31.130 0.0000000000
37347  32.497  -44.026  30.161 0.0000000000
36278  32.135  -44.027  30.839 0.0000000000
37348  31.851  -44.018  30.218 0.0000000000
132363  30.400  -43.329  29.567 0.0000000000
37385  29.292  -42.946  29.368 0.0000000000
37369  29.131  -43.055  30.321 0.0000000000
129209  28.567  -42.851  29.811 0.0000000000
119824  28.385  -42.789  28.903 0.0000000000
38287  27.231  -42.738  28.951 0.0000000000
38276  25.662  -43.177  29.396 0.0000000000
38306  24.804  -43.535  28.145 0.0000000000
60944  40.572  -19.549  10.204 0.0000000000
65311  50.352  -14.661  11.750 0.0000000000
65313  48.882  -15.228  11.433 0.0000000000
65321  48.415  -14.233  10.665 0.0000000000
65327  47.375  -14.254  9.612 0.0000000000
63492  46.478  -16.536  10.627 0.0000000000
65331  46.330  -14.304  8.485 0.0000000000
115332  21.301  -46.480  25.609 0.0000000000
34310  21.092  -47.350  26.596 0.0000000000
35256  20.714  -46.934  25.964 0.0000000000
34330  19.851  -46.842  25.815 0.0000000000
127168  19.162  -46.649  25.798 0.0000000000
35258  17.973  -46.273  26.196 0.0000000000
33305  19.964  -47.250  28.570 0.0000000000
34267  18.911  -46.707  27.982 0.0000000000
35282  15.602  -46.518  25.382 0.0000000000
35261  15.011  -46.652  25.890 0.0000000000
34316  14.895  -46.659  26.915 0.0000000000
34332  14.527  -47.377  25.462 0.0000000000
33243  15.251  -47.103  32.153 0.0000000000
131938  14.787  -47.042  31.519 0.0000000000
32196  12.412  -49.481  33.525 0.0000000000
32206  12.825  -48.925  32.998 0.0000000000
32226  12.123  -49.369  31.990 0.0000000000
32225  12.679  -48.899  32.266 0.0000000000
33236  13.381  -48.334  32.490 0.0000000000
33261  13.988  -47.434  31.227 0.0000000000
33309  12.863  -47.412  27.984 0.0000000000
118356  12.379  -47.851  29.344 0.0000000000
33310  12.188  -47.813  28.490 0.0000000000
26033  6.391  -55.509  32.133 0.0000000000
24929  5.982  -56.106  33.072 0.0000000000
57085  41.625  -23.567  17.512 0.0000000000
54307  38.113  -26.240  18.707 0.0000000000
53371  36.910  -27.926  19.053 0.0000000000
52373  36.637  -28.638  19.370 0.0000000000
51445  37.120  -29.419  21.943 0.0000000000
50544  36.940  -30.497  22.261 0.0000000000
51446  36.666  -30.039  21.373 0.0000000000
50574  36.261  -30.566  20.739 0.0000000000
48628  35.799  -32.595  19.911 0.0000000000
47743  36.496  -33.200  20.379 0.0000000000
47754  36.232  -33.463  19.618 0.0000000000
45919  38.938  -35.058  18.897 0.0000000000
129682  38.856  -36.463  18.568 0.0000000000
44982  40.263  -36.412  25.742 0.0000000000
39226  35.391  -42.135  30.244 0.0000000000
40234  35.997  -41.552  30.340 0.0000000000
132383  36.109  -41.207  29.752 0.0000000000
40242  35.926  -41.149  29.064 0.0000000000
41170  36.272  -40.627  29.497 0.0000000000
43051  36.837  -37.906  28.381 0.0000000000
39284  33.935  -42.277  25.194 0.0000000000
40265  34.133  -41.505  25.800 0.0000000000
41191  35.224  -40.502  26.700 0.0000000000
43052  36.543  -38.712  27.776 0.0000000000
44008  37.624  -37.356  27.975 0.0000000000
44034  38.509  -37.543  26.416 0.0000000000
44033  39.112  -37.216  26.251 0.0000000000
44994  40.589  -36.667  24.789 0.0000000000
44063  40.461  -37.404  24.147 0.0000000000
118090  39.143  -38.269  23.082 0.0000000000
111494  39.696  -37.985  22.777 0.0000000000
116883  35.921  -38.582  22.458 0.0000000000
126826  37.410  -38.317  21.813 0.0000000000
44114  36.158  -37.379  19.024 0.0000000000
57086  40.826  -23.669  17.192 0.0000000000
56138  39.040  -24.451  15.710 0.0000000000
56151  38.403  -24.628  14.739 0.0000000000
56152  37.888  -24.712  14.203 0.0000000000
55226  36.833  -26.349  17.086 0.0000000000
55240  36.813  -26.068  16.479 0.0000000000
55251  36.775  -25.751  15.703 0.0000000000
55271  37.086  -24.982  13.776 0.0000000000
68965  52.277  -10.364  3.855 0.0000000000
119845  52.070  -10.263  2.947 0.0000000000
32219  22.189  -47.170  31.634 0.0000000000
32264  21.185  -47.246  30.022 0.0000000000
34285  19.718  -47.411  27.347 0.0000000000
36277  32.520  -43.985  30.911 0.0000000000
37346  32.937  -43.813  30.613 0.0000000000
37383  30.495  -43.553  28.155 0.0000000000
37392  33.330  -43.199  28.491 0.0000000000
37394  32.748  -43.811  27.424 0.0000000000
38283  34.095  -42.387  28.399 0.0000000000
38329  33.246  -43.108  26.011 0.0000000000
39255  33.699  -42.083  26.694 0.0000000000
39270  31.147  -43.148  24.494 0.0000000000
39276  25.545  -42.110  25.603 0.0000000000
39307  31.512  -42.481  23.450 0.0000000000
40243  35.285  -41.685  28.825 0.0000000000
40277  34.483  -40.768  25.649 0.0000000000
40323  32.274  -41.494  22.401 0.0000000000
112053  30.265  -43.456  27.370 0.0000000000
112637  30.334  -43.366  30.217 0.0000000000
112690  32.123  -44.010  27.876 0.0000000000
113160  34.501  -42.373  29.158 0.0000000000
113611  33.516  -43.399  30.276 0.0000000000
116828  34.796  -42.514  30.182 0.0000000000
119380  33.528  -42.491  24.690 0.0000000000
132749  22.289  -47.309  32.136 0.0000000000
