#!ascii label  , from subject sub-v2s8x29190_ses-1 vox2ras=TkReg
792
21363  -44.163  -73.111  -42.520 0.0000000000
27944  -50.351  -68.061  -47.092 0.0000000000
218141  -41.426  -64.542  -42.386 0.0000000000
202106  -41.942  -67.818  -47.664 0.0000000000
39859  -45.860  -60.684  -44.117 0.0000000000
25355  -47.092  -70.679  -40.282 0.0000000000
31823  -40.950  -65.556  -35.444 0.0000000000
31730  -45.203  -65.281  -27.600 0.0000000000
39789  -42.354  -60.551  -40.318 0.0000000000
38253  -42.690  -61.650  -44.163 0.0000000000
38167  -46.420  -61.685  -40.619 0.0000000000
27889  -43.320  -68.325  -37.418 0.0000000000
29133  -44.942  -68.181  -34.033 0.0000000000
36369  -47.471  -62.199  -29.182 0.0000000000
206532  -43.347  -61.980  -29.945 0.0000000000
18886  -41.886  -75.458  -43.217 0.0000000000
29235  -45.814  -67.100  -48.739 0.0000000000
198783  -43.980  -70.247  -49.147 0.0000000000
25435  -47.824  -70.648  -50.186 0.0000000000
27932  -43.945  -68.458  -43.459 0.0000000000
25381  -40.786  -70.562  -43.147 0.0000000000
35081  -43.645  -63.695  -47.032 0.0000000000
33429  -46.868  -64.164  -46.476 0.0000000000
27915  -43.835  -68.137  -40.987 0.0000000000
213911  -40.725  -65.269  -39.317 0.0000000000
38131  -41.432  -61.792  -36.782 0.0000000000
29088  -47.485  -67.490  -31.016 0.0000000000
31797  -43.162  -65.679  -31.289 0.0000000000
38087  -42.346  -61.751  -33.494 0.0000000000
197136  -46.787  -63.680  -34.988 0.0000000000
24048  -40.792  -71.866  -45.964 0.0000000000
36633  -54.567  -63.054  -46.942 0.0000000000
30555  -52.909  -66.268  -47.547 0.0000000000
31944  -49.093  -65.450  -49.353 0.0000000000
36504  -44.843  -62.103  -38.925 0.0000000000
38165  -44.557  -60.988  -40.230 0.0000000000
193927  -42.956  -74.077  -42.291 0.0000000000
29238  -48.216  -67.801  -48.118 0.0000000000
27977  -47.220  -68.765  -49.316 0.0000000000
189457  -49.004  -69.064  -48.443 0.0000000000
187799  -49.589  -70.154  -49.712 0.0000000000
26719  -51.295  -69.323  -47.683 0.0000000000
30500  -42.875  -66.340  -42.975 0.0000000000
31882  -41.358  -65.065  -43.387 0.0000000000
38235  -44.339  -60.842  -43.990 0.0000000000
35044  -42.640  -63.083  -45.865 0.0000000000
36597  -44.374  -62.470  -45.664 0.0000000000
35083  -45.275  -64.144  -47.217 0.0000000000
36599  -46.698  -62.651  -45.663 0.0000000000
26698  -45.996  -69.177  -42.927 0.0000000000
26679  -44.878  -69.246  -40.487 0.0000000000
29147  -41.664  -67.050  -36.156 0.0000000000
30460  -41.820  -66.920  -38.207 0.0000000000
31831  -40.808  -65.855  -37.198 0.0000000000
34918  -40.344  -63.636  -37.926 0.0000000000
34886  -40.491  -63.511  -36.253 0.0000000000
30395  -46.027  -67.249  -29.098 0.0000000000
30405  -44.801  -66.354  -30.781 0.0000000000
202325  -43.669  -65.283  -29.827 0.0000000000
38073  -44.966  -61.556  -32.126 0.0000000000
38051  -42.870  -61.841  -31.675 0.0000000000
36443  -44.991  -62.472  -33.413 0.0000000000
203917  -44.348  -62.503  -34.943 0.0000000000
198379  -40.441  -69.137  -45.823 0.0000000000
195547  -40.385  -71.379  -44.217 0.0000000000
26715  -41.330  -69.247  -47.052 0.0000000000
24062  -43.596  -72.353  -48.779 0.0000000000
39921  -53.528  -60.687  -48.632 0.0000000000
33450  -53.564  -64.783  -47.166 0.0000000000
35091  -49.777  -63.632  -48.819 0.0000000000
36530  -40.871  -62.011  -40.937 0.0000000000
208536  -41.581  -62.345  -43.158 0.0000000000
39823  -42.787  -60.489  -41.955 0.0000000000
39824  -43.639  -60.337  -42.179 0.0000000000
39815  -46.107  -60.514  -42.044 0.0000000000
26661  -45.296  -69.666  -38.394 0.0000000000
27864  -43.900  -68.419  -35.556 0.0000000000
29122  -42.678  -67.325  -34.195 0.0000000000
34771  -45.915  -63.813  -27.427 0.0000000000
34781  -43.744  -63.304  -28.360 0.0000000000
36367  -45.541  -61.907  -29.003 0.0000000000
209939  -45.344  -60.878  -30.897 0.0000000000
209518  -47.439  -60.295  -33.780 0.0000000000
187134  -43.993  -67.075  -48.840 0.0000000000
27960  -43.003  -68.709  -48.412 0.0000000000
27975  -45.460  -68.321  -49.383 0.0000000000
25434  -46.228  -70.421  -50.107 0.0000000000
24091  -47.577  -72.878  -50.426 0.0000000000
22738  -48.487  -72.046  -50.662 0.0000000000
25460  -48.654  -70.577  -51.497 0.0000000000
27998  -48.544  -68.968  -51.037 0.0000000000
25376  -44.243  -70.672  -43.036 0.0000000000
194867  -42.663  -71.966  -42.352 0.0000000000
27936  -40.490  -68.051  -44.497 0.0000000000
29215  -40.631  -66.840  -45.976 0.0000000000
197494  -41.005  -63.881  -44.952 0.0000000000
33425  -41.544  -64.584  -46.183 0.0000000000
30534  -42.131  -66.311  -47.589 0.0000000000
194843  -44.109  -65.570  -48.449 0.0000000000
31916  -46.699  -65.858  -47.716 0.0000000000
31906  -48.557  -65.869  -46.691 0.0000000000
186743  -45.196  -69.416  -43.421 0.0000000000
29196  -44.368  -67.865  -42.640 0.0000000000
30489  -42.803  -66.225  -41.636 0.0000000000
27893  -43.610  -68.253  -38.981 0.0000000000
30476  -42.090  -66.805  -39.839 0.0000000000
33361  -40.951  -64.516  -41.011 0.0000000000
36503  -40.550  -62.289  -39.622 0.0000000000
38145  -41.737  -61.072  -38.637 0.0000000000
36490  -44.388  -62.647  -37.492 0.0000000000
206618  -46.061  -67.613  -32.338 0.0000000000
30432  -43.315  -66.728  -32.537 0.0000000000
31812  -41.893  -65.827  -33.248 0.0000000000
34811  -42.277  -63.459  -30.297 0.0000000000
33268  -41.497  -64.084  -32.563 0.0000000000
34871  -40.967  -63.631  -34.617 0.0000000000
38115  -41.765  -61.788  -35.410 0.0000000000
204161  -43.821  -62.127  -36.298 0.0000000000
21360  -41.621  -73.277  -42.625 0.0000000000
21384  -40.591  -73.715  -44.075 0.0000000000
200703  -42.740  -70.462  -48.134 0.0000000000
24053  -41.880  -72.695  -47.422 0.0000000000
36600  -47.720  -62.592  -45.591 0.0000000000
33410  -49.403  -64.951  -46.319 0.0000000000
30519  -50.795  -66.337  -46.230 0.0000000000
30522  -53.116  -66.623  -45.520 0.0000000000
207236  -52.239  -68.247  -46.391 0.0000000000
29250  -51.218  -67.986  -48.750 0.0000000000
29248  -49.715  -67.157  -49.461 0.0000000000
34929  -45.277  -62.864  -38.404 0.0000000000
20108  -43.552  -74.744  -42.408 0.0000000000
198157  -43.801  -73.962  -42.379 0.0000000000
29225  -48.769  -67.357  -47.525 0.0000000000
27964  -49.060  -68.323  -47.928 0.0000000000
27951  -49.900  -68.656  -47.607 0.0000000000
26717  -50.210  -69.417  -47.955 0.0000000000
27952  -50.667  -68.963  -47.409 0.0000000000
31877  -41.883  -65.195  -42.607 0.0000000000
31878  -42.048  -65.820  -43.214 0.0000000000
33385  -41.350  -64.378  -43.009 0.0000000000
38255  -45.187  -61.212  -44.511 0.0000000000
36585  -43.934  -62.083  -45.020 0.0000000000
38272  -44.803  -61.977  -45.075 0.0000000000
36598  -45.231  -62.423  -45.659 0.0000000000
38274  -46.418  -61.874  -45.153 0.0000000000
25356  -47.975  -70.943  -41.059 0.0000000000
25363  -47.289  -70.455  -41.354 0.0000000000
26681  -46.008  -69.908  -40.904 0.0000000000
200456  -46.205  -70.313  -40.046 0.0000000000
30450  -41.259  -66.356  -35.797 0.0000000000
30453  -41.223  -66.468  -36.649 0.0000000000
31827  -40.794  -65.740  -36.306 0.0000000000
33308  -40.393  -64.277  -36.562 0.0000000000
31822  -40.512  -64.937  -35.995 0.0000000000
31731  -45.965  -65.353  -27.308 0.0000000000
29042  -46.634  -67.412  -27.538 0.0000000000
30380  -45.948  -67.054  -27.974 0.0000000000
29064  -46.496  -67.684  -28.392 0.0000000000
30379  -45.384  -66.602  -28.531 0.0000000000
30378  -44.768  -66.148  -28.962 0.0000000000
201124  -44.340  -65.469  -28.584 0.0000000000
38091  -46.262  -61.629  -32.979 0.0000000000
38089  -44.353  -61.835  -32.763 0.0000000000
215897  -46.334  -62.909  -33.770 0.0000000000
36459  -46.801  -62.564  -33.757 0.0000000000
27942  -40.640  -68.442  -46.296 0.0000000000
200831  -40.836  -69.261  -46.522 0.0000000000
27949  -41.598  -68.614  -47.351 0.0000000000
35094  -51.872  -63.718  -48.466 0.0000000000
201518  -50.820  -64.618  -48.569 0.0000000000
35092  -50.523  -63.350  -48.650 0.0000000000
38183  -41.366  -61.154  -40.856 0.0000000000
180949  -41.342  -61.674  -41.648 0.0000000000
39810  -41.935  -60.694  -40.804 0.0000000000
38166  -45.447  -61.274  -40.446 0.0000000000
39813  -44.278  -60.285  -41.571 0.0000000000
39792  -44.888  -60.563  -40.991 0.0000000000
39825  -44.562  -60.325  -42.391 0.0000000000
38185  -45.802  -60.831  -41.219 0.0000000000
180354  -42.901  -67.703  -35.010 0.0000000000
206409  -43.439  -67.533  -33.775 0.0000000000
34772  -46.850  -63.854  -27.447 0.0000000000
36357  -45.988  -62.522  -28.370 0.0000000000
36356  -45.002  -62.452  -28.324 0.0000000000
36368  -46.511  -62.023  -29.090 0.0000000000
39734  -46.626  -60.867  -32.705 0.0000000000
211518  -41.213  -76.022  -44.308 0.0000000000
29234  -44.894  -67.050  -48.900 0.0000000000
194696  -44.488  -67.874  -49.145 0.0000000000
29245  -45.287  -67.675  -49.152 0.0000000000
26747  -47.576  -69.618  -49.692 0.0000000000
26746  -46.607  -69.413  -49.826 0.0000000000
195938  -47.035  -70.187  -50.154 0.0000000000
187058  -47.961  -71.774  -50.396 0.0000000000
22737  -47.588  -73.094  -50.694 0.0000000000
25452  -50.306  -70.032  -49.677 0.0000000000
209512  -49.142  -70.660  -50.584 0.0000000000
208756  -49.510  -69.858  -50.854 0.0000000000
26763  -48.880  -69.768  -51.349 0.0000000000
26764  -49.357  -69.317  -50.708 0.0000000000
25383  -43.760  -69.877  -43.231 0.0000000000
185014  -43.297  -70.575  -42.756 0.0000000000
29209  -40.419  -67.295  -45.204 0.0000000000
30517  -40.557  -66.512  -45.301 0.0000000000
36576  -41.813  -62.023  -43.815 0.0000000000
36575  -41.247  -62.807  -43.710 0.0000000000
36582  -41.436  -62.704  -44.456 0.0000000000
35062  -42.241  -63.721  -46.246 0.0000000000
33426  -42.263  -64.380  -46.776 0.0000000000
31911  -41.888  -65.742  -47.160 0.0000000000
31913  -43.215  -65.023  -47.753 0.0000000000
31926  -43.359  -65.571  -48.198 0.0000000000
33448  -46.148  -64.510  -47.083 0.0000000000
188438  -46.434  -65.244  -47.441 0.0000000000
33449  -46.888  -64.893  -46.886 0.0000000000
205114  -47.925  -66.121  -47.132 0.0000000000
214264  -47.966  -65.545  -46.693 0.0000000000
27917  -45.113  -68.885  -41.606 0.0000000000
27919  -44.995  -68.447  -42.552 0.0000000000
29184  -43.946  -67.655  -41.800 0.0000000000
30490  -43.373  -66.643  -42.028 0.0000000000
29181  -43.386  -67.544  -41.076 0.0000000000
27894  -43.995  -68.709  -38.215 0.0000000000
27907  -44.207  -68.820  -39.243 0.0000000000
188766  -43.357  -68.143  -38.246 0.0000000000
30465  -41.340  -66.464  -38.557 0.0000000000
30466  -41.833  -66.971  -38.971 0.0000000000
30475  -41.466  -66.346  -39.411 0.0000000000
30481  -41.765  -66.079  -40.284 0.0000000000
33348  -40.811  -64.752  -40.013 0.0000000000
34946  -40.519  -63.094  -40.058 0.0000000000
190489  -40.479  -63.871  -39.630 0.0000000000
36488  -40.836  -62.136  -37.227 0.0000000000
36495  -40.722  -62.058  -38.230 0.0000000000
182954  -41.426  -61.599  -37.814 0.0000000000
38140  -43.218  -61.368  -38.315 0.0000000000
38133  -43.127  -61.630  -37.556 0.0000000000
180114  -46.991  -67.406  -31.367 0.0000000000
31798  -44.047  -65.965  -31.054 0.0000000000
30419  -44.575  -66.668  -31.515 0.0000000000
31807  -42.793  -66.090  -32.023 0.0000000000
30431  -42.521  -66.331  -32.860 0.0000000000
31806  -42.169  -65.578  -32.434 0.0000000000
36354  -43.430  -62.769  -28.813 0.0000000000
34798  -43.029  -63.472  -29.021 0.0000000000
36365  -43.036  -62.671  -29.417 0.0000000000
36431  -42.007  -62.059  -32.745 0.0000000000
34824  -41.675  -62.934  -31.866 0.0000000000
36430  -41.661  -62.639  -32.540 0.0000000000
33280  -41.363  -64.299  -33.391 0.0000000000
194125  -41.262  -62.775  -34.091 0.0000000000
188703  -40.999  -62.800  -35.044 0.0000000000
36454  -41.457  -62.122  -34.766 0.0000000000
34889  -45.864  -63.453  -34.775 0.0000000000
36473  -43.814  -62.030  -35.426 0.0000000000
34888  -45.211  -63.372  -35.475 0.0000000000
34904  -45.074  -63.423  -36.396 0.0000000000
201668  -41.827  -71.815  -42.482 0.0000000000
22648  -42.093  -72.612  -42.362 0.0000000000
22647  -40.824  -71.905  -42.988 0.0000000000
24044  -40.446  -71.542  -45.143 0.0000000000
187200  -40.631  -73.014  -43.680 0.0000000000
22668  -40.444  -72.922  -44.326 0.0000000000
21390  -40.414  -73.551  -44.881 0.0000000000
211786  -40.585  -73.039  -45.709 0.0000000000
26743  -43.763  -69.528  -49.024 0.0000000000
26727  -42.648  -69.406  -48.139 0.0000000000
200686  -43.433  -70.390  -48.695 0.0000000000
24061  -42.980  -72.768  -48.283 0.0000000000
25414  -42.689  -71.835  -47.883 0.0000000000
38276  -48.194  -61.796  -45.211 0.0000000000
38277  -49.109  -61.779  -45.233 0.0000000000
33411  -50.290  -64.874  -46.343 0.0000000000
31893  -49.979  -65.620  -46.360 0.0000000000
31894  -50.677  -65.665  -46.313 0.0000000000
31917  -53.361  -65.553  -47.155 0.0000000000
30530  -53.419  -66.128  -45.915 0.0000000000
30529  -53.454  -67.029  -45.738 0.0000000000
29211  -52.909  -67.572  -45.575 0.0000000000
27947  -52.697  -68.021  -46.691 0.0000000000
27953  -52.089  -68.599  -47.285 0.0000000000
29240  -52.174  -67.750  -47.523 0.0000000000
31945  -49.812  -65.530  -49.040 0.0000000000
30565  -50.233  -66.427  -49.025 0.0000000000
30564  -49.427  -66.265  -49.389 0.0000000000
38146  -43.251  -60.911  -39.168 0.0000000000
39780  -43.660  -60.766  -40.033 0.0000000000
38147  -44.244  -61.371  -39.460 0.0000000000
38148  -45.126  -61.720  -39.693 0.0000000000
36521  -45.878  -62.020  -39.957 0.0000000000
38020  -47.000  -61.394  -29.661 0.0000000000
39684  -48.068  -60.512  -30.767 0.0000000000
20106  -42.023  -74.806  -42.745 0.0000000000
30552  -47.151  -66.867  -48.176 0.0000000000
27962  -46.889  -68.007  -48.910 0.0000000000
27963  -47.715  -68.290  -48.639 0.0000000000
26729  -48.222  -69.084  -48.996 0.0000000000
26730  -48.975  -69.661  -48.984 0.0000000000
25436  -48.455  -70.186  -49.663 0.0000000000
25416  -49.351  -69.801  -48.966 0.0000000000
25418  -50.604  -69.796  -48.673 0.0000000000
26749  -50.996  -69.436  -49.054 0.0000000000
30508  -43.216  -67.007  -43.206 0.0000000000
181911  -42.387  -66.618  -43.355 0.0000000000
30507  -41.453  -66.310  -43.677 0.0000000000
31887  -40.894  -65.177  -44.202 0.0000000000
38254  -43.585  -61.511  -44.385 0.0000000000
36584  -42.977  -62.037  -44.945 0.0000000000
36596  -43.380  -62.622  -45.658 0.0000000000
35063  -44.193  -63.309  -46.674 0.0000000000
35082  -44.389  -63.848  -47.215 0.0000000000
35064  -45.065  -63.480  -46.696 0.0000000000
36619  -45.737  -62.991  -46.106 0.0000000000
35065  -46.505  -63.413  -46.166 0.0000000000
26684  -45.884  -69.442  -41.951 0.0000000000
27916  -44.401  -68.671  -40.800 0.0000000000
27888  -42.670  -67.893  -37.106 0.0000000000
29159  -42.806  -67.778  -37.910 0.0000000000
29157  -41.655  -67.035  -36.896 0.0000000000
30459  -41.379  -66.584  -37.591 0.0000000000
31830  -40.548  -65.168  -37.740 0.0000000000
34928  -40.327  -63.764  -38.778 0.0000000000
33318  -40.373  -64.363  -37.401 0.0000000000
34903  -40.378  -63.538  -37.071 0.0000000000
36481  -40.586  -62.779  -36.720 0.0000000000
29077  -46.778  -67.736  -29.326 0.0000000000
29076  -46.566  -67.377  -29.948 0.0000000000
30421  -46.057  -67.031  -30.835 0.0000000000
30406  -45.498  -66.674  -30.453 0.0000000000
31785  -44.211  -65.757  -30.311 0.0000000000
31784  -43.461  -65.385  -30.528 0.0000000000
38053  -44.606  -61.234  -31.283 0.0000000000
36386  -43.103  -61.904  -30.825 0.0000000000
38052  -43.683  -61.584  -31.421 0.0000000000
38072  -43.487  -61.657  -32.235 0.0000000000
38088  -43.330  -61.695  -33.141 0.0000000000
38103  -43.156  -61.633  -34.105 0.0000000000
36457  -44.616  -62.559  -34.203 0.0000000000
36458  -45.642  -63.034  -33.989 0.0000000000
36476  -47.866  -63.004  -34.827 0.0000000000
26710  -40.451  -69.723  -44.359 0.0000000000
24028  -40.603  -71.275  -43.366 0.0000000000
200445  -40.401  -69.867  -45.342 0.0000000000
201957  -40.641  -70.040  -46.168 0.0000000000
200841  -41.347  -70.234  -46.883 0.0000000000
25431  -43.780  -71.153  -48.966 0.0000000000
36660  -53.022  -61.664  -49.125 0.0000000000
203269  -53.584  -63.244  -47.934 0.0000000000
33451  -54.168  -64.333  -46.859 0.0000000000
33468  -53.440  -64.126  -47.632 0.0000000000
31931  -53.019  -64.907  -47.758 0.0000000000
190619  -52.258  -65.942  -48.196 0.0000000000
30554  -51.638  -66.454  -48.453 0.0000000000
33488  -50.157  -64.890  -48.765 0.0000000000
33487  -49.530  -64.608  -49.006 0.0000000000
34991  -40.804  -63.404  -41.792 0.0000000000
35016  -41.142  -63.712  -42.565 0.0000000000
36557  -41.395  -62.238  -42.434 0.0000000000
38232  -41.907  -61.709  -42.915 0.0000000000
38233  -42.517  -61.347  -43.296 0.0000000000
39812  -43.397  -60.331  -41.378 0.0000000000
38206  -43.066  -60.721  -42.756 0.0000000000
39841  -43.950  -60.578  -43.035 0.0000000000
39842  -44.873  -60.450  -43.258 0.0000000000
39843  -45.714  -60.443  -43.431 0.0000000000
208030  -45.828  -70.141  -39.090 0.0000000000
27890  -44.071  -68.922  -37.131 0.0000000000
27881  -44.303  -68.928  -36.199 0.0000000000
27880  -43.440  -68.514  -36.433 0.0000000000
27863  -43.033  -68.202  -35.658 0.0000000000
185809  -42.345  -67.210  -34.967 0.0000000000
30448  -41.948  -66.753  -34.497 0.0000000000
33192  -46.369  -64.564  -27.263 0.0000000000
33191  -45.524  -64.548  -27.412 0.0000000000
31748  -44.121  -64.768  -28.220 0.0000000000
34782  -44.554  -63.140  -27.928 0.0000000000
36355  -44.120  -62.534  -28.505 0.0000000000
208623  -44.180  -61.567  -29.723 0.0000000000
38019  -46.061  -61.372  -29.672 0.0000000000
38037  -45.678  -60.973  -30.317 0.0000000000
38036  -44.786  -61.180  -30.395 0.0000000000
38054  -45.527  -60.982  -31.610 0.0000000000
38074  -45.836  -61.300  -32.359 0.0000000000
39747  -47.341  -60.685  -34.416 0.0000000000
29232  -43.177  -67.064  -48.470 0.0000000000
201216  -42.712  -67.856  -48.272 0.0000000000
29233  -43.565  -67.991  -48.792 0.0000000000
27973  -44.117  -68.697  -49.183 0.0000000000
26744  -44.553  -69.554  -49.431 0.0000000000
192026  -45.238  -70.182  -49.734 0.0000000000
25450  -46.511  -72.115  -50.224 0.0000000000
24094  -49.044  -71.412  -50.359 0.0000000000
24103  -48.707  -71.560  -51.101 0.0000000000
202251  -46.883  -70.770  -51.723 0.0000000000
26774  -48.091  -69.826  -51.759 0.0000000000
26762  -47.925  -69.287  -51.625 0.0000000000
24020  -44.179  -71.696  -42.693 0.0000000000
196823  -43.507  -72.766  -42.377 0.0000000000
24019  -43.391  -71.348  -42.536 0.0000000000
24018  -42.436  -71.023  -42.529 0.0000000000
25382  -41.155  -70.091  -42.978 0.0000000000
26703  -41.439  -69.387  -43.255 0.0000000000
26702  -40.788  -69.687  -43.508 0.0000000000
196276  -40.330  -68.980  -44.919 0.0000000000
194572  -40.543  -67.634  -46.067 0.0000000000
29216  -41.088  -67.787  -46.879 0.0000000000
35025  -41.129  -63.572  -43.387 0.0000000000
33397  -40.847  -64.397  -44.544 0.0000000000
35043  -41.948  -63.190  -45.552 0.0000000000
35061  -41.455  -63.840  -45.573 0.0000000000
31904  -41.359  -65.604  -46.428 0.0000000000
30533  -41.532  -66.322  -46.935 0.0000000000
29222  -41.657  -67.021  -47.350 0.0000000000
30547  -42.835  -66.267  -48.171 0.0000000000
30549  -44.487  -66.328  -48.636 0.0000000000
30550  -45.444  -66.377  -48.510 0.0000000000
33447  -44.530  -64.494  -47.726 0.0000000000
31927  -45.955  -65.725  -48.057 0.0000000000
30551  -46.457  -66.477  -48.247 0.0000000000
30535  -47.245  -66.293  -47.687 0.0000000000
30536  -48.614  -66.554  -47.096 0.0000000000
30537  -49.314  -66.935  -46.983 0.0000000000
24021  -45.225  -71.221  -43.319 0.0000000000
25384  -45.113  -70.209  -43.448 0.0000000000
26706  -44.317  -69.193  -43.448 0.0000000000
26707  -45.790  -69.255  -43.232 0.0000000000
27933  -44.798  -68.701  -43.323 0.0000000000
29203  -44.314  -68.016  -43.248 0.0000000000
30501  -43.392  -66.785  -42.706 0.0000000000
31873  -42.986  -66.211  -42.351 0.0000000000
31871  -41.661  -64.993  -41.683 0.0000000000
26672  -44.742  -69.368  -39.600 0.0000000000
185466  -44.364  -68.967  -40.025 0.0000000000
27906  -43.817  -68.405  -40.002 0.0000000000
29164  -42.328  -67.357  -38.440 0.0000000000
29177  -42.474  -67.388  -39.307 0.0000000000
29180  -42.795  -67.309  -40.322 0.0000000000
30482  -42.420  -66.529  -40.762 0.0000000000
31860  -42.125  -65.763  -41.211 0.0000000000
34990  -40.574  -63.045  -40.983 0.0000000000
36520  -40.620  -62.352  -40.338 0.0000000000
38164  -40.824  -61.451  -40.041 0.0000000000
218006  -40.510  -62.379  -38.925 0.0000000000
38138  -40.754  -61.667  -39.118 0.0000000000
39778  -42.169  -60.646  -39.409 0.0000000000
36497  -44.545  -62.431  -38.198 0.0000000000
30420  -45.508  -66.920  -31.297 0.0000000000
29113  -44.714  -67.402  -32.676 0.0000000000
29123  -43.954  -67.351  -33.107 0.0000000000
30440  -42.946  -67.050  -33.320 0.0000000000
30439  -42.187  -66.624  -33.659 0.0000000000
30438  -41.603  -66.056  -34.059 0.0000000000
33209  -43.512  -64.166  -28.529 0.0000000000
33244  -42.998  -64.696  -29.885 0.0000000000
33243  -42.326  -64.225  -30.401 0.0000000000
34825  -41.944  -62.962  -31.076 0.0000000000
203452  -41.926  -63.777  -30.860 0.0000000000
33259  -42.047  -64.503  -31.184 0.0000000000
31805  -41.704  -64.973  -32.899 0.0000000000
31811  -41.451  -65.207  -33.707 0.0000000000
33299  -40.824  -64.546  -35.151 0.0000000000
34887  -40.704  -63.566  -35.456 0.0000000000
36471  -40.762  -62.790  -35.885 0.0000000000
38125  -41.451  -61.896  -36.048 0.0000000000
38117  -43.124  -61.636  -35.010 0.0000000000
38127  -43.110  -61.682  -35.850 0.0000000000
189546  -43.080  -61.705  -36.709 0.0000000000
36484  -44.394  -62.765  -36.733 0.0000000000
187372  -44.800  -63.211  -37.146 0.0000000000
21361  -42.476  -73.362  -42.332 0.0000000000
190486  -42.203  -74.092  -42.484 0.0000000000
20125  -41.538  -74.129  -42.899 0.0000000000
22656  -40.521  -72.208  -43.714 0.0000000000
21373  -41.025  -73.511  -43.282 0.0000000000
20124  -41.037  -74.172  -43.535 0.0000000000
18905  -40.773  -75.484  -44.565 0.0000000000
26716  -42.021  -69.632  -47.577 0.0000000000
25404  -41.029  -71.123  -46.387 0.0000000000
25415  -43.236  -71.485  -48.409 0.0000000000
25408  -41.756  -71.623  -46.983 0.0000000000
24049  -41.360  -72.317  -46.683 0.0000000000
33349  -47.187  -64.032  -39.000 0.0000000000
36531  -47.141  -61.690  -41.066 0.0000000000
38207  -46.951  -60.672  -42.344 0.0000000000
39828  -47.093  -60.572  -43.213 0.0000000000
39845  -47.073  -60.773  -44.005 0.0000000000
38275  -47.269  -61.845  -45.196 0.0000000000
35045  -47.301  -63.451  -45.960 0.0000000000
210307  -48.660  -62.478  -45.605 0.0000000000
35046  -48.226  -63.603  -45.896 0.0000000000
35067  -48.287  -64.568  -46.213 0.0000000000
185625  -49.163  -65.575  -46.437 0.0000000000
200678  -49.858  -66.200  -46.414 0.0000000000
195555  -50.399  -66.834  -46.338 0.0000000000
33415  -53.454  -65.311  -46.381 0.0000000000
33413  -52.698  -65.396  -46.225 0.0000000000
33412  -51.895  -65.332  -46.299 0.0000000000
30520  -51.945  -66.726  -45.868 0.0000000000
30528  -51.347  -67.145  -46.058 0.0000000000
27945  -51.153  -68.377  -46.821 0.0000000000
26713  -51.831  -68.877  -47.058 0.0000000000
217814  -51.639  -69.091  -48.150 0.0000000000
27980  -50.749  -68.676  -49.289 0.0000000000
29249  -50.450  -67.514  -49.152 0.0000000000
27979  -50.015  -68.128  -49.609 0.0000000000
190292  -48.911  -68.428  -50.388 0.0000000000
18869  -42.534  -75.431  -42.741 0.0000000000
18906  -41.299  -75.444  -43.886 0.0000000000
20107  -42.738  -74.774  -42.461 0.0000000000
20147  -40.798  -74.667  -44.159 0.0000000000
20148  -41.417  -74.794  -43.374 0.0000000000
21362  -43.262  -73.354  -42.301 0.0000000000
22649  -43.430  -72.166  -42.397 0.0000000000
22650  -44.026  -72.411  -42.516 0.0000000000
22657  -40.941  -72.718  -43.100 0.0000000000
22670  -40.402  -72.923  -45.057 0.0000000000
22685  -42.099  -73.141  -48.025 0.0000000000
22739  -48.992  -71.738  -50.330 0.0000000000
24016  -40.893  -71.204  -42.888 0.0000000000
24017  -41.478  -71.151  -42.651 0.0000000000
24054  -42.431  -72.789  -47.869 0.0000000000
24080  -47.920  -70.650  -50.222 0.0000000000
24081  -49.154  -70.505  -49.994 0.0000000000
24102  -48.057  -72.454  -51.129 0.0000000000
24104  -49.008  -71.598  -50.537 0.0000000000
24113  -48.045  -71.379  -51.484 0.0000000000
25354  -46.604  -70.303  -40.823 0.0000000000
25373  -41.106  -70.689  -42.829 0.0000000000
25374  -41.739  -70.452  -42.742 0.0000000000
25375  -42.661  -70.007  -42.919 0.0000000000
25393  -40.489  -70.492  -43.802 0.0000000000
25397  -40.411  -70.607  -44.779 0.0000000000
25403  -40.567  -70.807  -45.689 0.0000000000
25409  -42.145  -70.979  -47.499 0.0000000000
25410  -50.743  -69.606  -48.143 0.0000000000
25417  -50.209  -69.808  -48.538 0.0000000000
25437  -48.709  -69.934  -49.472 0.0000000000
25438  -50.304  -70.075  -49.145 0.0000000000
25439  -50.694  -69.988  -49.078 0.0000000000
25461  -49.149  -70.285  -51.078 0.0000000000
25472  -47.630  -70.192  -51.824 0.0000000000
26660  -44.670  -69.276  -38.723 0.0000000000
26680  -45.471  -69.447  -40.978 0.0000000000
26685  -46.624  -69.984  -41.701 0.0000000000
26712  -51.352  -69.039  -47.233 0.0000000000
26718  -50.801  -69.496  -47.806 0.0000000000
26728  -43.189  -69.560  -48.518 0.0000000000
26731  -49.663  -69.570  -48.467 0.0000000000
26732  -51.808  -69.182  -47.757 0.0000000000
26748  -48.329  -69.873  -49.489 0.0000000000
27879  -42.715  -68.099  -36.334 0.0000000000
27927  -44.829  -68.317  -43.045 0.0000000000
27928  -45.380  -68.754  -43.112 0.0000000000
27938  -40.368  -68.262  -45.493 0.0000000000
27939  -52.475  -68.012  -45.911 0.0000000000
27943  -41.035  -68.651  -46.846 0.0000000000
27946  -51.868  -68.473  -46.575 0.0000000000
27950  -42.310  -68.658  -47.939 0.0000000000
27961  -43.538  -68.882  -48.796 0.0000000000
27965  -51.316  -68.885  -48.666 0.0000000000
27966  -51.959  -68.634  -48.132 0.0000000000
27974  -44.829  -68.609  -49.396 0.0000000000
27978  -49.288  -67.824  -49.866 0.0000000000
27989  -49.752  -68.760  -50.170 0.0000000000
29087  -46.699  -67.304  -30.730 0.0000000000
29102  -45.883  -67.365  -31.962 0.0000000000
29103  -46.335  -67.265  -31.399 0.0000000000
29115  -46.701  -67.572  -32.044 0.0000000000
29131  -43.516  -67.820  -34.449 0.0000000000
29137  -42.309  -67.635  -35.695 0.0000000000
29138  -43.564  -68.044  -35.076 0.0000000000
29148  -42.136  -67.553  -36.612 0.0000000000
29158  -42.104  -67.311  -37.540 0.0000000000
29165  -42.952  -67.789  -38.735 0.0000000000
29178  -43.164  -67.834  -39.594 0.0000000000
29183  -43.532  -67.165  -41.724 0.0000000000
29195  -43.847  -67.389  -43.032 0.0000000000
29202  -43.558  -67.729  -43.353 0.0000000000
29210  -52.332  -67.489  -45.756 0.0000000000
29212  -53.117  -67.091  -45.462 0.0000000000
29217  -50.001  -67.271  -46.728 0.0000000000
29218  -50.825  -67.562  -46.509 0.0000000000
29219  -51.764  -67.928  -46.215 0.0000000000
29220  -53.031  -67.790  -45.798 0.0000000000
29223  -42.376  -67.032  -48.002 0.0000000000
29224  -47.879  -66.946  -47.682 0.0000000000
29226  -49.561  -67.740  -47.336 0.0000000000
29227  -52.983  -67.205  -47.169 0.0000000000
29228  -53.108  -67.331  -46.324 0.0000000000
29236  -46.638  -67.285  -48.584 0.0000000000
29237  -47.420  -67.511  -48.375 0.0000000000
29239  -51.867  -67.481  -48.344 0.0000000000
29246  -46.068  -67.781  -49.103 0.0000000000
30358  -45.592  -66.110  -27.661 0.0000000000
30359  -46.458  -66.342  -27.248 0.0000000000
30393  -44.831  -66.188  -29.937 0.0000000000
30394  -45.427  -66.674  -29.549 0.0000000000
30407  -46.070  -67.048  -30.149 0.0000000000
30418  -43.638  -66.410  -31.743 0.0000000000
30433  -44.196  -67.036  -32.236 0.0000000000
30434  -45.060  -67.218  -32.034 0.0000000000
30447  -41.454  -66.174  -34.941 0.0000000000
30451  -41.816  -66.868  -35.340 0.0000000000
30483  -43.044  -66.908  -41.266 0.0000000000
30491  -43.746  -67.235  -42.385 0.0000000000
30513  -40.883  -66.064  -44.198 0.0000000000
30518  -40.761  -66.036  -45.763 0.0000000000
30521  -52.829  -67.025  -45.464 0.0000000000
30523  -53.245  -66.449  -45.646 0.0000000000
30526  -41.041  -66.336  -46.339 0.0000000000
30527  -49.202  -66.270  -46.655 0.0000000000
30538  -53.296  -66.462  -46.603 0.0000000000
30539  -53.649  -65.888  -46.685 0.0000000000
30548  -43.629  -66.282  -48.535 0.0000000000
31749  -44.908  -65.872  -28.121 0.0000000000
31766  -43.564  -64.980  -29.003 0.0000000000
31767  -44.199  -65.636  -29.421 0.0000000000
31783  -42.675  -64.979  -30.793 0.0000000000
31796  -42.398  -65.306  -31.605 0.0000000000
31817  -41.206  -65.365  -34.575 0.0000000000
31826  -40.483  -65.082  -36.849 0.0000000000
31837  -40.594  -65.249  -38.609 0.0000000000
31838  -40.879  -65.900  -38.121 0.0000000000
31859  -41.414  -65.296  -40.658 0.0000000000
31872  -42.455  -65.641  -42.034 0.0000000000
31895  -51.496  -65.986  -46.159 0.0000000000
31896  -52.449  -66.088  -45.887 0.0000000000
31897  -53.179  -66.076  -45.768 0.0000000000
31898  -53.255  -65.877  -45.928 0.0000000000
31905  -42.022  -65.059  -46.969 0.0000000000
31907  -53.478  -65.557  -46.361 0.0000000000
31912  -42.574  -65.526  -47.622 0.0000000000
31914  -44.551  -65.059  -48.191 0.0000000000
31915  -45.440  -64.926  -47.790 0.0000000000
31918  -54.028  -65.065  -46.939 0.0000000000
31928  -50.512  -65.512  -48.724 0.0000000000
31930  -52.254  -65.115  -48.207 0.0000000000
31943  -48.433  -65.478  -49.621 0.0000000000
33190  -44.764  -64.585  -27.681 0.0000000000
33210  -44.232  -63.931  -27.900 0.0000000000
33227  -42.596  -63.897  -29.666 0.0000000000
33228  -43.060  -64.260  -29.175 0.0000000000
33258  -41.645  -63.762  -31.660 0.0000000000
33269  -41.829  -64.752  -32.028 0.0000000000
33288  -41.132  -64.484  -34.208 0.0000000000
33298  -40.510  -64.187  -35.870 0.0000000000
33331  -40.401  -64.470  -38.264 0.0000000000
33347  -40.468  -64.590  -39.112 0.0000000000
33360  -40.601  -63.889  -40.510 0.0000000000
33380  -40.690  -63.832  -41.253 0.0000000000
33381  -41.025  -64.195  -41.822 0.0000000000
33390  -40.929  -64.312  -43.801 0.0000000000
33409  -48.871  -64.310  -46.194 0.0000000000
33414  -52.862  -65.278  -46.279 0.0000000000
33427  -42.915  -63.968  -46.965 0.0000000000
33428  -45.940  -63.784  -46.628 0.0000000000
33430  -47.639  -64.902  -46.497 0.0000000000
33431  -48.417  -65.236  -46.430 0.0000000000
33436  -53.849  -64.836  -46.710 0.0000000000
33445  -42.718  -64.697  -47.313 0.0000000000
33446  -43.597  -64.356  -47.487 0.0000000000
33465  -50.244  -64.155  -48.681 0.0000000000
33467  -52.492  -64.313  -48.202 0.0000000000
34770  -45.043  -63.816  -27.575 0.0000000000
34783  -45.447  -63.124  -27.771 0.0000000000
34784  -46.418  -63.181  -27.787 0.0000000000
34797  -42.638  -63.233  -29.687 0.0000000000
34843  -41.510  -63.322  -32.344 0.0000000000
34858  -41.375  -63.282  -33.145 0.0000000000
34872  -46.709  -63.205  -34.173 0.0000000000
34873  -47.521  -63.370  -34.718 0.0000000000
34948  -47.051  -63.475  -39.541 0.0000000000
35034  -40.941  -63.530  -44.265 0.0000000000
35042  -41.334  -63.278  -45.011 0.0000000000
35066  -47.683  -64.165  -46.164 0.0000000000
35096  -54.399  -63.699  -47.116 0.0000000000
36366  -44.562  -61.895  -28.983 0.0000000000
36385  -42.603  -62.629  -30.293 0.0000000000
36409  -42.100  -62.287  -31.914 0.0000000000
36441  -41.647  -62.335  -33.322 0.0000000000
36442  -44.053  -61.940  -33.680 0.0000000000
36455  -41.697  -62.017  -34.026 0.0000000000
36456  -43.826  -61.945  -34.568 0.0000000000
36472  -41.202  -62.225  -35.576 0.0000000000
36474  -44.523  -62.761  -35.741 0.0000000000
36475  -44.972  -63.112  -34.798 0.0000000000
36482  -40.967  -62.213  -36.357 0.0000000000
36483  -43.792  -62.142  -37.132 0.0000000000
36487  -40.495  -62.805  -37.593 0.0000000000
36489  -43.850  -61.992  -37.898 0.0000000000
36494  -40.387  -62.930  -38.445 0.0000000000
36496  -44.005  -61.659  -38.654 0.0000000000
36506  -46.592  -62.713  -39.869 0.0000000000
36583  -42.129  -62.215  -44.694 0.0000000000
36594  -41.793  -62.742  -45.056 0.0000000000
36595  -42.449  -62.613  -45.335 0.0000000000
36617  -44.008  -62.854  -46.205 0.0000000000
36618  -44.774  -62.870  -46.231 0.0000000000
36644  -53.445  -62.323  -48.190 0.0000000000
36661  -53.501  -61.481  -48.618 0.0000000000
38018  -45.124  -61.436  -29.673 0.0000000000
38035  -43.905  -61.469  -30.575 0.0000000000
38038  -46.599  -60.831  -30.283 0.0000000000
38039  -47.518  -60.856  -30.210 0.0000000000
38071  -42.638  -61.782  -32.530 0.0000000000
38090  -45.356  -61.980  -32.844 0.0000000000
38102  -42.246  -61.669  -34.597 0.0000000000
38104  -46.689  -61.903  -33.475 0.0000000000
38116  -42.475  -61.605  -35.415 0.0000000000
38118  -47.368  -61.489  -34.713 0.0000000000
38126  -42.195  -61.611  -36.193 0.0000000000
38132  -42.263  -61.547  -37.184 0.0000000000
38139  -42.379  -61.352  -38.024 0.0000000000
38144  -41.220  -61.004  -39.308 0.0000000000
38184  -41.965  -60.858  -41.620 0.0000000000
38186  -46.682  -61.041  -41.483 0.0000000000
38187  -47.482  -61.290  -41.746 0.0000000000
38204  -41.758  -61.421  -42.240 0.0000000000
38205  -42.323  -61.012  -42.470 0.0000000000
38234  -43.343  -61.064  -43.620 0.0000000000
38256  -46.082  -61.284  -44.616 0.0000000000
38257  -46.847  -61.298  -44.616 0.0000000000
38273  -45.625  -61.886  -45.087 0.0000000000
38334  -53.145  -61.068  -49.168 0.0000000000
39715  -46.325  -60.676  -31.969 0.0000000000
39746  -46.975  -61.022  -33.460 0.0000000000
39777  -41.532  -60.740  -40.111 0.0000000000
39779  -42.897  -60.572  -39.892 0.0000000000
39790  -43.142  -60.452  -40.584 0.0000000000
39791  -43.998  -60.439  -40.779 0.0000000000
39811  -42.580  -60.499  -41.135 0.0000000000
39814  -45.201  -60.387  -41.792 0.0000000000
39826  -45.488  -60.366  -42.619 0.0000000000
39827  -46.342  -60.430  -42.864 0.0000000000
39844  -46.449  -60.547  -43.655 0.0000000000
39858  -45.173  -60.608  -43.940 0.0000000000
39860  -46.482  -60.834  -44.203 0.0000000000
181389  -44.164  -67.856  -33.888 0.0000000000
181535  -45.464  -63.647  -37.234 0.0000000000
182680  -41.164  -65.629  -39.792 0.0000000000
182842  -45.530  -63.432  -37.928 0.0000000000
183816  -44.499  -68.234  -41.756 0.0000000000
184712  -49.155  -71.056  -50.992 0.0000000000
184802  -41.244  -65.661  -43.712 0.0000000000
185526  -41.100  -68.783  -43.526 0.0000000000
185618  -47.285  -65.545  -47.139 0.0000000000
185936  -48.441  -68.506  -48.415 0.0000000000
187014  -52.387  -66.850  -47.999 0.0000000000
188284  -49.493  -70.162  -50.419 0.0000000000
188326  -42.482  -62.316  -31.141 0.0000000000
189488  -45.950  -62.381  -45.543 0.0000000000
190045  -40.609  -68.877  -44.030 0.0000000000
191223  -41.335  -62.967  -42.930 0.0000000000
192640  -45.875  -63.693  -35.706 0.0000000000
193326  -42.545  -60.959  -38.681 0.0000000000
193832  -44.204  -61.560  -31.963 0.0000000000
194309  -40.919  -62.579  -41.707 0.0000000000
195252  -41.115  -61.417  -38.633 0.0000000000
196181  -43.695  -62.127  -29.140 0.0000000000
196425  -41.181  -63.693  -33.875 0.0000000000
196481  -40.880  -65.900  -39.006 0.0000000000
197553  -44.553  -69.856  -43.410 0.0000000000
197877  -44.996  -65.627  -48.342 0.0000000000
198063  -42.873  -72.722  -42.277 0.0000000000
198164  -41.367  -72.354  -42.688 0.0000000000
198499  -40.386  -72.227  -44.638 0.0000000000
199026  -40.450  -74.169  -44.742 0.0000000000
199340  -50.794  -63.836  -48.565 0.0000000000
200961  -45.502  -68.884  -42.554 0.0000000000
202161  -41.108  -66.924  -46.651 0.0000000000
202586  -40.548  -72.428  -45.466 0.0000000000
202806  -45.157  -69.705  -39.150 0.0000000000
202998  -44.372  -61.530  -44.604 0.0000000000
203690  -43.386  -67.857  -40.384 0.0000000000
203752  -41.023  -62.998  -42.322 0.0000000000
206218  -54.154  -62.979  -47.504 0.0000000000
207165  -49.586  -69.073  -48.058 0.0000000000
207391  -52.776  -65.557  -47.830 0.0000000000
208047  -42.259  -72.083  -47.468 0.0000000000
208779  -48.804  -64.955  -46.311 0.0000000000
209625  -44.621  -65.230  -27.953 0.0000000000
209673  -51.115  -69.508  -48.335 0.0000000000
210995  -40.796  -67.288  -46.393 0.0000000000
211421  -40.385  -63.050  -39.240 0.0000000000
211511  -42.529  -65.845  -42.627 0.0000000000
211517  -45.405  -69.831  -40.017 0.0000000000
213988  -49.742  -66.670  -46.578 0.0000000000
214171  -52.156  -68.488  -46.733 0.0000000000
214442  -44.985  -68.114  -49.316 0.0000000000
215037  -45.335  -68.974  -43.313 0.0000000000
215173  -43.005  -68.236  -36.834 0.0000000000
216586  -41.200  -71.703  -42.728 0.0000000000
