#!ascii label  , from subject sub-v2s8x29190_ses-1 vox2ras=TkReg
1468
40464  25.882  -57.628  52.599 0.0000000000
69930  42.951  -36.421  43.440 0.0000000000
73865  54.078  -33.866  47.211 0.0000000000
48061  45.006  -52.079  49.997 0.0000000000
34351  32.628  -60.683  44.530 0.0000000000
31404  30.015  -63.486  49.342 0.0000000000
75101  46.821  -32.735  43.218 0.0000000000
67304  48.898  -38.885  49.986 0.0000000000
41913  38.766  -56.185  49.721 0.0000000000
34332  37.167  -60.843  45.041 0.0000000000
81300  63.452  -26.949  41.333 0.0000000000
72583  58.473  -34.952  43.104 0.0000000000
182108  40.999  -47.808  48.066 0.0000000000
204165  48.810  -44.612  48.569 0.0000000000
187048  29.660  -59.940  48.681 0.0000000000
34211  28.585  -60.502  51.319 0.0000000000
72592  43.979  -34.073  42.925 0.0000000000
69880  44.856  -36.092  47.313 0.0000000000
67363  44.233  -38.417  47.421 0.0000000000
34346  41.658  -61.018  44.980 0.0000000000
30062  33.336  -64.893  45.642 0.0000000000
34365  35.156  -61.423  43.104 0.0000000000
28657  34.630  -66.088  43.531 0.0000000000
82557  60.981  -27.507  41.480 0.0000000000
198553  62.107  -31.722  39.074 0.0000000000
75123  60.898  -32.171  39.605 0.0000000000
76218  53.752  -30.999  43.739 0.0000000000
75127  55.596  -32.250  41.711 0.0000000000
72522  56.415  -34.621  45.155 0.0000000000
67435  57.554  -38.451  42.771 0.0000000000
198764  54.627  -36.764  43.183 0.0000000000
43410  41.838  -54.349  49.159 0.0000000000
48078  40.651  -52.518  48.610 0.0000000000
52701  42.696  -49.198  51.384 0.0000000000
195585  44.792  -46.097  49.089 0.0000000000
194809  46.326  -48.180  50.876 0.0000000000
56974  49.972  -46.173  48.453 0.0000000000
52736  47.243  -49.269  48.097 0.0000000000
34301  31.896  -61.995  47.421 0.0000000000
77446  49.686  -30.588  41.379 0.0000000000
187167  51.412  -31.885  44.525 0.0000000000
73891  48.457  -33.446  46.139 0.0000000000
67361  47.921  -38.011  47.974 0.0000000000
38990  34.451  -57.851  50.400 0.0000000000
208770  38.520  -59.301  49.178 0.0000000000
40540  41.284  -57.527  47.367 0.0000000000
43469  44.119  -55.136  46.384 0.0000000000
49655  43.036  -51.745  46.887 0.0000000000
191088  33.901  -57.267  47.842 0.0000000000
34299  37.730  -61.657  47.174 0.0000000000
81327  64.251  -27.513  38.192 0.0000000000
188999  59.880  -33.151  39.216 0.0000000000
182367  60.496  -37.888  41.277 0.0000000000
69988  57.378  -36.922  38.159 0.0000000000
63662  45.428  -41.283  47.280 0.0000000000
63641  48.531  -41.277  49.434 0.0000000000
61133  51.923  -43.045  47.861 0.0000000000
187644  26.179  -58.583  52.383 0.0000000000
38977  27.610  -58.209  51.432 0.0000000000
34213  27.233  -60.444  51.558 0.0000000000
71255  43.206  -35.327  43.597 0.0000000000
71231  43.539  -35.811  44.834 0.0000000000
67389  43.391  -37.807  44.972 0.0000000000
30075  34.165  -65.865  44.235 0.0000000000
81314  59.806  -28.168  41.086 0.0000000000
78691  60.356  -29.990  42.619 0.0000000000
77420  59.827  -30.175  42.222 0.0000000000
76164  54.318  -31.810  45.205 0.0000000000
75074  55.879  -32.188  44.620 0.0000000000
73888  55.591  -33.512  45.960 0.0000000000
69890  55.960  -36.314  45.029 0.0000000000
44910  43.457  -53.080  50.170 0.0000000000
48030  42.326  -51.997  50.985 0.0000000000
49564  43.692  -50.717  51.404 0.0000000000
54136  44.295  -48.181  52.378 0.0000000000
51123  45.659  -49.753  51.289 0.0000000000
52709  47.417  -48.686  49.790 0.0000000000
51161  46.008  -50.009  50.016 0.0000000000
35869  30.523  -60.843  48.204 0.0000000000
31403  31.459  -63.046  48.505 0.0000000000
30011  32.045  -64.186  47.897 0.0000000000
75130  46.334  -32.238  41.573 0.0000000000
77467  47.530  -30.557  40.161 0.0000000000
76273  48.565  -31.457  41.514 0.0000000000
76252  50.626  -31.302  42.446 0.0000000000
75098  49.287  -32.120  43.806 0.0000000000
75055  49.792  -32.762  45.723 0.0000000000
73907  47.329  -33.195  45.003 0.0000000000
68594  45.591  -37.741  49.229 0.0000000000
68615  46.416  -36.648  48.469 0.0000000000
67342  48.249  -37.919  49.169 0.0000000000
66120  50.056  -39.263  47.647 0.0000000000
66099  50.243  -39.350  48.408 0.0000000000
35844  36.985  -59.937  48.591 0.0000000000
37356  36.149  -58.587  50.176 0.0000000000
34281  39.129  -61.347  48.266 0.0000000000
35884  41.521  -59.948  46.351 0.0000000000
198330  43.084  -57.034  47.301 0.0000000000
32831  36.365  -61.969  43.715 0.0000000000
39063  36.394  -58.592  45.049 0.0000000000
37445  36.499  -59.004  46.415 0.0000000000
201864  35.933  -59.018  47.796 0.0000000000
34316  37.593  -61.679  46.334 0.0000000000
83916  62.582  -25.199  40.483 0.0000000000
81311  64.100  -27.140  39.909 0.0000000000
72684  61.933  -34.564  38.429 0.0000000000
73933  57.360  -33.915  42.035 0.0000000000
73954  56.058  -33.801  40.078 0.0000000000
72639  57.746  -34.481  40.380 0.0000000000
73980  58.929  -32.860  38.630 0.0000000000
72610  59.424  -35.169  41.286 0.0000000000
71286  61.256  -36.056  41.517 0.0000000000
69939  59.916  -37.250  42.762 0.0000000000
67456  55.741  -38.542  40.880 0.0000000000
67488  56.759  -38.224  40.188 0.0000000000
43416  36.504  -55.853  50.330 0.0000000000
43440  38.107  -55.554  48.330 0.0000000000
52740  40.426  -49.719  48.181 0.0000000000
49644  39.671  -51.510  47.159 0.0000000000
58372  46.122  -45.318  49.031 0.0000000000
59812  45.961  -44.940  47.156 0.0000000000
59810  47.694  -44.594  46.902 0.0000000000
62436  46.771  -42.470  46.061 0.0000000000
62425  47.965  -42.556  47.085 0.0000000000
63654  47.357  -41.600  48.747 0.0000000000
62415  49.300  -43.146  47.542 0.0000000000
55609  50.864  -47.011  47.783 0.0000000000
59792  51.356  -44.436  47.668 0.0000000000
58411  52.003  -45.398  46.616 0.0000000000
61153  52.577  -43.117  45.340 0.0000000000
192272  29.327  -59.926  49.977 0.0000000000
32729  29.354  -62.269  50.269 0.0000000000
31407  27.901  -63.535  49.062 0.0000000000
32731  27.564  -62.474  50.327 0.0000000000
73935  46.022  -32.981  42.939 0.0000000000
73909  45.806  -33.736  44.259 0.0000000000
72546  44.598  -34.649  44.306 0.0000000000
68630  44.054  -36.816  46.997 0.0000000000
67343  45.138  -38.459  49.119 0.0000000000
34333  32.848  -61.925  45.114 0.0000000000
34367  33.576  -61.162  43.477 0.0000000000
32834  33.655  -62.754  43.471 0.0000000000
31500  34.726  -64.295  43.090 0.0000000000
31498  36.510  -63.766  43.327 0.0000000000
30074  37.576  -64.797  43.831 0.0000000000
28655  36.444  -66.021  42.954 0.0000000000
82543  62.290  -26.850  42.063 0.0000000000
78724  62.320  -29.299  41.171 0.0000000000
78705  61.742  -29.127  42.072 0.0000000000
73941  61.276  -33.024  39.189 0.0000000000
71319  62.341  -35.854  39.529 0.0000000000
208590  53.443  -29.829  41.715 0.0000000000
76250  54.623  -30.808  42.827 0.0000000000
75096  56.463  -32.572  44.060 0.0000000000
195997  57.531  -34.308  44.123 0.0000000000
68665  58.740  -37.511  43.363 0.0000000000
69909  57.386  -36.740  44.245 0.0000000000
68680  55.722  -38.162  42.444 0.0000000000
41931  40.617  -55.214  48.333 0.0000000000
44915  39.950  -55.021  48.505 0.0000000000
46472  41.391  -52.532  50.043 0.0000000000
51162  41.522  -50.345  49.881 0.0000000000
54199  41.809  -48.509  49.399 0.0000000000
57004  42.491  -47.025  48.274 0.0000000000
55579  43.597  -47.182  50.075 0.0000000000
56963  45.139  -46.441  50.846 0.0000000000
58344  46.996  -45.797  50.623 0.0000000000
58341  49.121  -45.386  48.993 0.0000000000
55561  47.923  -46.833  49.577 0.0000000000
54196  48.812  -48.149  48.782 0.0000000000
52775  49.122  -49.095  47.030 0.0000000000
37429  29.648  -59.606  47.152 0.0000000000
35907  31.077  -60.592  46.654 0.0000000000
34319  32.264  -61.636  45.955 0.0000000000
31454  32.814  -63.555  46.329 0.0000000000
30049  32.696  -65.495  46.859 0.0000000000
78709  51.538  -29.923  42.029 0.0000000000
189067  52.351  -31.598  44.215 0.0000000000
75026  53.091  -32.562  46.592 0.0000000000
75027  51.769  -32.917  46.807 0.0000000000
73870  49.624  -33.441  46.859 0.0000000000
71172  48.005  -34.786  47.443 0.0000000000
72524  46.598  -34.498  46.274 0.0000000000
71173  46.839  -35.321  47.726 0.0000000000
41933  33.510  -56.130  49.860 0.0000000000
41907  34.341  -56.507  51.315 0.0000000000
184216  36.122  -57.155  51.001 0.0000000000
40473  37.989  -57.276  50.018 0.0000000000
35885  40.467  -60.383  47.081 0.0000000000
37407  40.084  -59.124  48.173 0.0000000000
209325  40.219  -57.105  49.188 0.0000000000
41965  41.947  -56.198  48.202 0.0000000000
43438  43.057  -55.241  48.350 0.0000000000
44939  43.542  -53.050  47.745 0.0000000000
49641  44.183  -51.519  48.476 0.0000000000
46541  43.267  -53.611  46.572 0.0000000000
40525  34.034  -57.403  48.676 0.0000000000
35867  36.392  -59.597  48.318 0.0000000000
31437  38.489  -62.345  46.687 0.0000000000
30073  38.207  -64.512  44.367 0.0000000000
28640  38.948  -64.890  43.953 0.0000000000
85316  65.160  -25.098  37.932 0.0000000000
76268  59.128  -30.544  41.200 0.0000000000
75135  60.902  -32.715  39.783 0.0000000000
69948  62.300  -36.296  40.794 0.0000000000
206019  60.278  -36.971  39.223 0.0000000000
67470  59.175  -38.246  41.583 0.0000000000
180880  58.957  -37.719  39.783 0.0000000000
185498  58.372  -36.685  38.105 0.0000000000
44955  39.398  -54.530  47.383 0.0000000000
63668  44.586  -41.158  45.834 0.0000000000
218091  43.648  -39.292  45.399 0.0000000000
64899  44.605  -40.166  47.282 0.0000000000
64878  45.999  -40.079  49.528 0.0000000000
64863  49.069  -40.105  50.351 0.0000000000
195974  50.290  -43.120  47.776 0.0000000000
63627  50.308  -41.481  48.829 0.0000000000
64875  50.391  -40.341  48.777 0.0000000000
64888  52.022  -40.920  46.998 0.0000000000
51195  44.975  -49.875  47.817 0.0000000000
52778  46.348  -49.608  46.522 0.0000000000
40449  26.088  -57.960  53.101 0.0000000000
37318  25.665  -58.569  52.974 0.0000000000
40450  25.327  -57.864  53.391 0.0000000000
40463  26.599  -57.887  52.536 0.0000000000
38954  26.602  -58.448  52.127 0.0000000000
69931  42.839  -35.773  43.179 0.0000000000
68659  43.264  -37.152  44.692 0.0000000000
68671  43.144  -36.807  44.045 0.0000000000
78725  59.793  -29.460  42.115 0.0000000000
78726  59.184  -29.554  41.709 0.0000000000
73889  54.758  -33.159  46.509 0.0000000000
214639  55.215  -32.699  45.854 0.0000000000
73864  54.850  -33.965  46.642 0.0000000000
71164  55.163  -35.435  45.814 0.0000000000
71165  54.562  -35.252  46.372 0.0000000000
48062  44.110  -52.412  50.203 0.0000000000
48048  43.928  -52.059  50.958 0.0000000000
48047  44.894  -51.947  50.632 0.0000000000
51124  44.953  -49.972  51.642 0.0000000000
49582  45.709  -50.709  50.704 0.0000000000
51147  46.007  -50.083  50.496 0.0000000000
49600  45.662  -50.681  50.188 0.0000000000
31391  30.367  -62.682  49.304 0.0000000000
34268  30.715  -61.948  48.914 0.0000000000
188890  30.890  -63.363  48.884 0.0000000000
30014  29.821  -64.681  48.320 0.0000000000
75118  46.581  -32.500  42.402 0.0000000000
76274  47.784  -31.574  41.256 0.0000000000
76255  47.979  -31.811  42.070 0.0000000000
76223  49.051  -31.881  42.998 0.0000000000
75099  48.447  -32.326  43.648 0.0000000000
73921  47.062  -32.954  44.067 0.0000000000
67321  47.793  -38.173  49.785 0.0000000000
68592  47.409  -37.721  49.390 0.0000000000
67320  48.660  -38.332  49.528 0.0000000000
67340  49.796  -38.632  48.947 0.0000000000
67318  50.157  -38.947  49.036 0.0000000000
32755  38.271  -61.644  47.764 0.0000000000
34264  37.941  -60.976  49.046 0.0000000000
32753  39.509  -62.289  47.407 0.0000000000
34349  36.692  -61.229  44.240 0.0000000000
35932  36.742  -60.179  44.607 0.0000000000
211583  36.657  -59.035  45.608 0.0000000000
39048  36.097  -58.381  45.839 0.0000000000
35917  36.971  -59.870  45.504 0.0000000000
35905  36.989  -59.877  46.499 0.0000000000
34331  37.385  -61.492  45.518 0.0000000000
83906  62.562  -25.566  41.085 0.0000000000
85283  63.183  -24.346  40.212 0.0000000000
83904  63.804  -25.632  40.926 0.0000000000
83915  64.131  -25.346  40.571 0.0000000000
81299  64.133  -26.732  40.631 0.0000000000
72584  58.030  -34.387  42.587 0.0000000000
72612  57.930  -34.503  41.448 0.0000000000
72611  58.792  -35.027  42.063 0.0000000000
193356  58.511  -34.753  41.025 0.0000000000
71288  59.559  -35.703  42.146 0.0000000000
71287  60.310  -35.948  41.906 0.0000000000
71246  59.268  -36.442  43.111 0.0000000000
68717  54.795  -38.223  39.634 0.0000000000
212306  55.496  -38.176  39.452 0.0000000000
43399  37.878  -56.369  49.724 0.0000000000
44929  36.968  -55.764  49.462 0.0000000000
43414  38.520  -56.010  49.548 0.0000000000
54211  40.847  -48.573  48.345 0.0000000000
54220  40.353  -48.221  47.628 0.0000000000
191011  47.510  -44.895  48.650 0.0000000000
59796  46.815  -45.024  48.428 0.0000000000
59809  48.543  -44.445  47.252 0.0000000000
61154  48.730  -43.871  46.729 0.0000000000
61143  49.161  -44.045  47.062 0.0000000000
62416  48.989  -42.509  47.796 0.0000000000
59780  49.460  -44.155  47.778 0.0000000000
54218  50.559  -47.508  46.946 0.0000000000
57018  51.767  -46.112  47.143 0.0000000000
55646  51.050  -46.671  46.560 0.0000000000
57047  51.436  -45.921  46.296 0.0000000000
38975  28.543  -59.210  51.214 0.0000000000
38991  28.675  -58.938  50.651 0.0000000000
35821  29.184  -60.263  50.814 0.0000000000
34229  29.481  -60.806  50.451 0.0000000000
34230  29.087  -60.973  50.957 0.0000000000
32730  28.474  -62.471  50.410 0.0000000000
34231  28.442  -61.150  51.274 0.0000000000
73938  43.821  -33.769  42.245 0.0000000000
75132  44.660  -32.791  41.234 0.0000000000
184305  44.509  -33.309  42.007 0.0000000000
75119  45.784  -32.713  42.160 0.0000000000
73924  44.705  -33.766  43.213 0.0000000000
72568  45.056  -34.075  43.902 0.0000000000
72569  44.315  -34.408  43.574 0.0000000000
67377  43.831  -37.709  46.765 0.0000000000
69881  43.809  -36.593  46.250 0.0000000000
66101  44.686  -38.500  48.384 0.0000000000
200718  33.205  -63.449  44.863 0.0000000000
32821  33.128  -62.745  44.449 0.0000000000
183977  33.467  -63.608  44.049 0.0000000000
30094  34.504  -65.307  43.540 0.0000000000
31499  35.619  -63.439  42.888 0.0000000000
30093  35.360  -65.306  43.024 0.0000000000
30092  36.591  -64.858  43.251 0.0000000000
82569  61.012  -27.094  40.800 0.0000000000
82568  61.545  -26.400  40.499 0.0000000000
83907  62.064  -25.828  40.991 0.0000000000
82544  61.442  -27.320  42.058 0.0000000000
79957  62.441  -28.358  42.156 0.0000000000
81287  61.117  -28.033  42.151 0.0000000000
76214  60.314  -30.610  42.188 0.0000000000
76246  61.353  -30.861  41.080 0.0000000000
75111  61.350  -31.281  40.520 0.0000000000
72660  61.977  -34.509  39.087 0.0000000000
72634  62.275  -35.149  39.926 0.0000000000
77423  53.385  -30.248  42.458 0.0000000000
77422  54.052  -30.346  42.252 0.0000000000
77395  53.967  -30.616  43.036 0.0000000000
216546  56.062  -33.221  45.379 0.0000000000
73905  56.951  -33.591  44.598 0.0000000000
73904  57.305  -33.699  43.993 0.0000000000
72540  57.077  -34.255  44.638 0.0000000000
71220  57.504  -35.822  44.347 0.0000000000
69889  56.771  -36.144  44.706 0.0000000000
69911  55.573  -37.180  44.291 0.0000000000
68667  55.859  -37.716  43.626 0.0000000000
68668  55.106  -37.364  42.921 0.0000000000
68681  54.778  -37.720  42.067 0.0000000000
69940  54.408  -36.964  42.527 0.0000000000
43426  41.392  -54.973  48.561 0.0000000000
44913  41.022  -54.004  48.694 0.0000000000
44912  41.394  -53.745  49.062 0.0000000000
51128  42.315  -50.115  51.098 0.0000000000
49585  41.846  -51.336  50.841 0.0000000000
52686  42.205  -49.855  51.012 0.0000000000
214751  41.681  -49.144  49.634 0.0000000000
54187  42.088  -48.782  50.084 0.0000000000
54198  42.381  -48.013  49.739 0.0000000000
55564  42.999  -47.942  51.004 0.0000000000
54135  44.915  -48.195  51.711 0.0000000000
55548  44.391  -47.280  51.597 0.0000000000
56921  45.138  -47.193  51.345 0.0000000000
58345  46.256  -46.112  50.895 0.0000000000
56941  46.444  -46.640  50.798 0.0000000000
56962  47.447  -46.611  50.081 0.0000000000
55562  47.490  -47.393  50.081 0.0000000000
187340  47.536  -49.037  48.949 0.0000000000
54197  48.010  -48.405  49.213 0.0000000000
52721  48.383  -48.699  48.543 0.0000000000
52734  49.491  -48.443  47.357 0.0000000000
182535  48.220  -49.102  47.896 0.0000000000
39019  28.894  -58.955  48.229 0.0000000000
39035  28.985  -59.095  47.389 0.0000000000
37411  29.379  -59.556  47.990 0.0000000000
193592  31.584  -61.720  47.860 0.0000000000
35889  30.764  -60.704  47.455 0.0000000000
34302  31.636  -61.464  47.333 0.0000000000
34320  31.688  -61.118  46.509 0.0000000000
184933  31.960  -61.704  46.804 0.0000000000
34318  32.581  -62.335  45.936 0.0000000000
31455  32.492  -63.309  47.053 0.0000000000
77466  48.371  -30.484  40.565 0.0000000000
78730  50.028  -29.590  41.235 0.0000000000
211650  50.324  -30.260  41.599 0.0000000000
76221  50.791  -31.653  43.266 0.0000000000
76251  51.453  -31.204  42.864 0.0000000000
76220  51.562  -31.594  43.637 0.0000000000
211363  52.794  -31.747  44.914 0.0000000000
76166  52.034  -31.955  45.276 0.0000000000
75052  52.295  -32.431  46.222 0.0000000000
75076  51.223  -32.208  45.226 0.0000000000
75056  48.904  -32.842  45.416 0.0000000000
73890  49.090  -33.221  46.244 0.0000000000
73847  49.281  -34.114  47.362 0.0000000000
73872  48.215  -34.086  47.048 0.0000000000
72525  45.698  -34.680  45.658 0.0000000000
72544  46.146  -34.059  45.163 0.0000000000
71175  45.469  -35.547  47.005 0.0000000000
68614  47.247  -37.288  48.254 0.0000000000
71148  46.726  -35.593  47.868 0.0000000000
181178  47.340  -37.298  47.636 0.0000000000
196569  47.108  -36.728  47.978 0.0000000000
66123  47.722  -38.533  46.956 0.0000000000
40494  33.910  -57.171  50.225 0.0000000000
41918  34.016  -56.361  50.539 0.0000000000
40478  34.111  -57.304  50.951 0.0000000000
183740  36.611  -58.758  49.624 0.0000000000
196510  36.100  -58.061  50.911 0.0000000000
214233  37.198  -58.321  50.011 0.0000000000
40474  37.149  -57.497  50.058 0.0000000000
38986  38.374  -58.754  49.821 0.0000000000
32771  40.735  -61.817  46.649 0.0000000000
34297  41.247  -61.349  46.153 0.0000000000
218429  41.033  -58.828  47.205 0.0000000000
37406  40.655  -59.001  47.643 0.0000000000
39016  40.455  -58.406  48.111 0.0000000000
39001  40.467  -57.842  48.840 0.0000000000
39015  40.954  -57.768  48.118 0.0000000000
40506  40.986  -57.211  48.915 0.0000000000
40524  41.195  -57.188  48.017 0.0000000000
41981  44.028  -56.059  46.672 0.0000000000
41982  43.226  -56.124  47.320 0.0000000000
43452  43.842  -55.261  47.165 0.0000000000
44940  44.054  -54.237  48.052 0.0000000000
43451  43.610  -54.353  46.616 0.0000000000
46526  43.221  -53.467  47.036 0.0000000000
44979  43.595  -54.221  45.869 0.0000000000
34366  34.268  -61.447  43.110 0.0000000000
185978  33.959  -60.316  43.151 0.0000000000
37504  34.955  -59.996  43.203 0.0000000000
40542  33.861  -57.128  46.954 0.0000000000
41984  32.770  -56.236  47.683 0.0000000000
40526  33.361  -56.687  48.390 0.0000000000
40509  33.057  -56.227  49.139 0.0000000000
206923  34.410  -57.710  48.110 0.0000000000
35886  37.024  -60.113  47.416 0.0000000000
35887  36.481  -59.563  47.828 0.0000000000
35866  37.014  -60.148  47.933 0.0000000000
34282  37.363  -60.763  47.918 0.0000000000
31438  38.063  -62.125  46.726 0.0000000000
28643  37.907  -65.493  43.844 0.0000000000
28652  39.360  -64.665  43.643 0.0000000000
182582  64.380  -25.905  39.013 0.0000000000
82585  64.504  -26.597  38.187 0.0000000000
82584  64.722  -27.367  37.631 0.0000000000
77460  62.238  -30.578  40.110 0.0000000000
75128  54.946  -31.792  41.353 0.0000000000
75139  53.951  -31.820  40.154 0.0000000000
75137  55.151  -32.654  40.831 0.0000000000
73966  59.350  -33.482  39.234 0.0000000000
76317  58.959  -31.983  38.519 0.0000000000
76302  59.396  -31.525  39.255 0.0000000000
76287  58.670  -30.723  40.299 0.0000000000
76301  60.049  -31.705  39.492 0.0000000000
76285  60.102  -31.266  40.462 0.0000000000
75147  60.456  -32.645  39.460 0.0000000000
69950  61.543  -36.952  41.605 0.0000000000
184892  61.770  -35.598  41.040 0.0000000000
68689  61.706  -37.130  41.268 0.0000000000
68701  62.078  -36.844  40.716 0.0000000000
68702  61.290  -37.432  40.917 0.0000000000
213873  57.802  -38.222  43.254 0.0000000000
67433  59.130  -38.037  43.041 0.0000000000
67453  58.339  -38.390  42.243 0.0000000000
68715  56.905  -37.922  39.537 0.0000000000
217807  58.292  -37.960  39.936 0.0000000000
202957  57.910  -37.691  39.372 0.0000000000
68728  58.620  -37.258  38.861 0.0000000000
46511  40.374  -53.184  48.027 0.0000000000
44942  39.643  -54.908  47.833 0.0000000000
48079  40.198  -52.973  47.837 0.0000000000
218070  43.443  -46.757  48.674 0.0000000000
59827  45.830  -44.600  46.310 0.0000000000
63666  46.098  -41.850  46.672 0.0000000000
62437  45.957  -42.125  45.798 0.0000000000
63667  45.292  -41.520  46.347 0.0000000000
64911  44.028  -40.540  45.419 0.0000000000
194169  44.336  -40.370  46.369 0.0000000000
64898  45.042  -40.651  47.731 0.0000000000
63642  47.680  -41.181  49.497 0.0000000000
63643  46.710  -40.860  49.478 0.0000000000
63630  48.044  -40.788  50.047 0.0000000000
64876  47.392  -40.457  50.115 0.0000000000
63629  48.731  -40.728  50.064 0.0000000000
58358  49.289  -45.783  48.506 0.0000000000
59767  49.988  -45.220  48.306 0.0000000000
58357  50.047  -45.099  48.007 0.0000000000
197799  51.702  -43.811  47.589 0.0000000000
61108  51.061  -43.060  48.052 0.0000000000
62414  51.480  -42.242  48.067 0.0000000000
190473  50.486  -41.003  48.927 0.0000000000
63652  51.486  -41.499  47.860 0.0000000000
64889  51.327  -40.776  47.500 0.0000000000
63651  52.157  -41.316  47.174 0.0000000000
194926  52.736  -42.265  44.905 0.0000000000
49642  43.897  -51.373  48.031 0.0000000000
49632  44.596  -50.527  48.417 0.0000000000
51196  44.241  -50.505  47.512 0.0000000000
40480  27.678  -57.996  51.401 0.0000000000
37359  28.297  -59.316  51.288 0.0000000000
34212  28.008  -60.589  51.544 0.0000000000
35772  27.477  -59.557  51.489 0.0000000000
35773  26.951  -59.693  51.596 0.0000000000
72593  43.280  -34.375  42.538 0.0000000000
72570  43.498  -34.683  43.262 0.0000000000
71254  43.859  -34.966  43.951 0.0000000000
69915  43.287  -36.471  44.810 0.0000000000
68646  43.377  -37.010  45.541 0.0000000000
67378  43.490  -37.807  45.883 0.0000000000
28630  33.491  -65.934  45.766 0.0000000000
30076  33.747  -65.421  44.912 0.0000000000
28646  33.781  -66.489  44.974 0.0000000000
27203  33.879  -66.898  44.328 0.0000000000
81313  60.507  -27.650  41.060 0.0000000000
79959  60.327  -28.860  42.175 0.0000000000
79960  60.074  -28.992  42.128 0.0000000000
76215  60.039  -30.325  42.521 0.0000000000
205969  60.193  -30.654  42.238 0.0000000000
76186  54.070  -31.348  44.461 0.0000000000
208963  54.689  -31.508  44.574 0.0000000000
75075  55.159  -32.013  45.176 0.0000000000
75049  55.766  -32.722  45.354 0.0000000000
72523  55.879  -34.269  45.650 0.0000000000
71191  56.259  -35.506  45.120 0.0000000000
71192  55.639  -35.676  45.355 0.0000000000
69891  55.251  -36.090  45.354 0.0000000000
44911  43.091  -53.828  49.897 0.0000000000
44895  42.392  -53.085  50.660 0.0000000000
46469  42.926  -52.881  50.730 0.0000000000
49565  43.180  -51.012  51.432 0.0000000000
51114  43.244  -49.670  51.612 0.0000000000
54138  43.416  -48.922  52.078 0.0000000000
51113  43.694  -49.348  51.752 0.0000000000
52683  45.142  -49.297  51.616 0.0000000000
197024  45.894  -48.617  51.159 0.0000000000
54171  46.669  -48.605  50.680 0.0000000000
51135  46.327  -49.556  50.650 0.0000000000
51160  46.657  -49.377  49.590 0.0000000000
207784  46.701  -49.292  48.881 0.0000000000
196587  30.037  -60.494  48.634 0.0000000000
35846  30.478  -61.487  48.983 0.0000000000
34284  31.146  -61.802  48.394 0.0000000000
32758  31.792  -62.892  48.166 0.0000000000
31439  32.142  -63.448  47.756 0.0000000000
31421  31.814  -63.470  48.178 0.0000000000
212183  46.413  -31.537  40.354 0.0000000000
76292  47.686  -31.168  40.620 0.0000000000
76291  48.299  -31.191  40.947 0.0000000000
76272  49.345  -31.277  41.683 0.0000000000
77427  50.110  -31.001  41.848 0.0000000000
76253  49.684  -31.525  42.317 0.0000000000
76222  49.938  -31.760  43.094 0.0000000000
76189  50.142  -31.957  43.940 0.0000000000
75077  50.515  -32.202  44.815 0.0000000000
204423  49.536  -32.395  44.684 0.0000000000
75078  48.671  -32.552  44.514 0.0000000000
73906  48.102  -32.999  45.240 0.0000000000
68616  45.010  -36.879  48.243 0.0000000000
69867  45.655  -36.263  48.050 0.0000000000
68603  46.333  -37.115  48.963 0.0000000000
193066  47.701  -37.649  48.732 0.0000000000
67360  48.556  -38.230  48.428 0.0000000000
66121  49.061  -38.957  47.547 0.0000000000
67359  49.512  -38.689  48.508 0.0000000000
194364  50.515  -39.564  47.718 0.0000000000
66138  51.225  -39.905  46.950 0.0000000000
215799  35.692  -59.098  49.541 0.0000000000
37357  35.360  -58.618  50.209 0.0000000000
35819  36.693  -59.461  49.167 0.0000000000
35843  37.302  -60.072  48.903 0.0000000000
214330  38.716  -60.419  48.968 0.0000000000
34314  41.941  -60.574  45.437 0.0000000000
39030  42.639  -58.272  46.709 0.0000000000
40539  42.069  -57.437  47.141 0.0000000000
204846  43.045  -57.942  46.285 0.0000000000
40553  43.402  -57.371  46.125 0.0000000000
34364  36.010  -61.321  43.491 0.0000000000
37503  35.789  -59.767  43.611 0.0000000000
35947  36.255  -60.427  43.866 0.0000000000
39064  35.930  -58.060  45.161 0.0000000000
40555  35.450  -57.723  45.663 0.0000000000
186624  35.477  -58.003  46.334 0.0000000000
39050  35.157  -58.052  47.020 0.0000000000
39034  34.942  -58.108  47.848 0.0000000000
208475  36.058  -58.871  47.109 0.0000000000
34317  37.403  -60.875  46.913 0.0000000000
32791  37.912  -62.306  46.451 0.0000000000
85281  64.203  -24.514  40.333 0.0000000000
82567  64.144  -26.169  40.051 0.0000000000
81320  64.069  -27.520  39.148 0.0000000000
73979  61.953  -34.173  38.130 0.0000000000
75126  56.301  -32.683  42.086 0.0000000000
73945  55.909  -33.207  41.028 0.0000000000
191516  56.669  -33.513  41.586 0.0000000000
72613  57.137  -34.178  41.003 0.0000000000
72664  57.310  -34.238  39.622 0.0000000000
72663  58.089  -34.357  39.764 0.0000000000
72662  58.930  -34.298  39.787 0.0000000000
72661  59.837  -34.030  39.791 0.0000000000
72636  60.545  -34.549  40.351 0.0000000000
71302  60.369  -35.359  41.089 0.0000000000
69938  60.764  -36.860  42.164 0.0000000000
68677  60.503  -37.548  42.231 0.0000000000
67455  56.443  -38.560  41.318 0.0000000000
67472  57.037  -38.417  40.879 0.0000000000
67473  56.202  -38.426  40.533 0.0000000000
68730  56.046  -37.857  38.962 0.0000000000
43417  35.794  -55.496  50.906 0.0000000000
49633  40.659  -51.148  48.616 0.0000000000
185712  40.410  -52.020  48.257 0.0000000000
51180  40.250  -50.450  48.078 0.0000000000
51198  39.799  -50.609  47.384 0.0000000000
58387  45.366  -45.596  48.616 0.0000000000
58388  44.600  -45.812  48.218 0.0000000000
58386  46.022  -45.177  48.077 0.0000000000
59811  46.840  -44.897  47.427 0.0000000000
59826  46.834  -44.532  46.466 0.0000000000
61167  46.844  -43.507  45.645 0.0000000000
61166  47.462  -43.576  45.947 0.0000000000
62435  47.647  -42.930  46.260 0.0000000000
62426  47.008  -42.189  46.909 0.0000000000
63661  46.235  -41.620  47.605 0.0000000000
62417  48.172  -42.225  47.926 0.0000000000
63653  48.354  -41.782  48.681 0.0000000000
62404  49.291  -42.196  48.411 0.0000000000
55593  50.432  -46.735  48.226 0.0000000000
58371  50.670  -45.612  48.083 0.0000000000
57002  51.577  -45.966  47.678 0.0000000000
203089  52.016  -45.422  47.261 0.0000000000
59807  52.398  -44.080  46.738 0.0000000000
61141  52.534  -43.253  46.200 0.0000000000
58424  52.210  -44.628  46.151 0.0000000000
39005  28.894  -58.862  49.141 0.0000000000
37392  29.298  -59.621  49.304 0.0000000000
35847  30.023  -61.004  49.725 0.0000000000
32728  30.017  -62.034  49.786 0.0000000000
31392  29.694  -62.838  49.753 0.0000000000
30001  28.609  -63.983  48.914 0.0000000000
31393  28.892  -63.040  49.948 0.0000000000
31394  28.062  -63.065  49.798 0.0000000000
32717  27.033  -61.880  50.969 0.0000000000
75131  45.528  -32.467  41.392 0.0000000000
73922  46.294  -33.219  43.751 0.0000000000
72545  45.355  -34.344  44.702 0.0000000000
72526  44.845  -34.851  45.107 0.0000000000
71230  44.107  -35.215  44.743 0.0000000000
71202  44.153  -35.598  45.444 0.0000000000
214754  44.235  -36.350  46.711 0.0000000000
68605  44.666  -37.707  48.256 0.0000000000
67323  45.887  -38.343  49.692 0.0000000000
67306  47.469  -38.710  50.275 0.0000000000
32790  40.451  -62.552  46.424 0.0000000000
34350  32.914  -61.216  44.322 0.0000000000
35933  33.140  -60.577  43.755 0.0000000000
182183  33.136  -61.938  43.930 0.0000000000
193388  33.722  -61.884  43.325 0.0000000000
194318  34.483  -62.145  43.000 0.0000000000
31501  33.846  -64.686  43.857 0.0000000000
32833  34.619  -63.124  42.936 0.0000000000
32832  35.605  -62.297  43.106 0.0000000000
198173  36.435  -62.781  43.510 0.0000000000
32820  36.878  -62.234  44.219 0.0000000000
32819  37.382  -62.540  44.676 0.0000000000
200856  37.195  -64.066  43.736 0.0000000000
28644  37.167  -65.759  43.470 0.0000000000
27216  36.601  -66.284  42.720 0.0000000000
82555  62.223  -26.158  41.558 0.0000000000
82542  62.879  -26.926  42.017 0.0000000000
79973  63.129  -27.901  41.282 0.0000000000
194936  62.867  -28.495  41.943 0.0000000000
78704  62.275  -29.192  41.872 0.0000000000
77443  62.016  -30.662  40.470 0.0000000000
78706  61.059  -29.624  42.481 0.0000000000
77418  61.618  -30.659  40.895 0.0000000000
209854  61.963  -32.365  39.120 0.0000000000
200438  62.011  -34.613  38.751 0.0000000000
71333  62.250  -35.173  39.020 0.0000000000
71334  61.932  -35.457  38.757 0.0000000000
77463  53.565  -29.952  40.793 0.0000000000
76270  54.641  -30.908  41.825 0.0000000000
76269  55.225  -31.416  42.289 0.0000000000
76185  55.259  -31.585  44.226 0.0000000000
75097  55.925  -31.889  43.701 0.0000000000
75114  56.446  -32.501  43.087 0.0000000000
73920  57.039  -33.026  43.541 0.0000000000
72561  57.856  -34.299  43.522 0.0000000000
72560  58.088  -34.908  43.767 0.0000000000
71247  58.667  -35.648  43.441 0.0000000000
71219  58.127  -35.657  43.935 0.0000000000
68653  58.060  -37.121  43.807 0.0000000000
67416  57.177  -38.263  43.316 0.0000000000
69910  56.516  -37.049  44.434 0.0000000000
68666  56.646  -37.934  43.814 0.0000000000
67436  56.667  -38.525  42.289 0.0000000000
67437  55.964  -38.583  41.638 0.0000000000
68705  54.979  -38.392  40.541 0.0000000000
187458  40.077  -55.713  49.436 0.0000000000
43413  39.413  -55.762  49.302 0.0000000000
43412  40.201  -54.808  48.669 0.0000000000
44914  40.608  -53.893  48.613 0.0000000000
46496  40.897  -52.841  49.108 0.0000000000
46471  41.748  -52.806  50.782 0.0000000000
49603  41.260  -51.674  49.969 0.0000000000
49620  41.001  -51.400  49.333 0.0000000000
51163  41.103  -50.657  49.304 0.0000000000
54200  41.272  -48.908  49.053 0.0000000000
54210  41.414  -48.209  48.722 0.0000000000
55611  41.803  -47.534  48.357 0.0000000000
55596  42.472  -47.537  48.906 0.0000000000
200608  43.032  -47.428  49.506 0.0000000000
182423  44.269  -46.622  49.734 0.0000000000
181873  43.942  -47.410  51.502 0.0000000000
56978  44.065  -46.900  50.673 0.0000000000
58374  44.958  -46.201  49.817 0.0000000000
58361  45.419  -46.013  50.228 0.0000000000
187442  46.615  -45.695  50.615 0.0000000000
59754  47.374  -45.426  50.067 0.0000000000
61097  48.952  -44.973  48.969 0.0000000000
58343  47.488  -45.656  50.096 0.0000000000
56961  48.040  -46.143  49.579 0.0000000000
55576  49.162  -46.771  48.811 0.0000000000
204624  47.680  -48.169  49.899 0.0000000000
54185  48.401  -47.918  49.293 0.0000000000
55594  49.770  -47.122  48.477 0.0000000000
55610  50.176  -47.356  47.989 0.0000000000
54219  49.930  -48.142  47.094 0.0000000000
35918  32.198  -60.209  44.843 0.0000000000
37410  30.094  -60.147  47.867 0.0000000000
207543  31.478  -60.498  46.020 0.0000000000
35906  32.028  -60.745  45.572 0.0000000000
34334  32.551  -61.153  45.123 0.0000000000
32792  32.911  -62.903  45.537 0.0000000000
31469  33.092  -63.887  45.562 0.0000000000
191490  32.443  -64.017  47.456 0.0000000000
208649  32.863  -64.866  46.885 0.0000000000
30048  33.095  -65.331  46.356 0.0000000000
78708  52.300  -29.802  42.077 0.0000000000
77424  52.723  -30.314  42.538 0.0000000000
190177  51.308  -30.746  42.347 0.0000000000
77397  52.366  -31.013  43.221 0.0000000000
76219  53.016  -31.176  43.704 0.0000000000
76165  53.517  -31.738  45.084 0.0000000000
75051  53.733  -32.178  45.908 0.0000000000
75025  53.939  -32.843  46.761 0.0000000000
72483  53.795  -34.735  47.272 0.0000000000
73866  53.071  -33.449  47.345 0.0000000000
73867  52.117  -33.592  47.404 0.0000000000
73868  51.257  -33.552  47.268 0.0000000000
75054  50.712  -32.588  45.737 0.0000000000
75029  50.279  -32.957  46.450 0.0000000000
73908  46.570  -33.453  44.642 0.0000000000
73893  46.956  -33.856  45.634 0.0000000000
73892  47.728  -33.666  45.968 0.0000000000
71174  46.077  -35.768  47.833 0.0000000000
198030  46.321  -35.410  47.621 0.0000000000
72509  47.472  -34.344  46.843 0.0000000000
208297  47.319  -35.357  47.635 0.0000000000
44902  33.537  -55.070  49.782 0.0000000000
43403  34.853  -55.773  51.285 0.0000000000
40477  34.469  -57.493  51.177 0.0000000000
41906  35.000  -56.007  51.731 0.0000000000
43402  35.430  -55.732  51.430 0.0000000000
43401  36.214  -55.857  51.177 0.0000000000
41915  37.526  -56.817  50.067 0.0000000000
41914  38.488  -56.693  50.031 0.0000000000
32772  40.153  -62.181  47.162 0.0000000000
35865  39.797  -60.772  47.879 0.0000000000
37389  38.967  -59.808  48.987 0.0000000000
200461  40.994  -60.254  46.577 0.0000000000
35864  40.196  -59.722  47.557 0.0000000000
205429  39.542  -59.207  48.685 0.0000000000
38985  38.852  -58.061  49.983 0.0000000000
40492  39.147  -57.289  49.826 0.0000000000
40491  39.749  -56.623  49.820 0.0000000000
41950  40.608  -56.356  49.167 0.0000000000
41949  41.391  -55.868  48.687 0.0000000000
41948  42.296  -55.390  48.550 0.0000000000
40522  42.591  -56.749  47.858 0.0000000000
41964  42.737  -55.962  48.107 0.0000000000
43425  42.750  -54.730  48.886 0.0000000000
44928  43.223  -54.131  49.152 0.0000000000
184888  44.060  -53.587  48.594 0.0000000000
46495  44.064  -52.538  48.609 0.0000000000
48068  44.561  -51.924  49.191 0.0000000000
48077  43.935  -52.188  48.413 0.0000000000
48111  43.156  -52.844  47.200 0.0000000000
48112  43.008  -52.849  46.782 0.0000000000
44980  43.725  -54.533  45.322 0.0000000000
46558  43.654  -54.034  45.061 0.0000000000
39095  35.603  -58.430  43.679 0.0000000000
41951  33.011  -56.031  49.418 0.0000000000
40508  33.648  -56.929  49.338 0.0000000000
39004  34.254  -57.651  49.562 0.0000000000
39017  35.309  -58.685  48.273 0.0000000000
37409  35.134  -58.731  48.879 0.0000000000
39003  34.786  -58.370  49.694 0.0000000000
35845  36.383  -59.617  48.721 0.0000000000
32756  38.108  -61.661  48.020 0.0000000000
199154  39.023  -62.775  46.586 0.0000000000
31481  37.755  -63.117  44.880 0.0000000000
30061  38.064  -63.615  44.902 0.0000000000
30047  38.279  -63.154  45.537 0.0000000000
27201  38.547  -65.467  43.722 0.0000000000
28615  38.743  -63.922  45.029 0.0000000000
30045  39.157  -63.611  45.542 0.0000000000
41908  24.994  -57.360  52.401 0.0000000000
85333  65.327  -25.032  37.132 0.0000000000
77445  59.182  -30.033  41.603 0.0000000000
76266  60.289  -31.035  41.486 0.0000000000
75124  60.869  -32.343  39.970 0.0000000000
72609  61.289  -35.155  40.823 0.0000000000
72608  61.601  -34.930  40.520 0.0000000000
72607  61.797  -34.635  40.008 0.0000000000
69958  62.409  -36.159  40.280 0.0000000000
69985  61.665  -36.198  39.176 0.0000000000
69986  60.694  -36.436  38.794 0.0000000000
69924  59.233  -37.133  43.179 0.0000000000
68678  59.834  -37.924  42.714 0.0000000000
218334  59.933  -38.103  41.471 0.0000000000
67471  58.021  -38.357  41.212 0.0000000000
206653  58.618  -38.117  40.547 0.0000000000
68703  59.609  -38.045  40.778 0.0000000000
68714  60.212  -37.512  40.119 0.0000000000
69987  59.825  -36.622  38.470 0.0000000000
70006  58.521  -36.030  37.540 0.0000000000
68684  43.099  -37.219  43.196 0.0000000000
43439  38.784  -55.645  48.585 0.0000000000
44943  38.931  -55.271  47.827 0.0000000000
62450  45.630  -42.441  45.179 0.0000000000
186902  43.448  -39.998  44.009 0.0000000000
66181  43.505  -39.257  44.627 0.0000000000
67405  43.455  -38.491  44.478 0.0000000000
66164  43.541  -38.578  45.267 0.0000000000
66145  43.798  -38.731  46.218 0.0000000000
66124  44.562  -39.320  47.762 0.0000000000
63656  45.634  -41.052  48.172 0.0000000000
198049  45.382  -40.167  48.611 0.0000000000
66100  44.924  -39.280  48.595 0.0000000000
66083  45.507  -39.238  49.342 0.0000000000
66059  47.013  -39.194  50.471 0.0000000000
66057  48.566  -39.444  50.417 0.0000000000
61096  49.897  -45.024  49.222 0.0000000000
208476  49.776  -42.975  47.698 0.0000000000
62391  49.777  -42.496  47.989 0.0000000000
61122  50.923  -44.045  47.709 0.0000000000
62390  50.474  -42.208  48.344 0.0000000000
63628  50.151  -41.372  49.106 0.0000000000
64862  49.951  -40.829  49.771 0.0000000000
209886  49.896  -40.149  50.036 0.0000000000
66081  50.030  -39.326  49.592 0.0000000000
66098  50.351  -39.693  48.047 0.0000000000
209396  51.547  -40.450  46.993 0.0000000000
64897  52.158  -40.638  46.463 0.0000000000
195559  52.595  -42.372  46.174 0.0000000000
63665  52.712  -41.598  45.194 0.0000000000
185304  45.170  -50.318  49.100 0.0000000000
51178  45.379  -49.829  48.513 0.0000000000
52737  46.253  -49.470  48.335 0.0000000000
52758  44.833  -49.949  46.997 0.0000000000
52757  45.658  -49.730  47.157 0.0000000000
52756  46.651  -49.519  47.368 0.0000000000
52755  47.917  -49.373  47.232 0.0000000000
25881  36.001  -66.554  42.349 0.0000000000
25895  36.191  -66.742  42.033 0.0000000000
27217  35.666  -66.276  42.667 0.0000000000
27233  36.693  -66.471  42.415 0.0000000000
28617  32.351  -66.077  46.633 0.0000000000
28627  39.340  -64.427  44.151 0.0000000000
28628  39.040  -64.293  44.696 0.0000000000
28629  38.586  -64.417  44.495 0.0000000000
28641  38.626  -64.834  44.084 0.0000000000
28642  38.321  -65.143  43.979 0.0000000000
28645  34.127  -66.557  44.178 0.0000000000
28653  39.026  -65.288  43.463 0.0000000000
29999  30.313  -64.130  48.882 0.0000000000
30000  29.407  -64.216  48.990 0.0000000000
30026  39.324  -63.189  46.047 0.0000000000
30027  38.750  -62.945  46.000 0.0000000000
30028  38.323  -62.662  46.026 0.0000000000
30029  32.744  -64.173  46.994 0.0000000000
30031  32.007  -64.961  47.736 0.0000000000
30046  38.574  -63.351  45.480 0.0000000000
30060  38.478  -63.845  44.988 0.0000000000
30091  39.383  -64.775  43.048 0.0000000000
31405  29.160  -63.612  49.522 0.0000000000
31406  28.482  -63.518  49.456 0.0000000000
31419  38.483  -62.009  47.316 0.0000000000
31420  38.133  -61.814  47.293 0.0000000000
31422  31.493  -63.740  48.317 0.0000000000
31436  38.994  -62.434  47.151 0.0000000000
31451  40.614  -62.781  45.683 0.0000000000
31453  38.065  -62.488  46.205 0.0000000000
31468  38.062  -62.914  45.695 0.0000000000
31482  37.177  -63.179  44.082 0.0000000000
31483  33.450  -64.297  44.784 0.0000000000
32715  28.905  -61.689  50.777 0.0000000000
32716  27.997  -61.891  50.957 0.0000000000
32727  30.459  -62.141  49.203 0.0000000000
32739  38.482  -61.495  48.157 0.0000000000
32740  38.148  -61.392  48.406 0.0000000000
32741  37.723  -61.201  48.416 0.0000000000
32742  30.966  -62.570  48.882 0.0000000000
32754  38.940  -61.953  47.776 0.0000000000
32757  37.692  -61.321  48.042 0.0000000000
32759  31.360  -62.448  48.515 0.0000000000
32773  37.858  -61.657  47.408 0.0000000000
32774  37.649  -61.369  47.704 0.0000000000
32775  32.064  -62.700  47.544 0.0000000000
32793  32.292  -62.371  46.722 0.0000000000
34232  27.601  -61.209  51.357 0.0000000000
34248  29.981  -61.387  49.916 0.0000000000
34249  29.521  -61.460  50.367 0.0000000000
34263  38.495  -61.056  48.754 0.0000000000
34265  37.472  -60.662  48.617 0.0000000000
34266  37.422  -60.808  48.376 0.0000000000
34267  37.001  -60.025  48.211 0.0000000000
34280  39.705  -61.808  47.794 0.0000000000
34283  31.693  -62.236  48.056 0.0000000000
34296  41.481  -60.686  46.186 0.0000000000
34298  40.291  -61.323  47.214 0.0000000000
34300  37.339  -60.724  47.531 0.0000000000
34315  41.745  -60.928  45.715 0.0000000000
34330  41.777  -60.960  45.224 0.0000000000
34347  41.069  -61.165  44.742 0.0000000000
34348  37.225  -61.763  44.832 0.0000000000
35774  26.107  -59.088  52.135 0.0000000000
35787  28.518  -59.928  51.328 0.0000000000
35788  28.116  -60.037  51.513 0.0000000000
35789  27.646  -60.113  51.565 0.0000000000
35803  28.990  -60.372  51.035 0.0000000000
35820  36.068  -59.327  49.155 0.0000000000
35841  39.158  -60.596  48.651 0.0000000000
35842  38.236  -60.151  48.922 0.0000000000
35868  31.196  -61.260  47.878 0.0000000000
35888  31.310  -61.063  47.193 0.0000000000
35903  41.881  -60.364  45.881 0.0000000000
35904  37.301  -60.767  45.958 0.0000000000
35948  35.493  -60.621  43.357 0.0000000000
35949  34.565  -60.810  43.128 0.0000000000
37332  26.715  -58.988  51.843 0.0000000000
37344  27.944  -59.446  51.432 0.0000000000
37358  28.827  -59.818  51.155 0.0000000000
37371  37.781  -59.403  49.187 0.0000000000
37372  36.190  -59.091  49.362 0.0000000000
37373  35.851  -58.990  49.903 0.0000000000
37374  35.434  -58.931  49.789 0.0000000000
37375  29.477  -60.441  50.278 0.0000000000
37376  29.044  -59.732  50.706 0.0000000000
37388  39.623  -59.842  48.241 0.0000000000
37390  35.166  -58.865  49.616 0.0000000000
37408  35.798  -59.265  48.562 0.0000000000
37426  40.949  -59.456  46.908 0.0000000000
37427  36.536  -59.356  47.198 0.0000000000
37463  36.688  -59.283  44.891 0.0000000000
37482  36.367  -59.556  44.206 0.0000000000
38942  25.444  -58.241  53.416 0.0000000000
38953  27.167  -59.085  51.608 0.0000000000
38955  26.035  -58.122  52.971 0.0000000000
38956  25.606  -58.032  53.444 0.0000000000
38964  27.715  -58.794  51.432 0.0000000000
38965  27.096  -58.333  51.813 0.0000000000
38972  35.494  -58.395  50.755 0.0000000000
38973  34.961  -58.197  50.784 0.0000000000
38974  34.580  -57.892  50.784 0.0000000000
38976  28.012  -58.721  51.433 0.0000000000
38987  37.543  -58.832  49.797 0.0000000000
38988  36.542  -58.100  50.073 0.0000000000
38989  34.972  -58.496  50.278 0.0000000000
39002  39.944  -58.543  48.791 0.0000000000
39018  34.665  -58.145  48.758 0.0000000000
39031  41.715  -58.584  46.997 0.0000000000
39032  40.989  -58.359  47.587 0.0000000000
39033  35.545  -58.517  47.474 0.0000000000
39049  35.822  -58.457  46.703 0.0000000000
40448  26.545  -57.947  52.470 0.0000000000
40459  34.564  -56.704  51.571 0.0000000000
40460  34.184  -56.931  51.318 0.0000000000
40461  34.066  -56.737  51.085 0.0000000000
40462  27.117  -58.025  52.047 0.0000000000
40475  36.562  -57.505  50.307 0.0000000000
40476  35.254  -57.616  51.237 0.0000000000
40479  33.813  -56.745  50.525 0.0000000000
40482  26.318  -57.504  51.967 0.0000000000
40493  38.608  -57.375  49.961 0.0000000000
40495  33.472  -56.478  49.812 0.0000000000
40507  39.525  -57.674  49.187 0.0000000000
40523  41.833  -57.029  48.001 0.0000000000
40541  34.528  -57.611  47.377 0.0000000000
40543  33.411  -56.812  47.566 0.0000000000
40554  43.084  -57.550  46.874 0.0000000000
40556  34.795  -57.473  46.412 0.0000000000
40565  43.477  -57.210  45.368 0.0000000000
41916  36.840  -56.886  50.672 0.0000000000
41917  35.447  -56.614  51.326 0.0000000000
41932  39.198  -56.249  49.761 0.0000000000
41952  32.563  -55.728  48.846 0.0000000000
41966  41.198  -56.537  48.416 0.0000000000
42001  43.760  -56.937  46.947 0.0000000000
43395  34.599  -56.145  51.357 0.0000000000
43400  36.864  -56.318  50.291 0.0000000000
43404  34.549  -55.766  50.832 0.0000000000
43405  34.010  -55.736  50.251 0.0000000000
43409  42.554  -54.259  49.429 0.0000000000
43411  41.143  -54.514  48.595 0.0000000000
43415  37.372  -56.071  49.732 0.0000000000
43418  33.351  -55.500  49.654 0.0000000000
43427  39.529  -55.261  48.214 0.0000000000
43428  38.050  -55.901  49.091 0.0000000000
43430  32.922  -55.644  49.273 0.0000000000
43437  43.659  -54.919  47.884 0.0000000000
43453  43.174  -55.517  47.599 0.0000000000
43468  43.685  -54.403  46.066 0.0000000000
43484  43.930  -54.981  45.641 0.0000000000
44896  41.845  -53.166  50.356 0.0000000000
44897  41.293  -53.142  49.407 0.0000000000
44898  40.985  -53.125  49.006 0.0000000000
44900  34.606  -55.348  50.651 0.0000000000
44920  33.212  -54.628  49.461 0.0000000000
44927  43.878  -53.723  49.394 0.0000000000
44941  43.304  -54.410  48.422 0.0000000000
44953  43.507  -53.900  47.091 0.0000000000
44954  43.731  -54.468  47.247 0.0000000000
44966  43.407  -53.904  46.446 0.0000000000
46458  41.917  -52.282  50.930 0.0000000000
46468  43.470  -52.548  50.713 0.0000000000
46470  42.023  -52.683  50.887 0.0000000000
46481  41.005  -52.742  49.365 0.0000000000
46482  40.551  -53.756  48.354 0.0000000000
46497  40.030  -54.691  48.095 0.0000000000
46527  39.727  -53.681  47.291 0.0000000000
46542  43.272  -53.531  46.406 0.0000000000
46557  43.541  -53.965  45.720 0.0000000000
48028  43.342  -51.411  51.223 0.0000000000
48029  42.814  -51.507  51.163 0.0000000000
48031  42.011  -51.635  50.977 0.0000000000
48049  43.040  -52.183  51.027 0.0000000000
48050  41.638  -52.233  50.775 0.0000000000
48051  41.372  -52.291  50.294 0.0000000000
48063  41.191  -52.062  49.837 0.0000000000
48069  44.334  -52.335  49.377 0.0000000000
48070  40.961  -52.063  49.327 0.0000000000
48093  43.671  -52.262  47.994 0.0000000000
48094  43.330  -52.140  47.478 0.0000000000
48110  43.391  -52.946  47.524 0.0000000000
49554  43.044  -50.364  51.485 0.0000000000
49563  44.617  -50.666  51.453 0.0000000000
49566  42.741  -50.680  51.318 0.0000000000
49567  42.295  -50.812  51.130 0.0000000000
49583  45.147  -51.212  51.024 0.0000000000
49584  44.246  -51.328  51.166 0.0000000000
49601  45.194  -51.268  50.384 0.0000000000
49602  41.622  -51.223  50.536 0.0000000000
49618  45.480  -50.574  49.676 0.0000000000
49619  45.078  -51.261  49.722 0.0000000000
49631  44.647  -51.152  49.083 0.0000000000
49634  40.085  -51.320  47.887 0.0000000000
49643  43.597  -51.328  47.472 0.0000000000
51125  44.122  -50.040  51.618 0.0000000000
51126  43.397  -50.166  51.491 0.0000000000
51127  42.789  -50.146  51.460 0.0000000000
51136  45.997  -50.071  50.899 0.0000000000
51137  45.360  -50.398  51.173 0.0000000000
51138  41.983  -50.656  50.903 0.0000000000
51146  46.480  -49.487  50.207 0.0000000000
51148  41.780  -50.490  50.500 0.0000000000
51149  41.388  -50.980  49.956 0.0000000000
51177  45.900  -49.697  49.221 0.0000000000
51179  40.793  -50.206  48.674 0.0000000000
52662  44.502  -48.639  51.831 0.0000000000
52663  43.827  -48.708  52.008 0.0000000000
52664  43.549  -49.013  52.026 0.0000000000
52665  43.127  -49.409  51.790 0.0000000000
52681  46.342  -48.935  51.007 0.0000000000
52682  45.831  -49.182  51.279 0.0000000000
52684  44.353  -49.308  51.805 0.0000000000
52685  42.698  -49.694  51.487 0.0000000000
52698  47.021  -48.609  50.322 0.0000000000
52699  46.606  -49.053  50.720 0.0000000000
52700  46.213  -49.493  51.018 0.0000000000
52710  46.843  -49.061  50.275 0.0000000000
52711  42.356  -49.057  50.788 0.0000000000
52712  41.866  -49.660  50.206 0.0000000000
52722  47.731  -48.765  49.284 0.0000000000
52723  47.187  -49.046  49.758 0.0000000000
52724  41.325  -49.775  49.332 0.0000000000
52735  49.154  -48.292  48.027 0.0000000000
52738  45.722  -49.637  47.871 0.0000000000
52739  40.833  -49.353  48.591 0.0000000000
52753  48.997  -48.942  47.494 0.0000000000
52754  48.713  -49.217  47.178 0.0000000000
52759  40.324  -49.023  47.999 0.0000000000
52774  49.382  -48.710  47.043 0.0000000000
52776  48.679  -49.281  46.961 0.0000000000
52777  47.209  -49.429  46.648 0.0000000000
54134  45.524  -47.986  51.188 0.0000000000
54137  43.805  -48.540  52.157 0.0000000000
54155  45.276  -48.627  51.467 0.0000000000
54156  43.706  -48.406  52.064 0.0000000000
54157  43.132  -48.715  51.729 0.0000000000
54170  47.027  -48.015  50.527 0.0000000000
54172  43.441  -48.019  51.548 0.0000000000
54173  42.846  -48.533  51.223 0.0000000000
54186  42.600  -48.334  50.559 0.0000000000
54195  49.518  -47.729  48.332 0.0000000000
54208  50.422  -47.539  47.402 0.0000000000
54209  49.846  -47.949  47.667 0.0000000000
55523  45.243  -47.427  51.302 0.0000000000
55524  44.692  -47.646  51.626 0.0000000000
55525  44.268  -47.790  51.879 0.0000000000
55545  46.882  -47.130  50.549 0.0000000000
55546  46.072  -47.344  50.909 0.0000000000
55547  44.812  -47.292  51.584 0.0000000000
55549  44.024  -47.852  52.013 0.0000000000
55563  43.562  -47.460  50.929 0.0000000000
55577  48.507  -47.147  49.212 0.0000000000
55578  47.982  -47.519  49.606 0.0000000000
55580  43.012  -47.724  50.334 0.0000000000
55595  49.103  -47.526  48.889 0.0000000000
55597  41.949  -47.960  49.055 0.0000000000
55608  51.351  -46.547  47.470 0.0000000000
55620  51.415  -46.617  47.052 0.0000000000
55621  50.993  -47.073  47.219 0.0000000000
55632  51.579  -46.197  46.704 0.0000000000
55633  51.049  -46.926  46.838 0.0000000000
56940  47.038  -46.340  50.546 0.0000000000
56942  45.878  -46.999  51.100 0.0000000000
56943  45.355  -46.892  51.229 0.0000000000
56944  45.011  -46.881  51.415 0.0000000000
56964  44.481  -46.908  51.235 0.0000000000
56975  49.192  -46.110  48.714 0.0000000000
56976  48.523  -46.396  49.094 0.0000000000
56977  44.762  -46.519  50.480 0.0000000000
56986  50.532  -46.143  48.274 0.0000000000
56987  49.876  -46.482  48.486 0.0000000000
56988  43.973  -46.404  48.702 0.0000000000
56989  43.571  -46.914  49.246 0.0000000000
56990  43.032  -47.047  48.764 0.0000000000
57003  51.054  -46.361  48.023 0.0000000000
57046  51.876  -45.401  46.307 0.0000000000
58327  47.191  -46.115  50.659 0.0000000000
58328  46.831  -46.127  50.906 0.0000000000
58329  46.245  -46.348  50.810 0.0000000000
58330  45.863  -46.603  51.024 0.0000000000
58342  48.246  -45.601  49.484 0.0000000000
58346  45.636  -46.507  51.067 0.0000000000
58359  48.851  -46.004  49.022 0.0000000000
58360  46.261  -45.541  49.950 0.0000000000
58370  51.063  -45.083  47.912 0.0000000000
58373  45.484  -45.780  49.474 0.0000000000
58384  51.462  -45.263  47.700 0.0000000000
58385  51.078  -45.741  48.029 0.0000000000
58397  52.263  -44.738  46.677 0.0000000000
58398  45.223  -45.310  47.749 0.0000000000
59751  50.036  -44.869  48.868 0.0000000000
59752  48.977  -45.291  49.065 0.0000000000
59753  48.104  -45.217  49.593 0.0000000000
59755  46.977  -45.589  50.537 0.0000000000
59766  50.082  -44.324  47.673 0.0000000000
59768  48.226  -45.018  49.587 0.0000000000
59769  47.220  -45.223  49.887 0.0000000000
59778  51.082  -44.407  47.710 0.0000000000
59779  50.504  -44.766  47.766 0.0000000000
59781  48.791  -44.735  49.124 0.0000000000
59782  48.015  -44.867  49.250 0.0000000000
59783  46.982  -45.089  49.338 0.0000000000
59793  49.039  -44.427  47.790 0.0000000000
59794  48.113  -44.723  47.977 0.0000000000
59795  47.622  -44.795  47.787 0.0000000000
59808  52.061  -44.601  47.181 0.0000000000
59823  52.461  -43.983  46.092 0.0000000000
59824  48.225  -44.245  46.650 0.0000000000
59825  47.626  -44.190  46.290 0.0000000000
59837  52.354  -43.824  45.590 0.0000000000
59840  47.125  -44.075  45.879 0.0000000000
61095  50.070  -43.807  47.770 0.0000000000
61109  50.900  -43.512  47.933 0.0000000000
61110  50.203  -44.126  48.272 0.0000000000
61111  49.726  -44.195  47.939 0.0000000000
61123  49.717  -44.025  47.960 0.0000000000
61124  49.060  -44.725  48.715 0.0000000000
61132  52.431  -42.769  46.959 0.0000000000
61134  49.263  -43.368  47.260 0.0000000000
61142  52.237  -43.615  47.236 0.0000000000
61155  48.082  -43.703  46.372 0.0000000000
61165  52.630  -43.047  45.037 0.0000000000
62389  50.723  -42.202  48.276 0.0000000000
62392  49.577  -42.672  47.940 0.0000000000
62403  51.192  -42.225  48.229 0.0000000000
62413  52.229  -42.062  47.513 0.0000000000
62423  52.556  -41.958  46.528 0.0000000000
62424  48.827  -43.031  46.986 0.0000000000
62433  52.677  -41.927  45.539 0.0000000000
62434  48.380  -43.246  46.651 0.0000000000
62448  47.106  -43.022  45.772 0.0000000000
62449  46.405  -42.840  45.460 0.0000000000
63626  50.609  -41.607  48.514 0.0000000000
63639  50.976  -41.622  48.223 0.0000000000
63640  49.278  -41.355  49.349 0.0000000000
63655  46.452  -41.349  48.523 0.0000000000
63659  52.556  -41.265  46.134 0.0000000000
63660  47.175  -41.918  47.851 0.0000000000
63672  45.238  -41.811  45.456 0.0000000000
64860  50.656  -41.023  48.438 0.0000000000
64861  50.215  -40.709  49.448 0.0000000000
64864  48.079  -40.124  50.455 0.0000000000
64865  47.335  -39.801  50.486 0.0000000000
64874  50.683  -40.515  48.045 0.0000000000
64877  46.734  -39.936  50.197 0.0000000000
64890  45.959  -40.778  48.933 0.0000000000
64903  52.244  -40.526  46.194 0.0000000000
64904  44.789  -40.924  46.868 0.0000000000
64912  43.552  -39.999  44.993 0.0000000000
66055  50.230  -39.850  49.382 0.0000000000
66056  49.415  -39.413  50.112 0.0000000000
66058  47.694  -39.385  50.489 0.0000000000
66078  50.408  -40.026  48.187 0.0000000000
66079  50.274  -39.633  48.684 0.0000000000
66080  50.257  -39.312  49.074 0.0000000000
66082  46.266  -39.143  50.029 0.0000000000
66097  50.858  -40.177  47.554 0.0000000000
66118  51.532  -40.250  46.818 0.0000000000
66119  50.792  -39.790  47.586 0.0000000000
66144  44.226  -39.475  46.826 0.0000000000
66163  43.892  -39.761  45.871 0.0000000000
67305  48.183  -38.763  50.135 0.0000000000
67319  49.503  -38.743  49.463 0.0000000000
67322  46.890  -38.291  50.085 0.0000000000
67341  49.117  -38.274  49.023 0.0000000000
67358  50.129  -38.970  48.520 0.0000000000
67362  47.566  -37.800  47.478 0.0000000000
67415  58.307  -37.999  43.310 0.0000000000
67424  43.335  -37.813  43.967 0.0000000000
67434  58.469  -38.271  42.949 0.0000000000
67452  59.312  -38.182  42.616 0.0000000000
67454  57.338  -38.499  41.790 0.0000000000
68593  46.525  -37.658  49.452 0.0000000000
68604  45.351  -37.266  48.724 0.0000000000
68617  44.306  -37.378  47.587 0.0000000000
68631  43.620  -37.176  46.313 0.0000000000
68643  55.562  -36.800  44.768 0.0000000000
68654  57.394  -37.720  43.803 0.0000000000
68655  56.664  -37.617  44.107 0.0000000000
68656  56.151  -37.447  44.228 0.0000000000
68679  56.550  -38.244  43.110 0.0000000000
68690  61.017  -37.498  41.651 0.0000000000
68691  60.188  -38.027  42.092 0.0000000000
68692  55.280  -38.308  41.427 0.0000000000
68704  55.528  -38.417  40.114 0.0000000000
68716  56.120  -38.228  39.772 0.0000000000
68729  57.066  -37.487  38.802 0.0000000000
69866  46.788  -36.120  47.921 0.0000000000
69868  44.691  -36.641  47.664 0.0000000000
69878  47.017  -35.603  47.812 0.0000000000
69896  44.391  -35.919  46.317 0.0000000000
69897  43.689  -36.237  45.540 0.0000000000
69908  57.990  -36.361  44.038 0.0000000000
69925  58.605  -36.543  43.573 0.0000000000
69926  55.106  -37.086  43.833 0.0000000000
69949  62.034  -36.775  41.140 0.0000000000
69951  54.052  -37.188  41.802 0.0000000000
69970  62.111  -36.457  39.944 0.0000000000
69971  59.484  -37.173  39.105 0.0000000000
71163  55.753  -35.010  45.565 0.0000000000
71190  56.976  -35.185  44.725 0.0000000000
71200  46.189  -35.011  47.015 0.0000000000
71201  45.024  -35.250  45.947 0.0000000000
71268  59.881  -36.383  42.570 0.0000000000
71269  59.148  -35.678  42.823 0.0000000000
71285  61.975  -36.258  41.200 0.0000000000
71301  62.387  -35.804  40.367 0.0000000000
71318  62.425  -35.577  39.825 0.0000000000
71335  61.058  -35.721  38.356 0.0000000000
72506  55.220  -34.618  46.237 0.0000000000
72507  54.414  -34.684  46.887 0.0000000000
72508  48.736  -34.437  47.322 0.0000000000
72510  47.082  -34.919  47.474 0.0000000000
72539  57.565  -34.962  44.227 0.0000000000
72606  61.700  -34.104  39.245 0.0000000000
72635  61.135  -33.982  40.022 0.0000000000
72637  59.551  -34.726  40.464 0.0000000000
72638  58.649  -34.609  40.421 0.0000000000
72640  56.841  -34.302  40.075 0.0000000000
73869  50.440  -33.494  47.099 0.0000000000
73871  48.846  -33.784  47.002 0.0000000000
73887  56.363  -33.745  45.185 0.0000000000
73919  57.464  -33.708  43.075 0.0000000000
73923  45.498  -33.481  43.454 0.0000000000
73934  56.954  -33.130  42.572 0.0000000000
73936  45.153  -33.250  42.623 0.0000000000
73937  44.422  -33.620  42.621 0.0000000000
73942  61.102  -33.253  39.245 0.0000000000
73943  61.106  -33.725  39.663 0.0000000000
73944  56.497  -33.850  40.747 0.0000000000
73946  45.131  -32.907  41.899 0.0000000000
73953  61.617  -33.442  38.990 0.0000000000
73964  61.778  -33.768  38.489 0.0000000000
73965  60.669  -33.505  39.760 0.0000000000
73967  58.525  -33.781  39.196 0.0000000000
73978  62.021  -33.072  38.099 0.0000000000
75028  50.977  -32.933  46.587 0.0000000000
75048  56.411  -32.976  44.851 0.0000000000
75050  54.559  -32.398  45.950 0.0000000000
75053  51.489  -32.473  45.946 0.0000000000
75079  47.849  -32.734  44.319 0.0000000000
75100  47.623  -32.518  43.461 0.0000000000
75110  61.644  -31.054  40.541 0.0000000000
75112  61.025  -31.546  40.754 0.0000000000
75113  60.719  -31.337  40.740 0.0000000000
75115  55.886  -31.897  42.681 0.0000000000
75116  48.207  -32.056  42.860 0.0000000000
75117  47.396  -32.289  42.642 0.0000000000
75125  60.761  -31.784  40.394 0.0000000000
75129  47.155  -32.011  41.798 0.0000000000
75134  61.937  -31.640  39.297 0.0000000000
75136  60.745  -32.022  39.884 0.0000000000
75138  54.540  -32.216  40.535 0.0000000000
75140  46.039  -31.983  40.829 0.0000000000
75146  61.701  -32.629  38.525 0.0000000000
75148  59.714  -32.453  39.016 0.0000000000
76187  53.257  -31.440  44.345 0.0000000000
76188  50.874  -31.846  44.019 0.0000000000
76216  55.274  -31.324  43.303 0.0000000000
76217  54.544  -31.052  43.776 0.0000000000
76247  60.796  -30.777  41.685 0.0000000000
76248  60.652  -30.965  41.592 0.0000000000
76249  59.968  -30.647  42.152 0.0000000000
76254  48.826  -31.694  42.215 0.0000000000
76265  62.210  -31.058  40.075 0.0000000000
76267  59.803  -30.848  41.454 0.0000000000
76271  54.083  -30.421  41.313 0.0000000000
76275  46.923  -31.689  40.923 0.0000000000
76284  62.146  -31.157  39.767 0.0000000000
76286  59.586  -31.094  40.390 0.0000000000
76300  62.260  -31.193  39.464 0.0000000000
76314  62.081  -32.014  38.740 0.0000000000
77393  60.865  -30.279  42.296 0.0000000000
77394  60.110  -30.293  42.516 0.0000000000
77396  53.232  -30.704  43.102 0.0000000000
77419  61.295  -30.474  41.521 0.0000000000
77421  59.621  -29.788  42.131 0.0000000000
77425  51.984  -30.443  42.510 0.0000000000
77426  50.827  -30.456  41.960 0.0000000000
77444  59.598  -30.466  41.827 0.0000000000
77447  48.949  -30.916  41.128 0.0000000000
77461  58.464  -30.185  40.785 0.0000000000
77465  49.230  -30.001  40.894 0.0000000000
78692  59.990  -29.950  42.591 0.0000000000
78693  59.946  -29.869  42.468 0.0000000000
78707  52.929  -29.834  42.122 0.0000000000
78727  52.724  -29.490  41.564 0.0000000000
79951  60.290  -29.506  42.435 0.0000000000
79952  59.957  -29.525  42.329 0.0000000000
79956  63.025  -27.653  42.087 0.0000000000
79958  61.250  -28.783  42.249 0.0000000000
79974  59.370  -29.247  41.692 0.0000000000
79975  58.864  -29.299  41.284 0.0000000000
81286  62.535  -27.493  42.101 0.0000000000
81288  60.598  -28.260  41.932 0.0000000000
81289  59.944  -28.776  41.718 0.0000000000
81301  60.354  -28.040  41.505 0.0000000000
81312  63.494  -27.541  40.542 0.0000000000
81339  64.303  -27.794  37.126 0.0000000000
82553  64.057  -26.172  40.847 0.0000000000
82554  63.317  -26.218  41.298 0.0000000000
82556  61.673  -26.617  41.608 0.0000000000
82577  64.043  -26.797  39.010 0.0000000000
82579  60.970  -26.948  39.816 0.0000000000
83892  62.745  -26.122  41.639 0.0000000000
83905  63.190  -25.493  41.195 0.0000000000
83933  62.633  -25.048  39.714 0.0000000000
85262  63.050  -24.847  40.794 0.0000000000
86674  64.150  -24.009  39.890 0.0000000000
180555  61.267  -36.928  39.837 0.0000000000
180556  35.305  -59.131  43.359 0.0000000000
181102  37.723  -63.898  44.323 0.0000000000
181308  47.926  -49.213  46.679 0.0000000000
183080  45.915  -46.001  50.729 0.0000000000
183519  49.800  -41.389  49.253 0.0000000000
183597  42.519  -51.213  51.137 0.0000000000
184339  36.203  -65.685  42.995 0.0000000000
184677  28.202  -58.546  51.107 0.0000000000
185335  43.518  -35.472  44.242 0.0000000000
186383  51.359  -43.607  47.775 0.0000000000
186502  42.336  -53.715  49.995 0.0000000000
186574  30.223  -61.005  48.932 0.0000000000
186691  39.055  -56.795  50.018 0.0000000000
186723  62.135  -35.568  40.653 0.0000000000
187097  35.723  -59.258  49.213 0.0000000000
187151  38.036  -58.067  50.022 0.0000000000
187866  40.872  -60.983  46.653 0.0000000000
187890  40.017  -54.074  47.731 0.0000000000
187920  44.049  -52.944  49.399 0.0000000000
188732  44.012  -54.067  48.749 0.0000000000
188862  62.839  -28.745  41.003 0.0000000000
189141  28.639  -58.700  49.898 0.0000000000
189536  49.510  -40.736  49.984 0.0000000000
189869  61.123  -31.045  41.175 0.0000000000
190121  59.444  -37.689  43.039 0.0000000000
190444  44.232  -55.837  45.928 0.0000000000
190551  43.102  -35.964  44.064 0.0000000000
191257  44.518  -35.220  45.291 0.0000000000
192910  37.662  -62.331  45.522 0.0000000000
193107  32.982  -64.441  46.323 0.0000000000
193217  42.464  -52.593  50.877 0.0000000000
193917  35.764  -64.342  42.911 0.0000000000
194082  42.811  -53.396  50.425 0.0000000000
194222  50.695  -47.259  46.735 0.0000000000
194594  62.380  -29.556  40.355 0.0000000000
195067  39.174  -55.731  49.187 0.0000000000
195187  47.543  -46.033  50.155 0.0000000000
195666  29.021  -59.261  49.955 0.0000000000
195763  41.499  -51.882  50.568 0.0000000000
196253  59.353  -28.889  41.340 0.0000000000
196865  52.655  -42.527  45.287 0.0000000000
197730  61.597  -29.929  41.879 0.0000000000
198284  35.803  -55.915  51.572 0.0000000000
199048  51.342  -42.834  48.055 0.0000000000
199507  61.909  -29.903  41.097 0.0000000000
200102  26.927  -61.073  51.352 0.0000000000
200137  40.773  -51.851  48.834 0.0000000000
200263  61.439  -31.685  39.610 0.0000000000
200705  39.949  -48.833  47.439 0.0000000000
201218  34.342  -56.244  50.970 0.0000000000
201808  36.903  -59.282  49.202 0.0000000000
202010  36.317  -56.332  51.131 0.0000000000
202383  50.988  -41.082  47.988 0.0000000000
202863  29.219  -59.375  48.665 0.0000000000
203333  39.947  -52.190  47.607 0.0000000000
204999  52.894  -32.026  45.689 0.0000000000
206690  62.262  -35.103  39.384 0.0000000000
207133  32.613  -62.859  46.334 0.0000000000
207443  39.099  -58.737  49.241 0.0000000000
207741  61.711  -34.533  38.108 0.0000000000
208581  42.149  -54.761  48.865 0.0000000000
208813  34.002  -63.708  43.428 0.0000000000
209884  61.913  -27.432  41.999 0.0000000000
210025  59.126  -36.803  38.413 0.0000000000
210513  30.746  -61.312  48.485 0.0000000000
210568  47.115  -37.301  48.953 0.0000000000
211153  61.913  -28.020  42.169 0.0000000000
211279  49.406  -44.338  48.034 0.0000000000
211845  56.927  -33.109  44.263 0.0000000000
211905  46.620  -46.004  50.861 0.0000000000
212185  57.651  -38.112  40.222 0.0000000000
212218  37.927  -62.058  46.840 0.0000000000
212622  44.838  -39.968  48.019 0.0000000000
213284  64.480  -25.758  38.339 0.0000000000
214066  41.725  -51.778  50.820 0.0000000000
214333  52.500  -32.923  47.021 0.0000000000
214486  60.044  -30.502  42.431 0.0000000000
214518  36.827  -59.392  46.006 0.0000000000
214627  61.516  -30.291  41.337 0.0000000000
214667  58.128  -37.633  43.556 0.0000000000
215036  52.072  -45.045  46.232 0.0000000000
215847  57.023  -38.466  42.917 0.0000000000
215853  28.028  -58.055  50.975 0.0000000000
215858  62.092  -30.010  40.635 0.0000000000
215931  40.791  -54.864  48.467 0.0000000000
216237  44.071  -53.756  47.827 0.0000000000
216384  57.872  -37.239  38.629 0.0000000000
216424  61.024  -37.250  41.940 0.0000000000
216451  42.977  -49.186  51.775 0.0000000000
216469  61.971  -34.900  38.462 0.0000000000
216664  32.352  -60.697  45.040 0.0000000000
217537  46.715  -45.829  50.792 0.0000000000
217633  43.952  -47.101  51.129 0.0000000000
217641  46.591  -47.675  50.687 0.0000000000
217645  44.003  -48.183  52.258 0.0000000000
217824  44.954  -37.888  48.869 0.0000000000
218453  57.231  -33.956  44.387 0.0000000000
