#!ascii label  , from subject sub-v2s8x29241_ses-1 vox2ras=TkReg
2239
21121  3.871  -52.181  26.112 0.1111110002
120631  3.977  -52.755  26.466 0.1111110002
21116  2.540  -52.532  26.862 0.2222220004
20136  2.448  -53.475  26.975 0.4444440007
22925  6.658  -50.585  27.381 0.1111110002
22050  5.771  -51.828  27.427 0.1111110002
117856  4.898  -51.802  26.313 0.1111110002
22055  6.114  -51.186  26.984 0.1111110002
22056  5.490  -51.554  26.585 0.1111110002
21114  4.421  -52.271  26.387 0.1111110002
24738  7.682  -48.850  27.125 0.2222220004
23838  7.129  -49.289  26.177 0.2222220004
122281  6.318  -50.738  26.691 0.1111110002
22058  3.323  -51.918  26.300 0.3333329856
21117  1.657  -53.164  27.352 0.4444440007
21109  1.768  -52.279  27.476 0.4444440007
120207  1.242  -53.474  27.600 0.4444440007
122572  0.089  -53.113  28.166 0.2222220004
22057  4.406  -51.670  25.909 0.1111110002
122516  7.347  -48.806  25.777 0.2222220004
23829  7.121  -49.719  27.158 0.2222220004
22934  6.003  -50.342  25.676 0.2222220004
22062  5.093  -51.291  25.895 0.1111110002
24747  7.578  -48.399  25.493 0.2222220004
23849  6.432  -49.733  25.497 0.2222220004
22929  5.878  -50.896  26.183 0.2222220004
22064  3.292  -51.139  25.970 0.4444440007
25771  7.787  -47.727  24.216 0.2222220004
22051  1.876  -51.462  27.767 0.4444440007
120264  1.128  -52.762  28.120 0.4444440007
111815  1.202  -52.019  28.185 0.4444440007
21104  0.122  -52.695  28.645 0.3333329856
20131  -0.124  -53.281  27.940 0.2222220004
21110  -0.318  -52.887  27.567 0.3333329856
21122  -0.468  -52.587  25.652 0.2222220004
22063  3.816  -51.469  25.728 0.4444440007
23857  6.159  -49.325  24.694 0.2222220004
23850  5.681  -49.992  25.061 0.2222220004
22938  3.293  -50.362  25.764 0.4444440007
25780  8.242  -47.229  23.616 0.2222220004
24758  7.357  -48.310  24.693 0.2222220004
23858  5.214  -49.412  24.468 0.3333329856
114547  4.481  -49.687  24.703 0.3333329856
22930  2.820  -50.634  26.488 0.5555559993
113276  2.348  -50.789  27.392 0.5555559993
26922  8.707  -46.675  23.083 0.2222220004
25781  7.461  -47.573  23.425 0.2222220004
24771  7.111  -48.122  23.907 0.2222220004
24773  5.611  -48.027  23.616 0.3333329856
118452  2.566  -50.144  27.044 0.5555559993
22926  1.969  -50.851  28.224 0.4444440007
28009  7.663  -46.134  22.080 0.4444440007
22052  1.198  -51.298  28.512 0.4444440007
22046  0.154  -52.072  28.695 0.4444440007
28008  8.961  -45.658  22.001 0.2222220004
22053  -0.175  -52.295  28.416 0.4444440007
124093  -0.332  -51.564  24.590 0.1111110002
22945  4.137  -50.213  25.031 0.4444440007
23851  3.318  -49.596  25.570 0.5555559993
24760  5.856  -48.751  24.067 0.3333329856
23859  4.397  -49.028  24.425 0.3333329856
24748  3.403  -48.832  25.264 0.5555559993
23840  2.898  -49.829  26.350 0.5555559993
25795  6.890  -47.293  22.911 0.3333329856
25782  6.190  -47.595  23.219 0.2222220004
107083  4.201  -48.096  24.327 0.5555559993
25764  3.579  -48.111  24.909 0.5555559993
25784  4.719  -46.925  23.643 0.5555559993
26924  4.396  -46.420  23.793 0.6666669846
102798  2.565  -49.318  28.143 0.6666669846
28024  7.657  -45.215  21.643 0.4444440007
23822  2.185  -49.871  28.715 0.7777780294
111538  1.211  -50.622  28.788 0.5555559993
22068  -0.330  -50.872  24.809 0.1111110002
29004  9.227  -44.641  21.168 0.6666669846
116377  8.608  -45.044  21.479 0.3333329856
22060  -0.558  -52.035  27.360 0.2222220004
22939  -0.492  -50.749  25.657 0.2222220004
24749  2.976  -48.891  26.259 0.5555559993
25773  3.755  -47.479  24.632 0.5555559993
25765  3.124  -47.293  26.002 0.5555559993
25755  3.007  -47.970  26.571 0.5555559993
107991  6.176  -45.939  22.498 0.5555559993
109040  5.524  -46.101  22.921 0.6666669846
110628  4.414  -45.757  23.695 0.6666669846
26911  3.603  -46.757  24.751 0.5555559993
24728  2.781  -48.617  27.317 0.7777780294
28010  6.886  -45.653  22.059 0.5555559993
28989  5.668  -44.634  22.625 0.7777780294
28977  5.040  -44.658  23.168 0.8888890147
22040  0.331  -51.098  28.783 0.5555559993
29017  10.063  -44.008  20.254 0.6666669846
121137  8.054  -44.574  21.285 0.7777780294
28025  6.826  -44.768  21.834 0.7777780294
102891  -0.568  -51.258  27.602 0.2222220004
108829  4.532  -45.095  23.593 0.8888890147
27977  4.026  -45.126  24.187 0.7777780294
27971  3.566  -45.247  25.554 0.8888890147
28988  6.168  -44.269  22.242 0.8888890147
28966  4.118  -44.344  24.701 0.8888890147
28972  3.791  -44.878  24.936 0.8888890147
29019  8.642  -44.320  21.033 0.6666669846
30025  7.405  -43.463  21.373 0.7777780294
30026  6.782  -43.857  21.804 0.8888890147
30011  4.989  -43.852  23.618 0.8888890147
28978  4.496  -44.461  23.904 0.8888890147
30056  10.739  -43.769  19.777 0.6666669846
30037  8.673  -43.614  20.686 0.6666669846
31081  5.869  -42.947  23.057 0.8888890147
120990  5.424  -43.276  23.488 0.8888890147
30003  5.161  -43.134  24.151 0.8888890147
29995  4.910  -42.985  24.968 0.7777780294
30024  8.010  -43.109  20.898 0.7777780294
31088  6.818  -42.966  21.853 0.8888890147
30004  4.614  -43.727  24.415 0.8888890147
30055  11.421  -43.447  19.243 0.7777780294
31106  9.827  -42.879  19.723 0.7777780294
31095  8.704  -42.761  20.534 0.7777780294
119981  12.887  -43.375  19.165 0.7777780294
30079  12.254  -43.031  18.737 0.7777780294
31125  10.511  -42.963  19.298 0.7777780294
31073  5.742  -42.666  23.880 0.8888890147
31065  5.605  -42.498  24.710 0.6666669846
31087  7.502  -42.619  21.448 0.8888890147
31080  6.491  -42.573  22.632 0.8888890147
31072  6.353  -42.291  23.547 0.7777780294
31094  9.336  -42.405  20.113 0.7777780294
31086  8.165  -42.254  21.029 0.8888890147
31104  15.083  -42.297  19.451 0.5555559993
30053  14.623  -42.931  19.790 0.5555559993
30078  13.259  -42.819  18.813 0.7777780294
31123  12.754  -42.242  18.438 0.7777780294
32111  11.320  -41.685  18.629 0.7777780294
123800  10.646  -42.139  18.998 0.7777780294
31105  14.215  -42.551  19.092 0.6666669846
31122  13.685  -42.077  18.591 0.7777780294
32110  12.267  -41.482  18.260 0.7777780294
120527  19.013  -43.921  18.270 0.3333329856
30095  19.399  -43.479  17.755 0.4444440007
32080  8.503  -41.510  21.375 0.8888890147
32072  7.658  -41.539  22.748 0.8888890147
31103  15.859  -42.403  19.593 0.4444440007
122597  16.016  -42.758  20.255 0.3333329856
32099  9.965  -42.036  19.554 0.7777780294
32088  8.831  -41.907  20.645 0.8888890147
32070  8.983  -40.876  21.889 0.8888890147
32071  8.353  -41.218  22.313 0.8888890147
30052  15.416  -42.736  20.077 0.4444440007
33129  11.654  -40.804  18.502 0.7777780294
33130  10.996  -40.943  18.835 0.8888890147
31121  14.598  -41.895  18.766 0.7777780294
122444  12.781  -41.110  18.128 0.7777780294
31120  15.340  -41.968  18.879 0.7777780294
109915  13.993  -41.396  18.268 0.7777780294
29054  18.768  -44.250  18.886 0.3333329856
30049  18.071  -44.011  19.175 0.2222220004
29037  17.785  -44.096  19.990 0.3333329856
30075  18.299  -43.746  18.440 0.3333329856
31136  19.816  -42.954  17.284 0.4444440007
30050  17.413  -43.464  19.568 0.3333329856
30077  17.056  -42.966  19.152 0.4444440007
32059  8.987  -40.682  22.924 0.7777780294
32060  8.323  -40.980  23.410 0.7777780294
32061  7.587  -41.309  23.886 0.6666669846
31158  19.436  -42.617  16.590 0.5555559993
31119  16.526  -42.585  19.168 0.5555559993
31118  16.971  -42.713  18.375 0.5555559993
33109  9.708  -40.766  20.610 0.8888890147
33101  9.564  -40.520  21.503 0.8888890147
32133  19.874  -42.147  16.061 0.5555559993
113523  16.139  -42.186  18.683 0.6666669846
33117  10.548  -40.631  19.410 0.8888890147
33108  10.226  -40.346  20.186 0.8888890147
32109  13.293  -40.827  17.973 0.7777780294
33128  12.471  -40.556  18.181 0.8888890147
33116  11.146  -40.244  18.969 0.8888890147
31140  15.679  -41.723  18.063 0.7777780294
32122  14.085  -40.825  17.805 0.7777780294
32123  13.579  -40.280  17.709 0.7777780294
30116  18.974  -43.095  17.089 0.4444440007
30096  18.562  -43.444  17.726 0.5555559993
30097  17.776  -43.204  17.901 0.5555559993
30076  17.606  -43.405  18.743 0.4444440007
33093  9.565  -40.358  22.495 0.7777780294
31159  18.661  -42.626  16.443 0.5555559993
31137  18.054  -42.891  16.996 0.5555559993
34159  10.579  -39.718  20.621 0.8888890147
33092  10.064  -39.974  22.064 0.7777780294
32152  19.477  -41.765  15.342 0.5555559993
31181  19.081  -42.280  15.865 0.5555559993
110311  18.025  -42.417  16.271 0.5555559993
31138  17.190  -42.538  17.352 0.5555559993
34168  11.353  -39.498  19.342 0.8888890147
33100  10.074  -40.124  21.087 0.8888890147
33164  20.683  -40.862  15.242 0.5555559993
32153  18.527  -41.715  15.197 0.6666669846
31183  17.649  -41.815  15.693 0.6666669846
31160  17.377  -42.213  16.492 0.7777780294
31161  16.652  -41.901  16.805 0.7777780294
31139  16.438  -42.110  17.724 0.7777780294
119290  12.557  -39.752  18.222 0.8888890147
34183  11.909  -39.840  18.614 0.8888890147
34227  20.704  -39.929  14.113 0.6666669846
33182  19.406  -40.779  14.108 0.6666669846
32171  19.153  -41.361  14.705 0.6666669846
32154  17.643  -41.138  14.906 0.6666669846
32134  16.876  -41.554  16.019 0.7777780294
32120  15.960  -41.542  17.162 0.7777780294
33140  14.750  -40.781  17.377 0.7777780294
33141  14.082  -40.111  17.318 0.7777780294
33127  13.045  -40.033  17.932 0.7777780294
38007  22.586  -35.273  14.253 0.5555559993
37092  22.521  -36.370  14.321 0.5555559993
120161  22.113  -36.492  13.400 0.7777780294
113528  21.688  -36.995  12.921 0.6666669846
117081  21.072  -38.217  13.054 0.6666669846
35247  20.688  -38.808  13.161 0.6666669846
34244  20.190  -39.593  13.338 0.6666669846
33201  19.389  -40.074  13.496 0.6666669846
33183  18.565  -40.307  13.804 0.7777780294
36229  21.120  -37.629  12.627 0.7777780294
35264  20.518  -38.248  12.631 0.6666669846
35265  19.857  -38.152  12.417 0.7777780294
35248  19.301  -38.570  12.824 0.7777780294
34132  11.120  -39.194  22.031 0.8888890147
34149  10.574  -39.622  21.590 0.8888890147
34158  11.067  -39.283  20.156 0.8888890147
120716  17.084  -41.183  15.406 0.7777780294
34182  12.461  -39.037  18.480 0.8888890147
34167  11.933  -38.948  19.137 0.8888890147
38923  22.909  -34.661  15.005 0.5555559993
32172  18.452  -41.015  14.388 0.6666669846
32155  16.479  -40.831  15.586 0.7777780294
33154  15.820  -40.471  15.872 0.7777780294
109029  14.730  -40.070  16.654 0.7777780294
34195  13.528  -39.551  17.531 0.8888890147
34181  12.982  -39.207  17.949 0.8888890147
38024  22.214  -34.923  13.055 0.8888890147
37109  21.874  -36.018  12.538 0.8888890147
37121  21.338  -35.849  11.888 0.8888890147
34245  19.326  -39.343  13.099 0.6666669846
34246  18.485  -38.943  13.328 0.7777780294
34228  18.014  -39.637  13.744 0.8888890147
34229  17.366  -39.541  14.121 0.8888890147
33166  16.100  -39.927  15.141 0.8888890147
34206  15.012  -39.302  16.023 0.8888890147
34194  14.174  -39.134  16.803 0.8888890147
38041  20.993  -35.269  11.711 0.8888890147
37132  20.762  -36.083  11.738 0.8888890147
37122  20.268  -36.822  11.892 0.8888890147
36231  19.733  -37.434  12.259 0.8888890147
35266  19.337  -37.896  12.628 0.8888890147
35236  18.058  -38.262  13.686 0.8888890147
37133  19.893  -36.056  11.907 0.8888890147
109513  19.479  -36.690  12.316 0.8888890147
35145  11.520  -38.690  21.463 0.8888890147
35178  12.052  -38.260  19.910 0.8888890147
35162  11.488  -38.727  20.549 0.8888890147
35189  13.121  -38.252  18.198 0.8888890147
35190  12.551  -38.258  18.992 0.8888890147
38932  22.985  -33.911  14.878 0.6666669846
38933  22.589  -34.302  14.191 0.6666669846
33184  16.793  -39.738  14.538 0.8888890147
33165  16.910  -40.534  14.929 0.8888890147
35201  14.204  -38.134  16.990 0.8888890147
36171  13.799  -37.897  17.652 0.8888890147
39864  22.760  -33.581  14.081 0.8888890147
38945  22.264  -33.840  13.314 0.8888890147
118290  21.575  -35.074  12.053 0.8888890147
34247  17.639  -38.988  13.826 0.8888890147
35237  16.941  -39.030  14.337 0.8888890147
34217  16.204  -39.105  14.813 0.8888890147
34218  15.588  -39.168  15.368 0.7777780294
35226  15.250  -38.621  15.748 0.8888890147
35213  14.752  -38.445  16.296 0.7777780294
39881  22.401  -33.172  13.238 0.8888890147
39882  21.806  -33.366  12.750 0.8888890147
38946  21.671  -34.125  12.450 0.8888890147
38965  20.157  -34.144  12.234 0.8888890147
38025  18.962  -35.216  13.201 0.7777780294
116196  18.862  -36.021  13.398 0.7777780294
37110  18.690  -36.769  13.614 0.8888890147
111800  18.401  -37.479  13.668 0.8888890147
38063  20.368  -35.518  11.786 0.8888890147
38064  19.721  -35.314  12.097 0.7777780294
38042  19.217  -35.846  12.597 0.8888890147
36092  12.455  -37.706  21.325 0.7777780294
35122  12.437  -38.377  22.697 0.4444440007
36111  12.556  -37.589  20.546 0.8888890147
35161  11.911  -38.099  20.932 0.7777780294
36128  12.834  -37.610  19.598 0.7777780294
39827  25.425  -33.541  16.423 0.4444440007
39828  24.598  -33.738  16.261 0.5555559993
39849  23.576  -33.638  15.281 0.5555559993
36152  13.138  -37.687  18.825 0.8888890147
39848  24.267  -33.402  15.574 0.5555559993
36188  14.904  -37.732  16.677 0.7777780294
36170  14.555  -37.513  17.593 0.7777780294
39862  23.947  -33.066  14.895 0.7777780294
39863  23.265  -33.343  14.577 0.8888890147
36209  17.947  -37.728  14.299 0.8888890147
36196  17.327  -37.962  14.856 0.8888890147
36197  16.518  -38.003  15.373 0.7777780294
36198  15.829  -37.826  15.744 0.7777780294
36187  15.644  -37.620  16.437 0.7777780294
39880  22.917  -33.007  13.805 0.8888890147
40825  22.492  -32.663  12.982 0.8888890147
40847  20.849  -32.631  12.698 0.8888890147
40848  20.158  -32.962  12.690 0.7777780294
38947  19.280  -33.632  13.087 0.7777780294
117098  18.804  -33.307  14.219 0.7777780294
38934  18.838  -34.616  13.781 0.7777780294
118063  18.745  -36.227  14.073 0.7777780294
37093  18.509  -36.906  14.478 0.7777780294
36195  18.111  -37.408  15.136 0.8888890147
38966  19.621  -34.630  12.368 0.8888890147
124174  19.271  -35.072  12.646 0.7777780294
36110  13.332  -37.169  20.315 0.5555559993
36091  13.157  -37.165  21.270 0.4444440007
39826  26.304  -33.434  16.514 0.2222220004
39846  26.052  -33.174  15.803 0.2222220004
39847  25.110  -33.255  15.738 0.5555559993
36150  14.533  -37.259  18.549 0.4444440007
36151  13.779  -37.529  18.293 0.6666669846
40782  25.734  -32.867  15.137 0.6666669846
39861  24.798  -32.934  15.081 0.6666669846
36169  15.388  -37.486  17.241 0.6666669846
40805  23.597  -32.820  14.114 0.7777780294
36185  17.572  -37.709  15.833 0.7777780294
36186  16.531  -37.726  16.188 0.7777780294
40845  22.728  -32.210  12.523 0.8888890147
120910  22.111  -32.154  12.591 0.8888890147
111197  21.524  -31.759  12.740 0.8888890147
41880  20.381  -31.396  13.257 0.7777780294
41881  19.713  -31.532  13.600 0.7777780294
40806  18.862  -32.491  14.440 0.7777780294
39850  18.708  -33.253  15.021 0.7777780294
38924  18.769  -34.273  15.350 0.7777780294
103673  18.782  -35.932  14.828 0.7777780294
37991  18.857  -35.895  15.773 0.7777780294
37014  20.140  -36.559  20.121 0.3333329856
36122  19.895  -37.425  19.266 0.2222220004
35175  18.475  -39.038  19.190 0.1111110002
35160  17.789  -39.210  19.912 0.1111110002
104919  16.729  -38.633  20.539 0.1111110002
36088  15.856  -37.764  21.016 0.2222220004
39768  19.439  -33.581  21.823 0.1111110002
106090  18.988  -35.149  20.256 0.3333329856
37021  19.814  -36.386  19.255 0.3333329856
36145  19.462  -37.346  18.493 0.2222220004
36123  19.143  -38.448  18.707 0.2222220004
35176  17.434  -38.836  19.105 0.2222220004
122039  16.514  -38.265  19.449 0.1111110002
112204  15.633  -37.476  19.548 0.2222220004
36108  15.293  -37.279  20.363 0.2222220004
120807  13.672  -36.891  20.868 0.3333329856
36090  14.093  -36.802  21.392 0.2222220004
110196  28.773  -33.472  16.860 0.2222220004
39845  26.979  -33.205  15.867 0.2222220004
40722  19.457  -32.624  20.624 0.1111110002
39776  19.216  -33.449  20.965 0.2222220004
106095  19.605  -35.770  19.830 0.3333329856
36146  18.565  -38.508  18.124 0.2222220004
35188  17.601  -38.675  18.339 0.2222220004
35177  16.774  -38.347  18.513 0.2222220004
36124  15.929  -37.619  18.696 0.2222220004
36126  14.745  -37.162  19.508 0.3333329856
115007  28.698  -33.302  16.153 0.3333329856
40781  26.686  -32.884  15.140 0.4444440007
102647  20.952  -31.027  20.443 0.1111110002
41788  19.656  -31.990  20.343 0.2222220004
39784  19.004  -33.473  19.984 0.2222220004
38890  19.054  -34.915  19.028 0.3333329856
37031  19.508  -36.233  18.539 0.2222220004
37032  18.939  -37.733  17.841 0.2222220004
121962  17.847  -38.567  17.911 0.2222220004
36148  16.165  -37.703  17.909 0.2222220004
36125  15.209  -37.250  18.825 0.4444440007
40780  27.637  -32.951  15.214 0.4444440007
40803  25.407  -32.707  14.551 0.6666669846
120732  21.189  -29.359  16.780 0.5555559993
43813  20.676  -29.947  17.401 0.4444440007
42840  19.748  -31.120  18.106 0.4444440007
41813  19.718  -31.373  18.945 0.4444440007
39798  18.845  -33.557  18.210 0.4444440007
38891  18.926  -34.577  18.297 0.5555559993
37044  19.206  -36.190  17.796 0.4444440007
36166  18.802  -37.296  17.214 0.4444440007
36167  17.574  -37.951  16.831 0.3333329856
36168  16.253  -37.662  17.111 0.5555559993
109764  15.710  -37.498  17.576 0.5555559993
36149  15.328  -37.335  18.022 0.6666669846
40802  26.301  -32.655  14.341 0.6666669846
40804  24.592  -32.677  14.204 0.7777780294
43841  21.022  -28.948  15.181 0.7777780294
43830  20.390  -29.864  16.415 0.6666669846
42857  19.658  -30.956  17.282 0.6666669846
111975  19.449  -31.470  17.594 0.5555559993
40739  18.867  -32.910  17.649 0.6666669846
108190  18.865  -34.694  16.775 0.6666669846
37980  18.915  -35.631  16.588 0.5555559993
37058  18.769  -36.694  16.382 0.5555559993
115919  18.315  -37.515  16.457 0.4444440007
40821  26.271  -32.558  13.513 0.7777780294
113926  24.918  -32.517  13.169 0.8888890147
41899  22.294  -31.452  12.263 0.8888890147
42896  21.025  -30.236  13.157 0.7777780294
42887  19.856  -30.543  14.197 0.7777780294
42878  19.422  -30.902  15.497 0.7777780294
111691  19.198  -31.512  15.996 0.6666669846
39829  18.706  -33.426  15.961 0.6666669846
110517  18.777  -34.231  16.174 0.7777780294
40843  24.328  -32.347  12.381 0.8888890147
41898  23.035  -31.780  11.917 0.8888890147
39823  29.542  -33.373  16.485 0.3333329856
40779  28.523  -33.006  15.370 0.4444440007
40801  27.336  -32.707  14.426 0.5555559993
40800  28.364  -32.739  14.510 0.5555559993
40820  27.024  -32.590  13.581 0.5555559993
44784  21.936  -28.584  15.698 0.7777780294
109292  25.780  -32.515  12.909 0.7777780294
43868  21.787  -29.776  12.697 0.7777780294
44815  21.962  -28.602  13.994 0.7777780294
109109  26.023  -32.484  11.989 0.8888890147
40842  25.189  -32.429  12.184 0.8888890147
40869  23.804  -31.998  11.702 0.8888890147
41919  22.793  -31.133  11.740 0.8888890147
43867  22.494  -29.301  12.368 0.7777780294
39842  30.205  -33.126  15.719 0.4444440007
39843  29.351  -33.073  15.571 0.4444440007
43828  22.719  -28.704  16.906 0.3333329856
120682  29.145  -32.789  14.819 0.4444440007
44782  23.085  -28.065  15.524 0.5555559993
44783  22.494  -28.311  15.403 0.6666669846
44814  22.737  -28.226  13.775 0.5555559993
40819  27.944  -32.605  13.665 0.6666669846
43857  22.151  -28.849  13.135 0.6666669846
44826  22.926  -28.412  12.869 0.6666669846
40840  27.604  -32.501  12.655 0.6666669846
40841  26.615  -32.530  12.724 0.6666669846
40887  24.912  -31.977  10.703 0.8888890147
41917  24.189  -31.707  11.048 0.8888890147
43876  23.396  -29.680  11.296 0.7777780294
40866  26.894  -32.431  11.693 0.8888890147
40886  25.727  -32.084  10.539 1.0000000000
42927  24.216  -30.592  10.499 1.0000000000
43809  25.108  -28.523  18.114 0.2222220004
39821  31.395  -33.349  16.577 0.2222220004
43826  24.348  -28.069  16.972 0.3333329856
43810  24.163  -28.448  17.714 0.3333329856
43827  23.416  -28.365  16.990 0.3333329856
44766  23.599  -28.059  16.325 0.3333329856
110041  23.809  -27.854  15.660 0.4444440007
40778  29.937  -32.827  14.951 0.4444440007
44799  23.506  -27.841  14.677 0.5555559993
40799  29.624  -32.633  14.157 0.5555559993
44813  23.608  -27.861  13.500 0.6666669846
44825  23.696  -28.075  12.667 0.6666669846
43875  23.964  -28.904  11.182 0.8888890147
43885  24.672  -29.227  10.677 1.0000000000
111818  29.079  -32.433  12.833 0.7777780294
109143  28.393  -32.508  13.012 0.7777780294
115938  24.687  -30.047  10.242 1.0000000000
43884  25.426  -29.595  10.156 1.0000000000
40865  27.830  -32.336  11.661 1.0000000000
115986  27.334  -32.231  10.996 1.0000000000
41932  26.223  -31.644  9.879 1.0000000000
41934  24.520  -31.349  10.485 1.0000000000
42926  24.757  -30.839  10.098 1.0000000000
107256  26.195  -29.820  19.363 0.1111110002
42834  25.501  -29.002  18.796 0.2222220004
44764  25.453  -27.946  15.854 0.4444440007
44765  24.509  -27.874  16.203 0.4444440007
44781  24.529  -27.764  15.272 0.6666669846
44798  24.482  -27.747  14.192 0.6666669846
39840  31.893  -33.024  15.970 0.2222220004
44812  24.551  -27.850  13.011 0.6666669846
40776  31.571  -32.725  15.265 0.3333329856
39841  31.067  -33.113  15.832 0.2222220004
44836  24.201  -28.291  12.043 0.7777780294
44835  24.790  -28.621  11.386 0.8888890147
40798  30.492  -32.579  14.349 0.5555559993
40817  30.253  -32.385  13.571 0.8888890147
108527  29.569  -32.470  13.399 0.8888890147
42925  25.398  -30.552  9.788 1.0000000000
40839  28.463  -32.388  12.267 0.7777780294
40864  28.616  -32.151  11.453 1.0000000000
40884  28.006  -32.074  10.844 1.0000000000
41931  27.297  -31.842  10.116 1.0000000000
124143  25.737  -31.204  9.685 1.0000000000
41948  26.264  -30.771  9.472 1.0000000000
109858  26.361  -29.377  18.606 0.1111110002
42854  26.005  -28.789  17.948 0.2222220004
43825  26.076  -28.472  17.131 0.3333329856
113011  25.352  -28.066  16.708 0.3333329856
44797  25.387  -28.021  13.821 0.6666669846
44824  25.083  -28.216  12.179 0.6666669846
40759  32.675  -32.846  16.147 0.2222220004
117052  25.597  -28.604  11.607 1.0000000000
40775  32.350  -32.539  15.446 0.2222220004
41861  31.741  -32.000  14.047 0.6666669846
44845  25.727  -28.970  10.855 1.0000000000
40816  31.021  -32.230  13.804 0.7777780294
41877  31.476  -31.722  13.350 1.0000000000
43883  26.360  -29.328  10.191 1.0000000000
41878  30.766  -31.984  13.040 1.0000000000
41897  29.928  -31.875  11.876 1.0000000000
40863  29.250  -32.201  12.029 1.0000000000
41915  29.423  -31.772  11.134 1.0000000000
41930  28.238  -31.677  10.064 1.0000000000
41947  27.004  -31.213  9.432 1.0000000000
42938  27.076  -30.513  9.237 1.0000000000
121073  26.672  -30.071  9.415 1.0000000000
42833  26.890  -29.770  18.630 0.1111110002
42853  26.722  -29.252  18.011 0.2222220004
43824  26.739  -28.800  16.813 0.2222220004
43839  26.904  -28.856  15.972 0.1111110002
117105  26.559  -28.883  17.445 0.3333329856
44779  27.113  -29.026  14.901 0.2222220004
43840  26.197  -28.371  16.330 0.4444440007
44780  26.275  -28.397  15.404 0.2222220004
106363  26.231  -28.400  14.411 0.4444440007
102794  25.407  -27.937  14.852 0.6666669846
104011  26.172  -28.423  13.568 0.5555559993
44811  25.609  -28.236  12.917 0.6666669846
44823  26.106  -28.543  12.182 0.6666669846
41845  32.756  -31.921  14.968 0.3333329856
41860  32.405  -31.687  14.292 0.5555559993
44834  26.524  -28.790  11.490 1.0000000000
41876  32.145  -31.454  13.633 0.6666669846
41895  31.268  -31.454  12.604 0.6666669846
41896  30.569  -31.696  12.227 0.7777780294
41913  31.103  -31.174  11.827 0.8888890147
41914  30.369  -31.400  11.290 1.0000000000
42924  29.757  -30.986  9.785 1.0000000000
42935  29.026  -30.939  9.284 1.0000000000
44844  27.107  -28.921  10.808 1.0000000000
41929  29.091  -31.463  10.086 1.0000000000
41945  28.476  -31.270  9.483 1.0000000000
42936  28.239  -30.747  8.969 1.0000000000
42937  27.727  -30.270  8.902 1.0000000000
43892  27.329  -29.746  9.151 1.0000000000
103408  27.444  -29.243  9.492 1.0000000000
44852  27.283  -29.074  10.003 1.0000000000
44843  27.935  -28.451  10.364 1.0000000000
41875  32.683  -31.154  13.916 0.5555559993
44822  27.124  -28.737  12.095 0.8888890147
41859  33.068  -31.262  14.464 0.4444440007
44833  27.381  -28.702  11.528 0.8888890147
42895  32.578  -30.821  13.324 0.5555559993
42906  31.744  -30.849  12.221 0.6666669846
42923  30.549  -30.816  10.410 0.8888890147
111644  29.598  -30.554  9.188 1.0000000000
42947  28.999  -30.247  8.685 1.0000000000
42948  28.289  -30.076  8.679 1.0000000000
44860  27.893  -29.054  9.037 1.0000000000
44851  27.952  -28.693  9.619 1.0000000000
44796  27.002  -28.862  13.834 0.4444440007
44810  26.827  -28.674  12.890 0.4444440007
103555  27.730  -28.963  13.264 0.4444440007
44809  27.681  -28.762  12.618 0.4444440007
44821  27.663  -28.432  12.017 0.8888890147
42894  33.257  -30.555  13.844 0.5555559993
45782  27.868  -28.233  11.214 1.0000000000
43856  33.730  -29.700  13.489 0.2222220004
42905  32.410  -30.487  12.573 0.5555559993
42913  32.214  -30.212  11.825 0.6666669846
43865  33.464  -29.337  12.657 0.3333329856
43866  32.832  -29.796  12.205 0.3333329856
43874  31.996  -29.972  11.106 0.6666669846
111626  31.367  -30.349  10.744 0.7777780294
42934  30.294  -30.424  9.518 1.0000000000
45775  33.816  -27.921  11.837 0.3333329856
43872  33.145  -29.090  11.812 0.3333329856
43873  32.561  -29.560  11.437 0.4444440007
43882  31.764  -29.703  10.380 0.7777780294
43891  30.728  -29.757  9.144 1.0000000000
42946  29.914  -30.003  8.811 1.0000000000
43899  28.670  -29.500  8.484 1.0000000000
44859  28.482  -28.893  8.586 1.0000000000
44831  33.355  -28.351  11.465 0.3333329856
44832  32.765  -28.837  10.935 0.3333329856
43890  31.478  -29.408  9.563 0.8888890147
43896  31.095  -29.119  8.743 1.0000000000
44858  29.062  -28.800  8.148 1.0000000000
102856  28.884  -28.077  8.268 1.0000000000
45794  28.390  -28.039  9.064 1.0000000000
45795  28.103  -27.336  9.691 1.0000000000
45789  28.092  -27.706  10.492 0.8888890147
44841  33.039  -27.990  10.754 0.3333329856
44842  32.623  -28.345  10.268 0.5555559993
44850  31.752  -28.693  9.173 1.0000000000
106594  29.832  -28.807  8.047 1.0000000000
45801  29.499  -28.145  7.896 1.0000000000
106897  27.869  -27.088  11.267 0.8888890147
45788  32.726  -27.655  10.032 0.7777780294
45799  31.631  -27.456  8.449 1.0000000000
45793  31.921  -28.021  8.895 0.8888890147
45800  30.001  -27.546  7.726 1.0000000000
119281  29.225  -27.412  7.907 1.0000000000
45802  28.692  -27.207  8.451 1.0000000000
46691  27.677  -26.291  9.269 1.0000000000
47606  27.014  -25.673  9.866 1.0000000000
46681  32.794  -26.934  9.862 0.8888890147
45792  32.330  -27.319  9.199 0.8888890147
116909  29.764  -26.823  7.703 1.0000000000
46701  28.290  -26.343  8.489 1.0000000000
120521  34.590  -27.049  12.318 0.2222220004
45774  34.293  -27.847  12.539 0.2222220004
43864  34.152  -28.787  13.192 0.2222220004
45780  34.104  -27.170  11.724 0.3333329856
44820  33.715  -28.563  12.257 0.2222220004
46666  34.525  -26.427  11.854 0.2222220004
46673  34.057  -26.394  11.295 0.3333329856
115176  33.717  -26.925  11.117 0.3333329856
45781  33.547  -27.592  11.235 0.3333329856
47588  27.217  -25.878  10.821 0.8888890147
47570  27.436  -25.949  11.733 0.8888890147
46674  33.606  -26.366  10.763 0.4444440007
45787  33.224  -27.119  10.559 0.4444440007
46688  33.090  -26.299  10.176 0.6666669846
46697  31.921  -26.587  8.611 1.0000000000
46699  30.531  -26.171  7.743 1.0000000000
109461  29.516  -26.069  7.724 1.0000000000
47623  28.323  -25.530  8.234 1.0000000000
47624  27.751  -25.685  8.682 1.0000000000
48570  26.610  -24.756  9.618 1.0000000000
46689  32.546  -26.235  9.390 1.0000000000
114389  31.432  -25.950  8.182 1.0000000000
47621  30.038  -25.300  7.754 1.0000000000
47622  29.094  -25.371  7.839 1.0000000000
48579  27.680  -24.987  8.502 1.0000000000
47605  27.159  -25.293  9.042 1.0000000000
46667  28.151  -27.495  12.728 0.5555559993
46675  27.891  -27.873  11.987 0.7777780294
46665  34.988  -26.498  12.463 0.1111110002
112305  27.843  -26.798  12.222 0.7777780294
47568  34.374  -25.622  11.421 0.3333329856
47587  33.490  -25.607  10.506 0.6666669846
48537  26.550  -24.572  12.037 0.8888890147
47571  26.737  -25.156  11.435 0.8888890147
49425  26.292  -23.341  10.390 1.0000000000
48551  26.273  -24.315  11.217 1.0000000000
47603  32.911  -25.465  9.937 0.6666669846
47619  32.054  -25.662  8.783 0.8888890147
119792  31.584  -25.207  8.475 1.0000000000
47620  30.951  -25.253  7.996 1.0000000000
48569  27.088  -24.288  8.877 1.0000000000
49433  26.553  -23.792  9.590 1.0000000000
48577  31.274  -24.467  8.557 1.0000000000
106721  30.467  -24.503  8.131 1.0000000000
105451  29.463  -24.489  7.990 1.0000000000
109656  28.723  -24.086  8.236 1.0000000000
104718  27.943  -24.187  8.421 1.0000000000
46659  28.551  -26.992  13.419 0.5555559993
46658  35.502  -26.453  13.042 0.1111110002
46660  28.151  -26.375  12.947 0.6666669846
46657  36.036  -26.211  13.449 0.1111110002
112024  35.369  -25.920  12.523 0.2222220004
47550  27.621  -25.701  12.483 0.7777780294
47551  27.005  -25.217  12.098 0.8888890147
49418  26.195  -23.389  11.251 0.7777780294
49406  26.283  -23.799  12.025 0.7777780294
119676  26.700  -24.068  12.495 0.6666669846
47586  33.925  -24.920  10.943 0.2222220004
50333  26.673  -22.819  9.715 1.0000000000
122270  26.186  -23.824  10.781 1.0000000000
48567  33.249  -24.651  10.369 0.4444440007
48568  32.654  -24.580  9.779 0.5555559993
48576  32.043  -24.641  9.088 0.7777780294
49440  27.627  -23.544  8.681 1.0000000000
107899  27.120  -23.233  9.089 1.0000000000
107230  30.769  -23.635  8.679 0.8888890147
48578  30.037  -23.840  8.347 1.0000000000
114785  28.590  -25.974  13.673 0.4444440007
47533  28.559  -25.136  14.051 0.3333329856
47534  27.981  -25.249  13.297 0.3333329856
47531  35.838  -25.664  12.940 0.1111110002
48523  27.631  -24.397  13.335 0.3333329856
48536  27.212  -24.713  12.672 0.4444440007
47548  35.412  -25.049  12.305 0.2222220004
47567  34.747  -24.945  11.711 0.2222220004
50272  26.705  -22.641  12.860 0.4444440007
50271  27.210  -22.987  13.422 0.3333329856
49395  27.182  -23.863  13.062 0.3333329856
122164  34.364  -24.920  11.340 0.3333329856
112554  26.316  -21.987  11.810 0.7777780294
50301  26.254  -22.577  11.265 0.5555559993
48560  32.868  -23.643  10.298 0.3333329856
51275  26.838  -21.890  9.807 0.8888890147
49436  31.611  -23.421  9.325 0.8888890147
115827  29.248  -22.926  8.516 1.0000000000
50348  27.861  -22.605  8.754 1.0000000000
47547  36.070  -24.716  12.881 0.1111110002
113054  28.700  -23.026  14.772 0.2222220004
49394  27.714  -23.712  13.723 0.3333329856
48548  34.959  -24.084  11.961 0.1111110002
50256  29.118  -22.448  15.263 0.3333329856
50270  27.939  -22.840  14.180 0.3333329856
48549  34.289  -24.111  11.431 0.3333329856
48550  33.495  -23.615  10.908 0.3333329856
105787  26.525  -22.012  12.603 0.4444440007
51247  26.556  -21.306  12.220 0.6666669846
51234  26.814  -21.304  13.001 0.5555559993
49432  32.192  -22.698  9.896 0.7777780294
111861  31.017  -22.645  9.047 0.8888890147
49437  30.073  -22.985  8.629 1.0000000000
50347  28.751  -22.433  8.530 1.0000000000
51274  27.370  -21.422  9.322 0.8888890147
51263  26.648  -21.398  10.533 0.7777780294
50345  30.430  -22.151  8.662 0.8888890147
105075  29.117  -21.814  8.408 1.0000000000
52156  27.874  -21.015  8.819 1.0000000000
52148  27.017  -21.128  9.836 0.8888890147
50257  28.501  -22.157  14.755 0.2222220004
50258  27.741  -21.840  14.179 0.4444440007
51257  26.521  -21.302  11.407 0.7777780294
52116  26.818  -20.760  12.557 0.5555559993
51233  27.312  -21.207  13.690 0.4444440007
23839  6.539  -50.218  26.362 0.2222220004
22059  2.582  -51.551  26.776 0.4444440007
20125  0.376  -53.139  28.112 0.4444440007
117222  0.151  -52.983  28.504 0.4444440007
22937  3.754  -50.729  25.454 0.3333329856
23848  6.976  -48.980  25.206 0.2222220004
22936  4.449  -50.919  25.408 0.2222220004
22935  5.333  -50.632  25.484 0.2222220004
25763  7.991  -47.812  25.099 0.2222220004
109714  0.662  -51.938  28.736 0.4444440007
21106  -0.154  -53.134  28.525 0.2222220004
21105  0.074  -52.600  28.677 0.4444440007
105575  -0.563  -52.248  26.479 0.2222220004
116070  -0.623  -51.388  26.501 0.2222220004
22065  -0.519  -51.647  25.452 0.1111110002
21125  -0.373  -52.277  24.781 0.2222220004
24759  6.654  -48.659  24.341 0.2222220004
22944  4.869  -50.173  24.966 0.2222220004
26935  7.807  -46.956  22.724 0.2222220004
24761  5.008  -48.553  24.003 0.3333329856
24762  3.846  -48.735  24.698 0.5555559993
22946  3.841  -49.485  24.896 0.5555559993
108004  8.447  -46.263  22.344 0.2222220004
24772  6.398  -48.214  23.705 0.3333329856
119322  6.834  -47.817  23.387 0.2222220004
109605  2.636  -49.469  27.151 0.6666669846
22921  1.723  -50.465  28.679 0.5555559993
22045  0.607  -51.690  28.598 0.5555559993
117289  8.259  -45.712  21.840 0.3333329856
26934  9.213  -46.075  22.692 0.2222220004
22922  -0.186  -51.222  28.621 0.4444440007
111094  -0.055  -51.123  24.079 0.1111110002
120908  3.685  -50.095  25.287 0.5555559993
25796  6.063  -46.786  22.833 0.3333329856
24774  4.825  -47.644  23.795 0.5555559993
25772  4.159  -47.044  24.136 0.5555559993
109583  3.204  -48.076  25.687 0.5555559993
112443  3.381  -47.388  25.219 0.5555559993
23830  2.339  -50.155  27.980 0.6666669846
26936  6.912  -46.522  22.439 0.4444440007
25783  5.396  -47.153  23.321 0.4444440007
123980  5.485  -46.611  23.082 0.6666669846
26923  4.966  -46.359  23.351 0.6666669846
26910  3.887  -46.061  24.274 0.7777780294
22041  0.140  -51.419  28.757 0.5555559993
29018  9.334  -44.133  20.680 0.6666669846
29003  10.045  -44.622  21.016 0.5555559993
122511  -0.525  -50.806  28.022 0.5555559993
22931  -0.583  -50.560  26.542 0.2222220004
26897  3.332  -46.637  25.517 0.6666669846
25748  3.021  -47.747  27.467 0.7777780294
27992  4.979  -45.541  23.223 0.7777780294
28011  5.561  -45.335  22.737 0.6666669846
105463  3.482  -45.995  25.048 0.7777780294
26889  3.241  -46.491  26.438 0.7777780294
23814  1.584  -49.867  29.200 0.4444440007
117984  6.196  -45.115  22.287 0.7777780294
22917  -0.209  -50.939  29.000 0.5555559993
22047  0.163  -51.932  28.778 0.5555559993
30036  9.413  -43.366  20.195 0.6666669846
114216  8.005  -43.915  21.041 0.7777780294
29005  7.451  -44.320  21.461 0.7777780294
27978  3.705  -45.446  24.761 0.7777780294
111276  3.400  -45.966  25.794 0.7777780294
30017  5.544  -43.840  22.864 0.8888890147
30016  6.225  -43.395  22.353 0.8888890147
29996  4.330  -43.632  25.305 0.8888890147
30057  10.108  -43.429  19.819 0.6666669846
31124  11.341  -42.641  18.796 0.7777780294
112600  11.960  -42.285  18.419 0.7777780294
31079  7.135  -42.183  22.198 0.8888890147
32081  7.815  -41.830  21.771 0.8888890147
31071  6.967  -41.884  23.165 0.8888890147
105412  6.746  -41.593  24.986 0.6666669846
31063  6.889  -41.691  24.199 0.7777780294
31064  6.272  -42.079  24.453 0.6666669846
32087  9.465  -41.523  20.254 0.8888890147
119746  13.128  -41.533  18.234 0.7777780294
32086  10.008  -41.087  19.829 0.8888890147
32079  9.117  -41.134  20.978 0.8888890147
32098  10.501  -41.394  19.153 0.8888890147
32108  14.826  -41.398  18.170 0.7777780294
32053  7.435  -41.209  25.109 0.6666669846
34169  10.757  -39.905  19.715 0.8888890147
32121  15.335  -41.278  17.503 0.7777780294
33085  10.183  -39.919  23.042 0.5555559993
34148  11.041  -39.207  21.067 0.8888890147
32170  19.908  -41.248  14.819 0.5555559993
31182  18.395  -42.225  15.870 0.6666669846
32135  16.199  -41.219  16.325 0.7777780294
33200  20.041  -40.292  13.777 0.6666669846
32136  15.439  -40.821  16.686 0.7777780294
37108  22.300  -35.836  13.483 0.7777780294
36219  22.073  -37.157  13.831 0.6666669846
36220  21.554  -37.747  13.386 0.7777780294
35246  21.353  -38.457  13.678 0.6666669846
36230  20.469  -37.559  12.201 0.7777780294
34263  19.959  -38.875  12.736 0.6666669846
33202  18.726  -39.692  13.430 0.6666669846
103961  21.186  -36.766  12.068 0.8888890147
34133  10.664  -39.570  22.576 0.5555559993
35179  11.533  -38.911  19.801 0.8888890147
32173  17.617  -40.307  14.267 0.7777780294
33155  15.289  -40.110  16.127 0.7777780294
33167  15.542  -39.779  15.655 0.8888890147
35202  13.586  -38.638  17.509 0.8888890147
35249  18.716  -37.979  13.059 0.8888890147
38964  20.964  -34.354  11.984 0.8888890147
38988  20.348  -34.844  11.886 0.8888890147
120195  18.726  -37.242  13.157 0.8888890147
36232  19.131  -37.319  12.704 0.8888890147
35123  11.715  -38.767  22.423 0.7777780294
35144  12.116  -38.239  21.822 0.7777780294
35224  17.418  -38.434  14.278 0.8888890147
35225  16.628  -38.516  14.798 0.8888890147
115429  15.808  -38.430  15.345 0.7777780294
35212  15.282  -38.022  15.953 0.7777780294
39902  20.545  -33.535  12.426 0.8888890147
39901  21.206  -33.434  12.479 0.8888890147
39903  19.825  -33.525  12.610 0.8888890147
110084  19.539  -34.058  12.633 0.7777780294
38008  18.817  -35.471  13.957 0.7777780294
36127  13.751  -37.255  19.311 0.5555559993
40824  23.176  -32.589  13.268 0.7777780294
40846  21.724  -32.662  12.706 0.8888890147
41901  20.787  -31.840  12.924 0.8888890147
40826  20.093  -32.188  13.039 0.7777780294
40828  19.072  -33.072  13.670 0.7777780294
38948  19.110  -34.416  13.025 0.7777780294
39883  18.896  -33.819  13.666 0.7777780294
39865  18.735  -33.997  14.406 0.7777780294
103049  18.798  -34.904  14.596 0.7777780294
110559  18.824  -35.199  15.316 0.7777780294
37077  18.626  -36.715  15.468 0.7777780294
36109  14.267  -36.966  20.416 0.3333329856
40823  23.998  -32.507  13.342 0.8888890147
42908  21.667  -30.776  12.569 0.7777780294
41900  21.002  -31.132  12.977 0.7777780294
42898  20.033  -30.898  13.658 0.7777780294
41879  20.568  -30.790  13.347 0.7777780294
115896  19.389  -30.946  14.669 0.7777780294
119316  19.548  -31.056  14.054 0.7777780294
40827  19.312  -32.283  13.639 0.7777780294
103985  19.566  -32.936  13.069 0.7777780294
41835  18.915  -32.066  15.757 0.7777780294
41846  18.967  -31.649  15.112 0.7777780294
40761  18.778  -32.650  15.979 0.7777780294
40783  18.772  -32.482  15.303 0.7777780294
102655  18.846  -34.985  15.994 0.7777780294
36184  18.377  -37.286  15.889 0.5555559993
37942  19.483  -35.731  20.692 0.3333329856
37930  19.280  -35.674  21.610 0.2222220004
103310  19.868  -36.448  21.164 0.2222220004
36106  20.345  -37.724  19.918 0.1111110002
35174  19.654  -38.597  19.248 0.1111110002
122210  17.068  -38.852  19.730 0.1111110002
36107  16.032  -37.848  20.213 0.1111110002
40713  19.771  -32.683  21.486 0.1111110002
118154  19.076  -34.211  21.294 0.1111110002
38856  18.895  -34.355  20.551 0.3333329856
39767  20.103  -32.920  22.324 0.1111110002
38836  19.180  -34.685  22.051 0.2222220004
104212  18.955  -35.011  21.091 0.3333329856
37950  19.116  -35.237  19.586 0.3333329856
35187  18.192  -38.876  18.654 0.2222220004
39844  27.866  -33.280  15.977 0.3333329856
40721  20.062  -31.969  21.024 0.1111110002
38872  18.847  -34.562  19.745 0.3333329856
103804  19.449  -35.641  19.110 0.3333329856
123696  19.226  -36.908  18.020 0.2222220004
41798  20.234  -31.122  19.680 0.3333329856
42816  20.975  -30.633  19.705 0.3333329856
41799  19.660  -31.700  19.736 0.2222220004
108898  19.013  -33.016  19.081 0.2222220004
40729  19.315  -32.448  19.824 0.2222220004
114520  18.802  -34.023  19.067 0.3333329856
37958  19.233  -35.446  18.393 0.3333329856
104582  18.194  -38.273  17.519 0.2222220004
36147  17.171  -38.300  17.714 0.3333329856
40822  25.561  -32.577  13.819 0.6666669846
109324  21.077  -29.111  16.034 0.4444440007
43842  20.311  -29.693  15.509 0.5555559993
42866  19.946  -30.427  16.883 0.7777780294
42855  20.612  -30.285  18.216 0.4444440007
42856  20.085  -30.585  17.779 0.6666669846
42839  20.262  -30.733  18.767 0.3333329856
41825  19.290  -31.483  16.854 0.5555559993
40738  19.084  -32.559  18.281 0.5555559993
110291  19.330  -32.110  19.046 0.2222220004
41814  19.397  -31.764  18.242 0.5555559993
39812  18.769  -33.479  17.411 0.6666669846
38902  18.814  -34.234  17.506 0.5555559993
37969  19.014  -35.276  17.510 0.5555559993
112979  18.959  -36.206  17.126 0.5555559993
43859  20.701  -29.737  13.889 0.7777780294
43849  21.144  -29.008  14.331 0.7777780294
43829  22.046  -28.822  16.504 0.7777780294
43850  20.427  -29.610  14.688 0.7777780294
42877  19.846  -30.346  15.927 0.7777780294
42867  19.554  -30.914  16.398 0.7777780294
40760  18.970  -32.114  16.466 0.6666669846
40749  19.074  -32.143  17.432 0.5555559993
106301  18.747  -33.824  16.797 0.6666669846
40750  18.737  -32.909  16.820 0.6666669846
40844  23.481  -32.289  12.491 0.8888890147
42907  22.349  -30.403  12.045 0.7777780294
43858  21.412  -29.304  13.463 0.7777780294
42897  20.391  -30.362  13.732 0.7777780294
42886  19.802  -30.242  14.952 0.7777780294
41862  19.199  -31.620  14.251 0.7777780294
40868  24.620  -32.185  11.488 0.8888890147
44767  22.776  -28.396  16.222 0.4444440007
44801  21.864  -28.503  14.853 0.7777780294
40867  25.428  -32.317  11.305 0.8888890147
41918  23.456  -31.291  11.334 0.8888890147
42917  23.046  -30.500  11.493 0.7777780294
121927  29.013  -32.683  14.304 0.5555559993
40818  28.868  -32.592  13.704 0.6666669846
44800  22.600  -28.208  14.685 0.5555559993
43877  22.848  -29.743  11.782 0.6666669846
117367  23.309  -28.854  12.002 0.6666669846
116134  26.144  -32.357  11.215 1.0000000000
41935  23.954  -31.128  10.815 0.8888890147
42916  23.616  -30.495  10.956 0.8888890147
43886  24.012  -29.697  10.678 1.0000000000
40885  26.595  -32.171  10.682 1.0000000000
41933  25.266  -31.491  10.034 1.0000000000
108200  25.213  -28.277  17.465 0.3333329856
40777  30.767  -32.835  15.096 0.5555559993
122894  26.609  -29.791  18.958 0.1111110002
40797  31.288  -32.470  14.537 0.3333329856
40838  29.938  -32.207  12.702 1.0000000000
42939  26.092  -29.900  9.700 1.0000000000
41916  28.678  -31.846  10.736 1.0000000000
40796  32.041  -32.274  14.736 0.3333329856
43893  26.823  -29.540  9.663 1.0000000000
41946  27.782  -31.310  9.410 1.0000000000
116078  27.557  -30.825  9.137 1.0000000000
43808  27.090  -29.198  17.335 0.2222220004
43823  27.371  -29.196  16.608 0.1111110002
41894  31.943  -31.163  12.942 0.6666669846
42915  31.004  -30.882  11.153 0.7777780294
41928  29.859  -31.327  10.511 1.0000000000
42914  31.583  -30.559  11.485 0.6666669846
111082  28.232  -28.034  9.914 1.0000000000
42904  33.061  -30.099  13.008 0.3333329856
118852  32.299  -29.426  10.776 0.5555559993
42922  31.080  -30.104  9.945 0.8888890147
43897  30.305  -29.358  8.484 1.0000000000
43898  29.445  -29.458  8.361 1.0000000000
118675  32.204  -28.977  10.068 0.6666669846
113364  30.594  -28.794  8.254 1.0000000000
44849  32.307  -28.190  9.570 0.6666669846
44856  31.235  -28.309  8.396 1.0000000000
46690  28.287  -26.964  9.033 1.0000000000
46682  27.663  -26.677  10.240 1.0000000000
46698  31.211  -26.806  7.988 1.0000000000
119976  30.862  -27.580  7.925 1.0000000000
46700  28.962  -26.660  7.946 1.0000000000
123215  30.501  -26.997  7.734 1.0000000000
45776  27.952  -28.378  12.600 0.7777780294
47589  26.527  -25.037  10.517 0.8888890147
107610  28.505  -24.784  8.140 1.0000000000
47604  32.470  -25.327  9.361 0.7777780294
122287  26.251  -22.930  10.840 1.0000000000
49438  29.338  -23.597  8.345 1.0000000000
50285  26.302  -22.830  12.112 0.5555559993
49396  26.687  -23.359  12.675 0.5555559993
50315  26.421  -22.406  10.488 1.0000000000
112128  32.337  -23.642  9.775 0.6666669846
50332  27.255  -22.284  9.241 1.0000000000
123974  27.486  -22.432  13.822 0.4444440007
109817  27.056  -22.060  13.397 0.4444440007
122298  26.357  -21.927  11.091 0.8888890147
51289  27.746  -21.771  8.904 1.0000000000
49385  28.359  -23.713  14.321 0.2222220004
110914  29.526  -21.993  15.663 0.2222220004
50346  29.575  -22.314  8.513 0.8888890147
51288  28.409  -21.607  8.593 1.0000000000
104568  26.730  -20.710  11.014 0.7777780294
121091  31.308  -21.966  8.979 0.8888890147
22915  0.628  -50.019  29.310 0.4444440007
22916  0.191  -50.550  29.052 0.4444440007
106677  2.430  -49.297  29.060 0.5555559993
114672  0.648  -49.234  30.138 0.2222220004
23808  0.153  -49.586  29.676 0.2222220004
121975  1.213  -49.483  29.817 0.2222220004
26873  3.084  -47.353  28.393 0.6666669846
24713  2.598  -48.575  29.405 0.3333329856
26890  3.114  -47.267  26.763 0.6666669846
119783  1.406  -48.991  30.378 0.2222220004
25740  2.935  -47.943  29.082 0.3333329856
26880  3.226  -46.385  28.080 0.6666669846
27968  3.275  -45.954  27.225 0.6666669846
114585  3.413  -45.552  26.417 0.7777780294
24704  2.236  -48.545  30.176 0.2222220004
26872  3.159  -46.702  28.841 0.6666669846
27966  3.376  -45.518  27.948 0.6666669846
116106  3.437  -45.061  27.139 0.6666669846
123581  3.841  -44.339  25.638 0.7777780294
28961  3.597  -44.725  26.359 0.6666669846
28957  3.587  -44.688  27.894 0.5555559993
29990  4.140  -43.605  26.327 0.6666669846
122183  3.729  -44.170  27.055 0.4444440007
29979  3.923  -43.935  28.012 0.3333329856
29985  4.248  -43.380  27.351 0.5555559993
31049  4.774  -42.844  26.768 0.4444440007
31059  4.783  -42.950  25.860 0.4444440007
30999  4.987  -42.812  28.571 0.3333329856
31031  4.983  -42.661  27.742 0.2222220004
111483  5.992  -41.974  26.049 0.3333329856
31057  6.224  -41.896  25.374 0.4444440007
31058  5.472  -42.426  25.533 0.4444440007
103569  7.161  -41.702  27.512 0.2222220004
31047  6.310  -41.924  26.897 0.2222220004
107750  5.952  -42.217  27.714 0.1111110002
31046  7.041  -41.517  26.657 0.2222220004
117983  6.532  -41.688  26.144 0.3333329856
31056  6.921  -41.447  25.768 0.2222220004
31055  7.570  -41.268  26.303 0.1111110002
32044  9.092  -40.645  25.568 0.1111110002
32045  8.244  -40.968  25.885 0.1111110002
32052  8.376  -40.784  24.659 0.4444440007
122625  9.089  -40.584  23.941 0.4444440007
37076  22.903  -36.700  15.299 0.2222220004
36207  22.451  -37.311  14.724 0.5555559993
33076  9.861  -40.270  24.392 0.2222220004
122854  9.251  -40.486  24.768 0.3333329856
37075  23.284  -36.155  15.959 0.3333329856
37990  22.985  -35.650  15.211 0.4444440007
34115  10.887  -39.625  23.484 0.4444440007
116922  10.434  -39.969  23.963 0.3333329856
38798  20.402  -34.630  24.570 0.1111110002
37898  19.478  -35.659  23.497 0.1111110002
38808  19.859  -34.706  23.909 0.1111110002
38820  19.469  -34.753  23.071 0.1111110002
33084  11.238  -39.744  24.330 0.2222220004
120312  11.297  -39.240  22.980 0.5555559993
34093  12.042  -39.651  24.605 0.2222220004
34114  11.654  -39.486  23.796 0.3333329856
42794  24.761  -29.879  20.737 0.1111110002
42795  23.731  -29.938  20.923 0.2222220004
42813  23.157  -29.780  20.333 0.1111110002
42814  22.627  -29.739  19.639 0.2222220004
42812  24.128  -29.452  20.154 0.2222220004
42835  24.538  -29.158  19.311 0.2222220004
42836  23.590  -29.312  19.265 0.2222220004
43791  24.418  -28.781  18.521 0.2222220004
43792  23.488  -28.954  18.249 0.2222220004
43793  22.553  -29.339  18.165 0.2222220004
43811  23.102  -28.804  17.553 0.2222220004
41796  22.350  -30.254  20.513 0.2222220004
42815  21.802  -30.193  19.737 0.3333329856
42838  21.103  -30.228  18.939 0.3333329856
42837  22.086  -29.760  18.922 0.3333329856
43794  21.482  -29.773  18.198 0.3333329856
43812  21.988  -29.220  17.383 0.2222220004
121409  28.866  -20.092  8.279 0.7777780294
44795  27.840  -29.129  14.097 0.3333329856
53028  28.507  -19.850  8.570 0.7777780294
52155  28.570  -20.610  8.454 0.7777780294
53027  29.187  -19.571  8.228 0.7777780294
44808  28.297  -28.939  13.536 0.3333329856
54719  28.679  -17.700  11.287 0.7777780294
53861  27.933  -19.042  9.908 0.6666669846
53013  27.451  -19.632  10.188 0.6666669846
103189  30.066  -17.078  10.283 0.6666669846
54729  29.353  -17.348  10.785 0.6666669846
54730  28.725  -17.909  10.454 0.7777780294
53860  28.418  -18.777  9.493 0.7777780294
53021  27.996  -19.558  9.238 0.6666669846
55684  31.824  -16.822  8.835 0.7777780294
53859  29.047  -18.360  9.185 0.7777780294
53870  28.694  -19.093  8.795 0.7777780294
55683  32.543  -16.617  8.607 0.7777780294
45768  28.392  -28.144  13.262 0.4444440007
55620  31.007  -16.398  13.314 0.3333329856
55632  30.836  -16.446  12.488 0.4444440007
54705  29.389  -17.164  12.616 0.4444440007
53837  28.111  -18.148  11.721 0.7777780294
106548  27.371  -19.235  10.936 0.5555559993
52140  27.016  -20.530  10.326 0.7777780294
111732  32.489  -16.098  11.843 0.4444440007
55631  31.666  -16.162  12.244 0.5555559993
54728  30.038  -16.853  11.190 0.5555559993
55644  32.348  -16.159  11.013 0.5555559993
55658  31.435  -16.387  10.628 0.6666669846
56581  33.645  -15.889  8.860 0.7777780294
55670  32.298  -16.418  9.330 0.7777780294
56594  34.537  -15.636  7.693 0.7777780294
45761  28.790  -28.263  13.978 0.3333329856
55594  32.158  -16.256  15.311 0.1111110002
52996  27.326  -19.401  12.398 0.4444440007
55607  31.863  -16.156  14.461 0.2222220004
54692  30.235  -16.808  13.881 0.3333329856
114086  29.637  -17.379  14.449 0.2222220004
54694  28.750  -17.676  13.131 0.3333329856
53828  27.683  -18.858  12.982 0.3333329856
52133  26.770  -20.545  11.805 0.5555559993
55589  35.840  -15.727  16.075 0.1111110002
55605  35.136  -15.841  14.853 0.1111110002
103319  34.412  -15.838  14.646 0.3333329856
116331  33.918  -16.208  13.404 0.5555559993
55618  32.477  -16.006  13.828 0.3333329856
107892  28.170  -18.187  12.614 0.5555559993
53845  27.651  -18.697  11.296 0.5555559993
53005  27.028  -19.928  11.090 0.5555559993
55615  35.722  -16.164  14.385 0.1111110002
55617  34.677  -16.396  13.271 0.2222220004
55628  33.954  -16.354  12.793 0.4444440007
55629  33.269  -16.190  12.307 0.5555559993
55630  32.522  -16.045  12.530 0.4444440007
56515  36.360  -16.058  13.913 0.1111110002
56544  35.430  -15.621  11.611 0.3333329856
55642  34.040  -16.099  11.297 0.6666669846
55655  33.539  -16.016  10.752 0.6666669846
56554  34.781  -15.291  10.151 0.7777780294
56555  34.120  -15.777  10.464 0.7777780294
56569  33.433  -15.925  9.884 0.7777780294
56580  34.324  -15.483  8.503 0.7777780294
47532  29.021  -25.637  14.354 0.2222220004
55595  31.170  -16.560  15.024 0.1111110002
52989  27.415  -19.736  13.320 0.3333329856
52126  27.052  -20.130  12.525 0.4444440007
54680  30.383  -16.936  14.710 0.2222220004
53826  28.834  -17.931  14.141 0.2222220004
53827  28.247  -18.363  13.507 0.3333329856
48522  28.166  -24.450  13.869 0.2222220004
54669  30.511  -17.164  15.514 0.1111110002
52976  28.293  -19.455  14.655 0.2222220004
52977  27.725  -19.781  14.115 0.3333329856
54681  29.249  -18.154  15.129 0.2222220004
53818  28.684  -18.623  14.707 0.2222220004
120344  29.906  -17.491  15.159 0.1111110002
52103  27.494  -20.435  13.910 0.3333329856
51223  27.729  -20.996  14.272 0.3333329856
53812  29.906  -17.991  15.925 0.1111110002
52102  27.964  -20.346  14.501 0.2222220004
51222  28.363  -21.146  14.787 0.3333329856
115166  28.720  -19.876  15.288 0.2222220004
52101  28.447  -20.309  14.972 0.3333329856
52975  28.864  -19.115  15.295 0.2222220004
51221  29.011  -21.631  15.331 0.2222220004
52091  28.979  -20.682  15.467 0.2222220004
52963  29.182  -19.825  15.750 0.1111110002
24719  2.846  -48.428  28.433 0.5555559993
121428  3.788  -44.181  26.346 0.7777780294
33086  9.687  -40.292  23.477 0.6666669846
36208  21.912  -37.921  14.233 0.4444440007
110513  23.256  -34.887  15.592 0.4444440007
36078  12.794  -37.687  22.064 0.3333329856
121569  28.085  -28.816  12.984 0.4444440007
52115  27.121  -20.588  13.199 0.4444440007
52147  27.484  -20.492  9.448 0.6666669846
23807  1.949  -49.170  29.750 0.3333329856
37913  19.303  -35.631  22.558 0.1111110002
25739  3.014  -47.276  29.309 0.3333329856
26881  3.178  -46.863  27.392 0.6666669846
25728  2.664  -47.933  30.571 0.2222220004
31048  5.431  -42.385  26.342 0.4444440007
31030  5.453  -42.365  27.074 0.3333329856
117763  22.876  -29.402  18.801 0.2222220004
53029  28.022  -20.285  8.818 0.7777780294
107476  29.448  -18.703  8.508 0.7777780294
54706  28.697  -17.608  12.191 0.5555559993
53852  28.270  -18.496  10.188 0.7777780294
53853  27.741  -18.851  10.561 0.6666669846
55659  30.627  -16.659  10.713 0.5555559993
54741  29.389  -17.681  9.797 0.6666669846
55671  31.580  -16.575  9.628 0.7777780294
55657  32.208  -16.249  10.155 0.7777780294
54764  32.233  -17.190  8.156 0.7777780294
55669  32.978  -16.222  9.120 0.7777780294
45767  28.810  -27.444  13.833 0.3333329856
119207  31.350  -16.253  12.778 0.4444440007
55619  31.658  -16.150  13.786 0.3333329856
54717  30.079  -16.751  12.089 0.4444440007
54704  30.146  -16.774  12.992 0.4444440007
54718  29.347  -17.183  11.699 0.5555559993
54693  29.458  -17.239  13.555 0.4444440007
53004  27.313  -19.276  11.605 0.3333329856
55645  31.753  -16.203  11.456 0.5555559993
55646  30.895  -16.453  11.546 0.5555559993
114062  31.960  -16.035  13.096 0.3333329856
55682  33.198  -16.341  8.354 0.7777780294
104335  32.761  -16.162  9.818 0.7777780294
55681  33.839  -15.990  8.005 0.7777780294
55608  31.026  -16.463  14.201 0.1111110002
53838  27.636  -18.711  12.103 0.4444440007
52988  27.866  -19.092  13.851 0.3333329856
55590  35.200  -15.718  15.690 0.1111110002
55604  35.778  -15.909  15.203 0.1111110002
55616  34.985  -16.126  14.085 0.3333329856
103705  34.202  -16.064  13.948 0.5555559993
109479  33.119  -16.068  13.132 0.5555559993
104391  33.404  -16.036  13.893 0.5555559993
55627  35.637  -16.335  13.534 0.2222220004
114626  34.541  -16.423  12.525 0.2222220004
56530  35.400  -16.242  12.544 0.2222220004
109144  33.964  -16.358  12.065 0.5555559993
55643  33.243  -16.154  11.435 0.5555559993
55641  34.684  -16.205  11.866 0.2222220004
56545  34.745  -15.674  11.043 0.5555559993
55656  32.921  -16.119  10.531 0.6666669846
56568  34.206  -15.568  9.496 0.7777780294
56567  34.849  -15.070  9.160 0.7777780294
53819  28.342  -18.647  14.203 0.3333329856
56579  34.987  -14.891  8.165 0.7777780294
20144  -0.255  -53.383  25.920 0.1111110002
21118  -0.434  -52.968  26.506 0.1111110002
21124  -0.156  -52.913  24.173 0.1111110002
20129  1.001  -53.880  27.368 0.3333329856
111768  -0.408  -50.091  25.786 0.1111110002
22927  -0.600  -50.356  27.395 0.2222220004
106949  -0.497  -50.352  28.260 0.2222220004
103204  -0.120  -50.416  29.039 0.3333329856
109534  7.543  -49.381  27.863 0.1111110002
25746  9.335  -47.328  27.398 0.1111110002
25747  8.699  -47.698  27.130 0.1111110002
24726  8.286  -48.235  27.617 0.1111110002
25754  8.617  -47.550  26.378 0.1111110002
24746  8.095  -47.948  25.927 0.1111110002
24737  8.125  -48.089  26.745 0.1111110002
25762  8.610  -47.366  25.564 0.1111110002
27962  3.460  -45.560  29.500 0.4444440007
108694  7.662  -48.552  26.214 0.1111110002
27964  3.299  -45.958  28.780 0.6666669846
123911  9.089  -47.263  26.766 0.1111110002
26888  9.791  -46.891  26.803 0.1111110002
28953  3.787  -44.730  29.355 0.2222220004
28950  3.777  -45.176  30.343 0.2222220004
25770  8.578  -47.230  24.595 0.1111110002
118328  3.765  -44.455  28.604 0.4444440007
26886  11.305  -46.373  26.598 0.1111110002
26887  10.466  -46.551  26.477 0.1111110002
26896  9.906  -46.609  25.938 0.1111110002
28952  4.127  -44.216  29.987 0.1111110002
26894  11.530  -46.107  25.776 0.1111110002
26895  10.722  -46.313  25.850 0.1111110002
102585  10.165  -46.322  25.164 0.1111110002
122175  9.120  -46.806  24.540 0.1111110002
26921  10.053  -46.009  23.799 0.1111110002
26908  9.648  -46.430  24.375 0.1111110002
26905  12.656  -45.945  24.919 0.1111110002
26893  12.335  -46.051  25.687 0.1111110002
27975  12.173  -45.744  24.302 0.1111110002
26906  11.825  -45.883  25.046 0.1111110002
102670  10.994  -46.016  25.120 0.1111110002
27990  11.759  -45.576  23.565 0.1111110002
27976  11.327  -45.784  24.345 0.1111110002
26907  10.481  -45.994  24.414 0.1111110002
27991  10.778  -45.702  23.516 0.1111110002
28005  11.351  -45.397  22.766 0.1111110002
28006  10.525  -45.474  22.588 0.1111110002
28007  9.742  -45.558  22.284 0.1111110002
112417  10.995  -45.174  22.110 0.1111110002
28022  10.310  -45.127  21.814 0.1111110002
26904  13.580  -46.126  24.633 0.1111110002
27988  13.452  -45.864  23.771 0.1111110002
33139  21.973  -40.808  17.187 0.2222220004
28019  13.206  -45.263  22.138 0.1111110002
27989  12.638  -45.658  23.600 0.1111110002
32131  21.351  -41.287  16.801 0.3333329856
28021  11.709  -45.107  22.032 0.1111110002
32132  20.637  -41.740  16.426 0.4444440007
29016  11.681  -44.525  20.596 0.2222220004
29001  12.103  -44.811  21.282 0.2222220004
29002  11.088  -44.844  21.300 0.1111110002
112974  10.850  -44.353  20.430 0.4444440007
28996  17.315  -44.251  21.563 0.2222220004
28985  17.128  -44.524  22.171 0.1111110002
27986  16.378  -45.762  23.186 0.1111110002
29013  16.863  -43.701  21.135 0.2222220004
28986  16.239  -44.486  22.093 0.1111110002
28001  15.787  -45.314  22.568 0.1111110002
30031  17.138  -43.480  20.410 0.2222220004
115757  16.651  -44.061  21.667 0.1111110002
28987  15.200  -44.881  21.991 0.1111110002
28002  14.768  -45.484  22.536 0.1111110002
103815  14.252  -45.838  23.229 0.1111110002
33138  22.573  -40.351  17.607 0.1111110002
28997  16.129  -43.612  21.275 0.2222220004
28998  15.636  -44.166  21.578 0.1111110002
30051  16.649  -42.872  19.885 0.2222220004
30032  16.422  -43.196  20.657 0.2222220004
28018  14.194  -45.100  21.984 0.1111110002
106900  13.557  -44.784  21.447 0.1111110002
33152  21.671  -40.608  16.446 0.3333329856
116065  12.815  -44.905  21.543 0.1111110002
33153  21.018  -41.073  16.044 0.4444440007
122415  12.234  -44.565  20.719 0.2222220004
32151  20.278  -41.522  15.623 0.4444440007
29040  11.536  -44.073  19.899 0.5555559993
34179  23.489  -39.227  18.473 0.1111110002
34166  23.730  -39.386  19.223 0.1111110002
34180  23.101  -39.840  18.044 0.1111110002
34193  22.820  -39.582  17.302 0.1111110002
33151  22.294  -40.047  16.769 0.2222220004
30023  15.287  -43.723  21.034 0.1111110002
119946  14.525  -43.926  20.742 0.1111110002
29014  13.775  -44.297  20.810 0.2222220004
29000  12.847  -44.561  20.898 0.2222220004
34205  21.909  -40.059  16.121 0.3333329856
30033  15.716  -43.172  20.655 0.3333329856
30034  14.946  -43.311  20.446 0.3333329856
30035  13.981  -43.693  20.173 0.4444440007
29015  13.188  -44.162  20.351 0.2222220004
33163  21.385  -40.405  15.716 0.4444440007
111775  13.688  -43.236  19.414 0.5555559993
30054  12.232  -43.728  19.435 0.6666669846
34192  23.252  -39.051  17.710 0.1111110002
105496  22.627  -39.255  16.632 0.2222220004
34204  22.232  -39.577  16.179 0.4444440007
34216  21.792  -39.638  15.520 0.4444440007
33180  21.079  -40.168  14.930 0.4444440007
33181  20.337  -40.611  14.434 0.4444440007
35173  23.803  -38.732  18.886 0.1111110002
35172  24.213  -38.723  19.586 0.1111110002
35200  23.000  -38.950  17.094 0.1111110002
35223  21.935  -38.953  15.150 0.4444440007
34226  21.393  -39.435  14.672 0.4444440007
36104  24.933  -37.569  20.305 0.1111110002
35185  24.096  -38.037  18.955 0.1111110002
35186  23.625  -38.313  18.171 0.1111110002
35199  23.301  -38.352  17.278 0.1111110002
35211  22.943  -38.537  16.577 0.1111110002
35235  21.676  -38.689  14.470 0.4444440007
34243  21.050  -39.208  13.844 0.5555559993
36085  25.754  -37.157  21.593 0.1111110002
35138  25.399  -38.053  21.360 0.1111110002
36103  25.339  -37.353  20.893 0.1111110002
34131  12.029  -38.985  23.278 0.2222220004
36121  24.542  -37.821  19.658 0.1111110002
36144  23.940  -37.351  18.392 0.1111110002
36165  23.561  -37.450  17.517 0.1111110002
102714  23.418  -37.098  16.854 0.1111110002
103589  15.053  -36.902  21.255 0.1111110002
36183  22.874  -38.004  15.960 0.1111110002
35210  23.261  -37.777  16.692 0.1111110002
35222  22.292  -38.164  15.150 0.3333329856
37927  27.342  -35.429  21.901 0.1111110002
37912  26.982  -35.844  22.343 0.1111110002
36999  26.792  -36.471  22.706 0.1111110002
34112  13.242  -39.111  24.317 0.2222220004
34113  12.434  -39.328  24.060 0.2222220004
38835  27.917  -35.026  21.329 0.1111110002
37928  26.718  -35.509  21.544 0.1111110002
37929  26.169  -35.675  21.130 0.1111110002
35100  12.842  -38.665  23.534 0.2222220004
38854  27.253  -34.796  20.613 0.1111110002
37939  27.062  -35.116  21.283 0.1111110002
37012  25.674  -36.384  20.950 0.1111110002
37020  24.836  -36.913  19.791 0.1111110002
36076  14.253  -37.536  22.943 0.1111110002
107555  27.649  -34.465  19.788 0.1111110002
38855  26.596  -34.611  19.855 0.1111110002
37947  25.773  -34.952  19.986 0.1111110002
37948  25.294  -35.507  19.787 0.1111110002
119155  24.947  -36.159  19.621 0.1111110002
113016  14.683  -36.937  22.175 0.1111110002
36077  13.674  -37.243  22.175 0.1111110002
38886  28.067  -34.143  18.920 0.1111110002
38870  27.190  -34.290  19.230 0.1111110002
38871  25.862  -34.602  19.377 0.1111110002
37956  25.264  -34.927  19.282 0.1111110002
106993  24.639  -36.518  19.245 0.1111110002
37030  23.842  -36.566  17.941 0.1111110002
39796  28.717  -33.825  18.208 0.1111110002
39797  27.964  -33.815  18.149 0.1111110002
38898  26.414  -33.927  18.163 0.1111110002
38899  25.621  -33.964  17.714 0.1111110002
37043  24.237  -35.728  18.252 0.1111110002
107040  27.388  -33.660  17.592 0.1111110002
38897  27.239  -33.991  18.530 0.1111110002
118387  23.455  -36.399  16.705 0.1111110002
36194  23.186  -37.111  16.114 0.1111110002
39824  28.060  -33.472  16.774 0.1111110002
39825  27.188  -33.437  16.663 0.1111110002
39810  26.418  -33.659  17.309 0.1111110002
39811  25.711  -33.698  17.038 0.1111110002
38888  25.568  -34.390  18.592 0.1111110002
37957  24.765  -34.942  18.523 0.1111110002
38889  24.908  -34.408  17.857 0.1111110002
38911  24.921  -33.947  17.094 0.2222220004
38900  24.434  -34.463  17.305 0.1111110002
38901  23.928  -34.878  17.047 0.1111110002
37979  23.558  -35.532  16.567 0.1111110002
38912  24.207  -34.235  16.684 0.2222220004
38913  23.653  -34.680  16.214 0.1111110002
38922  23.363  -34.247  15.510 0.3333329856
44792  35.004  -28.992  14.411 0.1111110002
45766  34.661  -28.084  13.313 0.1111110002
50331  31.821  -22.279  9.530 0.6666669846
104435  31.616  -21.663  8.462 0.6666669846
51285  30.726  -21.624  8.280 0.7777780294
106204  32.746  -21.678  8.296 0.6666669846
51297  31.170  -21.133  7.732 0.6666669846
51298  30.358  -21.049  7.830 0.6666669846
51299  29.720  -20.931  7.948 0.6666669846
51287  29.134  -21.151  8.235 0.6666669846
51296  32.921  -21.200  7.226 0.6666669846
52167  31.645  -20.510  7.350 0.6666669846
52168  30.820  -20.438  7.543 0.6666669846
52169  30.047  -20.404  7.739 0.6666669846
52154  29.306  -20.373  8.045 0.6666669846
53038  30.414  -19.701  7.622 0.6666669846
53039  29.750  -19.835  7.831 0.6666669846
53036  32.716  -19.777  6.864 0.6666669846
53881  30.726  -18.859  7.717 0.6666669846
53869  30.245  -18.358  8.266 0.6666669846
54753  29.782  -17.931  8.904 0.6666669846
53037  31.330  -19.571  7.376 0.6666669846
53026  29.936  -19.147  7.958 0.6666669846
53025  37.970  -19.567  8.589 0.5555559993
51280  36.851  -20.667  8.354 0.5555559993
52164  35.830  -20.744  7.397 0.6666669846
54739  31.062  -17.046  9.113 0.6666669846
52162  37.291  -19.879  7.952 0.5555559993
52174  36.071  -20.020  6.950 0.6666669846
52175  35.426  -20.379  6.858 0.6666669846
52178  33.222  -20.492  6.811 0.6666669846
53879  32.420  -18.159  7.372 0.6666669846
53868  31.047  -18.062  8.034 0.6666669846
53044  36.226  -19.170  6.667 0.5555559993
53045  35.338  -19.542  6.556 0.6666669846
53891  33.847  -18.769  6.632 0.6666669846
55606  32.792  -16.036  14.528 0.1111110002
53858  38.570  -18.844  8.306 0.5555559993
53033  37.905  -19.144  7.786 0.5555559993
53034  37.342  -19.269  7.366 0.5555559993
53043  36.971  -18.889  6.835 0.5555559993
54751  31.423  -17.406  8.425 0.6666669846
53035  36.762  -19.618  7.212 0.5555559993
53890  34.759  -18.684  6.480 0.6666669846
53878  33.323  -18.017  6.997 0.6666669846
55695  32.829  -16.777  8.039 0.6666669846
55694  33.432  -16.637  7.708 0.6666669846
104536  35.082  -17.794  6.527 0.6666669846
54779  34.215  -17.918  6.690 0.6666669846
54763  33.770  -17.229  7.166 0.6666669846
105249  33.637  -15.922  14.550 0.1111110002
53866  39.712  -17.840  8.611 0.4444440007
53867  39.244  -18.110  7.904 0.4444440007
53876  38.438  -18.480  7.444 0.5555559993
53886  38.117  -18.059  6.708 0.5555559993
53887  37.284  -18.144  6.530 0.6666669846
53888  36.459  -18.284  6.469 0.6666669846
53889  35.637  -18.518  6.452 0.6666669846
54778  34.570  -17.139  6.825 0.6666669846
55693  34.260  -16.460  7.327 0.6666669846
119686  40.594  -17.129  8.016 0.3333329856
54750  40.014  -17.540  7.967 0.4444440007
54762  38.904  -17.891  6.991 0.5555559993
54761  39.628  -17.543  7.198 0.4444440007
54775  37.646  -17.406  6.220 0.6666669846
54776  36.768  -17.430  6.284 0.6666669846
55707  35.321  -16.867  6.649 0.6666669846
117718  34.780  -16.643  6.927 0.6666669846
54777  35.917  -17.603  6.401 0.6666669846
54759  41.077  -16.847  8.445 0.3333329856
55680  41.715  -16.570  8.885 0.3333329856
55692  34.963  -16.143  7.102 0.6666669846
103474  41.729  -16.589  7.902 0.3333329856
55690  41.035  -16.808  7.506 0.3333329856
54772  39.834  -16.955  6.513 0.4444440007
110169  38.122  -16.747  5.901 0.6666669846
55706  36.218  -16.704  6.391 0.6666669846
56609  35.677  -15.991  6.788 0.6666669846
55705  37.152  -16.500  6.038 0.6666669846
56608  36.451  -15.767  6.450 0.6666669846
57418  35.338  -14.674  9.850 0.6666669846
57423  35.902  -13.855  8.736 0.5555559993
108844  35.390  -14.446  8.924 0.6666669846
57459  38.555  -14.736  5.613 0.6666669846
57445  36.594  -14.830  6.616 0.6666669846
123380  35.567  -14.315  8.246 0.5555559993
56591  42.979  -15.930  7.185 0.2222220004
55701  41.627  -16.370  6.814 0.4444440007
56606  41.053  -16.126  6.055 0.5555559993
56624  39.146  -15.437  5.560 0.6666669846
56626  37.867  -15.011  5.768 0.6666669846
57435  36.160  -14.443  7.195 0.6666669846
56593  35.240  -15.355  7.375 0.6666669846
55679  42.359  -16.344  8.362 0.2222220004
55691  40.708  -16.663  6.654 0.3333329856
55714  39.411  -16.214  5.733 0.6666669846
56607  37.876  -15.902  5.750 0.6666669846
107182  37.195  -15.409  6.059 0.6666669846
56592  35.931  -15.149  6.993 0.6666669846
58252  36.477  -13.234  8.553 0.5555559993
110530  45.478  -15.312  8.716 0.2222220004
56577  44.653  -15.545  8.475 0.2222220004
56578  43.864  -15.784  8.242 0.2222220004
58288  37.974  -14.145  5.847 0.6666669846
106144  37.117  -13.075  6.966 0.5555559993
56575  46.321  -14.983  8.914 0.1111110002
56589  44.397  -15.429  7.661 0.2222220004
56604  42.453  -15.845  6.493 0.4444440007
56623  41.253  -15.423  5.680 0.5555559993
57458  39.287  -14.539  5.510 0.6666669846
58287  38.707  -13.892  5.659 0.6666669846
58269  38.137  -13.289  6.025 0.6666669846
57434  44.855  -14.949  7.117 0.2222220004
57442  43.672  -14.935  6.077 0.3333329856
57443  42.853  -15.172  5.882 0.4444440007
57456  41.471  -14.674  5.400 0.5555559993
120103  39.923  -14.401  5.414 0.5555559993
58251  37.164  -12.531  8.449 0.5555559993
122197  47.410  -14.054  8.530 0.1111110002
57416  47.203  -14.569  9.129 0.1111110002
59071  37.408  -12.536  7.501 0.5555559993
58250  47.838  -13.595  8.237 0.1111110002
57432  46.403  -14.325  7.634 0.1111110002
57433  45.627  -14.643  7.378 0.1111110002
58286  39.545  -13.666  5.501 0.5555559993
59082  38.389  -12.494  6.364 0.5555559993
121913  48.772  -13.033  7.255 0.2222220004
58257  47.615  -13.577  7.397 0.1111110002
57440  45.274  -14.425  6.564 0.2222220004
57455  42.299  -14.555  5.373 0.5555559993
107993  40.971  -14.101  5.222 0.5555559993
58285  40.328  -13.909  5.321 0.5555559993
59103  39.619  -12.754  5.607 0.5555559993
59068  49.464  -12.709  7.195 0.2222220004
58266  46.545  -13.674  6.202 0.2222220004
57453  44.017  -14.235  5.609 0.4444440007
58283  42.590  -13.765  4.938 0.5555559993
58284  41.647  -13.832  5.021 0.5555559993
112945  40.134  -13.236  5.377 0.5555559993
59102  40.357  -12.548  5.330 0.5555559993
58294  41.993  -12.970  4.693 0.5555559993
59061  37.862  -11.941  8.151 0.4444440007
59081  39.084  -12.208  6.038 0.5555559993
111269  50.794  -12.460  7.038 0.1111110002
59078  49.598  -12.697  6.150 0.2222220004
59080  48.015  -12.981  5.764 0.2222220004
58280  45.288  -13.359  5.283 0.3333329856
58281  44.380  -13.518  5.146 0.5555559993
58293  42.913  -12.972  4.648 0.5555559993
121381  41.402  -13.134  4.839 0.5555559993
59943  39.839  -11.962  5.739 0.4444440007
59925  53.052  -11.753  7.072 0.1111110002
59093  51.553  -12.155  5.887 0.1111110002
59097  46.540  -12.592  4.976 0.3333329856
59099  44.748  -12.714  4.749 0.4444440007
122912  41.854  -12.321  4.671 0.5555559993
59101  41.223  -12.364  4.862 0.4444440007
59095  49.773  -12.309  5.417 0.2222220004
123138  47.602  -11.973  4.642 0.2222220004
59111  46.078  -12.025  4.447 0.3333329856
59112  45.084  -11.839  4.265 0.4444440007
59946  52.248  -11.321  4.954 0.1111110002
59908  39.821  -10.927  7.869 0.3333329856
59916  39.256  -11.322  7.317 0.3333329856
59917  38.579  -11.622  7.685 0.3333329856
59915  39.960  -10.987  6.893 0.4444440007
60820  40.821  -11.087  5.612 0.4444440007
59941  41.247  -11.340  5.062 0.5555559993
59942  40.583  -11.720  5.393 0.4444440007
59113  44.066  -11.998  4.375 0.5555559993
59956  42.525  -11.448  4.555 0.5555559993
59116  41.828  -11.723  4.714 0.5555559993
60825  53.740  -10.309  4.934 0.1111110002
60826  52.904  -10.859  4.580 0.1111110002
59948  50.859  -11.473  4.795 0.2222220004
59950  48.309  -11.537  4.429 0.2222220004
114989  45.739  -11.412  4.072 0.5555559993
60815  54.130  -9.331  5.808 0.1111110002
60816  53.626  -10.430  5.804 0.1111110002
59909  39.135  -11.265  8.230 0.3333329856
60797  40.589  -10.623  7.483 0.3333329856
60809  41.665  -10.271  6.195 0.4444440007
60810  40.830  -10.697  6.365 0.4444440007
60834  43.445  -10.368  4.385 0.4444440007
60835  42.664  -10.610  4.684 0.5555559993
59940  41.905  -10.907  4.863 0.5555559993
59954  44.154  -11.059  4.057 0.5555559993
59955  43.311  -11.265  4.355 0.5555559993
110204  49.417  -11.274  4.461 0.2222220004
59952  46.479  -11.466  4.146 0.4444440007
105029  45.999  -10.799  3.845 0.5555559993
61761  54.725  -9.484  3.796 0.1111110002
60843  53.478  -10.411  4.075 0.1111110002
60827  51.968  -10.858  4.308 0.2222220004
60828  50.975  -10.768  4.223 0.2222220004
120693  49.913  -10.504  3.967 0.2222220004
60830  48.795  -10.675  4.021 0.3333329856
60832  46.865  -10.833  3.867 0.4444440007
61775  55.423  -8.916  3.263 0.2222220004
61776  54.545  -9.555  3.022 0.2222220004
61763  53.057  -10.031  3.340 0.2222220004
60844  52.548  -10.460  3.847 0.2222220004
60845  51.600  -10.290  3.697 0.2222220004
120600  49.952  -9.833  3.387 0.2222220004
62632  53.420  -8.555  1.619 0.4444440007
109894  53.983  -9.087  2.284 0.3333329856
61777  53.527  -9.565  2.846 0.3333329856
61778  52.633  -9.452  2.762 0.4444440007
61755  43.640  -9.615  4.588 0.4444440007
61753  45.122  -9.297  3.885 0.4444440007
122837  44.809  -9.888  3.870 0.4444440007
60831  47.781  -10.807  3.939 0.4444440007
60850  46.379  -10.072  3.693 0.4444440007
60833  45.521  -10.026  3.761 0.4444440007
61764  52.152  -9.847  3.239 0.3333329856
60846  50.694  -10.079  3.548 0.3333329856
60847  49.189  -9.941  3.526 0.3333329856
60848  48.235  -10.048  3.592 0.3333329856
60849  47.281  -10.066  3.639 0.4444440007
62622  53.015  -8.988  2.249 0.4444440007
62623  52.296  -8.986  2.300 0.4444440007
61765  51.282  -9.677  3.094 0.3333329856
115744  49.447  -9.236  2.950 0.4444440007
61767  48.656  -9.408  3.278 0.3333329856
63414  46.646  -7.761  3.859 0.4444440007
62614  46.279  -8.530  3.762 0.4444440007
62612  48.508  -8.641  2.985 0.4444440007
61768  47.754  -9.194  3.386 0.4444440007
61769  46.763  -9.259  3.566 0.4444440007
62624  51.614  -8.746  2.086 0.4444440007
62625  50.785  -8.460  1.929 0.4444440007
61781  50.074  -8.700  2.386 0.4444440007
63420  52.920  -7.995  0.917 0.4444440007
62633  52.362  -8.472  1.619 0.4444440007
109400  52.511  -7.373  0.254 0.4444440007
63421  51.928  -7.706  0.782 0.4444440007
64239  47.449  -6.456  6.266 0.1111110002
64254  47.520  -6.516  4.326 0.2222220004
64249  46.977  -6.840  4.755 0.3333329856
64261  47.622  -6.785  3.639 0.2222220004
63406  47.024  -7.067  4.031 0.4444440007
63407  46.456  -7.412  4.488 0.4444440007
63412  47.958  -7.117  3.050 0.4444440007
63413  47.355  -7.496  3.510 0.4444440007
62602  45.945  -8.016  4.233 0.4444440007
62627  48.649  -7.660  2.575 0.4444440007
120512  47.864  -7.954  3.112 0.4444440007
62613  47.175  -8.377  3.467 0.4444440007
62626  49.462  -7.925  2.082 0.4444440007
61782  49.218  -8.463  2.539 0.4444440007
64276  51.911  -5.745  -0.178 0.3333329856
63430  52.034  -6.667  -0.108 0.4444440007
107365  51.478  -6.975  0.400 0.4444440007
63422  51.025  -7.410  0.900 0.4444440007
105574  50.118  -8.091  1.843 0.4444440007
64238  48.064  -6.094  6.160 0.1111110002
64248  47.629  -6.322  5.295 0.1111110002
65118  48.533  -5.636  4.272 0.1111110002
65124  49.185  -5.202  3.238 0.2222220004
65125  48.568  -5.759  3.333 0.2222220004
64260  48.115  -6.460  3.269 0.3333329856
65132  49.678  -5.782  1.776 0.2222220004
65128  49.195  -5.591  2.510 0.2222220004
64264  48.597  -6.524  2.591 0.2222220004
64266  50.219  -6.115  1.221 0.2222220004
64267  49.687  -6.565  1.593 0.3333329856
63424  49.159  -7.071  1.968 0.4444440007
64275  52.590  -6.112  -0.645 0.3333329856
65135  51.430  -5.328  0.474 0.1111110002
64270  51.377  -6.158  0.298 0.2222220004
63423  50.310  -6.968  1.187 0.4444440007
62636  49.847  -7.402  1.635 0.4444440007
65090  48.616  -5.734  6.582 0.1111110002
65089  49.196  -5.288  6.217 0.1111110002
65105  49.150  -5.168  5.050 0.1111110002
64247  48.477  -5.745  5.555 0.1111110002
121624  49.073  -5.181  3.968 0.1111110002
122864  48.540  -5.628  4.860 0.1111110002
66025  50.528  -4.837  1.682 0.2222220004
66021  49.947  -5.099  2.062 0.2222220004
64271  50.819  -5.726  0.850 0.2222220004
65131  50.316  -5.404  1.446 0.2222220004
65074  49.753  -5.022  7.720 0.1111110002
107067  49.170  -5.369  7.123 0.1111110002
65978  49.760  -4.884  6.857 0.1111110002
120175  49.905  -4.616  5.159 0.1111110002
65990  49.831  -4.750  5.971 0.1111110002
66881  50.887  -4.015  4.095 0.1111110002
66006  50.358  -4.319  4.705 0.1111110002
65117  49.682  -4.751  4.382 0.1111110002
66895  51.272  -3.865  3.233 0.1111110002
66007  50.120  -4.502  3.821 0.1111110002
118405  49.554  -4.874  3.645 0.1111110002
66903  51.514  -3.864  2.189 0.1111110002
66017  50.531  -4.334  3.265 0.1111110002
66018  49.814  -4.827  2.929 0.2222220004
66023  51.940  -3.835  1.280 0.1111110002
103412  50.954  -5.011  1.132 0.2222220004
62600  55.895  -7.015  4.429 0.1111110002
63399  55.731  -7.282  5.616 0.1111110002
103576  56.316  -7.359  4.105 0.1111110002
61752  55.548  -8.197  4.062 0.1111110002
26909  8.954  -46.779  23.958 0.1111110002
28023  9.485  -45.112  21.615 0.2222220004
29038  13.044  -43.778  19.773 0.5555559993
38921  23.901  -33.953  15.959 0.2222220004
117100  34.416  -29.420  14.123 0.1111110002
44807  34.778  -28.609  13.857 0.1111110002
51286  29.836  -21.587  8.241 0.6666669846
28955  3.539  -45.145  28.687 0.4444440007
116647  22.765  -37.468  15.454 0.1111110002
54740  30.801  -16.767  9.922 0.5555559993
110615  30.265  -17.319  9.412 0.5555559993
37989  23.356  -35.383  15.924 0.1111110002
35121  13.275  -37.936  22.897 0.1111110002
23815  0.174  -50.127  29.332 0.2222220004
122738  32.326  -17.599  7.731 0.6666669846
107500  32.879  -17.331  7.576 0.6666669846
55593  33.079  -16.024  15.107 0.1111110002
25753  9.163  -46.984  26.124 0.1111110002
113464  3.345  -45.960  30.221 0.2222220004
25761  9.305  -46.806  25.190 0.1111110002
110871  9.430  -46.319  23.487 0.1111110002
27974  12.886  -45.832  24.256 0.1111110002
28004  12.329  -45.385  22.726 0.1111110002
26933  9.955  -45.854  23.058 0.1111110002
117130  17.523  -44.066  20.849 0.2222220004
28003  13.294  -45.624  22.976 0.1111110002
116089  13.929  -45.505  22.552 0.1111110002
28020  12.425  -45.102  21.941 0.1111110002
27987  15.316  -45.867  23.151 0.1111110002
123123  16.196  -44.021  21.665 0.1111110002
28999  14.597  -44.452  21.343 0.1111110002
29039  12.372  -44.252  20.203 0.3333329856
34215  22.419  -38.876  15.876 0.1111110002
36073  26.225  -37.125  22.352 0.1111110002
37013  25.209  -36.880  20.419 0.1111110002
36143  24.391  -37.210  19.108 0.1111110002
37006  26.303  -36.221  21.833 0.1111110002
37940  26.431  -35.114  20.738 0.1111110002
37941  25.751  -35.564  20.487 0.1111110002
37019  25.289  -36.209  20.177 0.1111110002
35099  13.849  -38.321  23.726 0.1111110002
38887  26.447  -34.282  18.981 0.1111110002
37029  24.290  -36.521  18.666 0.1111110002
37949  24.755  -35.715  19.068 0.1111110002
121602  23.593  -36.661  17.292 0.1111110002
37968  23.772  -35.788  17.409 0.1111110002
37967  24.280  -34.978  17.773 0.1111110002
51284  32.150  -21.864  9.244 0.7777780294
114984  32.071  -21.204  7.599 0.6666669846
52166  32.447  -20.560  7.112 0.6666669846
53892  32.965  -18.890  6.850 0.6666669846
112060  32.170  -19.125  7.168 0.6666669846
116314  32.060  -19.910  7.137 0.6666669846
53880  31.571  -18.559  7.551 0.6666669846
54752  30.608  -17.635  8.648 0.6666669846
52152  38.047  -20.033  9.386 0.5555559993
52163  36.530  -20.354  7.636 0.6666669846
51281  36.245  -21.036  8.058 0.6666669846
52176  34.761  -20.340  6.670 0.6666669846
53046  34.380  -19.566  6.532 0.6666669846
52177  33.994  -20.386  6.662 0.6666669846
53047  33.516  -19.648  6.647 0.6666669846
54765  31.821  -17.798  7.856 0.6666669846
53877  37.698  -18.708  7.069 0.5555559993
54760  40.334  -17.135  7.301 0.3333329856
54773  39.203  -17.371  6.583 0.5555559993
54774  38.519  -17.433  6.363 0.5555559993
55703  39.046  -16.848  5.982 0.5555559993
55704  38.650  -16.138  5.675 0.6666669846
57411  35.386  -15.038  10.771 0.4444440007
108349  36.112  -13.874  7.846 0.5555559993
56625  38.406  -15.443  5.632 0.6666669846
58260  36.702  -13.830  6.923 0.5555559993
57444  37.285  -14.454  6.224 0.6666669846
57424  35.595  -14.603  7.631 0.5555559993
56590  43.617  -15.696  7.415 0.2222220004
55678  43.055  -16.083  8.019 0.2222220004
55689  42.389  -16.240  7.445 0.3333329856
56605  41.728  -15.882  6.083 0.5555559993
55713  40.500  -15.601  5.650 0.6666669846
105885  39.880  -15.090  5.493 0.6666669846
120773  39.849  -15.749  5.624 0.5555559993
55702  40.183  -16.324  5.966 0.5555559993
123217  39.617  -16.604  6.012 0.4444440007
58259  36.747  -13.098  7.678 0.5555559993
56588  45.180  -15.154  7.911 0.2222220004
56576  45.960  -14.808  8.163 0.1111110002
58270  37.462  -13.569  6.405 0.6666669846
59083  37.704  -12.780  6.676 0.5555559993
57422  46.735  -14.437  8.392 0.1111110002
56602  44.080  -15.232  6.857 0.2222220004
56622  42.032  -15.309  5.748 0.4444440007
57457  40.617  -14.753  5.432 0.5555559993
57441  44.471  -14.662  6.334 0.3333329856
56603  43.289  -15.501  6.630 0.3333329856
58243  48.008  -13.780  8.977 0.1111110002
59070  38.053  -12.104  7.162 0.5555559993
59104  38.873  -13.033  5.801 0.5555559993
58256  48.330  -13.245  7.742 0.2222220004
122036  47.156  -13.967  7.910 0.1111110002
58258  46.863  -13.884  7.079 0.1111110002
57439  46.070  -14.164  6.809 0.2222220004
58268  44.875  -14.074  5.782 0.4444440007
57454  43.170  -14.406  5.437 0.5555559993
106516  40.840  -13.316  5.086 0.5555559993
59079  48.843  -12.945  6.435 0.2222220004
58264  48.169  -13.255  6.835 0.2222220004
58265  47.381  -13.462  6.465 0.2222220004
58267  45.719  -13.888  5.974 0.2222220004
58282  43.489  -13.656  4.998 0.5555559993
59115  42.390  -12.262  4.581 0.5555559993
59928  38.756  -11.828  6.793 0.4444440007
59094  50.239  -12.490  5.916 0.1111110002
120517  50.838  -12.412  6.233 0.1111110002
59096  48.937  -12.602  5.555 0.2222220004
59110  47.373  -12.499  5.065 0.2222220004
58278  47.021  -13.107  5.613 0.2222220004
58279  46.152  -13.234  5.429 0.3333329856
59100  43.805  -12.857  4.704 0.5555559993
59075  52.312  -12.098  6.453 0.1111110002
112213  52.883  -11.625  6.194 0.1111110002
115645  53.478  -10.948  6.541 0.1111110002
59939  50.707  -12.092  5.426 0.1111110002
59109  48.219  -12.318  4.990 0.2222220004
59098  45.674  -12.644  4.835 0.3333329856
59114  43.173  -12.152  4.469 0.5555559993
59092  52.293  -11.744  5.649 0.1111110002
59938  51.545  -11.710  5.198 0.1111110002
59108  49.103  -12.032  4.880 0.2222220004
115847  46.891  -12.017  4.571 0.3333329856
59937  53.089  -11.131  5.500 0.1111110002
59927  39.463  -11.545  6.434 0.4444440007
59926  40.181  -11.260  6.025 0.4444440007
60819  41.432  -10.715  5.512 0.4444440007
59953  45.045  -10.753  3.867 0.5555559993
60824  54.598  -9.209  4.679 0.1111110002
60842  54.140  -10.000  4.215 0.1111110002
59947  51.526  -11.238  4.682 0.2222220004
59949  50.032  -11.757  4.887 0.2222220004
60829  50.258  -11.141  4.480 0.2222220004
59951  47.309  -11.469  4.246 0.4444440007
60818  42.206  -10.265  5.352 0.3333329856
60817  42.945  -9.944  4.907 0.4444440007
108753  44.182  -10.118  4.046 0.5555559993
61762  53.966  -9.984  3.544 0.1111110002
62601  55.377  -7.645  4.935 0.1111110002
61770  45.900  -9.297  3.730 0.4444440007
62604  44.923  -8.796  4.223 0.4444440007
61766  50.415  -9.470  2.935 0.3333329856
61779  51.840  -9.306  2.664 0.4444440007
61780  51.003  -9.094  2.490 0.4444440007
121439  47.805  -8.536  3.244 0.4444440007
62603  45.516  -8.661  3.989 0.4444440007
62634  51.366  -8.156  1.419 0.4444440007
121900  51.956  -7.212  0.271 0.4444440007
110806  47.015  -6.709  5.547 0.1111110002
64253  48.084  -6.000  4.660 0.1111110002
108411  48.032  -6.187  3.878 0.2222220004
62635  50.557  -7.776  1.452 0.4444440007
63431  50.829  -6.544  0.746 0.4444440007
109725  48.649  -5.733  7.312 0.1111110002
64263  49.192  -6.280  2.024 0.3333329856
66020  50.625  -4.443  2.353 0.1111110002
66024  51.154  -4.399  1.546 0.1111110002
66028  51.593  -4.555  0.790 0.1111110002
20130  0.434  -53.461  27.558 0.1111110002
25733  2.963  -47.254  30.108 0.1111110002
26867  3.166  -46.474  29.619 0.1111110002
26865  3.205  -46.661  30.555 0.1111110002
34090  14.550  -39.403  25.170 0.1111110002
34091  13.612  -39.522  25.107 0.1111110002
33074  13.255  -39.984  25.722 0.1111110002
33075  12.462  -39.862  25.359 0.1111110002
34092  12.804  -39.599  24.904 0.1111110002
31157  20.231  -42.382  16.837 0.3333329856
105092  13.823  -41.183  27.346 0.1111110002
116007  13.861  -40.347  26.245 0.1111110002
32041  13.383  -40.540  26.475 0.1111110002
34071  14.081  -39.940  25.782 0.1111110002
33058  12.172  -40.122  25.756 0.1111110002
33059  11.466  -40.106  25.583 0.1111110002
107703  10.765  -40.010  24.948 0.1111110002
35082  14.113  -38.945  24.514 0.1111110002
111502  13.077  -40.899  26.970 0.1111110002
32042  12.640  -40.469  26.391 0.1111110002
32043  11.791  -40.420  26.298 0.1111110002
103418  10.836  -40.340  25.917 0.1111110002
32051  9.935  -40.356  25.286 0.1111110002
49404  35.687  -22.833  12.663 0.3333329856
49416  34.569  -22.351  11.809 0.3333329856
115017  34.316  -21.904  10.929 0.3333329856
50329  33.505  -21.930  9.947 0.4444440007
50314  33.276  -22.000  10.092 0.5555559993
50284  35.054  -21.938  11.425 0.3333329856
50300  34.673  -21.860  10.942 0.3333329856
50299  35.214  -21.879  11.212 0.2222220004
51271  34.774  -21.980  9.684 0.4444440007
51272  33.832  -21.897  9.601 0.5555559993
50330  32.716  -22.019  9.848 0.5555559993
113545  33.454  -21.821  8.881 0.5555559993
51256  35.966  -21.923  11.499 0.2222220004
112757  37.213  -21.617  10.666 0.2222220004
51261  36.990  -21.481  9.882 0.3333329856
51270  35.687  -21.894  9.386 0.3333329856
51283  33.826  -21.715  8.058 0.5555559993
52139  37.683  -21.140  10.295 0.2222220004
51269  36.429  -21.572  9.225 0.4444440007
102932  35.180  -21.803  8.685 0.5555559993
51282  34.698  -21.611  7.932 0.5555559993
51295  33.504  -21.466  7.518 0.5555559993
52145  38.045  -20.490  10.000 0.3333329856
51268  37.009  -21.071  9.045 0.4444440007
52165  35.014  -21.079  7.160 0.5555559993
51303  33.701  -21.065  6.944 0.5555559993
52153  37.467  -20.346  8.810 0.4444440007
53012  38.613  -19.774  10.155 0.2222220004
53020  38.575  -19.199  9.233 0.4444440007
110547  39.180  -18.432  8.911 0.4444440007
53857  39.749  -17.867  9.444 0.2222220004
54748  41.029  -16.878  9.365 0.1111110002
54749  40.379  -17.334  8.822 0.2222220004
55667  42.453  -16.265  9.264 0.1111110002
56566  43.802  -15.833  9.744 0.1111110002
55666  43.287  -15.981  8.951 0.1111110002
122905  42.788  -16.174  8.665 0.1111110002
56564  45.864  -15.476  9.509 0.1111110002
58235  36.350  -13.722  10.150 0.4444440007
57417  35.833  -14.047  9.582 0.4444440007
58245  36.325  -13.465  9.360 0.3333329856
123532  37.631  -12.118  8.740 0.2222220004
20138  -0.139  -53.558  26.967 0.1111110002
49431  32.662  -22.630  10.223 0.5555559993
19137  0.393  -53.924  27.027 0.1111110002
19155  0.172  -54.052  26.235 0.1111110002
104926  11.693  -39.860  25.103 0.1111110002
51273  32.959  -21.856  9.470 0.5555559993
52146  37.563  -20.793  9.550 0.4444440007
51293  35.528  -21.359  7.927 0.5555559993
57410  35.900  -14.354  10.457 0.4444440007
109299  44.095  -15.772  8.955 0.1111110002
104786  35.975  -21.539  8.614 0.5555559993
119324  36.527  -21.215  8.638 0.5555559993
117439  34.338  -20.905  6.862 0.5555559993
27960  3.523  -46.016  30.983 0.1111110002
118939  12.801  -40.168  25.936 0.1111110002
50313  33.785  -21.945  10.278 0.3333329856
50312  34.242  -21.910  10.309 0.3333329856
49423  33.537  -22.388  10.952 0.3333329856
49424  33.126  -22.538  10.579 0.4444440007
51262  34.773  -21.891  10.598 0.3333329856
103130  35.406  -21.981  10.289 0.2222220004
102924  34.291  -21.862  8.783 0.5555559993
103962  35.824  -21.963  10.751 0.2222220004
51254  37.759  -21.470  11.224 0.1111110002
103305  36.183  -21.934  9.992 0.3333329856
105713  36.509  -21.868  10.711 0.2222220004
51294  34.201  -21.379  7.342 0.5555559993
52138  38.295  -20.695  10.666 0.2222220004
53011  39.227  -19.250  10.831 0.1111110002
53019  39.192  -18.625  9.997 0.2222220004
54738  40.410  -17.366  9.839 0.1111110002
106755  43.006  -16.012  9.741 0.1111110002
23867  16.532  -50.186  22.532 0.1111110002
32106  22.439  -41.370  18.562 0.1111110002
31116  21.667  -42.397  18.634 0.1111110002
29033  21.250  -43.772  19.534 0.1111110002
24765  19.925  -49.546  23.787 0.1111110002
32117  22.282  -41.107  17.916 0.1111110002
32107  21.965  -41.766  18.245 0.1111110002
31117  20.971  -42.874  18.322 0.2222220004
29034  20.584  -44.383  19.510 0.2222220004
28052  19.990  -44.850  19.618 0.1111110002
28034  19.940  -45.491  20.468 0.1111110002
103724  19.176  -46.059  21.705 0.1111110002
25791  19.367  -47.744  23.085 0.1111110002
31134  21.337  -42.203  17.908 0.2222220004
30094  20.218  -43.300  17.979 0.2222220004
29052  19.988  -44.343  18.981 0.2222220004
28016  19.356  -45.673  21.031 0.1111110002
32119  21.000  -41.978  17.164 0.2222220004
29978  4.409  -43.283  28.277 0.1111110002
22941  18.469  -50.546  25.149 0.1111110002
116943  18.930  -50.814  24.468 0.1111110002
23862  19.457  -50.531  24.091 0.1111110002
120413  18.518  -45.266  21.467 0.1111110002
26932  18.789  -46.250  22.751 0.1111110002
29036  18.605  -44.591  19.674 0.1111110002
28035  18.838  -45.137  20.493 0.1111110002
29012  18.110  -44.564  20.424 0.1111110002
24740  19.271  -48.902  26.305 0.1111110002
23832  18.654  -49.272  26.815 0.1111110002
23842  19.074  -49.654  25.954 0.1111110002
24752  19.639  -49.286  25.540 0.1111110002
22940  19.355  -50.170  25.020 0.1111110002
24751  19.742  -48.770  24.843 0.1111110002
124142  19.024  -47.182  24.306 0.1111110002
26916  18.589  -46.475  23.722 0.1111110002
109174  18.316  -45.379  22.381 0.1111110002
25757  19.135  -48.141  26.150 0.1111110002
26899  18.586  -46.871  24.533 0.1111110002
26917  18.056  -46.114  23.878 0.1111110002
27984  18.157  -45.663  23.181 0.1111110002
28017  17.800  -44.752  22.028 0.1111110002
31013  5.730  -42.462  28.475 0.1111110002
41797  21.689  -30.635  20.493 0.2222220004
42811  25.183  -29.479  19.840 0.1111110002
121723  34.488  -23.273  11.854 0.2222220004
49417  33.899  -22.844  11.507 0.2222220004
50283  35.767  -21.975  11.997 0.1111110002
49405  35.389  -22.194  12.139 0.2222220004
46652  29.057  -26.557  14.171 0.2222220004
30074  19.793  -43.876  18.371 0.2222220004
29053  19.392  -44.229  18.724 0.2222220004
31135  20.596  -42.616  17.586 0.2222220004
42793  25.780  -30.152  20.355 0.1111110002
32118  21.664  -41.521  17.538 0.2222220004
28995  17.966  -44.652  21.208 0.1111110002
22958  17.141  -50.753  23.161 0.1111110002
31102  21.994  -42.552  19.340 0.1111110002
30072  21.403  -43.084  19.022 0.2222220004
106869  20.185  -49.977  23.084 0.1111110002
118291  19.715  -48.710  23.710 0.1111110002
30073  20.610  -43.699  18.785 0.2222220004
29011  20.502  -44.942  20.061 0.1111110002
28053  19.373  -45.002  19.826 0.1111110002
26931  19.649  -47.114  22.220 0.1111110002
25790  20.222  -48.425  22.548 0.1111110002
29035  19.367  -44.574  19.255 0.1111110002
22942  17.389  -50.968  24.391 0.1111110002
22950  18.789  -51.057  23.612 0.1111110002
122227  17.839  -51.152  23.640 0.1111110002
22957  17.957  -50.986  22.819 0.1111110002
22949  19.527  -50.664  23.320 0.1111110002
23853  19.792  -49.798  24.542 0.1111110002
25777  19.428  -47.952  24.212 0.1111110002
119319  19.517  -48.539  25.767 0.1111110002
25767  19.255  -47.723  25.189 0.1111110002
25768  18.529  -47.341  25.456 0.1111110002
27999  17.648  -45.069  22.652 0.1111110002
40758  33.437  -32.603  16.385 0.1111110002
40774  33.126  -32.260  15.661 0.1111110002
41844  33.558  -31.452  15.212 0.1111110002
55591  34.559  -15.736  15.393 0.1111110002
58244  36.836  -12.827  9.248 0.2222220004
59900  38.964  -11.372  9.176 0.1111110002
60796  41.352  -10.277  7.106 0.2222220004
60791  40.475  -10.659  8.478 0.1111110002
61742  42.766  -9.788  5.593 0.3333329856
60789  41.939  -9.992  7.651 0.2222220004
61730  42.505  -9.687  7.112 0.2222220004
61741  43.096  -9.436  6.370 0.2222220004
61747  43.325  -9.432  5.332 0.2222220004
61746  43.908  -8.968  5.011 0.2222220004
62576  43.758  -8.964  6.922 0.1111110002
62588  44.313  -8.564  6.473 0.1111110002
62589  43.773  -8.973  5.939 0.2222220004
62595  44.591  -8.625  4.771 0.2222220004
62621  56.113  -8.412  2.704 0.2222220004
110297  55.067  -9.019  2.440 0.2222220004
63380  45.764  -7.854  8.209 0.1111110002
62587  44.889  -8.153  6.879 0.1111110002
106286  45.264  -8.301  4.553 0.2222220004
62630  55.583  -8.513  1.822 0.2222220004
62641  55.015  -8.210  1.048 0.3333329856
107286  55.580  -7.788  0.432 0.3333329856
63428  54.439  -7.769  0.311 0.3333329856
63397  45.409  -7.757  6.182 0.1111110002
123700  46.075  -7.364  5.895 0.2222220004
62642  53.920  -8.158  0.949 0.2222220004
62631  54.471  -8.634  1.674 0.3333329856
63429  53.418  -7.581  0.255 0.3333329856
107799  54.928  -7.471  -0.282 0.2222220004
63438  53.955  -7.211  -0.439 0.3333329856
63439  52.949  -6.931  -0.373 0.3333329856
64274  53.584  -6.390  -1.009 0.2222220004
65140  53.049  -5.530  -1.089 0.1111110002
65141  52.455  -5.276  -0.564 0.1111110002
66036  53.341  -4.624  -1.277 0.1111110002
121894  52.797  -4.985  -0.936 0.1111110002
66044  54.408  -4.756  -1.869 0.1111110002
66052  55.209  -4.161  -2.362 0.1111110002
66919  54.363  -3.888  -1.914 0.1111110002
65153  53.977  -5.618  -1.470 0.1111110002
66914  53.007  -3.804  -0.844 0.1111110002
66037  52.590  -4.425  -0.483 0.1111110002
65134  52.015  -4.892  0.055 0.1111110002
66920  53.638  -3.644  -1.358 0.1111110002
122143  53.920  -4.222  -1.599 0.1111110002
59910  38.522  -11.563  8.474 0.1111110002
60790  41.255  -10.311  8.100 0.2222220004
61754  44.382  -9.275  4.267 0.3333329856
63400  46.468  -7.136  5.289 0.3333329856
63401  45.758  -7.685  5.069 0.3333329856
123157  36.735  -13.182  9.882 0.2222220004
60795  41.952  -10.004  6.854 0.2222220004
60808  42.347  -9.886  6.228 0.2222220004
61729  43.190  -9.316  7.475 0.2222220004
123091  44.774  -8.209  6.081 0.2222220004
115480  44.377  -8.571  5.580 0.2222220004
62594  44.989  -8.137  5.311 0.2222220004
63387  45.553  -7.754  7.277 0.1111110002
64273  54.774  -6.824  -1.064 0.2222220004
19126  3.816  -55.628  28.756 0.1111110002
18091  3.492  -56.148  27.521 0.1111110002
19132  4.061  -54.508  28.249 0.1111110002
19133  3.491  -55.336  27.878 0.1111110002
19144  3.687  -54.271  27.400 0.1111110002
117563  3.132  -53.862  26.910 0.1111110002
18092  2.889  -55.707  26.586 0.1111110002
19146  2.473  -54.403  26.991 0.1111110002
19135  1.967  -54.725  26.803 0.1111110002
18093  2.012  -55.164  26.385 0.1111110002
19136  1.122  -54.433  26.821 0.1111110002
48501  29.742  -24.387  15.393 0.1111110002
48486  31.436  -24.720  16.580 0.1111110002
48500  30.385  -24.211  15.857 0.1111110002
47524  28.971  -24.992  14.575 0.1111110002
48511  29.205  -24.456  14.915 0.1111110002
49384  28.942  -23.789  14.828 0.1111110002
51199  29.968  -21.123  16.266 0.1111110002
57400  36.151  -14.811  11.381 0.1111110002
57399  37.003  -14.098  11.568 0.1111110002
105436  37.009  -13.397  10.671 0.1111110002
103893  57.187  -7.837  2.047 0.1111110002
62629  57.701  -8.431  1.517 0.1111110002
122081  56.945  -7.632  1.578 0.1111110002
63419  56.116  -8.004  1.275 0.1111110002
21115  3.313  -52.851  26.589 0.1111110002
20137  1.652  -53.965  27.217 0.1111110002
48512  28.690  -24.437  14.446 0.1111110002
51212  29.557  -21.328  15.832 0.1111110002
117154  36.473  -14.058  10.863 0.1111110002
120061  56.628  -8.020  2.089 0.1111110002
18088  3.777  -56.325  28.448 0.1111110002
19145  3.197  -54.713  27.176 0.1111110002
19134  3.038  -55.268  26.995 0.1111110002
48487  31.027  -24.082  16.366 0.1111110002
48499  30.790  -24.845  16.081 0.1111110002
49378  29.406  -23.875  15.221 0.1111110002
62640  57.370  -7.727  1.235 0.1111110002
62639  58.035  -8.281  0.612 0.1111110002
115830  1.647  -48.078  31.820 0.1111110002
120980  1.011  -48.425  31.462 0.1111110002
25721  0.795  -48.051  31.826 0.1111110002
24699  0.695  -48.329  31.239 0.1111110002
24705  0.838  -48.740  30.886 0.1111110002
44778  28.136  -29.323  14.995 0.1111110002
44777  29.075  -29.236  15.060 0.1111110002
44776  29.951  -28.733  15.186 0.1111110002
43822  28.631  -29.560  15.945 0.1111110002
44793  29.396  -28.470  14.558 0.1111110002
44794  28.611  -29.082  14.298 0.1111110002
48535  35.565  -23.893  12.486 0.1111110002
45760  29.336  -27.462  14.343 0.1111110002
49415  35.009  -23.037  12.258 0.1111110002
49393  36.211  -22.214  12.490 0.1111110002
49392  36.440  -22.766  13.173 0.1111110002
24706  0.557  -48.825  30.568 0.1111110002
25734  2.758  -47.915  29.761 0.1111110002
23816  -0.086  -49.598  29.425 0.1111110002
24698  1.805  -48.466  31.056 0.1111110002
53851  39.604  -18.490  10.783 0.1111110002
62681  54.278  -8.375  -2.558 0.1111110002
62700  54.950  -7.935  -3.069 0.1111110002
109748  54.568  -7.450  -3.330 0.1111110002
63447  57.764  -7.301  -1.141 0.1111110002
63448  56.746  -7.129  -1.162 0.1111110002
62677  59.110  -8.633  -3.048 0.1111110002
64285  57.376  -6.755  -1.777 0.1111110002
64286  56.468  -6.598  -1.760 0.1111110002
62676  59.251  -7.611  -3.003 0.1111110002
62697  58.834  -8.382  -3.369 0.1111110002
62698  57.265  -8.326  -3.457 0.1111110002
62699  56.090  -8.092  -3.237 0.1111110002
62682  53.318  -8.093  -2.766 0.1111110002
63469  52.551  -7.958  -2.892 0.1111110002
63488  59.063  -7.513  -3.234 0.1111110002
114760  58.248  -8.477  -3.485 0.1111110002
63490  56.580  -7.567  -3.602 0.1111110002
64322  58.495  -7.737  -3.541 0.1111110002
63491  55.441  -7.443  -3.451 0.1111110002
63427  56.816  -7.547  0.739 0.1111110002
63436  57.229  -7.398  -0.198 0.1111110002
63437  56.011  -7.430  -0.493 0.1111110002
115519  59.156  -7.946  -2.565 0.1111110002
64284  58.302  -6.925  -2.009 0.1111110002
63449  55.800  -6.810  -1.380 0.1111110002
63470  51.761  -7.895  -2.914 0.1111110002
63468  59.020  -7.186  -2.525 0.1111110002
113419  53.166  -7.590  -3.170 0.1111110002
64323  57.055  -6.896  -3.851 0.1111110002
64324  55.915  -6.770  -3.761 0.1111110002
64321  59.062  -6.286  -3.224 0.1111110002
115259  58.042  -6.959  -3.747 0.1111110002
64240  46.698  -6.926  6.314 0.1111110002
123772  54.216  -6.249  -1.341 0.1111110002
64302  59.226  -6.740  -3.002 0.1111110002
64304  58.084  -6.192  -2.304 0.1111110002
65161  59.192  -5.835  -2.985 0.1111110002
65163  57.762  -5.419  -2.457 0.1111110002
62701  53.992  -7.804  -3.069 0.1111110002
63489  57.669  -7.715  -3.656 0.1111110002
62678  57.936  -9.092  -3.329 0.1111110002
121777  58.704  -6.940  -3.502 0.1111110002
63446  58.654  -7.636  -1.816 0.1111110002
64305  56.901  -6.101  -2.180 0.1111110002
121240  55.218  -6.479  -1.523 0.1111110002
64306  55.671  -6.095  -2.022 0.1111110002
64287  54.726  -6.153  -1.592 0.1111110002
64303  58.959  -6.330  -2.654 0.1111110002
65162  58.849  -5.533  -2.770 0.1111110002
22951  18.268  -51.122  24.267 0.1111110002
37123  18.925  -36.643  12.912 0.8888890147
39809  28.356  -33.624  17.501 0.1111110002
43900  28.019  -29.598  8.759 1.0000000000
44857  30.339  -28.220  7.926 1.0000000000
47549  34.906  -25.765  12.038 0.2222220004
47569  33.911  -25.799  10.972 0.4444440007
48561  26.279  -24.210  10.310 1.0000000000
49439  28.467  -23.336  8.478 1.0000000000
52997  27.071  -19.841  11.876 0.4444440007
53844  28.125  -18.241  10.905 0.7777780294
54742  28.748  -18.217  9.808 0.7777780294
59069  48.995  -12.758  7.987 0.2222220004
63405  55.834  -7.072  5.208 0.1111110002
114792  20.216  -30.099  14.281 0.7777780294
115272  28.790  -26.009  7.938 1.0000000000
120112  18.717  -32.941  15.565 0.7777780294
